0.4953716539674058 0.45313136469915694 0.6848349662055856 0.2555863173600269 0.24514661540372218 0.18562928247377175 0.5299518805507787 0.8423713250659242 0.4056354265304374 0.576466392302998 0.15839949228269734 0.5782627422816045 0.5017789007853853 0.7235162224457612 0.3301503910874898
0.08778114833899908 0.8420690490728139 0.14426692620182613 0.9432188373888453 0.7260834368740081 0.08962127838472445 0.3711867313941176 0.8703624101770909 0.07639017633645895 0.09394431325734409 0.30556672843629384 0.1375509698373073 0.2572972802908673 0.06375993677425207 0.4700081636523129
0.9898878309185025 0.29000219290980145 0.41220244498492975 0.1522602796588275 0.4072692194686556 0.018639096052986526 0.6379534070293305 0.3169044602839567 0.9299204413126607 0.8513321227335757 0.41934432041021885 0.07641878830546589 0.23304782064662222 0.8952389509995553 0.6931861244857231
0.45944673285200444 0.7501977055215003 0.8957718662911477 0.8660613433472186 0.19163219523933828 0.7865150704885787 0.758346617756037 0.46304069461057606 0.21317297129758428 0.9859459967970732 0.3304246565861393 0.4572633200375815 0.6972829738623539 0.7205296979018986 0.5522770128225034
0.2435453870867038 0.405042998162625 0.9552774830117429 0.046813371566341466 0.7201595368691197 0.31465884071915284 0.4087373391237862 0.7119831562683736 0.2251529389005109 0.5969348696215655 0.37719495885265797 0.903669685384831 0.13704938446784332 0.1738094985870554 0.4195627525887412
0.35266297922738155 0.794506885059618 0.2930890914254912 0.2103607734573787 0.046209902267022374 0.015478577288885242 0.7800547431428995 0.2597945123590514 0.9228057577689287 0.9036519373147781 0.8854067831687518 0.872786214609083 0.37830382711716404 0.8184174089871556 0.9390494053777896
0.6729181631197697 0.26208507303435646 0.35434414522441693 0.34050821113546725 0.2525975206199712 0.2539430605253933 0.9271173087599258 0.7693118126501344 0.027354195993959052 0.25550390485093644 0.09511776971831054 0.8824576368714652 0.17003481396606912 0.7044147668350539 0.059301758962573836
0.18112179934154338 0.5797569995430147 0.5251986469534058 0.8787644172342233 0.1750610731024086 0.2008402544619179 0.7675873103819721 0.8153479360472412 0.4506947190379583 0.6485311377572646 0.8513080012031368 0.8778812528253088 0.757642976100043 0.021191504872675404 0.7357139948299102
0.07511539589595106 0.7685373774418838 0.9827211913580478 0.2633129652400563 0.10614422029170711 0.738208235149325 0.6843368738073425 0.38816095053660493 0.21807799423458551 0.8908925689060893 0.861431342853115 0.9932543701463081 0.7429626332487252 0.9978956446805514 0.4890884746597992
0.5254658295577026 0.3894151322312742 0.27317808364058327 0.7089309789194546 0.7322341751061938 0.7091712812518703 0.41062910796054575 0.3503293854617523 0.3711330775515197 0.2847189426486837 0.314326652416395 0.26060260231409826 0.8816063870455143 0.0914165713533176 0.8318728100610823
0.8316913644811182 0.6575725241483232 0.17597320117995774 0.5909331055998963 0.5648883343375894 0.7402646690516201 0.2628925437362739 0.8603968399666035 0.2505591138805231 0.46258700889299775 0.15146070499766628 0.21011468434997793 0.35639109888499265 0.8194318275544561 0.798083378659371
0.6269590003505123 0.5155575345107326 0.11281580667653546 0.7922549254972566 0.6599912054949058 0.5852868808678354 0.7263585326425522 0.5291684941278675 0.11380972446634874 0.6066780461100845 0.7205397709308905 0.7579525804068155 0.7866910402729133 0.13820436610869935 0.3083365136483115
0.3417464566430224 0.7589256375174578 0.8582004979411187 0.17025451891838095 0.00430292479405503 0.7767891390667792 0.035727930808757136 0.998433323606224 0.55753391620513 0.34887871920436 0.45456646846399806 0.6214179871721099 0.6053905179010424 0.2740834869995392 0.641680548460293
0.5543542648956471 0.0016960635930582946 0.45424664206633425 0.7993607547493962 0.843778584561044 0.4030272429858406 0.009616304477967685 0.6693427536678573 0.631838130087526 0.10246453052313897 0.9114711901623617 0.6675568278787031 0.951689980463576 0.9560103147498409 0.5738459379667236
0.019763731561193154 0.8839929538037223 0.6206992530619936 0.10507038486200238 0.30118277936274507 0.35381925471210884 0.5119019844747305 0.2098759413443111 0.7373211714524844 0.5279777516054907 0.8570502561490453 0.054111080730324 0.8585639148064769 0.9846540519117194 0.9739875358868401
0.7566476283998761 0.617685707551905 0.5704369707109934 0.4343760658678172 0.556847889245452 0.8772982143770405 0.13421551894950023 0.08606798967797469 0.12100214233657203 0.25334645873414796 0.1330933379857504 0.0030744465514442876 0.8974350666729896 0.6611211068752908 0.44238303337608753
0.3077431783778989 0.9075184644015487 0.5518538999518464 0.5699058672588169 0.466982102306276 0.868617171681815 0.7508154267908949 0.874236838374302 0.10284203419067062 0.08503350436584445 0.011936227111277953 0.31719901688239016 0.5774995243267348 0.11430521098188817 0.8893232023067814
0.7428252252957608 0.6136560122603174 0.8187506279190098 0.29264550016032775 0.6681691858929335 0.9935971094952458 0.04594401151335148 0.14121525539175517 0.0957620889077423 0.9436319480856658 0.8468427562511631 0.860689882666295 0.9131750388804171 0.15535885830027496 0.8365776939297468
0.07667507568253862 0.032061399473616414 0.5211808154422007 0.030456430140209934 0.7511080316655198 0.5372176616592484 0.5687200532377696 0.24651881454128188 0.18015297164579724 0.765614752085249 0.26725821414418893 0.9560228322558926 0.7264421721292512 0.41601695589110876 0.34905481594710963
0.28452796850458084 0.8938469830731537 0.501718142489919 0.5393732402694562 0.7187824356698854 0.3695658725748324 0.20209053552358525 0.1212702944241495 0.9584098014044622 0.9561666105538087 0.4430544055016412 0.07468178424689198 0.2664290413156063 0.8953228997044297 0.3422411830175285
0.6240631326932989 0.6189319016392133 0.9453358236260346 0.49153739818420816 0.4048205443506211 0.9317798351340519 0.716133325062573 0.4178593591950259 0.6159950562376104 0.6509724536996795 0.18829139580157883 0.4624243564452616 0.4651380468700752 0.03337757782661788 0.04672314983602921
0.7494468023291747 0.9310434416356579 0.5158034302274427 0.4450328418997255 0.8771023954699987 0.3709788040377119 0.6729310438611517 0.0831337623483035 0.456767687955807 0.7812831896141141 0.3984151209860177 0.028580490172794737 0.6509557241948564 0.5836771319516121 0.10850026223645193
0.5411674422182277 0.41603343718241237 0.6543562691537099 0.9637883817495733 0.27069743566860405 0.24271964110732502 0.9389164093974169 0.3323325340904316 0.5894250692727375 0.8055273693029296 0.40338509539529244 0.9760210494436156 0.49353207867502324 0.08172754629610757 0.2601105307748308
0.7322555188868388 0.46209243744781425 0.1810756962755855 0.3769859674226318 0.784214422254403 0.8973373299682781 0.33945728290693733 0.5294635650011527 0.9655339677627792 0.2866313243171099 0.27277086860793764 0.687038944735532 0.9290264671083677 0.024422568311941117 0.3617831844892997
0.839363725396549 0.4240956581644564 0.9115316196246845 0.9443535988429447 0.9618701724230585 0.3737974520726358 0.7094949460183272 0.32833968690395543 0.5967683106240429 0.9200336224434348 0.7692807305166014 0.00665992236750923 0.18250320521379026 0.11415503115637238 0.6765460311616852
0.9554032016514762 0.7032353566104835 0.47029024689258214 0.059706455089097554 0.8265393162635143 0.4496353180611693 0.17000409908443048 0.1924400469787757 0.30869825085272184 0.6832586818732114 0.30942989430974344 0.7888498027183981 0.9226504221873103 0.7789952714844668 0.21380852547941864
0.4373600919269973 0.04253415095953761 0.9835623716524902 0.5094059767455884 0.44852369201956965 0.9895402673378053 0.27273854167518186 0.33907048090443825 0.5022685487815888 0.6316785210980804 0.916011003294807 0.8352291985789122 0.37171390804193405 0.041413611455501376 0.2645365208422952
0.7229137712986072 0.17353780547174746 0.4123738658701527 0.9667917253423406 0.7154425911020257 0.04897886794662831 0.6169983511655338 0.2860157648614178 0.1866773924465236 0.9149077270051896 0.49890348616320934 0.4445247088405335 0.4563101407159017 0.9410038093640279 0.2369134233425394
0.9522035180297754 0.9084257731678497 0.7069259788292527 0.8921129007391909 0.6899580311650064 0.07862507150196962 0.5724662114469431 0.5549454144818944 0.11363603157632562 0.7912814643827512 0.6540275441205157 0.3462931886150412 0.3199031458012994 0.4060438019592605 0.942368621610848
0.8946401016883095 0.8727854363423686 0.2414871823236311 0.5194096322085864 0.8108322338393872 0.22806761677686815 0.2838522401708252 0.5359946623463502 0.11261510991458124 0.3124620811627199 0.36010277678437586 0.5978582684719677 0.5130405136462369 0.3154407421875992 0.05707037013290084
0.4736451287026401 0.9800001569306481 0.03384783659248869 0.8022439656223271 0.5866827852633929 0.9985572104244969 0.17288887217813953 0.6868014135311381 0.5813101072893184 0.5234108694900726 0.8518172531577832 0.807768652273358 0.36491443714731653 0.6957433257370692 0.18861641089675618
0.13373200398510499 0.41843311097393077 0.01686251551422835 0.24520254316196866 0.15731731731797904 0.8409254568644995 0.820467748191682 0.8031487191881533 0.8876893674727334 0.5479240914451785 0.5660301200490524 0.4096585227171565 0.057613680838462855 0.2786248423615999 0.6876927373303771
0.8844933024257339 0.7721619683076681 0.5835770332464946 0.476260810625742 0.010784041826095492 0.2099318062299459 0.7623868858269042 0.7462648274938717 0.44613541829034653 0.4026896665352482 0.8000485816680202 0.8457449119343192 0.9851558976231144 0.5656360433711741 0.7108690405439124
0.9033177255864286 0.18052454105106952 0.9280299578787885 0.34055405630218083 0.0752521048280217 0.9869317511487019 0.5226998551579809 0.5998750396463679 0.9546931247410639 0.5307075861870741 0.933006081331573 0.30743695247361247 0.23583859587273548 0.32767796080999056 0.5671100668661931
0.30441987003702387 0.18778595565666178 0.2727655479729556 0.6319437517907381 0.2707681556887642 0.4859318434274277 0.5070788901546327 0.6130624109837026 0.7201524186961883 0.4732200944643752 0.8317095060206388 0.7316023400813648 0.980131381097861 0.979198898228504 0.6821837595725261
0.545854988934784 0.5742924467964067 0.4117608924326882 0.803492377728765 0.5925070267989583 0.3147506384314611 0.9546048076065001 0.6728473685848805 0.7213857533043945 0.5862379696196425 0.35287095615045205 0.4057926334029873 0.5675880875947584 0.7571164355699647 0.9500671040551297
0.3510208849949519 0.4261600433896715 0.38799918360325425 0.35131502940720816 0.8302263286463396 0.6470334712536138 0.9252666925716638 0.3311127155223893 0.5115490201093555 0.551714881183389 0.8646154133919025 0.37822045756417655 0.7186433951116238 0.7882611634649874 0.9488787589427252
0.5759436981233527 0.572129793754866 0.9873657551427856 0.8247112127711014 0.3529995997252835 0.23616493909575276 0.5599172368665065 0.7243285134252748 0.008317763565906189 0.7000931114420647 0.48518271060723517 0.16134774218226378 0.8125402746208329 0.4636172282976728 0.9788061324146887
0.3338732743631032 0.9196500541431216 0.21365448406061716 0.001101436965268654 0.9133259962792083 0.28407032984171654 0.08201910876922225 0.668659393037223 0.16411432855780783 0.27174245795848295 0.35530003050115144 0.7660759394664184 0.8870978924672671 0.6781031430430834 0.571778822953192
0.7196488805313755 0.508895486299925 0.42154641804876625 0.7849592202483896 0.5911790445719413 0.7494412946960646 0.26786952635717465 0.3992565014513696 0.8775509425320599 0.6917939696767668 0.5593658931492342 0.390621250471346 0.1605568275509901 0.7510558253627128 0.07164302889875851
0.9133487240999246 0.9414677318774947 0.9933599002804854 0.8019062971060783 0.2640517307220811 0.3161432484691923 0.49123508511107683 0.7043643991755157 0.9247512218292416 0.4990118248210218 0.9182604475489201 0.13157605232902614 0.9392655623182425 0.5880414503546554 0.38377179810772943
0.014971583888620521 0.1905560627314946 0.3778606011873309 0.5874850305226204 0.6234468152570452 0.24141251415752907 0.47447762570874774 0.7342521954842441 0.07584165823521616 0.27683966948454963 0.4425863317559854 0.2907679397244023 0.6512785100411632 0.34373155340266426 0.22523407651002758
0.5888957596456729 0.3407507885265524 0.5218975868723982 0.615668547729206 0.48438433236057943 0.014015653100426406 0.8802304253344335 0.13246733662576604 0.7650967091900849 0.03775840616664228 0.07278275633263864 0.2515947046220314 0.7694760495066111 0.17416121651372818 0.21174633964569523
0.5828179147242113 0.7238232204791414 0.11342204398249467 0.2178030151055328 0.2429554695626529 0.6360635586535957 0.04943392430766069 0.19304454804656268 0.37471781717468344 0.19403101147374324 0.29474905120368566 0.48763434594715704 0.4874409945183309 0.00790007539758164 0.04911578839666719
0.03861048418915447 0.054801969444392196 0.7092471572148547 0.0852912133992273 0.24770642199562065 0.5946441095539177 0.8733243241103172 0.2964955323664875 0.13479225823268837 0.2773299115459028 0.4664807700141218 0.7617888140444655 0.754515803011717 0.9615771637168441 0.5372679094170234
0.2288147769123997 0.8959492739148652 0.4405241766167878 0.16761634667916503 0.6877702161800279 0.8985241843997493 0.5958082762922416 0.2795739594854868 0.016122627672671586 0.012263603988125427 0.10373112468835965 0.7534464530910645 0.5105132102629109 0.10629697327351062 0.3151235099552182
0.4547828117863837 0.49044541260885177 0.6868701526570447 0.9393109909023116 0.19049979432807762 0.05777461645365978 0.12453895967380701 0.2026213022586668 0.3185414544831924 0.5266774406413147 0.7099618757970029 0.22316315120015906 0.7208208563653719 6.939031519922478E-4 0.6586833183274022
0.44614513799240263 0.11579263567263998 0.06659938713065838 0.4675264526688432 0.1177928506542476 0.23485753262325793 0.5992776900044291 0.08868991184164943 0.9409608659072326 0.21589997365442815 0.22743021516626993 0.2323704638428148 0.2518257327413479 0.6776129884489331 0.09687078543757333
0.7347093914950076 0.28458497761588064 0.3298653902331157 0.1863191115927897 0.33508741689245536 0.34987627316657166 0.6482176627141594 0.5800205598853782 0.3952692974857076 0.042669901987083536 0.09479517787916492 0.7821835628026258 0.06262593534202632 0.916676657704305 0.6030782631109128
0.3701403271157838 0.13063834932496043 0.4148527893069741 0.5607707023770602 0.026300011972345994 0.38211429596596314 0.22937194689357177 0.3227594680629159 0.26337863168261366 0.5140252399956827 0.679473860875808 0.3652802380520207 0.9630529172972949 0.8375974436594426 0.14188811920858957
0.5527548118554768 0.18510009255636717 0.8232680277055839 0.04607061204963614 0.6303679893572824 0.5722491967946479 0.21734295955116734 0.4552791559168935 0.9783030693985774 0.07538438058483399 0.8956707443293929 0.7945541902641381 0.8676568033640507 0.654403350238026 0.8393721935338603
0.8579591855510869 0.9434061478390554 0.07194964293884021 0.6186429939941046 0.8299742435008 0.4264004853750657 0.8904004300583976 0.5528725376946683 0.6897264398024614 0.5742050622071433 0.30690624438889513 0.2787990640444784 0.03177812114839673 0.26972233396259293 0.5169425168528432
0.8031474616028992 0.03348462898061022 0.2168699948626297 0.8837475781523036 0.24217297004317573 0.026471266612345 0.11419577039887796 0.3091851486295881 0.3577603827948401 0.8885686006059881 0.3501606359462943 0.850983823607093 0.6882051002260038 0.26258454206385595 0.21792365642813472
0.8119700225325542 0.5415285240265046 0.4295800457417346 0.3828134677035554 0.23882491932458183 0.37015749946484344 0.5168550192076508 0.35227239141494426 0.011059963688418661 0.07802331492179371 0.6046397962567469 0.9959116757959217 0.47531938122557926 0.624613256993047 0.21052634153861483
0.7424168538269114 0.8857828449978793 0.885233154310792 0.5769629917163807 0.9403944324235703 0.7483546010126911 0.10271689638485804 0.16467503550396312 0.01185288158348452 0.5344902066449576 0.42304515794091024 0.7636629661887705 0.4498614355403229 0.12992551545404285 0.9458115375174401
0.6734688685907112 0.4160331550631087 0.8142371771896485 0.4402020431317215 0.4756907222590142 0.6788291584116952 0.5290773487261206 0.37812934902745776 0.024263639205604925 0.9002828867279755 0.6860898846020057 0.2183902907684634 0.4128155817688931 0.826595103579227 0.7899291172253643
0.9391916495866628 0.8434446230271743 0.7671514717311823 0.7074664003094266 0.6611158330626008 0.5175538582226291 0.8568661056998346 0.5011837704195695 0.8285743494939829 0.8969187999267415 0.9883566003231116 0.3629178143971581 0.8250237874540349 0.9419514309489947 0.9733069698728091
0.33353156029118025 0.08569575401023988 0.22416430220488937 0.4464767554538468 0.17475537327507817 0.7413180902025774 0.13112650716673369 0.26116612322255983 0.9713526545045643 0.577282323075446 0.7347432305919585 0.6415485144320453 0.7849300320816148 0.6249375723950193 0.27747896613366685
0.1551336052248229 0.9551252505732264 0.015169058657517609 0.6461840030875985 0.6477249729178594 0.44957089703024233 0.8191446671915414 0.6494724895700552 0.6435888568553993 9.456159409811926E-4 0.47709056885777057 0.3921397630675547 0.355151330130715 0.637588380978191 0.0731828663546985
0.5488955819639532 0.3693933583776615 0.6135661696920118 0.1531190255366217 0.8797287062589062 0.2822141100117296 0.6747485995768777 6.593607538876167E-4 0.9005079457194423 0.037385300176409064 0.05935781473699808 0.2904054594656311 0.22496297967181045 0.49332009447448544 0.6246254198795588
0.8163089456356277 0.7279783520083833 0.7887320740617926 0.015602956565206383 0.5588804831094397 0.34517206424303404 0.4073614062310327 0.8478358468501047 0.6987956477043016 0.020020166812772855 0.4522967487213444 0.46252517154056516 0.31057074348270497 0.03732707821248582 0.5320227204692938
0.9309656290349784 0.3772080877484649 0.7406309784921433 0.8331752033629257 0.6344620874914875 0.45518727714197804 0.42117227806648405 0.40908709502280716 0.9265909849091499 0.7889049240986623 0.9873424938136777 0.448559807555147 0.09658753643001372 0.9246422709232984 0.8760698587928432
0.30589661437581783 0.09580271275984342 0.9063668004337885 0.5513868880091547 0.3710859711307839 0.2635892664785534 0.9491500503081622 0.8504644569413854 0.43812403167084923 0.5946390252031022 0.0807107185388406 0.38368584285162044 0.08981792154632207 0.9267084591043131 0.6175689256885124
0.17287333157509177 0.7590116711169895 0.7958333339441657 0.4995233414874862 0.720568748888547 0.5490298611997996 0.6055472567833039 0.4446401430964978 0.743309006585106 0.6002339016258967 0.18728321411793503 0.6066693490179697 0.8731260301528913 0.7749388546495012 0.7910508228654979
0.9177797277540439 0.7340400439810045 0.6995394217220138 0.03864687067806827 0.5817312984217157 0.9341040451370723 0.7505454864769615 0.3960696991787699 0.24608008540617143 0.6785964559580625 0.40032946538832137 0.2774731797087907 0.22673677743702825 0.9062477086157966 0.4487387365943809
0.9799091098030663 0.7841772317494922 0.07792616296040733 0.05832845946676479 0.2662717388866689 0.857829727150336 0.005997116739394959 0.18382140431255578 0.5632714012355311 0.8536399710274342 0.4026083722424406 0.940503085812488 0.42192914152746586 0.04954166924331771 0.14644440193998598
0.6916119691758783 0.09999760427635473 0.9345372740832361 0.6200304853130957 0.15138618196346298 0.8688776476750049 0.32931930580642854 0.8534572118308414 0.5982795402554765 0.9220147474403356 0.4498402737998122 0.6254345950298246 0.37196166449265056 0.5674224890189017 0.16996478485070243
0.11887473316746189 0.18806783406111305 0.7238949593779813 0.615314778040237 0.20573981564843535 0.44626670763859855 0.6086342716707355 0.8776447495610653 0.9446829605245421 0.6300646315972364 0.9034324611199167 0.07756093408479126 0.4150467971683154 0.10086757744845398 0.6172124230128749
0.22312453147825984 0.5820750338997891 0.07417293039528561 0.32464516363126283 0.31285598193121855 0.49073058532277447 0.33236504855549176 0.4537261690012716 0.9138836131031951 0.7193031437330939 0.2764399216726773 0.8196065170043338 0.00945660379426605 0.6890281562023022 0.24808607949661587
0.6576391445986296 0.2547688318695335 0.12222816282814819 0.6639001947150905 0.995514483238511 0.9060168295229003 0.6690266900029265 0.3951175768343902 0.32252393745474894 0.5948412349114884 0.4814734217086194 0.9990892464784122 0.1634033310897054 0.8087781468323013 0.3039593077682381
0.8628388271315045 0.3448729580830956 0.40807321303484 0.47008851122449336 0.05438389967263868 0.45490486416794507 0.7601875898045131 0.04871365761443347 0.6941086580102346 0.23791155667078245 0.10555190527452696 0.26562970030405386 0.9563252528386763 0.4434652352509164 0.5816004918077543
0.24246069270513215 0.3902636912779627 0.9518199362332102 0.9268451522695343 0.040563247547876324 0.11008116056110906 0.8364234886054184 0.2627238327504635 0.97530891570661 0.5450836971972521 0.39177004302087126 0.5081864294226919 0.17489741224934496 0.8642038747784588 0.0543582142525566
0.9204566060497577 0.39789097750478974 0.8928808226634778 0.5751835592064717 0.9751346878988124 0.19495000233161497 0.3258394653543921 0.7641086124308284 0.2997835003088295 0.6027885084116569 0.3058682031796046 0.6196173948267129 0.6573657802979465 0.6921572722361082 0.9865451202579796
0.681875838102866 0.03937785169638608 0.4567017641686394 0.5259649772602758 0.002682826358627488 0.7732512425949889 0.7258306133716946 0.06887057843801214 0.21281161666398363 0.1745704525952947 0.012269897919393813 0.6661933249135109 0.7854046416519113 0.6818811166329949 0.46376720033693375
0.7538600565098 0.7434994270035893 0.600340388580378 0.37844861182288814 0.7668241539514062 0.7404264609488848 0.550186726322473 0.06462105787627193 0.6996307211737826 0.6537353846386387 0.46698393049897857 0.17835105163329001 0.941427510263552 0.5764683627455287 0.5328199502729798
0.05594040630876451 0.5111841057372795 0.3640145308521259 0.7311181081996518 0.9734583030367793 0.8979841793423664 0.7004434387106437 0.8124448816575424 0.7117779366547325 0.07160681323135365 0.9851288931459857 0.33467468720880256 0.28310585226069185 0.8702143838307088 0.20863916054741893
0.09809864900423382 0.18377995515531187 0.8948164351075378 0.38628370094423536 0.7345415548802342 0.0781522281840834 0.2442800816338735 0.048369847738332084 0.4292769087358147 0.38966092175043276 0.9100092738755566 0.748137935591219 0.755506946744784 0.8777357637820262 0.41601705993896965
0.5415067523570167 0.3834011631313766 0.9129693296607684 0.33796586572202003 0.9171753378104585 0.989163303518175 0.8280262678274325 0.6638531285181144 0.7112917295130546 0.034323243167549644 0.4180515325955768 0.5693707648113513 0.12781232734045733 0.21142691220057575 0.3918775074298163
0.07256846609741208 0.10384091275577989 0.25952396835217517 0.33411936987442903 0.20530272686995488 0.9086489802647043 0.5413293841185198 0.5282866590354351 0.7930546094326602 0.045744504564084854 0.24366170298761736 0.8123282630399697 0.670051403577601 0.2392691983772548 0.313737443717642
0.49056736607570217 0.17322811652201653 0.5291690490942494 0.2761273515900392 0.20977152249099673 0.05641718455593148 0.27399668548771683 0.8886571629132697 0.6221422554145077 0.5452554755529524 0.165868423972655 0.1902618630791013 0.6042977984833263 0.1136500526089037 0.19901251482973104
0.8697789136416499 0.7788614390226299 0.7042450004410826 0.9015097022385675 0.0418927641126694 0.09405716915857043 0.5381837686301121 0.039240835421544995 0.4549193000787204 0.2567530839978721 0.3635625304273592 0.43172032238952507 0.8748455602129898 0.8856826583872617 0.977322004340444
0.48140895602818956 0.8910163506197869 0.3541123165887877 0.12192675654760354 0.5112625313700018 0.6710866517187896 0.42501332428696315 0.4060320612681758 0.029687944791923715 0.2563341044271441 0.9468349531225605 0.7274406571647386 0.5977416800169134 0.8331538043754358 0.07426489908851586
0.7870029207948348 0.060320020433356825 0.04253295459538886 0.7059018690094852 0.6737152006538226 0.5212544028578625 0.7965303969145165 0.08955463530112073 0.17412370326318882 0.5916390593544341 0.2592620243024948 0.8359206104833276 0.41324147705528 0.12138286689491684 0.6196198952169116
0.9026862270906987 0.6695387668806283 0.835890338083497 0.03392961762143132 0.46363039552613305 0.7231679010741692 0.04294176947032957 0.6489765295415566 0.9611014394704848 0.8944357106788174 0.8492560365592836 0.929308371537684 0.055276788261797716 0.00863805964501596 0.1318836514488081
0.6074486914691912 0.6299042620642353 0.8837224452076525 0.8464922119121467 0.4516309198794608 0.4917620368047796 0.5788462264196653 0.12276942187957429 0.7028911388020068 0.9098642721950688 0.5647499006982107 0.9965842823294148 0.4718325392437488 0.680477843136002 0.18096606424361117
0.5592099807477907 0.6051022642981619 0.9753051060167047 0.23023618619543784 0.7658264698928554 0.5325972507266782 0.8327262793208451 0.32710942621955164 0.13868523248156694 0.38864271764775693 0.7857845063732846 0.6655487023400329 0.1247318768967145 0.26386306523039793 0.7856354174756006
0.199470977589305 0.9231469654199862 0.789191718525625 0.27547212177602254 0.8405005353903408 0.18517956095570565 0.3794432410356883 0.9974758869861863 0.16881516905322225 0.1068114056206304 0.37109704465372173 0.8741312942148691 0.32581710617248627 0.0842044861992981 0.97741929356658
0.09528444209775633 0.21146178294713247 0.2825482256858455 0.45377532328111936 0.36361104744633976 0.8444295282094324 0.18083688722503322 0.11696240996936957 0.10370102905048739 0.7599261880151845 0.3982718244368074 0.89461843865103 0.32375471464136796 0.6177509690921621 0.8823971093717305
0.8942391499933303 0.7339253837261099 0.7723707104631367 0.8447413377396645 0.07606281052273511 0.6716312009674966 0.4170919701547646 0.6666523651277668 0.4900580783449271 0.36169956702407935 0.05602321977755531 0.366175695501717 0.6944771998556555 0.047995238032881526 0.48037147300204386
0.11624155219167631 0.9119131280464492 0.5732226700976337 0.12971928484140882 0.7350896263483635 0.1985259531856266 0.05488303554835294 0.7042791130706576 0.03177426752644985 0.40308048153190235 0.40790376139250395 0.16072414039254912 0.3827574390888372 0.9746633343500379 0.5982493071553989
0.772045893850854 0.9400105429043921 0.7414246274500382 0.6768595683888448 0.7609906628933767 0.4267101621064975 0.6274155496180944 0.8395520534245751 0.1269785262783325 0.5635272798217217 0.9005702979509801 0.9860630330443776 0.6780095586052758 0.7866728772322764 0.9521065991705963
0.51019141424833 0.9519145990773593 0.06827784222454913 0.7960964287140608 0.3430489879701548 0.665408238607599 0.3303480751062092 0.4476843300174995 0.5927087426647537 0.564754184939631 0.1554508668818031 0.08940815358933407 0.47608315939216095 0.06845433768562836 0.24045156311184246
0.46730260723081407 0.622652160182174 0.8902243405148591 0.31403475729731933 0.27194350510160126 0.24470085568886946 0.9096203741790336 0.04440702855992973 0.35431640326419644 0.11501490210330001 0.9180329321120146 0.800493824139118 0.5023706315237354 0.7705215550085508 0.5093656045728031
0.9981054678312457 0.1613453869606678 0.8691526756659355 0.3075676713925023 0.16196278394724128 0.9194320900094367 0.16724554959077564 0.9272915177681024 0.7651359939368586 0.8000628939761991 0.15608619793792944 0.5492970239221991 0.3693651544150821 0.403092391570652 0.9987389869557781
0.758827000463295 0.5828938383249219 0.719366046485111 0.042095337449062686 0.34302880780840117 0.8768626379851896 0.006644917805534334 0.844113622048315 0.07259955152735742 0.3569723052614838 0.4595836431247088 0.3525109594423127 0.10318306333223093 0.17404105440622075 0.5324346161301761
0.5987073448282051 0.5236489716766893 0.375244367954506 0.6803777733096129 0.029610727363842515 0.7512354801891218 0.6472394148031246 0.9738527349810225 0.3898718495482473 0.9276392730382045 0.583040836111945 0.5099955161028881 0.8885252510467969 0.20548709153000477 0.816428346107743
0.7962596257615875 0.23647375608086263 0.8312256148893133 0.610830568036247 0.3135270726552011 0.025060707548384076 0.22831734843026064 0.26404401881765416 0.2794921337707005 0.8310153483684817 0.8637322262245173 0.9958096643966936 0.22782649123343335 0.3793441388308104 0.5410759487029331
0.8221839880961235 0.3946117613480995 0.0732810391933475 0.9052975179422014 0.2888054371569133 0.06075119228894865 0.20919791732399406 0.36677039212223816 0.8345709298176331 0.9375495964833753 0.23441621062949325 0.35664284449024186 0.987901681017063 0.40237651964216714 0.47714924828450034
0.8107049712499906 0.5596909423421732 0.8923046595106594 0.8803442189975992 0.04562100600530772 0.4901913165194781 0.0458418754109331 0.40498143095662253 0.7392277452478876 0.03151214975360961 0.24635169838796545 0.9334281317291026 0.5557006900141531 0.5030627161104562 0.06548416557042902
0.6997325760866968 0.06674176466181658 0.9441902698947292 0.7309145710935137 0.5012833798410355 0.011543502525322213 0.6064260728796173 0.14991531493779842 0.2050486433576062 0.6111366102733893 0.37716730761737205 0.2087617299256882 0.35164743894254935 0.606829049972085 0.907285787993379
0.03769977963490656 0.9817964888439824 0.9277964916531254 0.4270693734785769 0.6821799536895369 0.16221290873911376 0.40948531043089464 0.9780654675119874 0.1532883911393077 0.07184354018590033 0.7823415422051946 0.06281025768772874 0.14378241787336865 0.9243303200221873 0.22947970342211765
0.520091541859545 0.7908648846599409 0.44891012485770077 0.17225802734691809 0.7703066924804093 0.7428075542721634 0.1294866889330608 0.5843275230226238 0.44364180806383313 0.44376112557265923 0.9104009872733503 0.05757402065655226 0.8032117464594227 0.9895649764258655 0.6174662890496992
0.04747404511723874 0.30596515390453183 0.12709767722475684 0.9141218487416185 0.2107368085249378 0.10607247034321354 0.9706844529426957 0.2150997877451558 0.514706176306521 0.2986788013395346 0.7913054183697927 0.6137875534630642 0.8458481087579609 0.22631824511273047 0.7978244360435524
0.5445079714972224 0.17375037998096277 0.2259492016880924 0.17418499510290963 0.597228064364043 0.9374135350287629 0.7814857955347587 0.7624964328714426 0.6297463630600841 0.21221272472733255 0.16486280818177523 0.68916000182246 0.0811982782650198 0.3887624447807083 0.29808734240451706
0.9196610936026605 0.18075705203518944 0.5490175000046167 0.7493930893299848 0.1973802961085277 0.5666982892568512 0.46029443111669555 0.4885280427500578 0.072752773290233 0.6835337362782978 0.12450068383953194 0.26937006086507 0.7613316773202846 0.20870997292477156 0.11770864842988293
0.28247904978023397 0.38278835951996437 0.6754065266479173 0.5343144318075852 0.025858379338811854 0.7276080581312871 0.40425648304084516 0.21037250798289808 0.17911234926935227 0.0742170110508884 0.8343526689942848 0.04229868578513807 0.6343504763010088 0.7365027387842646 0.3526906004198431
0.6399855979144744 0.73660362220389 0.9601667410814921 0.761239177100557 0.2574766007296724 0.2171807686813464 0.5060743991944409 0.592118503207567 0.9296952819241973 0.2653095064512313 0.7597442444443617 0.5839041041700702 0.010329522895267895 0.6765674466570231 0.48834481356371473
0.7658649206483183 0.8538203601055265 0.04102539551709328 0.43004420784441655 0.7619823050103076 0.2135080910806164 0.4896878820778994 0.7452838653818371 0.12288600863253785 0.03833862777958763 0.6047300055905639 0.9855244055858351 0.7213820216266582 0.7421356488020001 0.717194017170609
0.6422386514100717 0.5060364380625362 0.6922951106806687 0.9652230948125831 0.5274026336383253 0.1973187329724745 0.6188601888112714 0.16657376914281885 0.20646254309612266 0.8320964159391496 0.8802868197964996 0.7710623946034364 0.45573201545583863 0.41481240040283696 0.03881095079603469
0.901765249993332 0.24840053953039753 0.31746558469266106 0.9961804242346359 0.7682062189414767 0.08681062063967404 0.4855540801919538 0.019616258760519645 0.5404292634545143 0.5933874434940636 0.9534292886928186 0.3482190802987982 0.10976781887922582 0.14858201181545672 0.6500487573679229
0.7116385177586669 0.03028694542796484 0.021414635915421254 0.9849041460107125 0.015674733190102486 0.33428780662803925 0.8766825490572285 0.24394011145446426 0.6535827404110799 0.8459287325462276 0.7626220771425983 0.39656876454463175 0.3872020177583221 0.07893090276200143 0.6837920150740715
0.5174236585914151 0.5086349624616203 0.7975004448872789 0.6461716903287014 0.6602859072833092 0.04105009706986007 0.8440133085204923 0.6249437853732724 0.6866546288241082 0.06628652292452764 0.892673270971616 0.25015825614852694 0.24772250461222178 0.8772886471739585 0.37526680029790027
0.1314506223277112 0.8460566132514951 0.545000843749322 0.9433037614436469 0.6502141455063234 0.6620736023695168 0.6622042448774367 0.4802459153551486 0.7361023546143841 0.6204373919771957 0.48087848338869577 0.8581897776516004 0.6144642653228654 0.9927966212054902 0.3950234488658715
0.3452845121060242 0.7622921095476121 0.6858181787190148 0.7374772854611682 0.8133291050246829 0.34248720878520367 0.24726208300741126 0.15711876392628732 0.6694078579461376 0.1997265774628817 0.5378823577449787 0.42194327023383726 0.7410865955053156 0.0959391416095472 0.9632270532837526
0.35385375625752524 0.18160649072460255 0.2393773854568031 0.13695028426755806 0.7426090230617787 0.8296763775718258 0.318496408250058 0.8560377160399378 0.5092236362832314 0.35787825269542295 0.1903291862990002 0.30838612710658575 0.09321542867510135 0.9743651843739383 0.09277332254879045
0.5044670543681835 0.02344740559027836 0.4044444822783525 0.7511811002371656 0.02734295967408451 0.898913453296146 0.3718031522519277 0.03187128322174859 0.32909410543761575 0.5536679961662687 0.823546963631894 0.8586575848976705 0.9667527560943471 0.009201667015643955 0.6988882519204872
0.9532154626094556 0.3671310238775546 0.9279165656141619 0.12823155231297623 0.5860850506279974 0.9374670291259068 0.6729562307620628 0.5675707716433971 0.9323353506480397 0.5976039826558937 0.752497115747351 0.5225248907614611 0.8143903933409341 0.09945471454467714 0.38070945007489043
0.19700390292134184 0.5842454993467802 0.8207945552274004 0.12294788881587293 0.6134104820613078 0.6482778590643424 0.07296335902986384 0.10933286750744409 0.4944467809637346 0.6700823697485049 0.3458473919870274 0.09873564171185556 0.4710103047485459 0.8002402110907673 0.3285500746508968
0.7542817781809166 0.986326246533732 0.3766540811442005 0.990450752846673 0.8518389469310796 0.6033782743707902 0.4150608597998571 0.4848881754359534 0.7845566560275099 0.29086352497510837 0.8665587335502303 0.1464960740489316 0.6493771496299817 0.6623116824143823 0.05746266527753985
0.3932560857801912 0.4055383230903029 0.07367211136191287 0.9465280808677751 0.9156227361554998 0.08044074957536385 0.9465870598649246 0.8355602739706037 0.1376146224387771 0.7648528933100865 0.6777330799313208 0.9516522927881207 0.568554263477843 0.18727984477672 0.01902658856671169
0.8827716920500447 0.32917881517973524 0.9864226451639803 0.8691540992900221 0.1931425158081801 0.8321324720650763 0.411006681269925 0.003801157469533467 0.6708456512480259 0.32439071801899066 0.0678593239726396 0.3901183641039765 0.5672872023878739 0.7579554463393782 0.5119685956649069
0.38037686493119405 0.8766610584376784 0.24519920474927603 0.926355827075193 0.2604298067182671 0.17325855353530673 0.1765258093398232 0.8749476258940502 0.3405103563590609 0.7754544663223988 0.9305533869497935 0.12823283974394273 0.019060583350042126 0.03742527481936231 0.9908156211503714
0.8593431289280118 0.024700163437437084 0.38313217687883805 0.19801529801101192 0.08729629308158193 0.34710741436811643 0.29182795384275173 0.813153781877033 0.10449337542189507 0.2044995310816219 0.8203230266789469 0.044398861341100826 0.7671623682351553 0.7635627956539618 0.40447332623036203
0.6993427282353618 0.9502926761252999 0.2270975779904837 0.6208281006568233 0.6643406894308336 0.17270582131196677 0.33530736998501565 0.30910356680258866 0.9839101585522649 0.38326016648138606 0.2885744930052502 0.9571236991172081 0.4157093072603679 0.1657881372648251 0.5927298405134873
0.5320969847472046 0.4704023591764439 0.16821649877466527 0.35223762059691865 0.0055738269031164744 0.11075924824498862 0.3904218608265374 0.0923804545112683 0.6641562967123542 0.48062526198222966 0.07572465020904495 0.2784440259312827 0.9240082687491316 0.2619356401771611 0.34252700926401103
0.31806453631167586 0.7744406703697105 0.5167395451908007 0.3654511186275793 0.9823164449880446 0.16432281031049023 0.16123622855088182 0.8694361758021968 0.861782060365731 0.6147980625476706 0.5401159444464546 0.9356039601246124 0.6857582623370704 0.09275757203693902 0.9220366558913495
0.6343043104446201 0.07591994450937867 0.7117536943063395 0.12085706402017726 0.7986034261717087 0.5801742804872271 0.14050979931465424 0.8622853558800767 0.3305795858750552 0.6381027041820616 0.6939112541094049 0.9618919966392124 0.7931421238946281 0.46630319908234275 0.9573374709259751
0.857974409889688 0.6816916108385743 0.7201081998471205 0.4524228726303273 0.5515498257480392 0.692790211253588 0.18756814317663162 0.29080980847992366 0.5457923745412359 0.5111130187069137 0.7022547069502981 0.9821842889845936 0.9485185943709408 0.12130264762161314 0.9233516133495441
0.563860981808033 0.5038657780755688 0.41795105870483784 0.624665183850053 0.0014111848702356156 0.9530955387100913 0.9347839593591515 0.6586008169127728 0.3733034133534264 0.7894948247650048 0.8432249269298027 0.8168153619367311 0.6972534118821637 0.16863517809992457 0.9808674738245338
0.3961700435420161 0.38195662637037864 0.462790385136456 0.5619857254119178 0.3967718239469433 0.19510272340406987 0.7071015586406099 0.39506478689225677 0.9283059775310071 0.3270483007326226 0.9751179229909659 0.8864346745878009 0.5815261060943328 0.5992508928056417 0.5426304449192765
0.8444420225378996 0.2336822598231203 0.11754323529847466 0.5512547142844874 0.1151963407754526 0.9998314445084927 0.702553956008711 0.7670082563307132 0.3787787911226804 0.8163897657127707 0.2430570668955554 0.9441669252762753 0.013902600881294469 0.44894804514102993 0.7127592589844042
0.2509736690660507 0.7993665912009811 0.5532886506015947 0.9670106609400173 0.19131236111734096 0.3622442325863692 0.7867034156741453 0.5931511749047877 0.46524824069690107 0.7056024050216536 0.8661283838324709 0.02668122654093119 0.25137551934056457 0.8526457851876159 0.9002737503494352
0.8651719852465604 0.46520225409494464 0.6295340164795972 0.2848422327683007 0.8128070918342853 0.6503407966778166 0.8757204479778715 0.9430929584063539 0.9706742142533787 0.29306211526269355 0.9185132710749994 0.7184221414671246 0.2514014845920929 0.5158105954243961 0.9776606532968947
0.2812952301904863 0.5414602777550199 0.3015655092660062 0.2761135011629251 0.9997806225826884 0.8604324103132531 0.6284740958197463 0.024721302500416042 0.8410974857519163 0.17376641375279978 0.15297046257956615 0.12146725409425974 0.5210055695891316 0.704024293216628 0.36963325440024175
0.35995132962777254 0.7985282481943509 0.5553462118770666 0.4973247470038955 0.1771808222021718 0.025414436595556422 0.2168378539447906 0.6936921449702979 0.4873300067273886 0.8029087576040611 0.042810910291866344 0.5839018554215071 0.9459815855752335 0.872813968520635 0.12128461210522468
0.5045159860807568 0.06846453263510732 0.17549283056640053 0.036882037922920885 0.3097095300653463 0.9862545846149763 0.34437178733198015 0.9102318988615632 0.06456594930905901 0.2670045864583197 0.7746717057820528 0.7532129968893064 0.4589774833490603 0.1466244301765669 0.8035060245710169
0.6178549837684852 0.3157162039888666 0.7259306781335361 0.46915000081116 0.23643578141316512 0.13753025467934288 0.16973893103748017 0.7791992090105355 0.8512924171296947 0.24065925543073985 0.7128721039702176 0.41049922162316055 0.7150889139977765 0.6559516570353775 0.3254106433503996
0.28814283063365764 0.30576078229066617 0.6438059801274729 0.2186111085805149 0.5464948382217775 0.6450831304244469 0.3654469131978195 0.9832724461537419 0.9621186631215298 0.23578517521242126 0.9805864522385914 0.04392914306411766 0.06664336057240594 0.03936081240215783 0.20030883855479142
0.2851037573779678 0.7970230946751202 0.6052017323978902 0.11405800210052053 0.1599517537926366 0.7213056888716629 0.9314055280570772 0.9308942076202367 0.3269832038484325 0.5899408995357214 0.8885883382526057 0.12772659360634675 0.87714834184001 0.20582271790092943 0.0702579547673583
0.38101674314849165 0.5114242777665523 0.3806744988638586 0.746779736093737 0.5734878196406501 0.6081428133132949 0.051049760076292916 0.19469441787045705 0.11366275322171204 0.9796501880508106 0.464135046483659 0.04912350916533881 0.7835938631836509 0.25949154689485066 0.7117059979047187
0.4842242079896858 0.3389358179411103 0.28416408884209443 0.7900015446145746 0.9651328653011779 0.12555238799401958 0.537584974521756 0.7939448524560225 0.03456199246362135 0.048136722461995296 0.7117709308077844 0.8160544070538982 0.09819281825288473 0.32886408646420784 0.7038288364350181
0.6135520671563417 0.4552317294942426 0.6278848815413772 0.9172072889124462 0.1315893992604864 0.8839756769730485 0.26250467719429205 0.5642615927889318 0.5261773413586123 0.9369579311108398 0.4581875789979988 0.7775353303331577 0.41731857396880356 0.7262223837169396 0.7920577147997389
0.728764015800241 0.7210059330161388 0.3865010039405362 0.24836306608787984 0.6274571644286111 0.5581641541354407 0.5925457389123504 0.5954047868100489 0.4250173626710768 0.41927648959785824 0.4765925362342057 0.11472414766904271 0.2857058650998966 0.9753517508792291 0.042911927001363814
0.06587878217085119 0.4023663395298386 0.6690512359987424 0.708626999368306 0.6539280095858591 0.5326694447050062 0.4942092332955472 0.9134563886541244 0.6817870967790487 0.7107430554583148 0.1776449648484537 0.8357660526463772 0.5158989533995906 0.9494039134027751 0.314077317430978
0.12829063982293643 0.47121040840952444 0.3898083929160494 0.8731188462129905 0.24411164394924267 0.2302301718751748 0.2781918148470057 0.8967382136506569 0.36195579246411813 0.4509838343089424 0.3534666583541224 0.1362455542465022 0.13960429622333925 0.2899706725572818 0.714802364655913
0.8397686753559467 0.5251794891546473 0.16876630498083012 0.004910319308961131 0.8943517799420716 0.6383025860916973 0.7467037138136944 0.7926096049293768 0.05122357221794627 0.2965922224978643 0.727104706667157 0.36735056510848096 0.018444292262520534 0.10770048024848022 0.8208230320423883
0.7687245596781092 0.7920562787304032 0.17305946097262515 0.9183987378093013 0.7655902367108507 0.7150263097040307 0.3567381410408331 0.28091318716746405 0.6722979161959308 0.40268211300624523 0.7612855744719101 0.3496729947407201 0.3435952874912752 0.8540096069661572 0.5221632915820436
0.5961398208325682 0.4251493588002958 0.7800910942695615 0.2833462866590879 0.6860625075656963 0.9532209703198037 0.4241294242548296 0.7488985208317657 0.11555687712327134 0.6948797446961335 0.9219163061213097 0.5188052078035842 0.39191769758409123 0.199249173515876 0.5572678795634017
0.012071328414666738 0.778236155543949 0.39062255386194855 0.10386403717303472 0.6560714210933136 0.5984354615042192 0.6758929147580995 0.8130924075659618 0.6783632358369848 0.10812616412424625 0.9615905866464133 0.506911978676293 0.7756538772513026 0.9767220930334495 0.6799244825901973
0.6654152607440886 0.6543335643288787 0.49754608196492467 0.9085744676342616 0.3606818370065832 0.9379690712649584 0.7451949631554894 0.9355833016568426 0.3816807230411382 0.2193749584807002 0.03322122540346939 0.16854905612959026 0.9193923351556741 0.09835810623270336 0.1902284238147951
0.11641976544116128 0.7369856320809897 0.8909562782528117 0.36876634119931506 0.2825438673299582 0.8367991920591265 0.32196967029049184 0.3289508786688058 0.19923158202419733 0.25404022532378445 0.9198093946346946 0.39752287504990824 0.5069340739259702 0.7565281209681282 0.021164696346802625
0.5930988805092178 0.9352483476468963 0.9104748689426856 0.26271611503000114 0.7296564270787569 0.2783080506387027 0.18420704081166528 0.18809953606242902 0.6628345955159678 0.9737211841675488 0.5048994836285131 0.13055148307065068 0.22742083317932682 0.6920679494732697 0.9578040558482103
0.8451434699577223 0.8294329186282351 0.42307317754698937 0.1231214123707991 0.4592394777709482 0.1024948826902613 0.9049192756514715 0.8825770920791458 0.18578684119122957 0.515744423733939 0.8847673565969437 0.39592846246573044 0.9012779006172086 0.3292981336375237 0.6214059892547226
0.34704164886555855 0.1286963724998581 0.833340589424235 0.24504791187092057 0.4898429934593945 0.18548805082077036 0.3781918732718429 0.07464728880472005 0.9863627851886178 0.2575735887660595 0.3052471934418407 0.7597114311859393 0.022253433099506448 0.9426458655711751 0.5224717521922875
0.16143217712995228 0.7095779703585272 0.3694726886353289 0.13317247303189017 0.21706415712829652 0.34232962199525563 0.34465072901442173 0.22305793861867096 0.641828330823959 0.6570562704117561 0.10423422723376585 0.6381361454898217 0.21422127562186266 0.8691280188811631 0.15488796369140156
0.3447895520716143 0.5634612618847356 0.9046010289927563 0.37769064793518947 0.7534055061353874 0.8319051275311997 0.4282929958212325 0.03744161794335521 0.2082290814619352 0.3206201959836421 0.9806016853232267 0.5913001816897464 0.6986449885799347 0.24289789789257665 0.7787607395370264
0.2228134214584243 0.7308834946941262 0.008346901822371189 0.512641150447654 0.8408651146106012 0.21418527785617647 0.03930544377717504 0.7708717870302735 0.8778044703120775 0.16174806516055795 0.9816635756513689 0.569964972954056 0.5969908007696156 0.984318324024696 0.31378844867891176
0.8272984807156398 0.777215655236514 0.1630790485364627 0.7800962612774233 0.518218678105755 0.5799416816689285 0.12852451818975963 0.7799170801434322 0.6881936320045912 0.12502323800963022 0.24330188345284687 0.8276497531716223 0.4528593998243978 0.8015505179759889 0.8895382071753284
0.4668054204870885 0.6119665518961095 0.6226858504689756 0.7949607588847439 0.5683906790722308 0.527647943590891 0.9968369981314047 0.8971578460467434 0.7731818845753583 0.47309299828551166 0.13223892616051147 0.24161575244537892 0.9477944340222093 0.7446278690910441 0.9179922497921279
0.636707031784204 0.9160520360705496 0.4483647291605546 0.5318330849967571 0.04759432864739277 0.4000127590934701 0.021997469902270583 0.21338520265249883 0.0010527098429301551 0.05910990435953989 0.23298556157336336 0.6113726522974918 0.5945028872316347 0.7512178826067536 0.6062811868940732
0.8642470976376729 0.05508665534509938 0.6560539975045554 0.977919647909111 0.10591042280566443 0.17840474084273894 0.6991795626138047 0.1452064443973724 0.40169072431130426 0.39157669200180156 0.7939644338027066 0.38989862347082216 0.214455082019677 0.6315710540676029 0.7792313433315016
0.9876925426729554 0.37672013759962364 0.7072937132571991 0.5718973798467047 0.6854935082645864 0.20184746248991925 0.3227106090259191 0.976782148227783 0.5273573647661014 0.8058874282232065 0.4783209016979124 0.7998529270998297 0.34065794994932774 0.9313619058596906 0.5395849518806208
0.39652960440540896 0.6559485089259217 0.5652527077205013 0.8634512633738789 0.5532728407467373 0.8271488920010899 0.42568899025477147 0.5079149419195886 0.6485312433351458 0.6431050591618869 0.9553037259922199 0.21457980601848325 0.3682243351849174 0.777230769768248 0.803955796944233
0.5504851011142816 0.861289890628023 0.00885598671788812 0.9094907979629225 0.8229966640787209 0.11242603424690545 0.26806996666811733 0.19244005783313434 0.14035200187347951 0.4820093675465096 0.20526184952172288 0.5690342545010231 0.7804871940693864 0.8172726802999957 0.1672250446055007
0.45663442476492133 0.8520628450286405 0.274177018109936 0.17360559612583693 0.19665960990580766 0.08414566353701847 0.006014370333947916 0.7306398161397745 0.8523170755343061 0.46479056262660756 0.17262899822949263 0.09353907414198703 0.6519175791463068 0.3638083410807511 0.30324696513981875
0.8945449289432463 0.9432848603355377 0.7212916795225548 0.9062547587717443 0.8905912657524943 0.900744576744868 0.8610127075733534 0.3608698296700241 0.9526742179640998 0.38340537491019744 0.4965932310960042 0.5484970687679269 0.31844469383855845 0.28192028659788615 0.5383885736778651
0.38566705149386227 0.5602026357754895 0.4106441268665263 0.38031476991712754 0.405803451874417 0.6823859989565633 0.5030784636177618 0.4483877120444014 0.803668332691506 0.25581130871894564 0.1507229206640971 0.9265321684680975 0.9041857771824152 0.5203372722638744 0.5889271914100933
0.7402580053493717 0.8464461118826274 0.9432864175649444 0.07806603751777075 0.07508879626128517 0.38404388493281516 0.8078740328663485 0.2543347792219173 0.9341686962099418 0.09450494036931079 0.02405794948769968 0.23169017925255786 0.4982610541305512 0.9634095635512008 0.5036362931280267
0.4249378874534503 0.34139244956334547 0.2629192146039989 0.12208477420787556 0.033694372383714755 0.8766839259938142 0.8797674067594604 0.5015390996041299 0.8779274763732807 0.7594511041165138 0.764375832854512 0.5924919942427261 0.8080065092588504 0.35844319558701454 0.970608338187736
0.30618844924544497 0.22566962181487926 0.8211307564004046 0.8347779602332734 0.25536705937026516 0.3470421488416686 0.7052402194356604 0.20287239929842038 0.9979090802939291 0.7148167850437966 0.6262730316827595 0.2565659558727169 0.04612093052310051 0.12393249984328114 0.879535970619295
0.4114370127290162 0.3037904323983922 0.5635662154949683 0.5352482076254109 0.9649118028762051 0.5238202095238264 0.9979772162312973 0.0765800583305587 0.656806758072025 0.8411567612800243 0.8097214535491036 0.2530169182799973 0.07194343010255955 0.42889688495606126 0.5109787564592714
0.45523150483941055 0.8621612074748057 0.8498679185434651 0.8922133810795823 0.5826863203750466 0.09415509505017616 0.7316417223417321 0.12211412271122812 0.07147706682056976 0.639916865528152 0.9798569384253738 0.4387370626103173 0.4774673377295765 0.418159896523865 0.8628875987414035
0.9790007985590741 0.7685536516867423 0.46795936594575693 0.9503106813058771 0.9821603256271066 0.26993879869094584 0.2899409216265124 0.06828901111393049 0.072612261743358 0.02758104056878674 0.6257026773084702 0.14689980243472323 0.5783608071706726 0.20752516438849444 0.8627571777150908
0.07760397659584517 0.8737003896640909 0.03261102900113133 0.550130851977327 0.4734641839388096 0.5481473929021682 0.6730937595582507 0.08886065740092297 0.530384799905918 0.7983800821380219 0.45399935341578723 0.5219791524056407 0.0245604189378803 0.8159222914816104 0.7195779280587633
0.49018033705643704 0.8494836056603358 0.10053291982018164 0.7040065964596565 0.8422105583407155 0.3952771058554483 0.5677402292435682 0.7975322707024969 0.09313022431812057 0.5037790735510345 0.038685845947763364 0.6685344168867388 0.9089438111426374 0.694724638609286 0.20142074724023817
0.8045263800722661 0.06269671115552744 0.8515307584603703 0.4150211906152519 0.16890322998471008 0.8549896171088891 0.5796054519342181 0.7913700185810146 0.8352830287814728 0.8209623107431419 0.0057669044734420805 0.8341743605149988 0.6575775725287668 0.6561506668433468 0.8742711616523976
0.5407683991066857 0.26146741211213465 0.685221474289208 0.4131124105327303 0.27947529728531584 0.9017456582018214 0.8704424129333704 0.5936726858036699 0.9437799579640046 0.02003336423656832 0.31084497746246453 0.08746280454230415 0.8542900944555105 0.6586590072966528 0.41839028532528766
0.4356098237041107 0.6304401638658695 0.23903312660497245 0.4740492356725631 0.6899107570063896 0.786118928284 0.5966386938920016 0.06455987688004916 0.05868620748198572 0.11687815986737315 0.5797965206495489 0.9797264343480827 0.8963312815821941 0.041106580720219 0.9656542209780845
0.5104762627870945 0.7123762298190905 0.9335295714749567 0.9243862300472775 0.7294920942382417 0.7440318034544926 0.14662183644632687 0.7713815741740958 0.25908887455949914 0.03561000400774894 0.8539965863927366 0.28723505214256284 0.2351061143444091 0.8988735483856743 0.06956193537188216
0.45664642726027016 0.6609377719134741 0.09028255026949583 0.1972108707436252 0.0798716226061934 0.11242369644067995 0.03427021728191937 0.24803847429619952 0.3441587446932688 0.8021780983337371 0.9460937040299773 0.42555635064195796 0.10764065919634558 0.341032052228588 0.7634705257890728
0.12410075284704103 0.3444454174291365 0.14461845186912148 0.38312464952345093 0.511607446306992 0.9273242510498149 0.32472975157063333 0.8165305216048228 0.77515309897139 0.682886618429047 0.07792993460819686 0.5285577010812916 0.7961393182074076 0.4445700978081749 0.03800432227505646
0.40338219196552383 0.4917222063398594 0.6497626259307927 0.7941815751263654 0.49394530253310565 0.3100665096383045 0.8800332771611122 0.7936647289085386 0.954404475159948 0.3992308624782942 0.6272169573234293 0.14485885010130617 0.32943463610686563 0.782965807613344 0.48313748236453946
0.4167849595074484 0.6799030022637906 0.4714343160549539 0.8970424052458384 0.3905213495655162 0.8613539528176983 0.8108399970461709 0.6223623157663144 0.8601147590684469 0.6399047351012784 0.5331753715641917 0.9831960795169408 0.0032557830016027856 0.22956711258928353 0.905778620676413
0.13096266185355698 0.5461140143605551 0.26567377447363993 0.10011466100069599 0.5329495622305814 0.9320806464205549 0.19100237904227402 0.400171741711554 0.03702622666548905 0.9707668512912361 0.5243547058264643 0.15309235212855943 0.9905807192070784 0.9914589189920011 0.5057616666210495
0.4281334251370079 0.05677610900139729 0.3543318078075651 0.16814955523003183 0.19477716924453847 0.5675131782769057 0.28307477409055803 0.972216828885599 0.45679079310465964 0.48002382716597114 0.3741842851260717 0.7594346855917391 0.186259649141441 0.26280981642282797 0.8110307701848223
0.9274988503637169 0.09009515428536174 0.32667979334148645 0.26490754341477785 0.41322401144850673 0.21124515799371735 0.9379266313344048 0.7006217075987865 0.27978640413043776 0.11781120415668378 0.9032269946052138 0.820788392566954 0.44838434816823014 0.9655034652113209 0.6996328104099612
0.680841340900751 0.3887999131813765 0.03234090787011257 0.13806441819610393 0.08587410496043635 0.3890098923063541 0.4192307799635251 0.09500394645464905 0.7407783341151865 0.3609075554151583 0.4860378764044866 0.3246261961159689 0.7667463953682235 0.007361224263533472 0.24998077074728053
0.872393922537049 0.12005762616087856 0.5752492832363785 0.4116689147050856 0.15118301411979118 0.6531691215740659 0.34977582253988326 0.8938205556581861 0.31229230349423376 0.043483243533522176 0.5072849921204722 0.7786786791750309 0.14623191664257096 0.5817656626174751 0.9369557564032615
0.3123681017822709 0.38197297261457586 0.860039435441251 0.16617363185825307 0.2079138326457739 0.9183805535284453 0.727882322748061 0.5800393003979268 0.823367237433497 0.21784082863647924 0.49640547550727654 0.7123886870163427 0.9174629396671314 0.8196325887053555 0.2607941128943979
0.5038623386766945 0.5924564548848615 0.6893821847347725 0.38514134052424776 0.07197708110157264 0.7222683039791323 0.9109799813948697 0.647408996957004 0.7188159971091233 0.6337878786813597 0.04862567718236077 0.2776996923308934 0.6138672513405438 0.06016605806135722 0.35920874824172866
0.13962693237889512 0.8327067213261479 0.4171525399297842 0.9190194371175816 0.6024209486124639 0.20663266625146515 0.2670106842702966 0.6438244459439433 0.23050993386432816 0.7440251715984649 0.429268249697239 0.12763128095080145 0.2776675317972054 0.2211175089455143 0.5735403743179549
0.20300334946866205 0.11441948224861376 0.9080297429271506 0.28688630877088594 0.13457766539011395 0.1402533889463915 0.2953299713203924 0.546639145831905 0.3974758560072794 0.4362774105320678 0.11705162513620526 0.2493733692625476 0.06358802105864692 0.3993252964932369 0.9280103067664143
0.9476524282238266 0.921248350525324 0.8651065518280759 0.9864270697844703 0.2284245735519761 0.5876105310583047 0.7758520650799599 0.21727912380070746 0.23041190994686156 0.038069489365892606 0.27700751220634046 0.5874635030151293 0.6425643531076326 0.1733658119902608 0.2378777932698697
0.3107726584679267 0.15162627741243373 0.272547622049908 0.582727696719092 0.918845471535207 0.7140910052282116 0.4387543328190272 0.4916956802645177 0.38367105181544414 0.216293809010219 0.4348250916651272 0.48497873552449566 0.15788677027063325 0.056121527101299806 0.6270243643665436
0.6390984048417556 0.2110259754006476 0.930793208632755 0.10771605203079249 0.7006589971885817 0.883035133770056 0.6473924601439542 0.45160621286672786 0.6608614539848704 0.6507938472051457 0.08630902212798619 0.9752139965152709 0.43313676238522236 0.7090355344291691 0.5424737679139744
0.8155193590035722 0.6366155648808322 0.603980720143191 0.5452475963981378 0.621274899086091 0.12975102074696676 0.026158372751188264 0.915051254687492 0.15925853153471425 0.8612646563072424 0.2683055251233759 0.2533001853385385 0.6777827510655927 0.8096855311414841 0.7848989677936917
0.28193416801204396 0.44106503144976017 0.2681053311296344 0.7517872218596878 0.4498091250818802 0.45060337181985655 0.4973729367630687 0.517554446752944 0.005444095827779383 0.003489611436769846 0.8188043482804542 0.3626629640740755 0.299093615686309 0.4026327627640658 0.5465845827645411
0.03808424067024274 0.42184170460841874 0.8301530105393474 0.7703902577000813 0.14204272052790268 0.4153911285903855 0.12274654601364388 0.890362999182352 0.5116607545979841 0.19344691502455635 0.9466106052399371 0.9794153954455431 0.45570715305063403 0.004070835412275597 0.6595563025789009
0.5019525851215115 0.8353158306141211 0.732109530967499 0.9692272545000258 0.6534445442059926 0.7114547517966799 0.5917752934830472 0.3488794780924026 0.6018852706886406 0.5210901904208987 0.7916860599972649 0.05596865843182308 0.21002665759627526 0.5184045595121616 0.5681464484153086
0.5138287678243453 0.39637713222401805 0.5230909916288011 0.5771791822593925 0.7630154794954719 0.1533054244764358 0.8546607160105251 0.011792583977833782 0.6664274925129559 0.38219244674827724 0.6998648260226282 0.9681959710126291 0.5611064192364906 0.12842558575855134 0.059744953473088724
