0.7150172478526283 0.1179462520293888 0.7640254015387216 0.6822208948667599 0.0416996661150939 0.19049317446469993 0.5004984733424238 0.5287166982445852 0.5620957625260365 0.35537429629471995 0.22703569571904447 0.24267646584493274 0.13992655569141343 0.424858855196805 0.4177273922626339
0.7811943667939493 0.3356703036955093 0.5126678224808422 0.46823521107178645 0.12638658283395088 0.28982303624393657 0.6107551679785179 0.005464061240636253 0.24789225398206693 0.9757737020340124 0.189001259274026 0.25778134763023486 0.4253381337818337 0.7551856929696698 0.9745869204396573
0.27463335550478674 0.21302348382012715 0.4510032818687797 0.201606350124237 0.33225854830429336 0.35349672595489445 0.21667788533844123 0.7865155576852729 0.6913000411920167 0.5023589424648995 0.3249356494660308 0.08130230521952875 0.9824708300680141 0.7135433913409609 0.6253845336813195
0.08380296797114328 0.8880268315833444 0.2524846520784647 0.8274854352563986 0.24337981516991736 0.45965446902687146 0.4540044358941351 0.9538887580882139 0.29021248454902326 0.3674810194565483 0.022405703549153944 0.27886399256030125 0.8377455254720801 0.6102675320340396 0.3831807010729201
0.8175268285219536 0.8603733046360185 0.7334458361955273 0.43890225097836866 0.9637945657372616 0.5322329487027417 0.3995122359944887 0.35628221182560804 0.1884775013512373 0.32801435647265786 0.23439291553857688 0.8170445199758812 0.8036400271759567 0.7329860335324788 0.2337464922500322
0.5021748296520473 0.6753422682649766 0.3869742303048147 0.6547719902533632 0.4472725189328004 0.424099420377518 0.9958218517955457 0.24194083325097882 0.3061447880381344 0.09087228729662011 0.8838931520999832 0.8391741027632786 0.49044709984099766 0.46612962461570273 0.6324785109487436
0.9263370267534587 0.6150876916392458 0.2804987826913018 0.8514934295685436 0.3845246889809568 0.6722784080054698 0.23774838587703784 0.7656545072857749 0.8424645970998162 0.8815279980699872 0.4343228100042722 0.9613543120476225 0.2854626450102794 0.2185379574364963 0.05437499231165188
0.3367459774173942 0.2186715513705606 0.2128753774119585 0.35522080808500534 0.02508798439082416 0.5680615944116193 0.7224607959511636 0.8653645781275787 0.8201877728111545 0.6753253735030736 0.04232403535214058 0.40572196099531055 0.4228225842673735 0.1970498903747473 0.885743691297311
0.014392848249307422 0.648304911758607 0.4538408300347253 0.4878015068223075 0.1063140075826795 0.5878984936273717 0.7916852203168598 0.32454583958237027 0.2313469021995569 0.60058053472943 0.8156906282138547 0.7153728644910419 0.6078334547019726 0.9266844121348927 0.9354402950960883
0.8818983774974453 0.20337876326053828 0.6612465076984112 0.5215552242671078 0.8735068415281748 0.5105962879142907 0.8024193068634294 0.1146559299422053 0.13792859612207242 0.32277767135328983 0.09910314958204913 0.5507680535345867 0.41460996945542095 0.7529260073740663 0.461986321372324
0.5713174852048255 0.0593055326807822 0.4593176637349635 0.7734741613154706 0.47121242810723996 0.8702350740408383 0.5417347027536108 0.03452528235107488 0.6051111900876542 0.9793129497956097 0.8547362262811657 0.920203091145399 0.11982627682039959 0.3963702971061066 0.5478135553318952
0.9807896559821566 0.10991653353591946 0.3499559837249032 0.48700081512471205 0.9215974509227741 0.5038712042058908 0.6552149499513545 0.8384891441984743 0.6221545251540185 0.37989086546592876 0.9575077468040631 0.5020189792638353 0.814226929729467 0.083121827189787 0.8498484333217514
0.2703017584348185 0.62818158123593 0.47030259366956284 0.542902187930298 0.5604488019548198 0.5384819313813987 0.8431317245772024 0.9781985072688528 0.31436178675015625 0.5916475897876321 0.6482690525274243 0.01837922063555031 0.19726554796429552 0.18379841275592923 0.8197325020035773
0.6227150787756923 0.5370408111171875 0.06994236116836194 0.718555630029126 0.7217887429646458 0.541740943923518 0.7334556592677598 0.9849217336991438 0.8421557830480259 0.20865312570748118 0.7217427971769208 0.2595919088594738 0.39995950654875134 0.995491314135997 0.062852981891792
0.6542966935279613 0.9818897424075589 0.7627845237387559 0.41786881371935525 0.054861579412382455 0.8625391685185543 0.7162508426186092 0.19517166658338603 0.8261892864709179 0.4691255477215651 0.07892406608327684 0.4552278521969507 0.2548219326453416 0.49771174441756916 0.005026116672326997
0.0683284063636197 0.11265929417976639 0.909469764348339 0.8110555177873716 0.2527539956779459 0.05450959377872511 0.09119889261753045 0.9442882749167684 0.31712664377753785 0.17250159164074863 0.051222417314825686 0.23486435261581862 0.15824773944399373 0.9219883122033387 0.6399510174282819
0.8848591460526964 0.8245116889145447 0.8064236811650763 0.4338153777262578 0.3362168106054306 0.24502327389038525 0.6627955803592108 0.10193455434889243 0.6291472617024154 0.04583618225996078 0.12455017677088132 0.786800201981692 0.11356721421539206 0.2272687407751941 0.8555436957833445
0.27342184933550584 0.4083903307578737 0.3600422369534747 0.44640986246758263 0.4957913383446937 0.3169496033755804 0.8730264921597131 0.4438321359469811 0.23518949634375252 0.0015603938625433633 0.9516659729067418 0.8435622033764459 0.7017714387075782 0.09621030480236148 0.543698909892886
0.5196270910480953 0.059031835593874815 0.5935876419598584 0.9775713957540493 0.4850190747593127 0.8501644740316182 0.2811372947174129 0.7389865542117879 0.5832644953884483 0.715995543871619 0.2205594677115711 0.022319310736559905 0.1956182079096639 0.7560833093452407 0.2661428734815189
0.7761646239939495 0.8152330358002678 0.3777415648276289 0.89955087527984 0.09607791902024798 0.887504527759929 0.5021577571575884 0.7221557720492112 0.9826040427481623 0.14489288915601883 0.5524410034923908 0.790742332988668 0.6789809877137153 0.7748757843016585 0.7353495789049529
0.6083790522940049 0.030443443452204844 0.15128707720826207 0.7466106592747574 0.9894816637450832 0.565840114426132 0.532148332297502 0.1791604011333925 0.20656992856068768 0.2923182545654157 0.08120109393551767 0.5942949930244551 0.7959459161746504 0.5151172831052943 0.8056998860647064
0.4276390383867812 0.1504977160322164 0.34705321247861975 0.5196274775742972 0.6450002992841485 0.5600596399883505 0.9560638371152711 0.7393448877422396 0.3375944204716027 0.6732364877530972 0.014224450575267555 0.49779130288818096 0.2517878420585661 0.44932569479993145 0.25793228236046994
0.4236991891613815 0.5854201168788347 0.5449481765102241 0.546497482715715 0.07389306468843315 0.2509317326768402 0.737224948855542 0.31516703896501386 0.4295902296242733 0.20493728933358724 0.42381296418337433 0.8586473579783732 0.6717250697180605 0.3745480324040821 0.4598411235546236
0.45248042765438834 0.8356686124981423 0.17266159586626495 0.5927625234029826 0.9221670884028164 0.7123175173411624 0.5876013128637629 0.5383669092558718 0.9037203297232168 0.41037788132788344 0.35690089972765693 0.30467305098493647 0.7043708277342567 0.3237707661290935 0.7906949855635678
0.7151476604013066 0.3684353224483842 0.8584382419125207 0.3970897014224961 0.20867388894801808 0.280897940167376 0.1644297656196042 0.5800514771241004 0.9009190711237455 0.40004403430517177 0.29200084478371613 0.32976669269847636 0.5802280690867035 5.239677023439748E-4 0.6445570683840989
0.00608856895368759 0.780894744489948 0.629514708110138 0.3366285309940422 0.027601551930943935 0.32764119530313496 0.8311852535092038 0.08166066244949566 0.5219982983436238 0.7773603620185292 0.07846123216066958 0.5322597972142152 0.7678773126850275 0.997654738900656 0.26612314795706926
0.5746327635383442 0.5637344342533036 0.716430165459233 0.06556191806758027 0.9393115775732022 0.49683462606109785 0.2527800492840172 0.41905387670147776 0.6318559636358824 0.45281502161712917 0.7966225841325364 0.4602072928012627 0.11007768019678554 0.6062840772419696 0.5430293117308337
0.1872707499949846 0.8384328231936181 0.5633458956839305 0.7069106676621091 0.28728325070299676 0.835578811154624 0.28889264587973673 0.9446998664381103 0.6115847851637627 0.09769544503915406 0.9446719805957524 0.9919041350473576 0.9369954828046305 0.328020390472044 0.7885510593365195
0.3888677703311314 0.8120097285112973 0.2321507671245503 0.8410618937371348 0.011818796766127737 0.48364187938552583 0.749014815622918 0.11222762922811902 0.7522473064111692 0.1280981520889677 0.9790184772613917 0.7998327967216116 0.09489000439260009 0.8672388901652098 0.2437237736628346
0.019715312834272414 0.5330723444810531 0.34283463394634794 0.6655171603149874 0.30932126041571273 0.729886011080324 0.9419079196624359 0.8910775479915616 0.35767819332153383 0.0846559376500875 0.1189922577167637 0.09905552885180291 0.15810666018410202 0.8963779346483276 0.6449286287381847
0.2302269283545868 0.054403263525708345 0.6292843937334863 0.02685886483402955 0.45748445947126104 0.9568932636369066 0.8804219905534098 0.7903646014551201 0.2733845881163508 0.34166426603340516 0.5251020941891038 0.7922390046632632 0.21456632073756465 0.5144571023797764 0.17331093235571515
0.24116825572161227 0.16521163427250463 0.020103437056736118 0.5086433220583716 0.643638187205052 0.3858180525501552 0.009064333940112412 0.301050270103148 0.46367091133825655 0.8989059036611635 0.834537720576211 0.8856671405862225 0.8875354060076112 0.6298838048656259 0.1467667606869102
0.6822160179772099 0.7183644245284257 0.7491481951282278 0.27559539710340364 0.8929519788676831 0.09065037948401855 0.9905936626649288 0.7479811746647522 0.8618500259135587 0.39088045903297475 0.33206263112713275 0.37408962648321264 0.7037057352279168 0.4981115602255476 0.3148647493664337
0.45375863474365175 0.7190491026474892 0.21707385500470078 0.45234739066216123 0.30453500554948654 0.7992480621339808 0.5664313232552834 0.6316007661921018 0.49314992032218763 0.4959042754702738 0.40611630734370796 0.14773220822135802 0.8642134686904818 0.6796206209933356 0.7401946435833654
0.02674634164371492 0.7030733946455028 0.7454463270913427 0.9155064198285097 0.5909186794425039 0.14419580350127603 0.13578203769259678 0.8513671748191372 0.7996524944655868 0.2420916635366378 0.5462541113544311 0.38190253294853127 0.7591598054110898 0.9587248190069648 0.5560434589902764
0.77012938937884 0.9359092191722468 0.6895030614370944 0.5813814380253847 0.46168466746432846 0.03163482378433158 0.8493667888110494 0.9894010755385542 0.1861428336051596 0.1818017582878415 0.4711543580056836 0.9292593487747196 0.585151586720413 0.12477591510235664 0.7303370650918132
0.9384219810344048 0.6491546442471993 0.2555465778263284 0.8033809183372269 0.6642295373197223 0.3782594463968707 0.025702527006799536 0.49140629953658055 0.10433936819666934 0.24784677449796577 0.98046342389469 0.5964806280937801 0.6143654005730596 0.2558081464833729 0.8339202102017426
0.12479353221510436 0.5570134832234647 0.5558361579943236 0.3752396185092737 0.009127615444271542 0.8742370772597122 0.9399818020077013 0.6714394779092379 0.19245227900817063 0.05241464490032122 0.7237319087992168 0.9864429650569073 0.5951322226662559 0.9202763424510146 0.9081492163343893
0.07147170931421964 0.7001558860432479 0.47028437003383305 0.8461558826286624 0.9984392948310228 0.23395356477948037 0.4263980646548995 0.02383121314985548 0.5058576311027843 0.6947886915352027 0.5946309933375976 0.9826329432124741 0.905871256042439 0.2863704351609664 0.12753419076867845
0.8547403756735051 0.9613851666206469 0.15124863018455825 0.7097161140178713 0.4612571025890281 0.7838541755693575 0.6667175884153033 0.32873652594920466 0.43179999705711003 0.7251526561423314 0.965368260115572 0.734187862304948 0.3440397674643193 0.4410456320991273 0.7730928549760485
0.9075046387851942 0.45304827479968357 0.7891336342808736 0.11925989966067341 0.8660174746398782 0.18284625298504065 0.9907446975862021 0.466941871842774 0.906995210980618 0.18633393474197013 0.5340997119209782 0.3354913994881231 0.9608953421258902 0.4448272058378663 0.625177254710846
0.5434264576243586 0.06776881175665372 0.574709608040409 0.6030573836269597 0.7864986620625259 0.11674276018380947 0.236250613736933 0.6281236080333343 0.3839829767088081 0.8957306322479459 0.29842925844340307 0.12435547927176216 0.6756413966821578 0.1869957004830305 0.2036410953657628
0.9110445953625287 0.7324768175877563 0.1139213314640174 0.7974559311156845 0.6946190435854844 0.7563079464112573 0.1953166766251454 0.7411325427163952 0.6078625585946027 0.7863593823099873 0.5958141938154533 0.5083857999586444 0.7816663549191246 0.10547593592156079 0.8743912258174588
0.882940400110038 0.5135532538809295 0.0442336897403931 0.12777478702860456 0.8196951646520312 0.45756494887835986 0.7181344946048472 0.8014650407605901 0.5098597934030369 0.401705157238455 0.6012349970492884 0.598339700428042 0.49921638181546 0.6219830228469443 0.7389747369155456
0.8532781026240399 0.7486958011130521 0.5062021337028563 0.833632638966041 0.46197017243089733 0.597749016436692 0.12599275015621636 0.3977545150754914 0.9530520654007584 0.6935321033209859 0.7021861124023285 0.6640591390446554 0.5749371201770971 0.0827125630435761 0.45648115721398197
0.9647435822075023 0.33218693704078794 0.8277442926329686 0.17145560899242673 0.8487732171583602 0.7509938644273652 0.705746836502095 0.8913253829219049 0.2926558143292103 0.7793237472392733 0.7756640607062018 0.5874566707745793 0.9783626357121268 0.6344925336617756 0.8581664936761162
0.28548835367428305 0.7614743834046592 0.5994290163109123 0.26280037325961825 0.10502221259857303 0.1332931735140459 0.7386006714787325 0.41817564427026177 0.8981910599679918 0.6925761499054969 0.2555574840581434 0.4135242717562464 0.6900163114210446 0.3857102285880324 0.7462742770963168
0.843749138751365 0.9213176094775029 0.5485618152797805 0.9159493228470746 0.765123094303275 0.5740393456638903 0.5888989141856904 0.4216431399542032 0.015086439515864636 0.619209756714822 0.4851977526029383 0.37911803302812963 0.627130657099159 0.8693506292010169 0.14580924613735868
0.7294654954302129 0.5805446557480238 0.24000655513703217 0.07187591424787243 0.09958541627876905 0.6648396136568548 0.6291644186667656 0.6980523677565535 0.010307214469190917 0.8099567300927109 0.10868579456838012 0.24699814463068204 0.2869196387407481 0.8359020935482716 0.8884756980452699
0.9267744029872489 0.30910287451324125 0.2092411266196319 0.5619633689884964 0.8246910062963456 0.30073283168333387 0.05892497946005726 0.4705721482253038 0.9068138765576308 0.20475403628971733 0.4002093583800381 0.6352067383647849 0.11925733564213326 0.8142944278294557 0.24296624468077266
0.5943882658956253 0.7055490906640889 0.7384215597559383 0.019477413460156634 0.6615187711416015 0.5037710165226997 0.4694164948116988 0.5568380765102218 0.5678580916194359 0.1678416577194034 0.2881680511668323 0.6403875444922362 0.19314845143922765 0.9692210017701115 0.9952671223340838
0.06712373670221206 0.10242266792515253 0.07848258613947168 0.4876064326488686 0.9718464134722332 0.9053842085840333 6.108697070855706E-4 0.013768578991957159 0.12381381737628905 0.033848515888760256 0.14354705164730608 0.5362113744469915 0.8379861537025747 0.3930865839908336 0.3364202064570113
0.004235870642842476 0.12246844862894823 0.48451355651874706 0.48206390089135975 0.49894945456804785 0.6925543630607673 0.02001635809728375 0.4278341234807769 0.14991254294044654 0.5218116899745722 0.7523163854392764 0.5694065935516179 0.44288436130432773 0.6719392849384845 0.23111414456615986
0.6641470744841003 0.03905950148570225 0.24566417755885883 0.46136531973202 0.8238114732683198 0.5084135770554161 0.4407366604384769 0.9878880140396253 0.6807470650585496 0.443253386733238 0.848120505144148 0.7596037289293348 0.2774297829941035 0.2627925087546853 0.3337640834908461
0.2370653409258443 0.31608702269698175 0.6455507911972167 0.07087744806231566 0.598527331411727 0.02331947156663272 0.9336025852750146 0.5484296777521518 0.5726649065108211 0.03404883195071451 0.04117420789442139 0.6716193367712874 0.3801502289726081 0.37978345297165816 0.36981941377993643
0.3913607108820575 0.5016457722507921 0.8781070333371627 0.9833763328446575 0.6523666966614238 0.5063757258817351 0.9634600745209271 0.8281372993279572 0.8331989576104019 0.973289038494435 0.27369784722744483 0.09713891604015557 0.26669475132047105 0.6159279974051827 0.1125723436561864
0.9322063016526403 0.8754687028608834 0.08246875662106301 0.24520018604656235 0.5333621951081731 0.43472752592371855 0.5440013172149143 0.35174218369375365 0.402438185580262 0.4834236971553475 0.10696823650393894 0.8639345618848204 0.8862013817499653 0.4448143342225732 0.28978260317199367
0.8397757392296793 0.4040374762605322 0.08877952925956689 0.2889979949331345 0.9935865305013488 0.7462063171367086 0.07079442305109374 0.5270038344543106 0.9918262771914558 0.6109139086169647 0.9162373483148961 0.021071788072746345 0.6494604521585219 0.11192065458683598 0.4837564311638257
0.44268046459131516 0.7173405924975884 0.3331322810267118 0.6377053929661094 0.34639645949683284 0.5379702177187176 0.13259670805711288 0.5871985778855108 0.9391922418155989 0.9651955760696922 0.3055564124183827 0.10812455030244528 0.9339325460677826 0.5927731153229845 0.9046824216294589
0.654496096824981 0.4848623601281432 0.5174307423997218 0.9853430265331444 0.186804186055332 0.9382814104543835 0.57395274847558 0.29473627815087733 0.3975819716948422 0.14819158345507266 0.2229834116699001 0.4559421060754325 0.8981743571111062 0.4045551496493046 0.046657814153297616
0.011426967286949474 0.8457473479282245 0.6009032737433109 0.11283244048550123 0.28525957775147304 0.435860923453682 0.12838592000119242 0.3056025251036767 0.3992736087945119 0.6634677739917545 0.12495580891078772 0.08795690564541025 0.9356393105061974 0.7639896035402572 0.13123047363567708
0.06183514967488635 0.6767830458001701 0.786161653536607 0.9086784481584639 0.12151611929835404 0.57331972916321 0.8196252145535319 0.16112644992294023 0.9581808333209864 0.5916402199571037 0.5027869356269185 0.16718701880111253 0.16665685091850324 0.3750220630312888 0.5702526109201033
0.8790564925376236 0.22976504846548806 0.7156082550255254 0.36418264025425995 0.8722356832898008 0.21135442502098223 0.6793261351791103 0.4302050782507737 0.6410766687135058 0.0760237847128521 0.8517939403742845 0.5460610452117749 0.12666085510920588 0.17169378611782682 0.5804899743341997
0.7899470909732083 0.03636513457885404 0.5606068931460723 0.2769355315216184 0.5455571687895819 0.4685739022023192 0.5649964771286052 0.8123694605815994 0.6621169598446777 0.5913476051312659 0.10558065944708028 0.7913685070584803 0.34024147122259596 0.6404582819225796 0.15420046466185178
0.020094517786259813 0.6982363446705506 0.30005563979313365 0.896336041929861 0.799325953203285 0.38850243170411036 0.6083280218374703 0.004898347599596287 0.7671576541327081 0.07999210626220754 0.8908741307431911 0.7636085821677877 0.8922295655087931 0.1002046780271334 0.8661033766481367
0.6464405620261712 0.8755715052670329 0.038997659224552006 0.9898340869216641 0.3590165360637767 0.6576277229031329 0.6565295715359795 0.3103599422497081 0.27850990124454333 0.9467515167108675 0.008939053737634373 0.5906073914771262 0.6905232255941903 0.6864367502455532 0.30790387229604765
0.22060769049623064 0.2145733753254856 0.1607797867330577 0.6640130000766283 0.4913590518578752 0.3342300175140558 0.0011415638085869872 0.5289233350102223 0.13025590022109212 0.003617751284575088 0.7017066757352745 0.347562414211961 0.608613881086253 0.8889060112109143 0.37761218094566473
0.6591768680404066 0.6234205449343919 0.9215751187073017 0.4065461958866775 0.6448159457251986 0.3282936137064637 0.48966093885241846 0.2831921020913454 0.9088780986120477 0.3427300158905894 0.773844546245789 0.48562152629357014 0.10363796790274016 0.3040804487205758 0.44716730786092596
0.4037150240014601 0.8582101330223527 0.7432858229042708 0.2003162706649606 0.4119168239013412 0.35719481324008684 0.3632637308084211 0.3288380727933713 0.9821057955227908 0.8292900792585741 0.37793414415678683 0.9243045062133955 0.3270916977663789 0.15244398008789883 0.43022569509084896
0.048366172133467056 0.4412224547791872 0.7596592624080967 0.7490048450198603 0.6367952340403175 0.5618144647411867 0.038352160727832985 0.6277225918512793 0.7800321351181311 0.013594849281813204 0.45620584182773094 0.0116738892929793 0.4574151711926743 0.11807057656212805 0.7177486601471816
0.966117600762751 0.7641859972476429 0.35071680451029486 0.3584254996836299 0.06410559151732165 0.16352818205620057 0.21110234383361226 0.31672033147178513 0.28072145615463484 0.32030978175548885 0.33454757344046027 0.18992702158794017 0.80953093923683 0.6288653988296472 0.21863620533711448
0.07545406833501911 0.3273974387353724 0.6340667633356597 0.5638790035742223 0.12708859540579598 0.6254180985930583 0.16309526174200661 0.6350540481384532 0.21443353893587302 0.19658663295366352 0.13474385335974448 0.23822487665360959 0.3637713136826429 0.32489162269705085 0.693739708349014
0.8781643277328206 0.9798960754040482 0.45590988934762844 0.5294932409251989 0.4118881796116648 0.20099601123930266 0.1455562302957143 0.98184292378443 0.04622979917479064 0.12245596364084144 0.6815027263404958 0.8107797109235191 0.8408630823171802 0.04048972221908942 0.550881800835816
0.3127986801367084 0.9729077499938323 0.3128006954542504 0.2882393500620173 0.8034396468098278 0.895227566930505 0.9110081638058719 0.8793055353994541 0.3537426395736506 0.17775894234552647 0.24836609288094103 0.8190021235117121 0.06775811691086253 0.2596829554361716 0.4063400317084913
0.12620775825077912 0.11891585055132947 0.559981937509973 0.45489666534783857 0.10315267109372117 0.2249704170313218 0.3948967495561533 0.16390010322629667 0.3939174500288447 0.23440569997117222 0.9330285408010129 0.036797564051397114 0.9443608380806645 0.021594028611304328 0.9823049178507909
0.26281653811043626 0.7949037265560456 0.9436706027755493 0.7477569133378785 0.8801842036346662 0.24794795180660323 0.6989973875465386 0.825029947353654 0.17041938048624627 0.8433098087824369 0.5452544757789248 0.6017785283271537 0.0625359676942745 0.74790035827734 0.484611877409554
0.9275707274921485 0.11603604693214853 0.6199853029546214 0.2040975826987167 0.382655272437498 0.4728600607468679 0.7437096884487404 0.2711929578957525 0.7269207848058118 0.02100015577988501 0.2461734482882082 0.3278497003253745 0.1426027879586268 0.8962720349458309 0.5071960141258232
0.8005370135958856 0.6977710628739786 0.3637801011296913 0.45100929279355984 0.949592051234794 0.052356542591520894 0.06689885301215182 0.26947016146878655 0.9180598413694762 0.8044531624677289 0.6091334956772383 0.2679851788623502 0.808374124345928 0.03185668530845043 0.4430111423301336
0.9481914538174288 0.7146434284759152 0.5222797653290244 0.08019352076749564 0.14553980473845374 0.06897176167148888 0.9054078696559854 0.7082905687270327 0.02527706986374323 0.6221567981767421 0.40093831305413796 0.4023940453798227 0.00692698271036829 0.872272535707053 0.17897075114008765
0.25313884332629755 0.23521940064285451 0.7790576569222242 0.39259395667912445 0.8981390234682214 0.044520531512045936 0.15769496716981546 0.7872407067671052 0.1399343878510393 0.9741674051075611 0.23248073159445404 0.41735842213914376 0.5611229196023463 0.2837114461210746 0.44904770438985775
0.408170699446605 0.30614297060172624 0.5899285787246491 0.7932190764346637 0.8887806954406758 0.48920832053371766 0.20155340246147546 0.5452346701727873 0.19259403649553553 0.009188718464347767 0.9630474827041814 0.610005020437937 0.17201607586089152 0.9047667301240938 0.935313433104055
0.3072129605382877 0.006603639475854628 0.7669915862050397 0.03911711302379528 0.7794962674332163 0.19732961277192596 0.14138929385631405 0.8660832279745465 0.98260913607499 0.5343437161661457 0.2980775319452257 0.22247954114695434 0.5583741251055916 0.7015902881398047 0.22587301078031596
0.6126080526246741 0.7594006828656205 0.8388705040534189 0.21516766633777895 0.7914719044315124 0.993959710454894 0.8204121465602854 0.9343895143907619 0.7204889243408886 0.49006860409780384 0.2287379388927191 0.47615285530625895 0.7453741259734682 0.03975440014242415 0.0035986678261359373
0.45174179402446546 0.5819148523813925 0.7776273307186091 0.5279648059620299 0.8463595595799903 0.7432144195305304 0.47231088730990034 0.4765466360421813 0.01261594572463387 0.37108077516562443 0.8649384710417606 0.09703929461531713 0.8760136218550335 0.04458910083139911 0.17584113567419712
0.7202657183262494 0.1537334806223083 0.03044820187249453 0.018714461005732153 0.2026176106187525 0.14680800088065382 0.6126526938601613 0.6109672870081556 0.6926699698594467 0.4558109743082134 0.5930039603035439 0.3496184040236501 0.5835726190270234 0.7914806939147611 0.7894347714653188
0.5340219543720677 0.7637976198849257 0.9042329801261713 0.3756740659179004 0.2598662291784457 0.3110487325005128 0.5403093013333422 0.20363963064155355 0.2833040242613407 0.5876153032645085 0.24734462478284114 0.8290484044678468 0.9597378664861164 0.2901795617126429 0.7984281842647157
0.8210852194820094 0.1986963478808793 0.3830630400382692 0.9812700401729371 0.07857286316226153 0.7444029197800256 0.001124237274357509 0.5078747360888556 0.29793739379745277 0.991051437261112 0.3469961499481756 0.8401629827594622 0.4423648337547492 0.972467975523355 0.3270790464849095
0.7982709198382906 0.0468959427518314 0.1277515240744579 0.17168038201915414 0.9207958316610131 0.46080870013197883 0.9376509610474129 0.5669201527748972 0.6800462272623765 0.6764883050484035 0.5508491192188999 0.8894966175220327 0.8203930709165329 0.22308710713917412 0.07498947445607629
0.9801341529094235 0.2841083978559623 0.7136277502920823 0.29419448318152785 0.5175111209379185 0.41661590156498407 0.025804809482792512 0.1929889541794868 0.46169238137835344 0.4018682398787621 0.7695917011930069 0.8159560483911672 0.22456795801878937 0.16860370903070887 0.648860770787465
0.673116992019087 0.19452524765496726 0.3295246755996184 0.5595768594782801 0.11294031533166649 0.9935594736074669 0.06797917301297984 0.7837252594931684 0.8280501568560197 0.37725302984004516 0.27051607712048464 0.43598725076113387 0.9331171220639297 0.0015313514542016904 0.618722797524571
0.3992778277365421 0.8600795360074264 0.37482923900932674 0.8000447526217921 0.34561130734208256 0.652756875983489 0.1902783498587184 0.4748234173098562 0.08036279324244866 0.11108108573118736 0.8897527915168673 0.14558009059048493 0.37084449907209727 0.6345857890227368 0.7500869597034656
0.614610808464551 0.6242179092040143 0.5454573182386044 0.0015053047379087747 0.2872471399160008 0.2651135492959704 0.1333654741566156 0.48928145868652884 0.18067674342076867 0.4299331476510553 0.6574563645615046 0.17186971625088665 0.13200657299973784 0.6426585746425559 0.06530307108075217
0.31222916873569906 0.36429052126195927 0.46609542284615413 0.2442747245664284 0.5637866089974137 0.26553259369644566 0.7328293719445647 0.20769811735980415 0.2784617405894403 0.9632155892028813 0.851775442600815 0.7363499595292181 0.27140415184721944 0.03569455096856844 0.8590521538016987
0.6452326830922948 0.9655681458663801 0.49183301052769757 0.33601332616424706 0.026249631112091 0.3089784627899812 0.9715491702492651 0.05262293371806426 0.5293106501135748 0.10851605904803441 0.9724786853939849 0.21095884130107811 0.9875625260896728 0.4562799689048974 0.7917489771306184
0.4614837803712569 0.46685261653028665 0.7380576300713567 0.7868998488277508 0.4438227576495145 0.12519883574452617 0.3081626820886485 0.5062736242070845 0.46413826860393115 0.10495255347712784 0.2908760244820181 0.21673759585505614 0.06279551915353943 0.04850500890368592 0.12595206155014393
0.36539019487959223 0.6488623392446681 0.727802687438709 0.41412893301068465 0.5519416211970077 0.0820892185706047 0.7085999549873149 0.33830815108470214 0.6597487851684121 0.06836681339256478 0.932292563663949 0.43704524125868427 0.8960231560639208 0.5012598144558853 0.5913386215147957
0.7892200123133499 0.6255195640000747 0.43006779562410125 0.6986886522570948 0.7322312625210036 0.04705269925734579 0.1639648211159137 0.3073093169655692 0.0807876874144714 0.958477545961232 0.13212133841658014 0.4228008920570626 0.4393426573777842 0.08330848786285727 0.5113137621099486
0.270270915198744 0.608448107414265 0.6909414483480959 0.30537825206940605 0.7260422433165452 0.27377825681774226 0.5324821631812701 0.5149668636610577 0.40543631977936734 0.13630109760685283 0.43547275474563807 0.27141602101336604 0.10978751763271188 0.3930522328996465 0.253347927358465
0.32513867505823957 0.07900821265667346 0.010191575795533203 0.24924128990996086 0.0768031072921509 0.7704378169112662 0.5435006772530877 0.40880105776562403 0.41866268100743054 0.6903738306206489 0.35620459411492233 0.6229635846502143 0.013752877777761463 0.14159675295814145 0.9599788749624795
0.15917257377895777 0.2822731534284675 0.6183642351886859 0.8622289848493488 0.3483201492189555 0.2873226370697134 0.9797648465358231 0.7412055949058467 0.9547258708566596 0.9162606727343015 0.46298513972362954 0.9902463131613107 0.2677581052706792 0.2393143991426584 0.059958061411741204
0.6734105723336316 0.556241796187205 0.6936572457145674 0.7740249755018263 0.7170010238052297 0.16058528744683354 0.7890336918056199 0.7976570585002377 0.7249415271108149 0.162598330984017 0.3601076214231591 0.7079467911459024 0.15070825377231145 0.2692620485802145 0.001062334133465015
0.3634931926807762 0.684486811451197 0.27425113763377973 0.20958285885178274 0.3044698981088787 0.6214554736132327 0.21979715524853438 0.940201786407616 0.10707757662357742 0.6655700976223604 0.1715212932356146 0.7210923082048855 0.3242479534818975 0.09295425802110724 0.34015383630670304
0.22374296057255838 0.35637946517334906 0.4499732516042233 0.13659637088085097 0.19155054384567094 0.839049266152298 0.9932983707731924 0.6305724828863277 0.9312192323061804 0.9090602920728715 0.8927437063221586 0.7981510635507374 0.1499552393652419 0.01584595052909077 0.8123844422620511
0.8897159209309392 0.7817982968413416 0.7821693518067875 0.8614425474928125 0.22749390686259763 0.5880323216789086 0.7862178405224374 0.06365155137449574 0.7505438069095113 0.7394697064942525 0.03660770421651782 0.43228960335185374 0.6651458559575193 0.2925047596801512 0.3424779295552187
0.4577957887833566 0.629822298744783 0.45618385869693345 0.7427663170183926 0.3158616693454054 0.006757414321113542 0.8141409741789867 0.6519247501043952 0.38611632947723606 0.845175083212373 0.213099026620176 0.4037447929079212 0.7350002410107727 0.42727044981004403 0.8587393811174212
0.43062897264030586 0.06114895003226195 0.40358233653028597 0.27009249175691497 0.4025568975479673 0.22758511709621831 0.772230658068382 0.13520534536138218 0.26815957040638405 0.9122434811980973 0.21523360253725676 0.7836921097821179 0.28972922767317066 0.09682970225301768 0.5951573524988713
0.9458763343554915 0.8446563605208581 0.08374134736905559 0.7366408448045654 0.7035844957189675 0.9776990642450287 0.48175476623031277 0.9698765931272246 0.05425222694291054 0.43165484153762124 0.13340942274226175 0.2969182009721495 0.3078562267826692 0.15841789145101204 0.2704965410600647
0.4567238641379564 0.6152863654709424 0.11806999638680693 0.2787865419982192 0.6111343007728798 0.2871240030625015 0.5105667233396719 0.32910563749114086 0.8515227520041276 0.2033941053189421 0.45274463065496806 0.7890987835470159 0.23464366858524222 0.5377104996895655 0.5127894581147959
0.7684928037208668 0.5962456328238345 0.22333480014651275 0.4449693100061657 0.37039987062611024 0.9623034370567409 0.0740216047816945 0.929350617947406 0.22217810454062803 0.9802628729398791 0.23912350761195988 0.11437941454980127 0.6415930094586058 0.4264814232516909 0.7202817097577519
0.28462350806413905 0.3574993427781744 0.5110864396967445 0.0061288828502015225 0.03163615788966312 0.04899018938298949 0.3977620695371934 0.4917832007981964 0.8928153839388047 0.0929363235049554 0.08351471698395618 0.2415132836897882 0.541297260023373 0.8170654057242747 0.5422563975185126
0.8258062294482762 0.2593355485869496 0.24420723737655503 0.8260840871438261 0.4181713537325541 0.6082841590796062 0.7830580314831987 0.6394221121591976 0.07236520171337213 0.9202128719326775 0.5717928769554619 0.75373420055253 0.11732347235400131 0.47935123499543586 0.21308234412800087
0.5143002949698096 0.9049382946108512 0.0359686765992937 0.4525457446952086 0.6055926807170305 0.7249202110880686 0.6009641759903315 0.9473999476554905 0.18807486065350276 0.5613358509320845 0.3063517428633449 0.6480396248740834 0.49678577641486366 0.5070140587945187 0.4849929385874233
0.4725107311274833 8.609553219993682E-4 0.07486453487369482 0.022341101452142298 0.89231620877087 0.26318116320471574 0.34925478604059035 0.46362612656475743 0.7677191262010565 0.7106286122312345 0.9059428385213686 0.32182328496795054 0.27168496376900864 0.6279690407563622 0.6956643460167035
0.5249125897644398 0.023831684838311107 0.8221679996124075 0.6343247100865875 0.965350176005509 0.6192324109985405 0.5689879592958922 0.47184812200211623 0.6703369563836867 0.5816421660193863 0.6500023455797161 0.6220871993534195 0.19838351924903896 0.39669717356558254 0.5157015141642091
0.02779823243580848 0.4858349369285828 0.6878606071298315 0.8691548523387669 0.8075386602677259 0.5164326304961755 0.7863670121327576 0.2547320512120884 0.3854454577393316 0.8676548973877262 0.9161422782734365 0.5576759007437777 0.040203473181149696 0.39949145185136425 0.9656540534381356
0.6728578871082335 0.3261159842346356 0.09447183037920415 0.3508732857542679 0.9848368052734994 0.6170397000223716 0.33218100174842247 0.7870044657690143 0.7163801202283833 0.10304908971936155 0.68716006536589 0.8813685069121785 0.6488962044071374 0.9300460148876089 0.6760037937278982
0.3357989136379632 0.19576527543159195 0.8141322119117667 0.7476308243407583 0.20413848099450205 0.31834553273471233 0.3854139284420729 0.21011630988183194 0.08889996372107434 0.31447013406321844 0.7200094423713849 0.7181411354405653 0.3808814225359417 0.08053981624533646 0.004381670976101648
0.40702566330729706 0.646502662547135 0.05085489563319601 0.04271993926165585 0.752479994822755 0.04985652744394686 0.6516197230377816 0.36594610268497085 0.7596170048679018 0.2599447187679851 0.7720910299597011 0.030022279208881453 0.14043838612148252 0.6382949096249411 0.4516317292950036
0.80158863603649 0.7259176819447605 0.6281322199261323 0.7089698842704056 0.3205611596673561 0.4769691446751674 0.17350440540392165 0.19875195278739322 0.002171635652934989 0.10800429469418105 0.6852375177155645 0.17051864992059051 0.8950324943967731 0.5174430299723043 0.5403243526047932
0.02652046159234933 0.44716157114406574 0.9314594100022192 0.35232520420124946 0.6273294179441792 0.14850346992394559 0.9104072244759447 0.2825869168200842 0.3779919753733961 0.3163348444253985 0.14178344535399445 0.4755625671241043 0.04250808455916022 0.869043627946685 0.24925261482299654
0.29624084076941093 0.18070934222334611 0.7941230363450577 0.6841687584794008 0.42367084163769475 0.07914908171261736 0.1578230274618151 0.1341958872942397 0.011794137121271198 0.05640604369085611 0.9267533972958291 0.7830415369494939 0.06727337093196595 0.06324212009213193 0.5758342146768389
0.18598290530991324 0.9137318763490162 0.5693439843350102 0.4423410360630974 0.4877780243962866 0.11279706014548851 0.8309174933834799 0.05239371921110669 0.20271946790199746 0.4945652100159731 0.7671926470639204 0.19408908607070474 0.8010014747423607 0.013583168966296078 0.8389359151345515
0.34057985680006964 0.9012358349616624 0.991168175941336 0.5183561909769471 0.13675293819696466 0.9558657825171574 0.9308640135873171 0.16732919113625744 0.054762594261368314 0.9343911107624208 0.5010582095749623 0.399654401603174 0.9965249012792545 0.6587321582946126 0.4672614222507948
0.2930980637587979 0.5753819961660206 0.1257238045022362 0.32627678137282146 0.1382639435958719 0.04449562534858076 0.36364526671557984 0.14546364170757276 0.7638735833081213 0.3561316124704872 0.11285503934473273 0.6425264346785217 0.8618262057551948 0.6338482091282852 0.8950148459524155
0.8547365164738961 0.1504477989485682 0.41870260384655844 0.8410501401068892 0.8412203831323397 0.6606277190522643 0.41094179622486315 0.9849090547158172 0.7379255860575429 0.90708056384078 0.0702455078572285 0.5983454212506537 0.14210090486027716 0.21575974300069423 0.3604402611700961
0.5413660499490295 0.24160491458535438 0.018488463107706243 0.1287052564509824 0.533645972381086 0.32408295323488867 0.49716302340044816 0.09464270778608519 0.7141297507368612 0.30202942466384775 0.5624219365714731 0.1911860722511809 0.8492010468416276 0.6719789904924077 0.7854640560297637
0.04717193982593049 0.07421631392637562 0.8895463934427905 0.566737282876779 0.7305024725111594 0.10886311137942462 0.48676153105314024 0.5215091945861628 0.481176933457647 0.4737171950303062 0.384122979570965 0.7898693263709385 0.05507246431933943 0.35353664838124665 0.7570194380825542
0.737502557472672 0.47220582172135317 0.40224552107573697 0.5046455060692284 0.3036113513998533 0.41730928658484256 0.9652234317545964 0.8392643781836505 0.0736544666110418 0.27590556208835026 0.9064316564196834 0.7646470623362928 0.007108301456868693 0.8056679984547404 0.47107012208539367
0.24474361931907274 0.63424612700893 0.7407043576678763 0.38887429331333656 0.6771195004896188 0.45096978078856875 0.2055030536265927 0.7288243880567714 0.8804153458855439 0.18701725791109858 0.675633532181374 0.852953536832477 0.18106630730046003 0.6004087292345993 0.36389309315218465
0.18510630128061356 0.34174293680940826 0.45978261522958397 0.33344443006115543 0.409911772063437 0.012452255562097947 0.4163123451584738 0.34358949107688364 0.14790066763399246 0.10496434333296267 0.5381837361032825 0.419177332365949 0.11460916314172698 0.9922063981066921 0.3831513880167725
0.4012444012227896 0.2646768261852992 0.7164926025784242 0.618482404075454 0.28433804182659494 0.4463594602739962 0.45393456908010543 0.36263407034524087 0.9750750257246154 0.6475423015085391 0.32710430156205195 0.6193015771437189 0.21683876263592705 0.0012528078782521046 0.2839974416000688
0.40201084207255244 0.8171202187049171 0.3368362220723994 0.1685715583586912 0.406220508139052 0.9868593529792015 0.2123715056444888 0.2966107459912988 0.3759362992919818 0.5552453484854901 0.04456897245894531 0.8203942829351953 0.633130045557503 0.058785195939498824 0.16430512507800654
0.9166236008653861 0.5907945129511725 0.22005229913135005 0.369114357177003 0.36428872393724865 0.45425452392618726 0.12937798284129776 0.8183711642955724 0.39263133027107056 0.7303938978315392 0.5218502143491509 0.9225604234501193 0.7740886988695947 0.6107462988824993 0.9023358111288396
0.2149476212849598 0.013079054458845163 0.7719380737396789 0.9128437080742651 0.0621250791831236 0.13871547670129214 0.6457592987951873 0.2593984214559045 0.4693234672323423 0.04801216671518549 0.751178757325944 0.7196945396491495 0.167043242083051 0.5658730456121289 0.2519079088765678
0.23815435606322743 0.6274735714914335 0.38913011047021695 0.5056570842984892 0.881613008540647 0.6523310526414245 0.8641243847345279 0.005017343547676023 0.47670584076843503 0.6981641715575574 0.11079963618934174 0.7749395271078147 0.07913564019354968 0.16083399871236148 0.35100564397043
0.9880716665434407 0.03534794167673205 0.42779505964092845 0.4246836616799945 0.286754770617214 0.28874473996524175 0.6249649388789195 0.3848340519031631 0.05926599449929071 0.7554180746087007 0.6343849889842615 0.7506422804024969 0.7079375841742792 0.04848691572997066 0.13953835825208794
0.46786585238675427 0.7680686933289914 0.5654721724842813 0.16710630015563555 0.8765618104481828 0.5890862239622262 0.969746064141176 0.8371068662465796 0.018460589021593976 0.17320042351008536 0.39494383452845727 0.8077750543948933 0.4297684958289901 0.6818393071886439 0.28032757096313854
0.20720669466092356 0.15990822436342556 0.06643561261873732 0.6054425613720391 0.6807032181368873 0.13268276019227 0.2576787292433338 0.43400971964927737 0.5509179001322084 0.12357479467637689 0.3561331590762924 0.0998473477590025 0.9873185971939833 0.5653706022532677 0.30716451322877947
0.07171869349991 0.5121458430284647 0.1140233478473307 0.6144022211208305 0.519352131814549 0.13195934039261614 0.4076480405096088 0.7485083045559432 0.8694832475331893 0.8770300864332871 0.7337661260426703 0.041809693800350156 0.18861893300108967 0.5552489123119858 0.38339514437617817
0.024391243546737607 0.058325606765383564 0.08288705631768989 0.3153044799543755 0.3535352354514433 0.7191953192773498 0.8414578259284635 0.3797358051738856 0.7159327573725158 0.6512444211650583 0.12809253949856947 0.7581124836670884 0.34088046881183864 0.4313521175441831 0.9162585489038595
0.46373938922993574 0.05271669717392269 0.6624464159337095 0.8243103828305085 0.7182207444437019 0.11203832998938379 0.004498015342873085 0.40127971785892835 0.7693006276887701 0.44778053467700374 0.8539828430488885 0.5824737906052638 0.24805654782444608 0.2660289892701643 0.01632682632847937
0.44186581359994315 0.47685411625929863 0.4364745135374951 0.7949467841265042 0.17392508441676857 0.2341964970608973 0.503708458549365 0.28085407493458714 0.5744487073111967 0.35857931011100996 0.6480963132659954 0.26838799913420686 0.15812055343399367 0.2306881970618181 0.4297562572135074
0.14549891862117614 0.4499374020446131 0.6117526926183833 0.6892082476258131 0.3111010506375751 0.9183064456040111 0.5355968214972893 0.5495483630163744 0.15736783215397088 0.47953182072578626 0.952903055320255 0.0675424733998069 0.42144342046275196 0.49657245205612155 0.6084332398979089
0.7148215292046156 0.7588959903506006 0.719367419493042 0.19542630702324182 0.5354010898569773 0.7203395347217658 0.6696888022846181 0.17611950614261807 0.5220354850079867 0.9230030643145735 0.5603964999405833 0.783315920779227 0.4814569847947393 0.10062710861037871 0.9571333149304632
0.6251483926225107 0.4173391082007968 0.8879192558336855 0.039912559498061384 0.0036655037212369734 0.24986186790338083 0.6499020472996623 0.5027147676086128 0.52759297263986 0.512046840980359 0.4018380390947096 0.8411240378053684 0.8505994122232017 0.5155676080989537 0.8820181727701137
0.021198476115848908 0.3986224957454665 0.3625315943312074 0.13755185907407752 0.29718355244583683 0.7632879942254703 0.0947672783182022 0.5623978117438355 0.25134081154430243 0.03318083424504015 0.2184404642749428 0.1872269353814351 0.9660790340507049 0.710703463147965 0.8193621063781613
0.16230987964203936 0.6067384338768188 0.019483976545721093 0.49313934871227694 0.7974734432675267 0.5927928615886131 0.34577272446252316 0.3543603852167415 0.22727139886585157 0.965898948237607 0.276992331483391 0.4602929149170073 0.754867451541286 0.5251353258966058 0.20158350952359738
0.08711496580002676 0.19472876595271582 0.7929387847260663 0.7165145949733601 0.4304860436413961 0.08208077734888009 0.8996587085309168 0.15230001106899527 0.4673052891550542 0.44617516039178384 0.030314866446198407 0.37009917409308124 0.9117930136281696 0.9547747575799754 0.1640580283225308
0.6114440099113773 0.42657024553767586 0.6288601041767876 0.454996291342597 0.5883693760470925 0.5082007089508043 0.9994148195602889 0.7524651375965727 0.1901982460257411 0.7566982418773641 0.5322477064408151 0.4394820634641955 0.1529587520036112 0.5597920161197689 0.38216145591492057
0.9800418106585822 0.7883879415972236 0.5752806388486927 0.05437956499857899 0.30907137493824943 0.40170285540704453 0.7785958498385805 0.34899404667727774 0.4732786331665957 0.34079662573741965 0.2577347673479994 0.04329876228305374 0.7367924668251546 0.7142434098750695 0.3840097731816676
0.12722413935646648 0.7024055957624161 0.6914729060410294 0.4646028868906389 0.048691173371228524 0.86739662229064 0.9557015560664788 0.49170182244125316 0.3485538030235138 0.43232073119441206 0.3186841057230343 0.1430331839486243 0.268900233013211 0.11182313400142141 0.7260760012650908
0.7598973906565403 0.4038358980972958 0.15844325709877383 0.8831731209355689 0.6313493292062564 0.22847153582161872 0.8035418513349207 0.513022674010698 0.546957668313705 0.3896921386608556 0.8438969750756999 0.82237478208314 0.24561437137857434 0.9713834984918817 0.15817933557365005
0.09567180437989753 0.08415593481423478 0.5571452748989243 0.5244307980093732 0.46324791727316617 0.9770958516486764 0.8051202272423941 0.2278350722126734 0.7971390844018409 0.4175578192205056 0.422421801478553 0.5974821488176223 0.3763793942699101 0.17953771520306805 0.8807429907084916
0.7914937461990055 0.4333866280460752 0.12291162271046074 0.950081318297992 0.8617896778970312 0.9440163763416775 0.3751459411739888 0.14411646383093568 0.37294002178077534 0.056090586433183875 0.04745545454963496 0.468628554544953 0.6239617055510664 0.3646830907210985 0.558193385511489
0.44344601631300906 0.8275820339506949 0.8371711004524992 0.5825469089339377 0.2287649946026754 0.4384062927746013 0.5670382333096571 0.625151003963367 0.8282821590328415 0.18958975749017581 0.6926412750742406 0.22102183334576286 0.7644355132479066 0.2970295031445991 0.755629464808474
0.8102507336189011 0.325148787063518 0.7207546170608271 0.4934312524211215 0.40318826595412705 0.4668268469205059 0.33510793055368837 0.5612010101478032 0.25538710333693915 0.7249509378068177 0.3524765118002591 0.9608434047851074 0.905361980942695 0.03147404611626059 0.36974176496374966
0.018210853650147962 0.09326318679040624 0.1673187699483608 0.9622845806160213 0.5942954473606832 0.2748497863516185 0.6886308639646969 0.8372947614888878 0.8422134896453933 0.6726877076774734 0.5570437276091708 0.1762978592828588 0.22900718640651085 0.06528664823859953 0.3770607401335331
0.9462272136215587 0.7297648774350536 0.8049290523924785 0.09776326012530356 0.6390321182842128 0.07128741203419064 0.8762333445386484 0.27140447668258927 0.11172822885599709 0.6535053144548717 0.160032813442327 0.4780503524031938 0.9419591740641798 0.3090771803272294 0.45094040205298136
0.32328061680829 0.9885536086883896 0.3750771820066734 0.19200889457294712 0.4950641245236598 0.6522249104767908 0.6454056140093184 0.33618489328665857 0.7262751669939566 0.6684755790938793 0.6485329421325869 0.22179440601075473 0.15091758417886503 0.13293216153779408 0.3524146526295402
0.8580861818415336 0.4649766660564456 0.8587504275906817 0.8368905411682069 0.5568989246760845 0.5069189917808538 0.09639490833264253 0.69360879952722 0.41780696211611845 0.35821289142704305 0.10801071767449433 0.9144917252076824 0.776637937991613 0.8308431378927952 0.08176981452599408
0.8119863337969435 0.3610458235799635 0.2566455712356178 0.3959878014573551 0.07782005793885982 0.5618608598782134 0.8223884191268476 0.2984714564688822 0.43170793765890947 0.9252274842084827 0.3048790870621402 0.6534713087447086 0.43743442175294234 0.698080249674552 0.9519763325347437
0.5267775629215086 0.9709593937196532 0.018297094709177508 0.42823975199140885 0.02891169846328645 0.5136747404327328 0.13090775085493722 0.19804955030649063 0.01703040432097358 0.9136642205719241 0.8330248400815735 0.45438171589031373 0.9680720663858229 0.5087957713791453 0.20270373045902057
0.7180246509109004 0.5788406391613214 0.5377026702507532 0.5507268452610549 0.5298756131569021 0.423135496230886 0.5781853406016056 0.4493463372735338 0.23805595906598975 0.3016997797669535 0.3472934402822342 0.638309140380131 0.7419366679622501 0.7576743492495237 0.5733234570278913
0.5860265797000525 0.19676666753051197 0.59840774148898 0.8071940991589581 0.49254037202235545 0.10544796245247123 0.1638875037055214 0.9791382546759374 0.5609754766250988 0.928103551543628 0.5127214215387282 0.22637664503385257 0.4354598446390784 0.32543544137083447 0.6585119915150351
0.018415221594902276 0.8060295171481215 0.418471307342949 0.4826308981478449 0.8888344870390075 0.3148271671001177 0.9951508577562239 0.9738150956064617 0.14591592488833804 0.0629409071667607 0.4233031161605998 6.690994116645976E-4 0.7791769039427893 0.21351945524918203 0.1399189128029451
0.910073392519212 0.4048623256483125 0.41433854810229476 0.9782232937641826 0.8626616591651521 0.50066744091518 0.021782790118223483 0.2669046082735971 0.965944781450507 0.3684432879940972 0.3982462183140929 0.5899586939975159 0.9463226974893814 0.23336239597218955 0.8762436517035541
0.33095757864007513 0.3131398129055101 0.638999130175111 0.3350641483551323 0.6421547189374458 0.7111033847588891 0.8300056110001198 0.7195870950131308 0.2766889817601682 0.43179873813952485 0.12754066546953935 0.24592012534127594 0.8012524625605751 0.8606988107610305 0.3973358604915579
0.48480752984887276 0.06693785682584863 0.9729800486551877 0.5862591098295407 0.9912966081590133 0.4575831162076892 0.8596200699517385 0.9604631646525885 0.657938595361935 0.3577826848529081 0.6646675006380918 0.11668268560627348 0.508839877025652 0.4868358423647572 0.24523746435842286
0.057970074143941064 0.22316820691163908 0.2302547102707524 0.32770110302112754 0.6261368720003586 0.2792576320714355 0.8670555803244153 0.926701042290418 0.36539446918240037 0.24424518430959719 0.6389091835651005 0.3180389075987844 0.4551636174809489 0.39921108680931794 0.9363267443776516
0.9121450970740315 0.6947497489018418 0.586083561331474 0.4874106141458242 0.9617554151578244 0.6485567255893445 0.890108172327547 0.32629925574785634 0.15558224047557334 0.967739110162412 0.530471007929663 0.49128864787809046 0.7991832795833812 0.5926689156348386 0.12170363730046574
0.8567131594895995 0.4648939656020643 0.010319665047348159 0.2897873234682907 0.23802053178917126 0.704604116456315 0.9916472258063476 0.47941262239977955 0.9260779322881759 0.6623235151086769 0.2662731185876952 0.6726396931841475 0.10459629610134535 0.1978949714410042 0.4052529382103487
0.6542439486871171 0.18366296335027543 0.4388774852148679 0.7774389124166093 0.4053203905234739 0.9427234282165419 0.5145366051566952 0.8209221047628067 0.18425910997426398 0.5179550982549813 0.5940423315355465 0.028266369628991095 0.8629937591192345 0.6918267441200551 0.2503899039624299
0.9827230993147759 0.1264635142057018 0.6467400036269378 0.602222140174011 0.5023416347894277 0.21451828371867832 0.3299998667505325 0.6476464466888027 0.4498674314015514 0.9880360905097022 0.843963056236375 0.6973036736208038 0.048546369047281934 0.2348102485496899 0.8230648736203332
0.8383597379122424 0.6074300160270552 0.2958035313011268 0.588526417530282 0.9167553901813458 0.40450368882810206 0.28865508300837384 0.9818958154283016 0.611963338970747 0.10193508271926932 0.43286529353276115 0.17017839208019037 0.7966661112003737 0.474968211202644 0.23987272179302355
0.38816280951008675 0.5231818932267055 0.4244641641375604 0.6212759786556249 0.5376511721573146 0.6591300422566204 0.21281595517299923 0.28974332523607604 0.7986528345511436 0.40674156734837863 0.61394226551132 0.17969079070198934 0.9242036406152154 0.683384247278858 0.2002908055149285
0.9985993516830771 0.6883231928000694 0.6152860764790254 0.3032585583332198 0.43488083361257757 0.035724864904155273 0.20210467825971257 0.27816347468040903 0.9944904692312904 0.8422444740125683 0.5469044648879597 0.580877602728956 0.9160242675966435 0.8365552449699569 0.9142673587072723
0.8204593043210461 0.1228274253368431 0.15658860738408553 0.27867702603936206 0.390597836807555 0.7106794970505375 0.21818085100398654 0.9559805031359323 0.502411177212484 0.04091126474549678 0.05881882825082385 0.3726453772109357 0.4421131064461161 0.1113468196053895 0.08595778713719915
0.020694312297528383 0.6592938587887247 0.5112539472007092 0.20723739168634558 0.17061339297320166 0.8550335938334519 0.9315246417742888 0.6490224821233199 0.9701942786082672 0.5837957186915245 0.8975967181311708 0.3800474946950202 0.14418460287958557 0.009022715438626983 0.12016665351669098
0.9485443184210055 0.6277845999114743 0.3595845911280312 0.6175326190476126 0.7140856340102952 0.11644297374492918 0.32270578893531043 0.5534460746410111 0.9094767167868938 0.6950676477903756 0.07872350837499575 0.5556390363656502 0.7033806153298896 0.42168279362129035 0.934006942890395
0.13273329830790914 0.4509631250422902 0.9837259172075816 0.5405928352547218 0.6910269957594255 0.617695448446467 0.31959421277021216 0.5045706126401821 0.5676930967092874 0.4405539461690142 0.4037126644558099 0.779975127516954 0.44321294430062097 0.2512083515564708 0.23031056852225928
0.6209236565783305 0.47340785574654165 0.5273907128361206 0.399257578240127 0.021958563949034837 0.49021986904863746 0.16148937487715964 0.6067238332561657 0.5150345182352534 0.6604328324197312 0.13951398309727403 0.774093489710572 0.911315848843237 0.06281327827967309 0.8089284123691073
0.5104742900366489 0.07692547582374387 0.746689760190174 0.18045083967739972 0.09731060782647283 0.11401411426863395 0.9687790206803657 0.2567712830575605 0.20802082729729787 0.38199451638922155 0.4701051760077487 0.21023848994012972 0.13124447213583235 0.6385125772153858 0.8511486847605726
0.34191998602604723 0.3531981135697859 0.20570292839344428 0.3308995334950844 0.14604015442847007 0.9728037591738077 0.4745041441604766 0.43427905462204996 0.47665323688092054 0.5726666785673632 0.2482846655823392 0.4424335728374691 0.7675094653987291 0.8496444102351413 0.39675686130600896
0.761691818823023 0.4914238740479694 0.5206624521965236 0.04213423906847091 0.7195179150131114 0.5620597048011624 0.7625960006577306 0.031711961832640245 0.6795797030016038 0.17888886272017246 0.7194517803542233 0.7645288403015119 0.7830923732643247 0.695194050973309 0.41574704934019346
0.534494296660555 0.06988549866953031 0.44932883499501475 0.7518983573258321 0.42834126559271823 0.21018119531343182 0.1410530219384455 0.12559506197074521 0.473991833005333 0.5868600470804761 0.2576127226570867 0.6225481457952622 0.17339984405567643 0.008030304540863509 0.2583356645547422
0.6506678502280516 0.7736600742763338 0.9010053600117571 0.7118642497810344 0.35363855291910185 0.6311515447485518 0.4413329696960854 0.34675022292213065 0.13302237491679214 0.805707854636957 0.7043094057502667 0.023986191787867872 0.13243838796161267 0.585284621342298 0.5914501725245043
0.9691512152720775 0.5930270369004065 0.9863208460621401 0.9806785707581096 0.21219895206285866 0.5763243707535203 0.4009668434401865 0.27653179740718414 0.07451845158159909 0.668834222587303 0.46957877672703463 0.2954741241430897 0.715749385119775 0.9320009325382932 0.9453558442364705
0.2114448900447795 0.2069348093780019 0.5419487968650059 0.7877228550244157 0.10805894127868376 0.33194639506794454 0.27526914552406534 0.9720376559912831 0.5364154296574822 0.3357186203506475 0.240299149072841 0.5354293607918644 0.36126077644574983 0.13567940973024695 0.027751410946189048
0.19204964263461943 0.09328966056671562 0.0918673585763603 0.7602168648872498 0.4457461886189181 0.8516581992795745 0.29157601329936644 0.35697776431031314 0.50414425115379 0.07832121156353167 0.44596829671025895 0.6987315179516204 0.45534779072516907 0.13459562645553724 0.9189549496391144
0.27624044997271735 0.1069496644173239 0.9503905183160242 0.11273288800385561 0.33758630394743794 0.6067655352475061 0.9678335410452541 0.41973084617337886 0.5106225715737335 0.4656837547379703 0.7235625313515552 0.2173109353829773 0.37038152502870636 0.8852493372094092 0.5477402639212546
0.9294268779200926 0.4456075524373686 0.35607736867370887 0.022889038601589973 0.008540687049161 0.7142514312496029 0.3379168404030154 0.04193142179611786 0.8014514161389681 0.7246752944093494 0.4581635733374184 0.5323618756175824 0.6542912849155292 0.09748124064280461 0.07284644704111998
0.17226352842818538 0.28479538033929597 0.3122913445636093 0.2225885445368272 0.7139233151928042 0.4040538469018268 0.36447016495341433 0.9857705255638955 0.8520876373152623 0.8053058687299746 0.08869553194414126 0.9821010473903564 0.9264397828386883 0.6539370953095649 0.689447046619087
0.31202486248949546 0.13166971337642308 0.5106931509365168 0.2928960186937908 0.5308760928829358 0.3235452271034832 0.6992242369850481 0.14034451595766995 0.3514108004520312 0.9556835552834627 0.989426352198044 0.3802752649898138 0.6443294155335977 0.15926032843469062 0.20964702984297012
0.2842382816035405 0.9636261357666728 0.486682938293852 0.3236749054184296 0.11121405330345069 0.2620790485429221 0.38029389792482726 0.7125334359845525 0.7757573811975663 0.6819212549182635 0.9984587570926727 0.8864515696711821 0.9371397063248913 0.3067098741823405 0.6339326123890785
0.6189849524451021 0.11987211713058055 0.5426363672463611 0.5931879055506175 0.5431131602096556 4.051283586213872E-4 0.3609979100811075 0.0704254296638035 0.578240086860187 0.050465496894718576 0.9782767081038687 0.2462797548619171 0.16737576460823322 0.3144043351439483 0.6762500825130788
0.5687687635192366 0.1953801659428568 0.21609471657799162 0.3717811450790729 0.9328267211001187 0.6320001505018189 0.9403313626760148 0.2344161355803961 0.2647989185375347 0.3975334597733652 0.11434876782676551 0.119641292526252 0.8395650593270617 0.6843038489766395 0.22698825723500649
0.8366287179688593 0.5104978867012581 0.9837343387850451 0.4662085801516498 0.3015267383580237 0.9162521592261359 0.36665619277439665 0.43004877642853545 0.44082790129131644 0.6434186558661468 0.143593260183279 0.4718157714508848 0.3040728699464065 0.27036656135155657 0.8921126070982568
0.2771838238298743 0.22112647716765588 0.19513658634869635 0.9799342485271495 0.6390563068680235 0.9964876555944068 0.15903703601996477 0.1353440969065931 0.2954549862467034 0.0715721902001819 0.41763267052626674 0.3205557193647781 0.12636550393644352 0.30563347354432946 0.5821068917820255
0.14901857866025314 0.9673823973687178 0.5269632018388967 0.2565154477470677 0.35427116909090617 0.7911603190490379 0.28824027792940243 0.7302398629509109 0.36578999295868686 0.032093125465406325 0.3233730540541765 0.14998736709601113 0.876385885391529 0.38530542026084713 0.04790633519594378
0.7919734823550202 0.3960517193708396 0.49795646534454074 0.07104128625033501 0.28246200523532483 0.17876605988310645 0.5890191528263298 0.09454288745788464 0.8736268475853705 0.5816102373467231 0.18311211617584955 0.7622861307997538 0.17173859496759225 0.8696561816396803 0.8246257162145249
0.9939188496510107 0.035968351628880124 0.7154356364719572 0.8502979606665422 0.08709531397120174 0.7186397576500488 0.158401502997352 0.0415597558613483 0.404961844794667 0.7015500104864991 0.5876447783901633 0.25238309191703023 0.7790514397860897 0.09801890255838352 0.39023124026261524
0.9140297703586625 0.8524719598997738 0.9366145770655966 0.26787394462350167 0.6550128704987377 0.46424800592802273 0.12004358120964531 0.8662594273738679 0.1427462020632364 0.8329041021478029 0.3614816194601438 0.28419657145055677 0.6527720380619579 0.7358524472830087 0.9406609095652161
0.23385894358156423 0.8021209918048443 0.10087579236497923 0.6933188050621668 0.10874291352244225 0.34527200691397386 0.4269723530932352 0.25015133867286954 0.9825655363387862 0.9243444731272018 0.23405591033790774 0.17520482938832904 0.6101773938385253 0.18956886596546252 0.30448124585119196
0.31867716234035814 0.8306677702496269 0.7617458279474426 0.8240914301605651 0.3953900000971168 0.3831902954981239 0.09531812562785225 0.6564600008618249 0.5277317667280678 0.03763946249684291 0.4188437464776352 0.8912277272140847 0.25066072881597556 0.11515975401525425 0.5790725557951375
0.49591022754427583 0.266396077508405 0.9275703493316558 0.7954930141051436 0.37027910008849974 0.057714529849737795 0.4001404746447845 0.044129310856175 0.3533959819735335 0.32130848515094124 0.1587517303116731 0.032533690427074324 0.7656055733356132 0.06645132390427022 0.6603352601669396
0.5023325990134176 0.8812697964574269 0.13925416008859326 0.5245732148494197 0.9013490427198657 0.32275240829532204 0.8790875043356533 0.08520585553490179 0.30423838042675266 0.7421395521114765 0.5912804779081205 0.3208865354464866 0.8287381614317862 0.3144083357305002 0.528999122852364
0.748379038370259 0.694046747961373 0.5042323217880671 0.11724447377079927 0.5649930066612072 0.498510038377586 0.28833900456799255 0.2232002423988425 0.31250449896394816 0.25570895934608673 0.5163113740463307 0.37969865132578096 0.6014108996586681 0.22120498306900227 0.374951667931406
0.0023627470926886884 0.9822205207238317 0.5666148862797025 0.9848026219813943 0.8060214751039301 0.8795786333881334 0.5133496884737883 0.002147489004540537 0.8222841114292835 0.6153839525724918 0.6252673352018348 0.725786953468544 0.6476987151924551 0.9386502981058494 0.5776522612212205
0.6151177784837887 0.8107088747337003 0.15272043208231412 0.8693493405418938 0.31451430195786245 0.4356618912217406 0.8845399263783679 0.6255435200961723 0.248740315190349 0.7034105987451822 0.7760514179066736 0.8505909224155064 0.6050962147498588 0.9605902005315317 0.8943701704675874
0.23347066177287235 0.05023181573142266 0.7134403299855312 0.45525405734951707 0.8828412829222623 0.8430326214254563 0.15708199128336564 0.5334824345320008 0.17434951567404855 0.09971333808058735 0.337447592288047 0.794110157059513 0.2297528361564869 0.8432295072067908 0.5206020089242077
0.9201639342808359 0.4155820457001226 0.12634421557994202 0.8529806687458401 0.3352007371764808 0.6484834111633808 0.9561635291983122 0.9361110653640524 0.023248516448735823 0.225044687414803 0.9676813136847973 0.5106719078835111 0.7340020271343337 0.3558226429726178 0.7948497512934222
0.04728381538006521 0.6277471503119252 0.5764544392020626 0.8699194816249849 0.6752147015523163 0.46233958461392777 0.73314897289813 0.9452689603792309 0.5452212523571235 0.753664558535058 0.2955183183325928 0.9766697305332429 0.4190381003208059 0.9513564182017905 0.33662350420416776
0.1329107321740881 0.00556410706622934 0.5631579964272398 0.6382731079052975 0.6039311666769409 0.3225854679918976 0.33415157918128446 0.02902688845720558 0.5680883293508591 0.15291335180872212 0.04119466924816473 0.2430210279536631 0.14891301017792646 0.48510350609682096 0.19824539358482307
0.29964551101552117 0.44268192065556755 0.6814641500899555 0.9848639084015652 0.6472679959122474 0.730363048231722 0.9998474912033489 0.00802770307614653 0.08861326273472925 0.800966300531924 0.010759238083529077 0.08650039499124262 0.8110704599104088 0.9080586520451778 0.39760959978113786
0.10734505482327594 0.6821152035940011 0.2571792328829108 0.6054684431281889 0.14577458882977745 0.3381973136263282 0.07911662454742474 0.8124760517028812 0.4623835293061195 0.4948590849462835 0.2824868890525877 0.7381001988586168 0.69590682273854 0.3365129134213487 0.3987780751484553
0.873719462836361 0.5550030940652843 0.8062214756815046 0.034002347197094496 0.8235513375291293 0.579161108470395 0.10898752022316804 0.3233248344693386 0.5777329499193871 0.08667994136806956 0.7664741833345988 0.9485137050844038 0.7044017567389845 0.25677492782920275 0.11674146254939366
0.12278327004226985 0.6439116405652278 0.40321283935922714 0.23949763347095065 0.5735779299539904 0.5158597717317398 0.8884814203959595 0.9055293207882514 0.9610720531573629 0.10838846686665093 0.8003501260358157 0.29838736776766683 0.3586364982870712 0.009264668520972852 0.46678004027000586
0.9370701534564769 0.39124998372354747 0.15953009661185436 0.12049315954690065 0.440359690823928 0.37880944830748375 0.4630525744886135 0.5411119963775979 0.5166302369145348 0.3635202221548014 0.4690994260949861 0.30063283180568257 0.8373629911972766 0.2140238459097905 0.5600920946529729
0.3170967797242651 0.2582645553260291 0.09364705750082247 0.5229906747990518 0.7816750557723542 0.1888009380624459 0.45613298136087377 0.8602956737905256 0.165985831372932 0.7791231025595222 0.3894414788769841 0.7054437518030683 0.9393119004504946 0.9927735798006886 0.5666824092303183
0.7474131549602717 0.829490019602677 0.5642285233922647 0.28297201468880573 0.1406435095081645 0.9465941572954296 0.3022428811923349 0.05797945436964913 0.9789137404838951 0.8551365702481698 0.19313105885650672 0.06615671182501004 0.5456109792175854 0.7283619897256259 0.2825288223780872
0.22012197602075667 0.2178625800613868 0.047312260235695236 0.36984722623034694 0.07739289067775179 0.5982918837903337 0.9176896357000628 0.1365422013810098 0.8666429756206745 0.17569812502012117 0.9691489280977358 0.44748857849339907 0.8368806152193172 0.5747493952435345 0.9745005542823285
0.21416073274129788 0.821427116054523 0.24481679375202037 0.7804072099617686 0.38898640005452545 0.3782963575316842 0.2593672148342199 0.8765093065293497 0.37215414447152884 0.11955552185694673 0.749870856368799 0.9465154712166645 0.35531901884804573 0.8744729077769523 0.3819689674695613
0.042646151843568125 0.9010651415559625 0.1447349653667629 0.19668607617934086 0.6039194921750535 0.3626478374748291 0.9047420313567743 0.08576047226398675 0.3991210748095696 0.5854520648614646 0.17596787539037295 0.14770509797558595 0.6168995277577594 0.699768130185328 0.9615957826877666
0.1800009481474314 0.7482829032790103 0.7138994505819449 0.06611925102691385 0.6028631132804015 0.6110108732133723 0.04728122247102218 0.044323118902062975 0.18130960458445555 0.8504304636928451 0.10520328020878211 0.02503676074850736 0.014801725488589046 0.5183042802275799 0.4898939883026219
0.43727767074592294 0.3975135049451214 0.8787312630413517 0.4671364481462936 0.7298805042693565 0.317327627010886 0.41948239268822907 0.8632521104181476 0.02043324693033488 0.5579434282588439 0.15740460619804786 0.654201199711818 0.2353182181081479 0.5960221082096638 0.718148345295063
0.12671318026026301 0.7098831154710399 0.7440835796392077 0.3433250180076093 0.6407746403341751 0.4062427078513119 0.27990752594844104 0.9323030742597158 0.7034661649223674 0.8759394818097245 0.6244815994394796 0.46120227536685676 0.2760535396988485 0.8456673103733428 0.983077399744426
0.6382473417238778 0.979403116537148 0.8364891252974204 0.24782511630758242 0.4524945072747857 0.13720467321468677 0.5404559827572148 0.3751959727735641 0.35204471766740963 0.4021497483246457 0.7732618298986977 0.898090988726455 0.14821027320993563 0.04712702140801672 0.6975440223367737
0.7097737343539496 0.3837019754197355 0.8716607601841149 0.6686675185436264 0.7656735621649494 0.8257562193721056 0.07323200256373907 0.49330572403149453 0.8891250019273996 0.9492228837759705 0.3637866051019568 0.1108586599308643 0.43839818328273994 0.759986156091486 0.0736480815710413
0.7087253891774198 0.19491391760401744 0.07569202319446755 0.978217437698976 0.06467376035130146 0.4663263355672961 0.42860840181137216 0.10725587813923454 0.47302773125434716 0.063195128652897 0.08454427380111407 0.8522109436398193 0.956118695600133 0.504258287669107 0.282106931473728
0.27396009498960716 0.5884239511520493 0.5328552462334754 0.6881769677555083 0.6315100370970071 0.6680418222066603 0.7858399540893364 0.2383331821643433 0.8016045605521557 0.15862990735520577 0.24636149331171497 0.9850603015502856 0.43985673011164395 0.2946590344538257 0.9331799563436429
0.3119243742218196 0.44593656521205416 0.4938123780183473 0.1317236733085274 0.8885026059179513 0.5385084218135403 0.7525854589254203 0.35588311486976787 0.03870480578635738 0.5200267483818203 0.5146199073657183 0.14457593747984399 0.7742268214251301 0.11716305290386253 0.596029483666394
0.7434067695845569 0.6052262993675429 0.11955081230158648 0.1279543600472266 0.6992841323984574 0.38191395041414367 0.9076989784822725 0.6338057317378186 0.40464610720395444 0.8436040721425949 0.3603393123928532 0.29713931080693945 0.667985600417813 0.25587033256072544 0.5621361014792214
0.19582319034199636 0.4586546920659622 0.501804186212527 0.6946017181117479 0.7791418326795473 0.07646711763032332 0.2599745072572043 0.9862245891619351 0.14670460611036318 0.13040653503229083 0.4495390814956832 0.6222311803916797 0.7515037291148697 0.8757876112323879 0.9520601897150002
0.07006700716960113 0.9941934843895498 0.6555059195604389 0.729927101616945 0.3635958792464491 0.8016383485627303 0.4185516462824964 0.8528916082835016 0.5071807374386781 0.6900050191850877 0.5477512077632205 0.6170723888121946 0.3102236781963461 0.001149511206013698 0.5187400927965975
0.8948871710856249 0.6434062388023538 0.9707769712231572 0.23345892750385988 0.08972178091265304 0.31978589203306806 0.03782867892365094 0.22400425373975574 0.5857481937548618 0.5470679644710099 0.3367770666590235 0.30645432609077383 0.38115408060029654 0.17178682753076924 0.627986413883608
0.6793293656693791 0.6721483658014734 0.7417939943666187 0.016022851936171922 0.9076347288730617 0.515459037804125 0.750364940871974 0.681774800740006 0.7109744007895495 0.3386407395467025 0.29340041420696894 0.5114704953684027 0.9830118808502429 0.9903613185709403 0.7706121745381176
0.9441566468664512 0.0095934935758748 0.226938150120656 0.19224708790851108 0.5789285529052818 0.424139482937393 0.016746391498474344 0.11481762290725195 0.08417805364331565 0.0414461516983905 0.8107233959773191 0.2224707881484943 0.7333533451154006 0.34483236176953835 0.9750441787592311
0.09504166462558705 0.4552002551874328 0.06660193948037973 0.9111455429077663 0.7595019218732546 0.6311815679670697 0.9980832537184617 0.9986269334163042 0.20842706117269072 0.9987474889053036 0.8930459368038722 0.38815845003703064 0.1872714488926739 0.9263570750135438 0.0870836941598433
0.8443775551379841 0.20165292871902152 0.0146265185867952 0.24559160792342438 0.2928577988293136 0.8765137162576104 0.44770752061762653 0.47425507462027616 0.46058444093396744 0.5109382093554871 0.769974596772169 0.8785067050961094 0.01597304396196042 0.9155719034178684 0.7953275857559166
0.5421963364903386 0.9123194331972694 0.39400060094776557 0.16989179258322384 0.8107590724573154 0.2176701871132729 0.03511209143014915 0.7036245579939291 0.7104542521745533 0.5744547605089775 0.3203773854305694 0.9623141215741069 0.3127882507217653 0.5738220532949052 0.4181523159374244
0.7686828903148071 0.8620228145184807 0.752475451533559 0.43651419675097347 0.19978357515592637 0.5237090999388428 0.6239020080268194 0.3368127736513695 0.38760389037246634 0.6834778567471296 0.1412434527379891 0.17202822043005428 0.9307713594908512 0.8278539294775045 0.25565738520361114
0.8071934750040684 0.00747666566298999 0.17265325239157803 0.7818695651839618 0.30355193300718386 0.3432107170813159 0.3695592705134789 0.6117190482379222 0.7037856691628219 0.03163670715311251 0.8177646311734743 0.42684966209444797 0.04256362746706721 0.8328953950808522 0.33510338531325823
0.45330325747220335 0.024822983896985118 0.9808683337171593 0.20188744461204855 0.4736211310805122 0.9636110191783832 0.7194000366946194 0.880701073270678 0.26616199077305935 0.24997909077840008 0.7572072085579269 0.036694952244855306 0.8766962187964868 0.8393341709935342 0.5821789247746055
0.8354617413307216 0.6439380467616359 0.9818175029282262 0.1079992319192552 0.8793629696774595 0.698528095249546 0.6986940245877862 0.4394990634049266 0.5582171273929895 0.7340813085622756 0.31240029343999254 0.6378719691117166 0.03654715051896129 0.20926608456377982 0.6748126649285939
0.24286404893393843 0.5771249498032759 0.7814821175432941 0.6064615577585089 0.966275089522522 0.4093395465610242 0.6955564978230009 0.4588316869097816 0.4095850068212308 0.8909546256565322 0.05497835099894044 0.6425522516822703 0.8782455956514612 0.2831100766962722 0.38854486659187104
0.426194962404725 0.36615450186383536 0.060961383173723904 0.6918921010923277 0.30356231022537794 0.5660547723293949 0.3161398053959107 0.17123628841106242 0.751761796793596 0.3250801675562959 0.472255082239216 0.24575258626130292 0.25802662685254474 0.3093924488965979 0.23095184750695286
0.9753698095259119 0.08015707869262156 0.7678339695995104 0.39356974798622435 0.9723612147587818 0.32362079087263096 0.1917452288259902 0.9622462115930404 0.02796326557163853 0.5677644044898335 0.35657337992641847 0.7143403773861312 0.13935521546268137 0.45425312525137296 0.7006248383621022
0.26534501697742774 0.35768482584954975 0.36276850574378416 0.24729089034950225 0.48799310568558774 0.894426090903103 0.5421592132013949 0.30930270476842325 0.03905415084295916 0.22120734154233945 0.8396533112269884 0.027047836724372387 0.6603548977664282 0.47734900216809373 0.4764049268189441
0.38770732553591525 0.8668477036900619 0.3597019744709027 0.15456177050489162 0.7479491937024045 0.6120893057577388 0.8109796163071209 0.14920464531433808 0.04014026347385857 0.5302814208709374 0.24562709498206103 0.9379237335792237 0.7805150799986986 0.39406409289665356 0.7563742651232668
0.35146047493989085 0.7174673811898747 0.49854129243413525 0.7299690075260096 0.19075827425685554 0.45910562679774714 0.7845575704410248 0.5671901471389544 0.7489289718977896 0.701441410650615 0.6480338840761432 0.7500904254576553 0.7010563419910893 0.7420553292026943 0.5472092166625447
0.3285212800651812 0.380421575212461 0.8088121211526709 0.715924136553405 0.008343246170075314 0.5466504353303004 0.3591730341616737 0.5186213874705604 0.41532697281197206 0.36944493047493276 0.9128801888457759 0.24152742261591575 0.7816016300506539 0.5009772934795719 0.169263990250908
0.40451821668638 0.25560875533802874 0.7906874977082455 0.13015147072211197 0.9994616558710289 0.27187176300477023 0.4081398893283087 0.7003300605939969 0.413367599096903 0.9334920063860654 0.8827585274038723 0.7697473168272091 0.17846605437411256 0.1581346264125636 0.8436749067139845
0.09510444234068949 0.10637310681600942 0.41736874639302757 0.04858567131832936 0.39322757145218834 0.8097926141250101 0.2595777444817141 0.6274322013418476 0.9345770908421136 0.09274169482963712 0.448257664258332 0.3348777367630318 0.5824826197691579 0.19907645568268495 0.4703725085332474
0.0049721822615773625 0.6621670801870517 0.44913338315131335 0.37353762919248756 0.33205835178767606 0.2633502142480936 0.36559165787055226 0.3761530705350459 0.5638876207713006 0.5811983292042331 0.9921995686761886 0.46121110650652153 0.6860773554640084 0.6826138918024338 0.7427984512122312
0.21235318935323244 0.201455890705183 0.6483345893191039 0.7831157592795698 0.47985345289309034 0.6635056434173568 0.3860388277604283 0.644088169003387 0.0745572232017907 0.7100281842279074 0.5356303245357239 0.4930152565881313 0.579404696324214 0.46132011144943386 0.7951017215426325
0.24763217883668054 0.5410215251007151 0.7965616698393535 0.6838534767897966 0.5082300940598599 0.757959545148514 0.20278474777475253 0.2300705377908463 0.10424122973839955 0.11752245717479604 0.6027010100529189 0.3197365010743225 0.9042450936992407 0.4497126114925052 0.8108341516357119
0.4770908095875971 0.4221410726553415 0.16468745196668833 0.041815540726922173 0.6598118498483986 0.6672718025291559 0.01921424337153288 0.20036564057740702 0.2469344690724976 0.6325710055173555 0.21796506092488566 0.5193979856201464 0.7734881495696206 0.7923481050907786 0.19709389846084147
0.4808465743245046 0.12306739800451694 0.9901113570763098 0.8603905747024426 0.8532316116479909 0.8280234500262874 0.13687016133422347 0.7424069978247504 0.11064257325350146 0.8466923713816532 0.2116462403719248 0.5583031330753236 0.4597314376399685 0.6880515732430279 0.15846254812762428
0.8667615294527491 0.19447338606257847 0.0364229831700158 0.4078677464874302 0.12017091656680157 0.12286605189772948 0.09231799479011427 0.9160931270875289 0.20538071988009776 0.3654023156003636 0.690245502925289 0.8112280510065185 0.6886803450373672 0.912066344258343 0.8802814705345945
0.9633388075309263 0.37025794688419844 0.942765681784335 0.0674243194138111 0.05424531326191051 0.4262458380736682 0.06552720877311824 0.9912375957943498 0.012708347272184284 0.37056029349070896 0.30744834232888874 0.7980076592459175 0.002070027051517931 0.30409609968884077 0.9053086046630836
0.20862062169192042 0.4999285761320509 0.43543671511498927 0.6859118768736697 0.31758958680607297 0.39321772526426335 0.6550933853102071 0.10064217322243585 0.8721396486139771 0.427100311541868 0.024387421238527218 0.7843812689676763 0.9749845637105058 0.7923744810247036 0.400441929633538
0.8458496269677238 0.030405752541281528 0.11363004563634482 0.06035042109419242 0.9645965648398684 0.410470909352998 0.6091815622839327 0.11044173254953249 0.7692793694744012 0.7567057990765647 0.7338439041860402 0.6706616782977733 0.9025357680948809 0.05225941841780257 0.1869050342654005
0.3094441126897123 0.6396671971200626 0.6005797468043246 0.7701897257949006 0.9710449505595149 0.9215152480988985 0.8288431118418899 0.21489715098086004 0.6851649650270637 0.18632766783586707 0.3978572618651989 0.7609341416936156 0.6777878264683386 0.44107354121468256 0.44488481668975277
0.9687553525768225 0.1125125120582331 0.5995824425708803 0.9118100504981407 0.9712601394756861 0.5832598641191077 0.2330455602582847 0.8182985439723913 0.13208532974712262 0.6520850752206767 0.5278314171610387 0.028076320028922686 0.8666721177668381 0.1799293808285226 0.426232502740571
0.5261808010801593 0.20377427744577714 0.9334957827314418 0.6376733451882373 0.47601326096813446 0.5176140120322268 0.9680350594803311 0.4510746297282836 0.3572484709627699 0.7446807320805131 0.5836801651840721 0.05348201539040531 0.2991341618628742 0.31420728244522333 0.23206842155653584
0.3657323772511184 0.31843917865930327 0.9676470771682485 0.6103426833723861 0.2428441552168472 0.5472861315216891 0.6200146345948748 0.3212238166830257 0.25498271131922357 0.6933304569365487 0.4247411488858017 0.9006990262967125 0.1642655487728093 0.9132248688936083 0.24373589887737968
0.7189716732725071 0.6433364492479193 3.417553090789838E-5 0.7956329892442111 0.24566970973126856 0.7435513246807114 0.2862426414853392 0.8577424236364075 0.4369118761599994 0.11378312307791594 0.9462221061679342 0.031013230474005282 0.5496818803634926 0.9952668350467774 0.44550571143179585
0.7423558044005775 0.5180628146480947 0.57356959207557 0.7289392443169319 0.35495906149225676 0.13623502724736947 0.3556854908424386 0.3657574967638987 0.48477784817530833 0.6847429445055042 0.8584183617032661 0.27686097592152303 0.8801544015997916 0.3093873044158836 0.04362950550266553
0.8580436995382346 0.5115773641693554 0.4162009512284752 0.616592479146137 0.28265018107238504 0.8398701503230014 0.5813184569672831 0.5156099642046656 0.5181156958230972 0.5836405085498931 0.991150382082542 0.6642124635963097 0.1230709067554514 0.6906110416910821 0.22612555528138845
0.33167255060871315 0.20516830744678682 0.6324907141907148 0.2803656314463199 0.25323220843611527 0.014514439871455842 0.5893352624357884 0.07000805867185145 0.9983551026553902 0.5235684516683669 0.566884478521991 0.3244950948207401 0.9434796935010611 0.0015944052095336891 0.9991529079191135
0.6779981076567945 0.6051630088260378 0.030230602412240515 0.9285892863153187 0.9822477427260857 0.020168945375103164 0.6264667717248226 0.4274100238718497 0.34739260340663825 0.32096930936469314 0.14029547727035907 0.5262499628642434 0.18410975686466957 0.648289434076304 0.3765313992533591
0.550063778757215 0.5680432343218685 0.06674491037128205 0.9537684278058075 0.42624954812947236 0.5767468762744897 0.20527906841393384 0.25817104626711584 0.22625562660121412 0.8596604793083283 0.9310260360346639 0.4757732097541003 0.9294711288699912 0.5932492672150551 0.483387313651226
0.09418422493331402 0.15698842978701 0.14628821708936257 0.14452446847633105 0.9530780055367067 0.4128668459891741 0.23437485508335953 0.7031343031822009 0.3925683083685976 0.19181375345446205 0.07810487426485668 0.6802871416798133 0.29954956194765026 0.16474017884097247 0.09594740310997629
0.5292725796154794 0.8843087920644642 0.5374357852898501 0.9607075104884939 0.7958115255956807 0.8331917119306742 0.5926478950886227 0.42756565611286046 0.5306573444240795 0.0778312410344083 0.3721379060824199 0.20203509384824025 0.08352246537694485 0.7974248362118159 0.43282783491618915
0.25777978190476747 0.7754317695977314 0.42777211523181535 0.6199383275798691 0.4370871636557069 0.8460173514190048 0.38926206431830057 0.8400590001417649 0.8708913615766498 0.5029335559305089 0.9657246248094525 0.8883809496792809 0.7405941858834615 0.8624855906327431 0.26703886760614637
0.4868598115588437 0.17053304949423098 0.06372865808096184 0.4906159791329493 0.8238677566280738 0.5877957314007127 0.8627084872151175 0.7603520598942303 0.05093102740642763 0.7151845044074071 0.5691790539415421 0.6663722481743363 0.3884389415243775 0.47348289400514976 0.2750460919417198
0.25486444854527135 0.7197497301867659 0.4607803027277426 0.9419502325853496 0.6245269692300386 0.8119069968350214 0.34946113055542427 0.06481700158577797 0.4746316656815437 0.5912201967284582 0.4955666663417083 0.30886492814970157 0.9194300230631984 0.22325117628737756 0.2905896794317361
0.7294776302351696 0.6346069380880368 0.09928827478065116 0.30236279797131527 0.9275092731134523 0.9337126516443982 0.2151782752806023 0.049553985498169806 0.7670069117601809 0.6859806309646782 0.8434254163121918 0.33338329137134304 0.08799774186537357 0.08166528315169386 0.8457564108440049
0.41052717603553346 0.18390279874138704 0.12701021232163023 0.4508884916125644 0.9327778787613944 0.6813028866571692 0.4081840289534474 0.8310275769247283 0.5018770828735746 0.8591969417934829 0.10199749553101567 0.35066179513879625 0.8920446773081694 0.375556378399466 0.43094242137732053
0.9325055442737639 0.4780747881360967 0.8308936687252789 0.7610688440819862 0.5879874342603846 0.17347317470444978 0.5917274065484179 0.3234443240441447 0.7934653351979012 0.2309611664761103 0.8212394463060148 0.10341495018333136 0.05839029577959132 0.586773361529346 0.7200849430906858
0.786614695328737 0.7279303134554133 0.040527557676735104 0.5672291750462062 0.7766464300540848 0.7901039974459974 0.4540470343694606 0.26884961940062413 0.2065838908572195 0.21626336543223668 0.32536687113163343 0.7727556115218849 0.5549212142469753 0.1538037883746629 0.5482576848361015
0.8864421456605318 0.9463223718674241 0.11126835443747829 0.9029513231359161 0.7488081568917377 0.4685003260224666 0.12855303655478445 0.8403552145250351 0.44873401416721825 0.8687814680890392 0.8087079889788832 0.41989305634723684 0.058126941057557335 0.8073879739641714 0.002869245006453136
0.8402115706789473 0.6527067829163901 0.43919700981601517 0.8861445476274131 0.8623440584148544 0.7307191191203434 0.47171252950163955 0.13981579518815035 0.5665238331717467 0.8079265376048785 0.0042116193889171205 0.9640095193751871 0.30669126405792946 0.8666428848993725 0.39150433788304906
0.6850262160293542 0.43084061660687833 0.7672394186602812 0.09547214148361438 0.7928085201395443 0.3207035332623156 0.6924660064078687 0.98852682150509 0.3465663948799277 0.5708685193144594 0.18809447616191 0.8553584718105723 0.8203678497912852 0.6752864420311778 0.38780488724149065
0.9028171296163745 0.6255416852128579 0.4182143563795333 0.5659005066724201 0.9325000028508169 0.7430285064674711 0.2770011685767646 0.24835032547391778 0.4565922345081206 0.12635479675859318 0.5357199010356757 0.7308225611493075 0.44473573016599777 0.7946944919334106 0.4815039701822105
0.0017865626116180255 0.5781774211124333 0.8255208641140022 0.009544938611471876 0.7494246810981023 0.8571747519986841 0.777641262007119 0.19806213873992462 0.34300939932130814 0.15861260073535843 0.42794584027452376 0.9311552903088742 0.42256534934856593 0.8730128108195453 0.08899065662198069
0.4453029674483453 0.005050097142060284 0.06359334369096636 0.1895745738796285 0.7543717823643148 0.8209511620838584 0.6847617063950986 0.24675855842166727 0.2683518476416141 0.9321109695554337 0.2734025607525401 0.835314679367257 0.5626365571012572 0.5497559163091411 0.1835473556925482
0.6693816964194329 0.17751573766130646 0.37111904634946014 0.8734891097889362 0.45114267058606583 0.5316528131837753 0.6837105672355139 0.9741330386227517 0.7126295530431945 0.5186684133174149 0.9482040946294725 0.8683496970864498 0.47929834040127517 0.12255442373390579 0.5640707356756927
0.29332398491745026 0.2178078432525813 0.4354935108797251 0.04650719414708904 0.04137023796554029 0.19547383449120737 0.7907616313810697 0.8988679575348056 0.1794095505691553 0.07515971031387791 0.33374170509155354 0.05172612794860165 0.33328288973055764 0.29690358813482653 0.24567881442089534
0.8578507817980086 0.49029923598737557 0.5563710249626586 0.0076584578300816775 0.2818038232669835 0.4618951674309879 0.48026144752749667 0.5463911415499282 0.10352211026397129 0.6180087868489967 0.4200857760778436 0.8387382850244849 0.6671661260105068 0.7557470798008712 0.13827107737004374
0.5685156101646561 0.9496789971846467 0.9971527415552058 0.04433812586149122 0.7269619849066696 0.4979151512227653 0.42435300132871967 0.5539359837189197 0.6273634123512103 0.08886101148773184 0.7550993906012916 0.0898071101974749 0.6646729614703341 0.8043844109107061 0.7376840464612319
0.221295633822165 0.29256947373145537 0.5801138193264851 0.1014447725420331 0.4478003709188437 0.11324913836722783 0.18746205847301545 0.8375475501344232 0.17161335372845454 0.6793456101029298 0.03847360534557165 0.30446167930958923 0.4768732210319844 0.5927262916425237 0.16508838407023352
0.15351968140579142 0.4339029398793409 0.7515132587970602 0.2175791915732781 0.3521799602904737 0.7819890496477674 0.14452949770385115 0.35133396722417165 0.6460876081166185 0.008699702724882297 0.42147249046342894 0.42681780760489396 0.6457545375027829 0.04012759863579862 0.577468562178809
0.034464568833942 0.34965732131441674 0.983982424087352 0.4822632060504578 0.4744106780836058 0.32277719031226415 0.6262473040164727 0.6571540291979583 0.9703991316432689 0.9380834852105567 0.6721524306009582 0.6568747851060288 0.07784489523376326 0.05818844007200519 0.043507720016884965
0.6489897932203049 0.45796706820394095 0.28537745865598585 0.8969762127982032 0.29996073836891857 0.9330577797057654 0.44044588369697346 0.4116585093779478 0.8748984733540205 0.012371078710202932 0.24424981665717338 0.8093973674877187 0.5371141315856677 0.8837798175078168 0.27060488187509457
0.5175013382137286 0.19393620558875835 0.20326198322275058 0.11514359987157785 0.86112468787498 0.8768604899859521 0.8824426668564427 0.38196846501615855 0.18133051080984386 0.5669526776161871 0.47383126676474263 0.5284145386483855 0.8149022610271166 0.5805241068132725 0.6840581513576633
0.8279618932536652 0.9432590775427028 0.11545284558826396 0.007328365700880246 0.7123144572020723 0.920367972450134 0.3251243088818354 0.4644750090221952 0.5358890390747031 0.323336377966299 0.3348165821729612 0.9574080884081595 0.36943423114441176 0.6344065977547265 0.9444575355012164
0.8044190080527744 0.7742259320354238 0.15936326796060762 0.37203243448664736 0.6087152359022527 0.6342623624014473 0.5149038439260937 0.2835218656960651 0.730723206357555 0.03110844787269329 0.7763113878690601 0.5281019722308373 0.28411203149496156 0.8345156266974373 0.16680746801987656
0.45144005122812114 0.7561543308061216 0.15166996575721892 0.9912528322778591 0.3952704948305784 0.06495494085895659 0.02889789488519756 0.36940179854672184 0.008037250763542003 0.10924165830129973 0.8318854023040281 0.20770604937338555 0.2892409131783128 0.6408271546769229 0.5439433821391708
0.7637018991263014 0.8692299175735853 0.5955144417385302 0.8165778260652093 0.10330477011471595 0.8865267163415158 0.855132726655456 0.9826007764679359 0.7288734985076166 0.9663818945506166 0.7815544938939858 0.39924399406556477 0.6646956833987909 0.22710020553860022 0.7629588402465061
