0.5123550525205969 0.06382115471039396 0.5699219678450695 0.36290094713002574 0.05107383377812158 0.009840127134294052 0.0187825160744568 0.3060540913349926 0.5324953875035097 0.19947809023300356 0.7045983980531583 0.29609876363052456 0.8284155195568764 0.6088862894272199 0.5227324222870594
0.9384509186121568 0.7652054975268463 0.2260705748446029 0.13886316495838857 0.39219542927595885 0.21820639197787917 0.2996679010362646 0.16576594301762027 0.17886809583084873 0.7036069958675288 0.38059329443348944 0.3400337535643849 0.831120692904714 0.2581183695437461 0.3426230492172737
0.5637587036188928 0.661572754667643 0.6164858647371453 0.13926882234196503 0.16154675305222455 0.39406817056440324 0.6978552329360289 0.6568365275009486 0.4698389498374461 0.3927187231957796 0.19423605700165758 0.6573527158877611 0.9233651467464414 0.7485305785249289 0.6177830214291767
0.47008055157380846 0.13265714571402587 0.5390741671674435 0.5083407591756044 0.7866362298918432 0.05689942138504156 0.16357151804666015 0.6286762031516586 0.6422560745858666 0.26799807193302094 0.7739393675715364 0.8820474337340308 0.4245531233493567 0.47459936345143494 0.471740642874389
0.3752357167483803 0.5411416343698436 0.9288912437097253 0.12166055087884009 0.5198931052373772 0.19879671128022103 0.07437249017948477 0.34403794146708966 0.3160353433516919 0.5993551935670756 0.80937623098859 0.49214631796052366 0.9937357475422371 0.7413534218292981 0.038985230480940714
0.19433358495453712 0.002552498964541461 0.9314359274966815 0.7670790055149571 0.3467925657401506 0.9329485718693431 0.05585904790554308 0.8406034069034838 0.2796497359324803 0.3299397347997153 0.6399515623241793 0.5997555473761846 0.1872225146203652 0.5164328718360148 0.7321841396945797
0.1106281264180694 0.8127102698985256 0.4821932517455587 0.6895382556190182 0.36095900693800753 0.8082478475031216 0.6141061730703632 0.012154451662626187 0.7849832362630254 0.15316481189100795 0.544374634545731 0.47777842069153964 0.7499866175191401 0.5064572977731547 0.6755216489882916
0.9603131213542112 0.18501083262320062 0.3938935989265494 0.00454201500583995 0.481823524051738 0.3612627068840296 0.6858389826361976 0.7132751107663303 0.24363036694173734 0.9441306877989787 0.9087987288829746 0.6180469666720594 0.6096675181506547 0.8283139060392185 0.5518426329171308
0.9788558981697952 0.2740674031810727 0.9404204487219013 0.6784888801179896 0.3568534371521206 0.13497757366832708 0.14749301517193436 0.8352879635555044 0.17859782280711478 0.7179004744899365 0.6452720924921057 0.4602630550197133 0.4165348491604277 0.3443881087852527 0.7166074836553331
0.7375255668716156 0.32738655752504164 0.6257114291317772 0.5482816631576728 0.11880011140450042 0.5036056541059483 0.27616444442516397 0.8736091204212072 0.5382564610818745 0.5877794074487553 0.6869510535968765 0.5685278871698022 0.683959955333113 0.8758436555691416 0.1791424032810376
0.9705008947670376 0.5574166686860593 0.6921942214600217 0.3629814347011827 0.6123963117542988 0.9521028537868745 0.8582592747278679 0.5708499506441383 0.2676174960522635 0.41253278584184194 0.7958231188470943 0.9025034865382219 0.6881051671303136 0.6973330462486658 0.8073680676279602
0.023717217199761387 0.18343541549310194 0.7629551781195048 0.8579278271724273 0.4932761258714272 0.23708902312212154 0.8090730018716911 0.7464226440066611 0.05828126257979305 0.6850693004671792 0.9823748010051305 0.8991723284436262 0.05403306173888078 0.5923966720628745 0.9223744044233251
0.14426046892795885 0.7722916739665963 0.8546104562960126 0.4510299452690637 0.7326496319854472 0.4205036605060668 0.7242593457890152 0.35737218933522474 0.5604234212665428 0.08462308286685738 0.9164638808381559 0.4090092259428877 0.01625849775814414 0.9294440533043069 0.6829857507783567
0.43428797581734013 0.1292057318604456 0.7229014468585416 0.260840235852271 0.5620569436583628 0.7240864740345532 0.6545847459247999 0.399339842965996 0.4803890321024932 0.10528633183128311 0.3337496653395311 0.24855858166939315 0.8812871445421515 0.38445564687592404 0.7984009949634847
0.752557878445131 0.09530906462509414 0.9436019731218385 0.3445591302119354 0.83231676342139 0.2882127979924176 0.6822871449439213 0.9936121134291008 0.06616077334565951 0.4911370362558882 0.6361172337062884 0.4556935032369649 0.279584895385274 0.16649581503409772 0.2734408492428667
0.5183162005776636 0.4417182271412421 0.9736803118468851 0.2781478067757225 0.8920307622008111 0.5322790328560421 0.8918248555701555 0.9086862395709396 0.6786661686130858 0.590720709732932 0.881308403263589 0.08689332791528281 0.7927499491874589 0.9883706345698957 0.8213265950715507
0.21496114764937124 0.8629936429735486 0.07471555049321865 0.5477835600046163 0.3448357297936414 0.36826873015409733 0.7405884059016167 0.43391709354943087 0.7315740283333836 0.02128691431715868 0.11386357979587469 0.10548430622246507 0.9906598030642396 0.7032382065556346 0.5573686250468476
0.5629992726284037 0.04900660083029584 0.573928945231788 0.3740722855439703 0.19542840121352367 0.8303517816356517 0.334500916850632 0.1412103412473812 0.912912748683625 0.14797268739538738 0.0036021387738559563 0.39286197247434995 0.9005013167405005 0.591132519251786 0.9829186250973535
0.4495914653138181 0.30054260155527057 0.28638966184668235 0.6342656557941124 0.5541209985096418 0.4682965964966529 0.290881381013094 0.06797597603327798 0.11360232776821155 0.31349279781189854 0.031918819656986286 0.3511118316929892 0.7719065535843548 0.6399741538220961 0.6457070815033711
0.8840661593613529 0.23945259820119158 0.3262310194396286 0.2877307615893737 0.26540785954318913 0.29344691365510245 0.6515430294437604 0.4883216602085455 0.5673650426159484 0.12800808901211913 0.06561089260012654 0.4091521547885195 0.578128865538986 0.2815018364871824 0.22397459829405464
0.4198741313658443 0.23220002709050014 0.6975135829959255 0.16717773403496594 0.7588501346574287 0.14628893859067615 0.08623687546536085 0.10855266522341511 0.16789967855476562 0.9058195274062515 0.6446579769771876 0.4136645324656788 0.2982104804639587 0.5058759047475281 0.3667682854716702
0.003866669629798203 0.37304086411302295 0.14046985819531044 0.6291377840975461 0.5970838578839687 0.06256595466655757 0.35529663923566945 0.4725344386390994 0.9108539843348792 0.7771971781743056 0.4316852422129145 0.01687571164011248 0.19582242353198032 0.6179309314530327 0.7532385801343883
0.7446503718699236 0.24229814712820397 0.03575882371631467 0.8216977457038593 0.9670500068196832 0.30814410522580915 0.8468986672288709 0.534854333334834 0.6474012274653583 0.2531885111201576 0.6265815169013363 0.316872788282763 0.8980912799718268 0.5335081502727228 0.6613573907029875
0.7001749359470486 0.8900312907116715 0.6083482789848658 0.5783579383274907 0.9980769213944085 0.6178027136364976 0.7431084029870229 0.48968154295568356 0.7786586305464108 0.9489846167374373 0.15373663820189154 0.9910427411327876 0.952884096308545 0.6527601807047302 0.9310400480870179
0.6360542631803037 0.4237810527015494 0.6507535705074541 0.20783165690403937 0.5709867739218691 0.4085263334044271 0.562148291882775 0.5875000044518415 0.8595776069455647 0.7415731402824249 0.7254915479394951 0.9394997393965155 0.6534370891814447 0.694495423481405 0.2711888136858429
0.28542731405839494 0.7708264511090167 0.10701306187140924 0.49154610515186214 0.6487584723181095 0.4350590731571322 0.9137016846095538 0.7093175740733669 0.42198968092888767 0.8935026392838319 0.47217849512780186 0.0810686967726888 0.01683847424513152 0.3891365600525527 0.4510962636956244
0.28826615537691846 0.30632248255751493 0.488845478451576 0.4200652469548093 0.8668574365834776 0.6419509977523852 0.08610660179952145 0.6986627306068217 0.005204677897200138 0.03492637139384269 0.4904546265330967 0.467978702781619 5.888504598181576E-4 0.42716735121732385 0.892084882920053
0.6256849383154297 0.20610177265557683 0.8461300049182766 0.1471820999083705 0.3744044171845584 0.22259525094860977 0.6368162411811605 0.2680381015517319 0.07319668083995567 0.29445812863295384 0.8950237909191858 0.22174920972944867 0.45326367005829926 0.3533435171802184 0.687805631544302
0.642259656334458 0.9015200255882609 0.9205699141471391 0.640271149254156 0.8427449101481802 0.14946074014535227 0.12677206591708656 0.9922749298372314 0.07880463985515151 0.3697979636370621 0.43647809262305015 0.28420351198106875 0.3576617025789808 0.3796279511028102 0.2756417750854818
0.4179842980098898 0.21454073911874616 0.37642829180617343 0.6517600739679337 0.9576051384583891 0.7846254077549722 0.3919745341094285 0.029057355019260545 0.18284671171616174 0.18747102139031646 0.43930425830316266 0.1753199676751177 0.5905942876753231 0.7104750614564689 0.14914592098554635
0.4323154726547167 0.250009528283616 0.5289849451063438 0.5447688336427302 0.8783335286911761 0.6610066083443875 0.732849133911429 0.487999474576033 0.1492356843211351 0.5398915971270383 0.24269379026680638 0.24418860800305864 0.2635042186322194 0.26168749018273485 0.7939342914939421
0.5602029499937992 0.6571305643225072 0.5255821140023604 0.5425069299624843 0.6270533944124814 0.7757864212301258 0.17809914005722394 0.0035331614906923825 0.30756201384902104 0.9945712563183826 0.028007647740297403 0.9726050107892936 0.04950808282110164 0.3397324059577803 0.9176489252539037
0.7991070130876643 0.975983018204071 0.47210469313828163 0.2772734141964244 0.881966352045332 0.7472229511105781 0.6586188477461384 0.8821452020323183 0.5404498824022573 0.9219771254113034 0.00607868968590175 0.5565850397924915 0.4761027581223215 0.711508389500844 0.06050953399508485
0.12478680664685082 0.8866503005822332 0.21561247976258913 0.9857311769192837 0.9951573587722856 0.9186612402516436 0.45758068399123053 0.9264103573635457 0.3830923748414503 0.55299686222402 0.7938200974246542 0.8336999678276868 0.3265160916660643 0.20554750674052646 0.5638848525476622
0.9856726518461202 0.32917607678189076 0.29548384528586313 0.16796016313853457 0.6701090179175337 0.678598852229326 0.7842277700126445 0.11138091890307744 0.01380160392104135 0.2287755981557813 0.22057321660589224 0.9395548149391362 0.7403877275903651 0.7120618742423224 0.14086500526017054
0.4016997294414495 0.7178255057040867 0.4504389022504123 0.7678692118488526 0.6280936210854721 0.5169793457827156 0.6731983019390501 0.8279459929547042 0.5830746756808174 0.8443823211229284 0.5162759241136209 0.9633618761456363 0.5648181359313722 0.6350947763816902 0.1778748303328993
0.6550552576723753 0.06295564389254271 0.7956798163342841 0.6356814112327955 0.7908954785778783 0.8563916718720106 0.07266804795182713 0.7928924274489869 0.015452213128804293 0.8362111594914279 0.288485479529195 0.913435337508686 0.7795185220478789 0.67236059213966 0.2346698004410923
0.731177783169321 0.5711078568472154 0.10782533830655594 0.8413024440958927 0.6735867696830108 0.15437110522392616 0.36031326903459904 0.8519346545208205 0.22721141786650034 0.7688571529920329 0.8389956198180679 0.12488772224196665 0.5905279482726546 0.1487663953541828 0.14264325823374036
0.8546593760209905 0.4090990582791917 0.9103234393406742 0.09553761879825495 0.46126901519935604 0.5686643802130634 0.32512196118863046 0.39882248358561934 0.6307273509383632 0.7336921765521873 0.748270840463678 0.32750351002643807 0.006416131442400164 0.5620873848886616 0.002397598142364621
0.7870910202872134 0.3290162462259668 0.3011640838274475 0.8320415371759428 0.958919723722467 0.40172371862672174 0.7756554495464446 0.13769573021586157 0.7094697551389689 0.11784455810597272 0.6154479585966681 0.07473336023915189 0.9165508804583719 0.9294610352053755 0.9388903961863172
0.2596805812212545 0.8740018784741578 0.5587138262568978 0.6069428808268139 0.26477461053222573 0.9765956165331292 0.45734538547364956 0.5940947829795548 0.3014725053040448 0.9581296429211315 0.5055023571782093 0.9838941701127705 0.4945520579576147 0.05822087839278933 0.7073953239785616
0.5900967583757954 0.43067373636451123 0.627112723574205 0.18926689980714073 0.22885427023190952 0.7287482836927954 0.8428408511709853 0.6342197985590222 0.22302866429007084 0.22418158128979315 0.41139435396141855 0.39880848176924333 0.8066305156076223 0.9850449662552964 0.34804671995246184
0.9478997775369599 0.7155454500680901 0.7854455624700707 0.19682123710878208 0.9171586928752902 0.4001258804955862 0.8498479258133252 0.3350935703956761 0.066618209950418 0.9758893500834777 0.6518246313673666 0.33162400958627836 0.6241424826850257 0.2404791730596878 0.3016904601551007
0.6788507092734933 0.03419487179949765 0.8282070282262118 0.5897007276423922 0.6040640119660705 0.9251740642241822 0.8479106782938207 0.06497134554250494 0.07912161471048307 0.18768223776879722 0.15552535156331881 0.625004962070156 0.5946528381043863 0.41644190871886944 0.7496795852966123
0.9666831790453912 0.7422396551148073 0.610178625923422 0.6467921975967479 0.906812585991049 0.15685102017455077 0.946639058355309 0.9915596722418716 0.018788009276868745 0.9118461516616555 0.6540148815020833 0.0893883456407728 0.2516631670891549 0.030151748167935644 0.48539518151327654
0.5092391002640777 0.19889608858809116 0.37775652844544594 0.06947083985377822 0.39851684929326336 0.46626196288114696 0.8394563160664242 0.4585666198329639 0.676050901360409 0.15190409014584305 0.3418213859280689 0.5241778420921531 0.8248761863923334 0.7962189936639058 0.9846471263479329
0.4605403374735628 0.5934401679908221 0.285249017832223 0.26968818964632824 0.5483635211622978 0.032023114046130896 0.09848200746989577 0.17426489287452562 0.5037086105191513 0.9405745071259433 0.9804341896426191 0.6073704172564367 0.19109507974001005 0.9848320690196588 0.5851193544906953
0.6071958961764035 0.2152701061198603 0.4495036099620858 0.893483276652117 0.49152963981188347 0.9226775086262768 0.8404566908891075 0.23610950741010373 0.056275893928402265 0.641514062664035 0.32227440319561007 0.5669790240956957 0.832377656024012 0.5683626466820443 0.2832001815877139
0.2287927757206405 0.35771675669911907 0.5697434515373653 0.15640822167180546 0.8263425099724804 0.398104252259176 0.3085255980212498 0.9947006375471743 0.9816423304444706 0.06026205178968902 0.5279936902036668 0.19514579029767642 0.6830095006641841 0.7797371780305858 0.030464742783314902
0.20083740495695357 0.6600099010680578 0.23797789111149215 0.872703003230128 0.9688666711006522 0.7171599154401973 0.36534051323574446 0.5669814921246225 0.4867651382378999 0.24150311955054693 0.720585303172717 0.62449060611093 0.6440891942905967 0.16265692208655635 0.7024575624121682
0.6068960312007577 0.3214813067787047 0.48865037240407805 0.24524049727712316 0.9621991288870217 0.6464574025472711 0.16685162337718462 0.8777048024395773 0.31265543174703525 0.9833337629763896 0.4265093533950699 0.2836688106183518 0.5353573873607317 0.37412069211449694 0.947909670360123
0.7924227730920959 0.9301901917645766 0.8278744519054895 0.17287597507680041 0.5485591608585442 0.005219911452416182 0.06791314930975068 0.8223163507730107 0.4632905039238677 0.9261757552828144 0.08946570429375766 0.21874940701922652 0.43312501094145284 0.47453924164028194 0.15473825857985768
0.3252158403600196 0.7268094637491775 0.4378547642318824 0.6580449472599031 0.5067098914957917 0.8877378864178437 0.716227574393933 0.6305654070168086 0.8962413814713431 0.9765634250348072 0.07057693067189574 0.5224545799649913 0.9048652013507105 0.4875401449373694 0.3610635812782653
0.2994446139730086 0.8534923374877618 0.8121604604337157 0.32821216965387046 0.8217430646998538 0.9240223833558973 0.6949427774143907 0.45460110929813036 0.9349453369952744 0.6283145819775813 0.7287633222167402 0.21159369469477196 0.6958432280514998 0.7757407635397393 0.5709148883678625
0.0434357138202609 0.6804261030918566 0.48354016367788777 0.22611445908431005 0.770147051417569 0.3770344857725475 0.11892255232307469 0.4389707914049539 0.7009852324539805 0.25454074949657735 0.18784293717541145 0.9659618540596466 0.6418615007661386 0.21359487423795853 0.09259733141838156
0.2557612555898082 0.15294093982305523 0.7783878813833282 0.368865943916752 0.8567920646053102 0.8667598540057698 0.5670493562439345 0.4825565442607006 0.6921748461176966 0.41254533514801883 0.29070953186069326 0.517777181269193 0.1947766114116638 0.509023223073175 0.7744205150012572
0.11949447309197336 0.17885584288190426 0.08585270769055808 0.2675454454354316 0.8679097156252121 0.2398379852404059 0.8729266320245634 0.6168879476157392 0.8563117574120945 0.4200450156297284 0.7571290162670269 0.7127491565390955 0.6201426506120439 0.8557415449316134 0.34774207980555805
0.9862626134690976 0.7222376761480379 0.1296491656002251 0.6145471310251284 0.6357722321524544 0.23767894365230546 0.09311953870454315 0.1667650522455728 0.6906823370342078 0.1014275984316434 0.9934461817266593 0.7263336533158696 0.9831225893516816 0.7828764999806561 0.8443335293112125
0.6156208127301103 0.5909348919014057 0.03369187749148861 0.11133137973526352 0.6275238014390817 0.33990368149406835 0.5187887981328192 0.9490813881177843 0.4750067898285639 0.5088144855701833 0.9850121529651769 0.42351176046455075 0.1274802726208053 0.9678402627015434 0.24807108113116838
0.37965525043148407 0.733027175264147 0.5989185709718453 0.6855016416112707 0.8745542165071092 0.4983327254630283 0.9961973678975722 0.1119087473628172 0.38475651519168885 0.8522760877564339 0.12529045410018724 0.8824654338812653 0.31919385411154644 0.4544937112676881 0.8319984937271957
0.8216236400982845 0.720774288793496 0.1268255576841698 0.8343147056721446 0.10621724967096235 0.4238091076470202 0.5834076165190386 0.10594947605475113 0.5456152347251264 0.3494334381187978 0.914274501834318 0.36527095795418507 0.7963086483598963 0.06746934418144901 0.1376888994117108
0.7204740419184551 0.9242921618742861 0.23071852588329977 0.7780149804379035 0.3899528786095574 0.38582722841455896 0.9964616727287416 0.34880538549644424 0.8162675241858082 0.9356508494467136 0.08997981572625169 0.8248720324184932 0.42275811876900204 0.19141980421349603 0.7362027227713627
0.6724636131359736 0.7237749030535198 0.5841575487324543 0.28812774681119757 0.7732732543940007 0.4926560048282995 0.20669704321595628 0.014442337581573539 0.6258518671831776 0.2159993124586228 0.6355894919990549 0.17382199830928857 0.5371044119070769 0.11843851040493891 0.14667555858274617
0.19966462657270012 0.12689731787927028 0.6290474661171185 0.8704920949419973 0.546561431774758 0.3604073899858016 0.27866156852992485 0.3409140521296826 0.5085932998520238 0.4956938198055526 0.6668181040039208 0.578907929022268 0.10958112864164782 0.7880766299489114 0.31768232756223314
0.3229993164577786 0.9867070495816134 0.5282561843894779 0.9562397575282472 0.26903405670880687 0.04146293751125674 0.007710381909017183 0.9791989713176762 0.21403880289926513 0.5156716703506954 0.3027572945340343 0.6694640906804163 0.8124636558166203 0.06536541318327271 0.34777288263514483
0.00869908687929899 0.24781560137648795 0.35159460120949526 0.6284046422809981 0.7794210483489763 0.49866860791468814 0.6447798824750259 0.9672240489983728 0.01622316332816509 0.03526241215290937 0.948008901943112 0.2971119651730658 0.7651421212381863 0.7213788056310947 0.18471848152892123
0.02177246138577349 0.5408491825099107 0.41591057164009415 0.06749202586039083 0.5481228527980628 0.833257757419101 0.2695149655882255 0.3672406686844881 0.8419082943616587 0.5083045945032824 0.9939703471614586 0.43582648363274634 0.4057419619273338 0.9720756397262119 0.4453305602344254
2.2425878078313755E-4 0.9078722148304931 0.5231120635891321 0.7066989577174344 0.4426080212282204 0.8003306744786076 0.4046454045474782 0.482419856470637 0.00828741591035731 0.6567165100997072 0.6866752252320195 0.022712364289472098 0.6422078625833424 0.6327229186718315 0.2572168415946693
0.9862475923820295 0.44476782185387775 0.4066149503845107 0.8827104300909633 0.6178971302653433 0.0589953031597511 0.19221780134374944 0.5094970384431404 0.36985710860978127 0.6536650474346836 0.933577238371005 0.7214311253534231 0.6265787606016163 0.5507266015311162 0.5883051219670095
0.5431132784599657 0.507412860553799 0.9604527538042955 0.4857244684233112 0.5838907823538309 0.8156024105238299 0.7340068798304131 0.10628003635996397 0.8546877892089015 0.07823362875263706 0.5206666540406152 0.27028215585616555 0.45789092391320263 0.27898278216217487 0.22573079393857498
0.646903111996301 0.7499303676401399 0.3239726889075263 0.2051745714971881 0.6984464318442558 0.5068601380094084 0.5007787050424358 0.20440861718934789 0.6602620205489294 0.08515564225500072 0.191601430260129 0.6510350691776498 0.9232802996658754 0.5631107727756653 0.8838494497979993
0.5452837592416971 0.23399132564409186 0.3726304993646201 0.08485202068925735 0.8568504575825071 0.45579577882016775 0.9868791025792796 0.0921483231767477 0.03314802861846178 0.24600611227123137 0.8161586496996222 0.6967762405355221 0.9515208266657292 0.8943784080324444 0.5825555484194963
0.8042104223452899 0.4067609660364092 0.7419062660018703 0.09330812326015214 0.6460759270569563 0.015305229723263758 0.05271023916065176 0.5135111074749316 0.7254901189160904 0.23877932605839014 0.9472073943321885 0.950688094968552 0.889861965260066 0.0820961507608916 0.021347666357602768
0.4069261503563515 0.9572052624586558 0.9051032055560996 0.5745545650032092 0.9286813282029569 0.13549743837270734 0.7018136737361821 0.9481102001503044 0.09002795696210897 0.06934374097556695 0.14754474005194973 0.33607521869172896 0.7820382438933222 0.7241817470433696 0.6918254479690551
0.5724366574508687 0.649143186744908 0.47548893361909983 0.9837259930884311 0.8210276022892516 0.41273943124938006 0.708931556402425 0.9562988904674561 0.7988647355993046 0.752971542528496 0.9571203562308934 0.9681119820452121 0.14890070018245438 0.3815320341073316 0.09961501499147651
0.5023917567155529 0.8447905085079072 0.43148686093585586 0.4350455059891889 0.058085264386673274 0.058122225819283724 0.31454704503161024 0.497695499577133 0.032187170493672146 0.7476639098650875 0.7518719258204044 0.33561940691177305 0.5889681991234836 0.34053064352362605 0.7714032168300028
0.5933409498757358 0.7392797881697681 0.2667764061922314 0.08289315580537915 0.1494080487636642 0.11189931492149363 0.78176774558975 0.39120415423188903 0.24755532287684623 0.1889188676566751 0.4647973940980108 0.889121559180469 0.029951736829936904 0.09846986238864963 0.017747702465400694
0.38283467536749427 0.1319881339344703 0.4106148653208739 0.5042151892476064 0.2464061296126131 0.5302850144892991 0.7660269000168195 0.96735920791229 0.6759627152252736 0.14907862176441178 0.5821156514119873 0.4438392084464937 0.5200058300508633 0.8248689450808208 0.5275491626725858
0.7515566891069273 0.2991530320886765 0.10519045236266555 0.9336584532086745 0.07051935391727915 0.8967866586572006 0.014592526758136382 0.820001801343576 0.2589968980967321 0.8014991753939238 0.35939358093962825 0.7514041305402014 0.05123886589311355 0.7128897876810071 0.3624989150648116
0.3150765485081912 0.7683772345539809 0.7841794470188245 0.42054922413794105 0.6089596321090347 0.9407372113997153 0.7682772467573425 0.5578932194746157 0.7662233158789157 0.28763200448382154 0.8583436646215531 0.7153543008584212 0.20589536393360708 0.8298186271490152 0.06956122350311655
0.356487764697226 0.9958794734132644 0.5201427189597488 0.5957366900074119 1.673941508850696E-6 0.442163027763959 0.6695033389018752 0.6925232815279468 0.19424120301349912 0.7768033155314515 0.6181188089061279 0.2884649872501157 0.138112305159523 0.6073210109666917 0.5561770528711494
0.7057298742076016 0.6225478527285695 0.6114175238505799 0.13330525488192957 0.5843125088217511 0.21759557381076933 0.8134728782813555 0.5128953019382848 0.34665026807230337 0.6624332243238191 0.6630693931447571 0.8251727404754633 0.3140121968096895 0.22909426625156404 0.05082556265697136
0.5519989053564031 0.8916830231897894 0.4254122211546877 0.3431136223903578 0.23674725294736798 0.0768791814077674 0.7786700619741225 0.4947734686724816 0.054196565919516604 0.9114976137819882 0.598666177441041 0.30772425134132164 0.19823498560080266 0.40121223943149653 0.557386135325087
0.9434147057702161 0.7492711240411404 0.8530971501906888 0.6421950639348771 0.8683416711535774 0.6685988769202319 0.5458693640766185 0.5404429294406385 0.5144056573555917 0.8335655895795003 0.1400084501549369 0.795600837747571 0.06966140126219089 0.5752431997512933 0.25942398631902464
0.1385233862168429 0.9800602147508394 0.009405165378797209 0.23200603891372562 0.24215867650337097 0.9390703002600077 0.5619620661765629 0.0633081238584493 0.7740039794638168 0.36959982990191087 0.4816114802212721 0.33577579710548977 0.027831782728705456 0.6614370892459024 0.8053085519323497
0.8753483498034468 0.6046875444897224 0.7174608126839097 0.19626558043565978 0.7079250371436481 0.5828865060945906 0.6831629075454689 0.3095404922858511 0.04010134128779719 0.36771460144046364 0.08656490004432671 0.8568754880748457 0.7417449282053806 0.943763670587377 0.9993984737984605
0.34029894541264205 0.08239480335830396 0.5663089197719338 0.2454594855765213 0.5031048525565676 0.27913155132398426 0.022862533850159572 0.12833399699890669 0.9071761128013087 0.7504802526526487 0.4720138647184935 0.6282337677307301 0.6872190326712015 0.8390720486143756 0.5238936457496967
0.5264680305026069 0.45532849665836517 0.16520401500080695 0.6650757574222687 0.4561169444847195 0.5334044131441562 0.7041017979447983 0.3504567875420065 0.4487616743582469 0.17629171876181082 0.14160227326818076 0.0856304692119817 0.14966486914355803 0.21511788125278097 0.05613914413953058
0.6055001469327755 0.5075842221192916 0.5981533395300133 0.9993269293558854 0.8183494146406799 0.41044131744236834 0.635621962211508 0.6031038340924829 0.5293172903853586 0.4343565159318685 0.36523978137931046 0.4283080794234415 0.08320129043094537 0.6011000645546947 0.3468625760780364
0.3877252323910687 0.9737377973998605 0.7977984413319227 0.36747361318062777 0.22605978429292284 0.15498592610262396 0.3027742127529909 0.9918450415541487 0.7199469044144936 0.26016809576433986 0.6826865498753741 0.6295576202634696 0.9730349415503939 0.1842960346381164 0.178678752257026
0.8056651478729377 0.4243335764506182 0.519138638173104 0.5830282037816562 0.620141670908424 0.9624357848414938 0.1425638324572951 0.5228329226765842 0.9603509126954517 0.843886784124059 0.8590136388381715 0.01355859579281693 0.8911287814247952 0.9508863309670607 0.36384804138560767
0.12280826072670803 0.7886720036707285 0.2916754794500044 0.9615196520499039 0.5934665392396583 0.2072766366236639 0.546372637173982 0.4060181301287228 0.31540890907244035 0.17207247883513144 0.8916877513442162 0.9517493528739105 0.6062557912990314 0.5762506623091853 0.29985770333722495
0.20399155380643874 0.36419033275163737 0.6278832200079275 3.101310693705006E-4 0.6402964517629444 0.28964764797156806 0.8392851226652618 0.8169765908555889 0.7376806180912114 0.5377225039427468 0.8809707201874015 0.6498404362825326 0.48517849815166203 0.35943140240061444 0.7326083466109813
0.4562186153088774 0.6873050766813107 0.517504126209215 0.954977846595807 0.7054406922191439 0.8712031993391615 0.5211688446459013 0.5797882654293146 0.43000256467864006 0.7987264404534491 0.014433951536839129 0.0683132627291887 0.6769361656347034 0.5544352406951694 0.9736588953438166
0.025154775524396378 0.3750510476715423 0.931461008545145 0.722745336612634 0.8700456898539232 0.37686680417036167 0.36941895782331036 0.15806881213813717 0.46845490744620444 0.7084706913573161 0.012026817400701884 0.9903106504550718 0.8008590878089824 0.8661974967432196 0.5468140627841666
0.25663818797295446 0.11089714367461223 0.3359439573842209 0.3652816744932562 0.8342213892716255 0.6142252261284118 0.3790931421537459 0.239099976177235 0.19486185975668413 0.772741216478914 0.5284390203124866 0.14640807625380614 0.1805505435982443 0.34294970299128547 0.16816496386284863
0.10200527428049766 0.1510582072592176 0.8925894824756392 0.033844155331502424 0.8462012903005817 0.45720320025656425 0.24624778615608045 0.46159428909901024 0.02931860025883415 0.827228744684268 0.3685363169594642 0.7399324008983892 0.09231699009553551 0.918761976337548 0.5225063643547342
0.973540029082348 0.38873694514296464 0.9851157306481253 0.15133152777248993 0.4550633235433277 0.2191345507579623 0.33223305168051553 0.822888003323715 0.6592359816684615 0.35640810207556795 0.001363527643522655 0.7497143435454037 0.6230276876321861 0.328892297304476 0.9025996280242624
0.8509337600258187 0.6561844688704086 0.1978228940524588 0.44569038456576404 0.058073894119405556 0.03844143264872413 0.8167511493214813 0.5670885589474833 0.583320518272023 0.6028523933087712 0.5927139861060503 0.93597670865594 0.16659273053183765 0.8790952897781378 0.582442439249309
0.037056718004876754 0.8969296706604674 0.7762758311673796 0.35161712802814404 0.7741760012494832 0.06402941413310614 0.6216662242873877 0.4011567729672415 0.2164031844522759 0.6373828429866633 0.7399798492016857 0.12175142251243776 0.11695479935637365 0.3932966402614472 0.6571968194172358
