0.7258928734272306 0.3427178855991694 0.8738037424227163 0.2713381842833522 0.6981646771343565 0.8695650639157458 0.9870196510393041 0.563551109167759 0.5241689553288613 0.6813819947405594
0.8696745075668437 0.7866926829322021 0.5931743935833539 0.8429477269946921 0.0712855924458573 0.26631423233320084 0.7280777116173861 0.8562424915939235 0.2100917687315964 0.8830035718299504
0.19563462591151493 0.6130547602741148 0.8587004598841672 0.00937536459246291 0.9730848141398568 0.6386280227630474 0.049914064651089274 0.22456631488015844 0.06539169019315794 0.22256873726276805
0.3341622737700769 0.05919551413427626 0.012042723057173021 0.7295267822627207 0.9303193443219665 0.6106641240688973 0.84833389516097 0.10969830551159199 0.4032860959972506 0.9868329313281279
0.6932877339299912 0.3879900954881239 0.47456855716475044 0.18552979389541935 0.8248313530177929 0.700723672364303 0.026186363657109024 0.19800392907507258 0.5725869761823053 0.27004634335876654
0.09359586854508184 0.8363569988532783 0.6096044390693199 0.5587555064351278 0.6599141455588522 0.02814611370473008 0.2565918162620554 0.7320314867069017 0.3615819288285036 0.09576696851114486
0.2256762005197156 0.4676134794933491 0.7947052225946434 0.8438901737983617 0.8254539586306435 0.10224208217660213 0.9716660616236005 0.11513715882243791 0.02506598545073857 0.07973064735729518
0.6191957013830202 0.8423468548803673 0.9322601540083298 0.6748175935958078 0.4319540154539844 0.5251978267624381 0.17887961467812197 0.006989916829186149 0.09976096537805901 0.4896148873784887
0.4269422475916439 0.42975777832882134 0.9119774797900655 0.250303074767938 0.7094531365377924 0.48339907294495255 0.009134531316329908 0.7899164883444775 0.6023184841203664 0.7329816023942715
0.8997611826666515 0.5927823987379678 0.2872058225718078 0.9785101441838582 0.689462861058324 0.8267666290186086 0.4099223182224734 0.5203339481437618 0.5796544935236337 0.1537789558933601
0.2648589151753755 0.3904900343974611 0.5849525104318775 0.2675819958258031 0.243275250411631 0.7194463224170642 0.09108329634173762 0.40698105564027354 0.6716764482765017 0.6977478191231349
0.8292658066953071 0.773136321174477 0.13625960188950303 0.9133578066173318 0.07837842341124679 0.9916529034709216 0.14038422742653978 0.19802585110852 0.42282127976558526 0.5032682426138811
0.4742477410768793 0.4998024640727735 0.1918371375119945 0.04137085517746608 0.9894232680214481 0.7138602291743195 0.7851551803903039 0.16024756950892516 0.5656438910927258 0.8500696174916162
0.4501737963803407 0.11487159139193526 0.9331939791976995 0.39331724625058906 0.7175002135512065 0.2612067937910828 0.6714946511255524 0.2213429958099612 0.6245157625583334 0.5454183132659308
0.1429472654627848 0.9849118997051562 0.06073791713558463 0.5810435525810186 0.3408248750062616 0.4264252451957471 0.05410113208502809 0.2750911681373075 0.6309790198687643 0.7156149233371246
0.5838806427999657 0.9572006780758576 0.14935468974958443 0.5147538407613276 0.5538342929711001 0.4904083859772014 0.1807838753150085 0.1508542378895864 0.8882398000303849 0.8977299522786724
0.18925408130643206 0.9686149011984586 0.3238556708498852 0.6256841342989146 0.29582478464612894 0.665417465719013 0.36243620856496295 0.6840456133672379 0.90759161260523 0.16846080132717123
0.02128191861514539 0.5505295499702894 0.889574586703881 0.4041615331353141 0.4734090488197239 0.909774319875499 0.1411328592089559 0.1312382561356784 0.4042726317672103 0.007902888555854082
0.6894857341182713 0.8614354919599791 0.928579650364149 0.6471073438133189 0.44514547784323766 0.7756327489510494 0.2085801666527577 0.6191154209937296 0.5775446305692938 0.4581232469179598
0.4943261387008253 0.6820615424357587 0.06386676879371334 0.21813573144864262 0.1667384868576932 0.022199129992285016 0.34006644783072204 0.7452119106287766 0.5059256646834186 0.5100552895693906
0.1402900737333035 0.8538409822300892 0.3300474137727133 0.960042351663794 0.5493871161965412 0.11279242065844575 0.3541198121442395 0.03320558093076831 0.012926249957209923 0.22587600778543604
0.1035086461752679 0.3846998394631752 0.5501085746682864 0.13339856508080006 0.483460153934791 0.15075250179513777 0.6971965998391918 0.9373750290314333 0.653869574670221 0.8942834033996462
0.7725532517975514 0.9185905071174191 0.6875894550930179 0.684017547121992 0.8991132953212584 0.10989983212234478 0.6009313079869864 0.0688392812144113 0.8460844819601238 0.11768923097622197
0.7366156050993553 0.32730172172523575 0.15890369860207165 0.14221440832708 0.15227715304227551 0.5216185807567272 0.23494886520891456 0.4375682453271015 0.6217336363742662 0.56612991804514
0.9722347454960666 0.7733200863521172 0.09157761558894795 0.7321472557252692 0.36929673158975473 0.8124084673457487 0.9522528588253005 0.7542477747813382 0.9866936957710364 0.7036569403429863
0.280628483735065 0.9775012462019876 0.494037247058448 0.6023229590401761 0.2901848922794603 0.7907771041621098 0.6211815286948981 0.27837810988855527 0.585277979197251 0.9281938645435664
0.7081840760139929 0.44975723762541253 0.4575489635072285 0.08893633697836056 0.7058750124279042 0.9866030909323714 0.3853992778021429 0.7250808717931568 0.9173481301357846 0.6725720775300355
0.10155085317107626 0.7777321849162584 0.9904142097787549 0.7805561943310457 0.07906476407964247 0.6036901836164688 0.6720335346065441 0.32271436933782405 0.05279143472171233 0.3280286787442873
0.6179708901673312 0.46849665564702525 0.24107826930768694 0.3823819563986962 0.11439299123149904 0.28938282658832637 0.26166151094985324 0.044399908548549916 0.9128549604897913 0.6853464066512275
0.34602117356451434 0.38074544861397674 0.5060989154047235 0.07559442611459044 0.34807864434762026 0.11417282573775811 0.07931440708049398 0.19492176115488213 0.21596929915097351 0.5846392351183062
0.05998659348838509 0.12705815677501653 0.04972279874604879 0.15506602322980656 0.6591855559926851 0.527675614241923 0.603036259872018 0.12428029775967953 0.04812540227968076 0.8422619101035136
0.10392654053688155 0.45283109941053123 0.8460496280801503 0.20785590833237433 0.5668996049440667 0.3817891436510856 0.4089747618143039 0.6426791398889832 0.3483764157794561 0.33030270854106236
0.0035517777035806164 0.07398686829052636 0.5574664576480716 0.2945963776425776 0.3262804832016134 0.7320014594844412 0.07578155697466005 0.339263553027083 0.98553916523856 0.44657946681350147
0.3628341902828547 0.6711175450619217 0.5023683988071835 0.4233032748655763 0.9276658601352838 0.21653044257814857 0.10567396163627885 0.14697685490420498 0.33270311121003493 0.5851022449547497
0.09849103333545517 0.1630446892942825 0.8624398678911317 0.7956680109465021 0.854177842664461 0.621241419829937 0.5373967129956863 0.16506368169320895 0.5648838082473945 0.6308193364005094
0.9829087812146052 0.31573592470089873 0.7093638934313529 0.6729897045595589 0.7726463754836648 0.34519531828570527 0.8331869031443272 0.5437528187444206 0.25837272805454226 0.8184761672742943
0.6416126372824537 0.5590811283741753 0.5702963335760637 0.3941802851666726 0.5938891845964717 0.04445837141930509 0.4264755102983464 0.5753464041042623 0.15744786380367348 0.452067107722672
0.6250853490703184 0.2883003344588373 0.6314503633002387 0.8014559418472887 0.6099582479228353 0.735805915247451 0.9813689923723438 0.52330662877578 0.29766118690106547 0.24525017975142083
0.4397574398655344 0.20096083594171554 0.4334739256870055 0.6382601683421661 0.7230960259693752 0.15065456527620313 0.10398446179614584 0.9850638251222384 0.5905721589106794 0.25894830805276137
0.6756193282823665 0.475070168123104 0.12788319839463602 0.004629039007638003 0.35127768002337434 0.5345588501070058 0.5776251964900522 0.13240017781492142 0.7413404363492669 0.2530333184639957
0.7575580028981996 0.016963945116869383 0.33067607949037037 0.6417050382769728 0.1090136440698799 0.35863997797280833 0.4898677320219643 0.2407414935679294 0.199941176378308 0.4854531556786085
0.726736338743229 0.11632354709619797 0.07055805796966486 0.20166253003938317 0.2033373597509901 0.3442228233131137 0.15430472203947487 0.8189922629669357 0.15395939304788053 0.6635229694666771
0.6327751233946111 0.7343646530287359 0.7312547177254297 0.10227350777203947 0.9905233881993809 0.6767244875817241 0.9804837782772048 0.02627835797276934 0.22412225413060394 0.5355827158530202
0.09595649269889928 0.24288571142638582 0.6295765147746317 0.5051967693560976 0.8491055098197482 0.5035596441895237 0.34317057190787525 0.1308438205820469 0.09422757198080212 0.9921780532613029
0.8430561047182858 0.7274323607194966 0.5557809842883391 0.16041565072621622 0.43236225122878447 0.5557364389138492 0.6802288826495537 0.5772346464038725 0.3193374731456785 0.08782621611388597
0.19576891869502566 0.29641980799473633 0.2860085619071363 0.6708070729878877 0.16489258429877574 0.6142590619283445 0.09406887531383346 0.9067693406754862 0.737567822321215 0.9888839745398097
0.7151849303905933 0.1068888746479163 0.516940881439985 0.32344966968185074 0.1926360415078916 0.24890842903246546 0.43480500849885695 0.7772466740863708 0.4421792999595404 0.9697687570332746
0.3006843379803956 0.7620022166631357 0.5822582360666896 0.2589469499803927 0.7362337234879373 0.8050417830626233 0.44714980540015303 0.6830992231782708 0.03575654849522625 0.516646237369034
0.7813717909526567 0.16889407494111575 0.6039940494888355 0.9858540339081666 0.23964822850954415 0.5984607972979084 0.013940966756745055 0.5471212982022658 0.7239576342406154 0.7306675240104759
0.40029474757067973 0.009667733004176227 0.7776655406033819 0.25148191673897347 0.8582461427424142 0.12199949899192852 0.726468681974268 0.0779567498522673 0.7526712132665146 0.25601457424727503
0.006855499194954762 0.3929218797020897 0.359385995598815 0.03826040508360751 0.6550137702271477 0.27125249599094836 0.05797682237512458 0.9303271929732456 0.2425928061817525 0.1736236843620178
0.37482090439713733 0.5660247063906146 0.6404541969824918 0.029949261519221393 0.5352630557871643 0.9899044679120901 0.8675219809730539 0.11224267486677197 0.8255162367063319 0.8098527396103748
0.9390689322706259 0.4054266715200868 0.9877052710935059 0.6758948657032978 0.06725321002542917 0.7246571518399961 0.07557422347958132 0.42801420725037165 0.7864451398730227 0.39901614365845584
0.6837300387846804 0.7177042007312793 0.5768614081760363 0.9439676153758114 0.229895926940059 0.9011354159321882 0.3422498231624652 0.7787590365064425 0.01750047121506193 0.5262337993360211
0.6608446861853932 0.7099904777756131 0.13502887468550273 0.7916301813535375 0.07353932034486521 0.5988625433975496 0.8589155142947414 0.9423556423245947 0.7991987504521469 0.35715268304803094
0.11835727806092677 0.6853206255192733 0.1742624393204215 0.17575959933025476 0.7532799504577024 0.3570305120914796 0.8022629748261081 0.6796934354999773 0.7507906091846768 0.7566541551823057
0.8686137711651578 0.524679131771438 0.38080077739543916 0.26947542770068933 0.3269949312523891 0.8030794371870973 0.168107044895217 0.14892300356760313 0.6958933524301344 0.510632632307513
0.936066629148247 0.5997865805021741 0.01732935014091641 0.24053956088006156 0.7361079170823028 0.6108923337475654 0.12452898429137282 0.21772356625821876 0.33766644793570544 0.3224244038127798
0.7412776936971252 0.7636255445795309 0.09473952120773776 0.08124333789601157 0.09291720738443598 0.2906859771805431 0.42810329100762223 0.23696623672559436 0.6474247824946832 0.9657047161926203
0.8663382362148506 0.1622375319547429 0.3247396054351519 0.25255793165980644 0.5741601290974714 0.9425336700633776 0.013478725581281048 0.6472912375461437 0.5631557472161487 0.6740084191696052
0.5164103396628753 0.05239686912053343 0.32787331959391763 0.33230031021139017 0.10953009520943124 0.40212177949191963 0.47932009319028446 0.7308870275038143 0.7443112368904866 0.3469425244058816
0.05827029063749278 0.1744864155459639 0.5486771403757008 0.03288225884044904 0.6023889510981795 0.031167159109342313 0.6894708474275861 0.2701337651519391 0.7140277376562074 0.5962465509760636
0.847672615181868 0.6754916308346346 0.829651735466213 0.3017169686228377 0.5273435050884366 0.694385972830555 0.1272063544571025 0.5368564992473456 0.17024914286129855 0.7608489730190781
0.02433615743651707 0.08884301394068139 0.5803447532570497 0.2375345420772147 0.5182184674427481 0.486605954505572 0.47577883304506474 0.19295041301017213 0.6968760234979624 0.3368128374461057
0.08079944503245129 0.519351507157233 0.11218504955511288 0.0778027822834717 0.5459238272419416 0.37228169643826714 0.3463962233716804 0.44544264602607486 0.6419585162880718 0.42154090743968164
0.02683778961181238 0.3442955427712584 0.6119335422608669 0.9433930295235154 0.7475713668897395 0.7481561254991103 0.2847410749544229 0.355119520752713 0.8421231630237406 0.7159201583924467
0.5552454430121947 0.3955622980304797 0.7180140118902422 0.6019207268237603 0.11785769360029896 0.7890890905797567 0.5116641274050276 0.06427729588530473 0.90404503245994 0.8954528127753664
0.15134911433081388 0.5304675416652869 0.01897128785134239 0.5443062959906423 0.5262362624044571 0.3662465152749389 0.09844176350147382 0.9806720932129059 0.3511307395012975 0.11220124625129735
0.9145519818112727 0.6064567616304771 0.48941402942335077 0.8016433908579003 0.7469167170090626 0.9931376083087429 0.9507571365464017 0.5542061491375082 0.5060818885392037 0.4620392150993021
0.5155439481973126 0.3514261259708843 0.8466987433591249 0.3811559936749348 0.9545408186761476 0.14375473985798382 0.5402663930128605 0.2112662306063856 0.11020044786322603 0.2128575909939332
0.19072484462837858 0.24912189514242455 0.6850895352080225 0.018724885839743743 0.9709079326863495 0.9617878077932083 0.44328113733483143 0.5980292244033252 0.43384144262868596 0.7837427118789247
0.6721546213564921 0.9483319925996964 0.6100987215112581 0.2571437999259072 0.1748972153553775 0.7321529870948806 0.5409025409277668 0.4356953817754974 0.76810282798062 0.0655823565601783
0.1163884199803219 0.5438516117145844 0.2442157576000893 0.11802774273764371 0.5894211652572688 0.9856216088701384 0.02516787133628462 0.7428539435446723 0.4175833088211418 0.9310355162363751
0.2814098023626247 0.3830859787071893 0.1494301426094271 0.8733676829822301 0.11963821482567338 0.052010889345206035 0.9158330061520925 0.7465036610423939 0.5528726071198138 0.2754275607334763
0.7132088641941242 0.41937532857907456 0.35813689810745364 0.5004578436642977 0.0726609653529412 0.6431790309690646 0.5998523327849774 0.6252464134607589 0.8975316678744887 0.8171293381676
0.5511501118248139 0.9845407145932709 0.22159518834308622 0.2597907730100838 0.9806634310865725 0.3380566635922815 0.39109480562780863 0.025569030729480136 0.2889604003699976 0.15169959965367652
0.7060552201565843 0.6897318601968758 0.7766308056179471 0.736124115465528 0.8697776241993177 0.9403689701177939 0.4051410046780126 0.6127805723223566 0.6901516583411965 0.26198971591062814
0.7719233423699163 0.8145098415999124 0.3523945296148584 0.47299576786662767 0.6627674286338118 0.6959124304418497 0.24005474225952428 0.3880556936173801 0.46743263442278293 0.228131571798163
0.719594041722815 0.41644690452064825 0.9485025399199514 0.6833544570384845 0.5235878162352098 0.478719817382414 0.3388535040600953 0.07624950688109888 0.36856092083545344 0.22657801395643762
0.5097115049558621 0.7227218140399243 0.22570219436936734 0.1846571475419998 0.9991223928499245 0.8007828143317534 0.22617778439876834 0.09792478086945378 0.019762742095867925 0.8539945374581195
0.5274896903568002 0.4647117522056503 0.17536990258098983 0.7648626794199046 0.5933026353452321 0.9629255904246069 0.506671110780701 0.8437165235614345 0.24638898994987957 0.23578470112100003
0.6605437587650886 0.3280286980741901 0.542818027154549 0.2934515794332141 0.4302396921730026 0.7677905863606137 0.9852420176409329 0.6082325021587196 0.6498584870437412 0.4844744031164786
0.844108816268031 0.8335497586677427 0.4428563119163308 0.5342761472957077 0.38785673598133663 0.9606817934525531 0.12222787304483029 0.3807484046518721 0.6366240853206696 0.6423059376334934
0.6191012276033923 0.7875953915794643 0.8487325514599046 0.3581668679140807 0.1768366673905004 0.2793173460109427 0.32517997176967994 0.07573354609172867 0.189321826119215 0.8855546234476581
0.2746045343907684 0.06749631254387145 0.4850077330619652 0.7843969846742266 0.41965941006668717 0.5865944950575274 0.062331133424586405 0.8905865281119959 0.7454627384920484 0.17375476556392377
0.2675207615463625 0.39645753252035043 0.29176509726923794 0.4710584472383551 0.6723860340995413 0.7666201844247775 0.17270282015493332 0.5518462302552509 0.45753900084046495 0.7118095126737505
0.07148193610796538 0.9411067513953402 0.9356013550117108 0.22298443919340316 0.3020644591513022 0.696985194394667 0.9593000397799978 0.8336765280636822 0.1559051536463809 0.1515871796252457
0.3509565672460846 0.8967514946044881 0.6590132666894467 0.16804159929386142 0.1627270396153101 0.8111610872117682 0.0530905209129775 0.060825938111964906 0.5310506124604873 0.8149265953671558
0.28422319665608853 0.6476462277097825 0.12411670317130785 0.17250969609526856 0.5335826406746175 0.2537028593775321 0.6977619281782864 0.3278900635382437 0.3568149894920579 0.8729625918823192
0.0730600521374315 0.8690835031643555 0.3122777957861137 0.10609637324134635 0.9279691856332121 0.9554981711360208 0.05300737396718347 0.9410313470759198 0.1557523996831337 0.19644081811928116
0.733277556252979 0.919604350782115 0.18448946450051884 0.8372488228336685 0.23783708529298275 0.7425940494886174 0.5748487305056709 0.5089377244704978 0.18038919785799445 0.9054469193223149
0.41738999652756137 0.7279186058943505 0.8376039405509642 0.528301918826647 0.5360207488457943 0.7942528904207807 0.18592957007282784 0.1464578717208993 0.2708295243951757 0.730077067880412
0.9906973055466132 0.861216148736646 0.6613718587322184 0.42424307376389625 0.46048823513735515 0.9160705966306965 0.18058592191300182 0.20488483145260095 0.32446017171512953 0.4595060586929727
0.7798662699352271 0.648535268876672 0.31630643407152736 0.9832048773347446 0.8974259058133028 0.552581637759848 0.9557470356279587 0.6832511909478781 0.25492845663739216 0.6472622075658481
0.20692800697624325 0.7819607763906523 0.7214733883888659 0.804070413645438 0.06283186678140973 0.6692536684938092 0.2593694528744088 0.20934688617508646 0.3557785328154246 0.5750260952582616
0.9827325620098633 0.21500416197526517 0.1263225275797547 0.36776698470080293 0.6577958913790553 0.3527427785594517 0.6963289873991084 0.98970323125893 0.5529220934019039 0.3037810774100105
0.18673762572029973 0.9850477119416037 0.4066582475295406 0.45303593632396233 0.5964999686929179 0.5554620029980963 0.4237765112695733 0.02485494769725427 0.716402364058497 0.5856360539983031
0.6320945303113753 0.6968150175353374 0.08996310854868816 0.12192472108486141 0.6369712024005968 0.01876653337800349 0.9533194203146529 0.858271766816039 0.7957255616190616 0.9262157060738578
0.586995578420581 0.2861893674750935 0.10082709238434018 0.13030260600404053 0.7946711758311427 0.29935146925509926 0.6085583018735761 0.19104570439549873 0.28754401758881987 0.2083977041641728
0.07895150803617201 0.6361884048157945 0.5976095120061993 0.31783386095638644 0.6031532068197494 0.5748965309032543 0.7691543800512445 0.4444540776983358 0.38597129021082055 0.8737203484393358
0.4849895755695762 0.015498757212880743 0.5242119319184834 0.11164840155535705 0.4724235294159207 0.6748013602511247 0.5755141847096705 0.211744619991164 0.0037034854569906184 0.6464664952149608
0.9477420024972619 0.8587743002494456 0.05662924931835567 0.45816033762628605 0.6555955112877094 0.5553883950941643 0.2332704793061935 0.009883912134861061 0.7889540135652559 0.44384988268883074
0.8481945657517783 0.38913872416330264 0.11656541575874868 0.8259497856788185 0.6923396436949306 0.2796829055257435 0.6090482233256365 0.6506748935868203 0.854642862569524 0.2886159584447101
0.30677357854476084 0.107352531465567 0.640761450472154 0.025318096875627805 0.8810465438756544 0.8614128536739601 0.06670003672526847 0.3058102950575097 0.44110754148472575 0.40057208569711344
0.624884533875394 0.4273897056492042 0.6248261002231028 0.42115504654144187 0.021199734925894775 0.06093402593286268 0.7775607290367035 0.17743903015902107 0.3637335657072024 0.9420580130967441
0.07151074108933186 0.24131492848618308 0.8474482386377065 0.20734369669366615 0.7469864374472354 0.17522619038591103 0.32372492403389674 0.9181555455148719 0.267376769484981 0.20825952038205198
0.2697047932516078 0.042090741752261795 0.07119426290256314 0.12342581077470338 0.5795761989440306 0.9209031103692554 0.7774289859559531 0.21358377808287432 0.2884342985252545 0.04377967925936066
0.15454495166312487 0.34412264641215295 0.8090657167397602 0.7661363439552001 0.8988034540468283 0.8724342992160168 0.5129878804363133 0.46663944610862895 0.28420009104175115 0.4173698156258574
0.519298461374659 0.5189485389277545 0.04415311813214329 0.24628862364250492 0.36836804549799507 0.36971438079866403 0.42418279559037675 0.3529732328130867 0.8521344925547617 0.9606564029267319
0.2051727055144792 0.1365962842767956 0.6487347199819656 0.7100811719642872 0.6384057253993032 0.9600907279491337 0.5664364255809077 0.27799465818928826 0.6564188715764256 0.7656879623997093
0.14030797357954317 0.378997810992305 0.42782259832440717 0.3560528718730107 0.04479188608464835 0.9784460663202346 0.30958214654523664 0.911359001015189 0.2863241546293822 0.30989106769934016
0.5168594957934302 0.8058107122319376 0.4223671396573381 0.2856127508598202 0.3783666948113109 0.8115334590210376 0.1167015270151972 0.03708849023398186 0.8742822357654504 0.33341759564464124
0.18554865144028398 0.5185354986767149 0.2641342888971173 0.4054148479855927 0.9150714131554055 0.3342013513233085 0.0036559411313187296 0.7969506758456838 0.8380282913878329 0.20886689047418305
0.8224687250845376 0.7275302036870671 0.3458316707957241 0.8110646090812584 0.7885533229983221 0.36827879908309713 0.48198861989630437 0.9598047551726636 0.42081673261995767 0.5210732244255818
0.013877904529569829 0.5981404311587714 0.4276675165742103 0.6090826422030272 0.4120446326123247 0.3006921337328755 0.4473620281881737 0.38695315061636026 0.6796696644403929 0.4972911194851779
0.2449861455560417 0.5845337574407612 0.06959804893617982 0.04118998641234084 0.18128839621109172 0.03495530393862789 0.602286995537889 0.22782820044759644 0.4101825346953737 0.7060383471977756
0.9552604261761936 0.878928940778156 0.18458814118848144 0.4534198338888139 0.7331341060944823 0.6467432867898173 0.8543806048842191 0.24445243027476116 0.3470013552331068 0.26454612820438705
0.6255723216279849 0.06384470177130797 0.7329462710626643 0.07202770704543215 0.9164493629827136 0.7051742004885188 0.9216780719245244 0.778013830860013 0.1942387765055157 0.17681929351317782
0.03475616498487477 0.0879864119291387 0.5049836324916263 0.5065204105060376 0.6276027174766652 0.5201655622327008 0.519654405957311 0.3156946987866791 0.4254758970387028 0.4614530119399496
0.8111268553342712 0.6527923508556506 0.40580320231387124 0.2733263553483991 0.24950782890348444 0.22439729369512584 0.8687511437947696 0.047811835579845585 0.8573926630050153 0.34343830910264206
0.6076344207631726 0.43495324681048264 0.2019886334351786 0.625791433537951 0.5417433021527834 0.8157332887468951 0.41764102499719935 0.7097181760067517 0.20639573355146268 0.978192246530698
0.25014967794129417 0.04699782585530221 0.30849628900112724 0.369529097610376 0.09336554610779768 0.12027712090185061 0.15061104102948253 0.943258042045962 0.8489083831354135 0.27807362123600143
0.10254403672533863 0.5980331418322158 0.5814480260054368 0.7470338168507212 0.45662758006700965 0.21354279434848755 0.36484361451992353 0.2804607250339861 0.9414148119219432 0.3289145572998349
0.41853651738297226 0.3327901154634737 0.888190102829577 0.5803601325622605 0.6189440879973789 0.6116082408171909 0.545688995038868 0.11732926972012403 0.7372032717527273 0.35196812131910693
0.3206461307968591 0.35023060753579116 0.30246468209927 0.6821756753538595 0.785266127923931 0.5478160347426122 0.819038593138752 0.005880813370109594 0.13743893478247327 0.9986149873556471
0.1760470887311396 0.41222274890501853 0.42549778504624525 0.6783433769295565 0.47983701107595145 0.7439428263712798 0.2565443440972657 0.6240014834873381 0.21226059730834268 0.10279243317752207
0.8958424106481623 0.5054137938136511 0.5720320539407618 0.2522272193376941 0.634507715240862 0.2062532830974778 0.09171979435868227 0.5892932916743998 0.05369838701994978 0.5791311330733497
0.13953580305522284 0.10077489622706848 0.345737006801363 0.9231225582201819 0.7129350405214439 0.9930872754103359 0.16607145380308408 0.1471378145403026 0.010139352126935286 0.4910624238950556
0.5847088497415083 0.02883724536523735 0.6260520525336398 0.6376893989063036 0.581733078790483 0.4563276784090322 0.8606306877428763 0.7950351434867199 0.18874307546344837 0.048666803483907506
0.5506371301358252 0.9459856207945339 0.8165255797545911 0.09124125802321914 0.03978607822666069 0.8271112383563474 0.5290025982810314 0.2933732364393289 0.38766373709010415 0.3848747206484928
0.02447059032106358 0.4780491617511735 0.6843911960045764 0.040563229995737804 0.8673745244736756 0.947453654952585 0.38585725191417153 0.7737411147672366 0.077336989793926 0.933030265467318
0.913448336461464 0.0896833622752603 0.5268888704606735 0.2350805077092255 0.3725536794803955 0.5231641566596578 0.7253245099703459 0.8844506460214149 0.135725891376544 0.4491386972773087
0.4733312167554158 0.4176459130595048 0.20922893791810837 0.6202707531992832 0.5615193102142473 0.14674981565133294 0.7558063281615529 0.031922539488628776 0.155705330061091 0.6268161986453691
0.8818547131337902 0.4271371625701039 0.7627779051902572 0.37594015046818463 0.813789049058128 0.997308361808443 0.703202206827221 0.7870029686287561 0.8862372346169878 0.6086463504886798
0.829695341646445 0.0851260804202083 0.34380412074648115 0.19021215723484863 0.8263317419919418 0.1311568133048161 0.8184952107158174 0.7562073445177043 0.7983143141211463 0.8490490903264191
0.4864935092926249 0.9033700527880888 0.019873170755583924 0.06379021174261923 0.3308331503900206 0.5237422849534417 0.6462310787094306 0.5765648535172434 0.6406156842263173 0.9037369232686565
0.9153005988691724 0.3751355410712792 0.8627664809887752 0.3423482752038898 0.8657547877092788 0.979958823344644 0.18892999570899172 0.9145124614292213 0.8803400747572042 0.060344690899995834
0.8079543835874301 0.030039365061635737 0.42677606703012594 0.6200063284274665 0.5835172920808686 0.9942009860507217 0.21331394526361747 0.24763624864401046 0.02679686718907004 0.8629755984249029
0.6020014666344172 0.15568359375206264 0.8256924888425159 0.504111198632454 0.5299292836164372 0.9892970150152967 0.8649523535023698 0.9245851219724275 0.377209851763991 0.6774360091654046
0.6256660257466364 0.6057020733289533 0.19016643687381574 0.9194433758657258 0.08793173480809902 0.7989853848254138 0.4191870299458118 0.2529095532906823 0.7771098709012827 0.47918129200917103
0.8629236693336692 0.03244958021417366 0.3919254970007021 0.9251102229143289 0.8239948081887346 0.06405204457988856 0.5317846136795049 0.7047621930039101 0.5760747463817497 0.08594836868891975
0.4010199075702171 0.17794858241230327 0.11823078281640609 0.7644901498851234 0.009383938635986633 0.49798584658269796 0.8495950701819078 0.3823109798650651 0.31095868924760606 0.49330122146748345
0.2359351532055316 0.9360886210974477 0.9277524783332879 0.7405142182754756 0.7594131297269965 0.9325121202893504 0.5896062759363065 0.6024620014128699 0.44380070541242 0.7735977721914035
0.18863358314740974 0.997800802112287 0.029643122523330456 0.25628665000061834 0.39426904930133555 0.19322942868315263 0.4373422644076169 0.3762957640815794 0.10410307301052635 0.9650449754689896
0.5008552943603186 0.3224838301086246 0.6160306898916599 0.06365528958507716 0.08068191736372943 0.275531582969468 0.29884520368679435 0.03283621172300921 0.572040085406177 0.38352581718421364
0.711257914507291 0.08493618071188369 0.5126061651552243 0.07707531683989632 0.5734273819256619 0.9138945737705152 0.46392242791566596 0.7078760647590491 0.7304330093583046 0.03985435246525726
0.5915513268670414 0.34718163813701863 0.263729392702011 0.5223135575538146 0.40128223163669663 0.46442465196404437 0.20446911035227333 0.6531742719723623 0.9021733470202249 0.1212731345320548
0.8816838442509088 0.5467117906067249 0.06193764807090696 0.26269596863668077 0.7986646475078963 0.3804008236724985 0.7961584867736085 0.664149269152895 0.07248388467894318 0.40869943869988945
0.8900471273233124 0.10278570987113722 0.894453418921374 0.7713056954219805 0.18993077313827145 0.36062763453949387 0.1734143519675374 0.5480659969571475 0.1213865085188427 0.738932929716382
0.5091060183793151 0.4746280248539744 0.09191284392599708 0.8655235871689801 0.909462791129828 0.2260954451847934 0.6182575076981596 0.7106336525107342 0.21353940241969316 0.20035556326924897
0.08199617422715877 0.8918744425266665 0.010866537589403813 0.2884150489040662 0.861683866522306 0.5452023056481091 0.9583905071991513 0.20599288627998902 0.2158770613689429 0.2663145336337225
0.787751950365202 0.5787842552152798 0.6985511904224558 0.8856870475813579 0.9685103209885639 0.12322230498560371 0.07691460001849604 0.13050746946988756 0.9470223890116316 0.9452295850043261
0.6913470449981216 0.548045470924755 0.1160345983266351 0.19136443158576888 0.9481667636115823 0.41754181424560166 0.18665069752325414 0.029932112180992454 0.16815727224485932 0.7614866427023343
0.4321874651912506 0.21404412026486264 0.32726115904746644 0.9821961439823179 0.3525330499234123 0.2842735730208569 0.32057505816192833 0.09588613296748116 0.6679742129770719 0.805468282767617
0.2567563249614495 0.013980349555889338 0.19305976428394434 0.9004474206287191 0.94717864626572 0.830179777773644 0.06391955299083074 0.7427217390843983 0.1926501032628669 0.6118587924845038
0.9965598877413114 0.6010410836621705 0.6902343105157963 0.7656429245791203 0.7390073833836536 0.49048746110491137 0.3836911554156557 0.6495619218457392 0.6467754498289177 0.4779956474757122
0.8632806684438709 0.7379610327256511 0.3589786010021946 0.2145973175046717 0.9841500562917503 0.3103925024965978 0.8815217769090175 0.3223492540769275 0.21725041900135034 0.331998116303457
0.9941430771331322 0.8508195808654962 0.37270601472267206 0.9204328916177351 0.7896901301024407 0.13617044650569654 0.24278617451163298 0.5531691479116115 0.3268618602362302 0.04528965547164332
0.40010560142550944 0.9590590592703291 0.8317487391245626 0.76808759756577 0.856406240274788 0.45932272436186783 0.6188563579398695 0.03298999621020959 0.5382497345943276 0.37566845308847585
0.9188988744053606 0.863821058301622 0.568176720638166 0.00704023949470467 0.09850006220535146 0.7706856695668344 0.1533650579640473 0.5915271271240764 0.33604164992237395 0.5731235477517064
0.4785463340717885 0.6162578130016458 0.6782497710995542 0.8907216091017046 0.3759161031988617 0.8156429592956191 0.5437124151912468 0.7045359781645852 0.7019999658847772 0.2071171831697144
0.16237193813746909 0.2920880983532985 0.28991442356629393 0.5535708617455596 0.14413840649092657 0.26936411054918163 0.06518745288038119 0.7129519689042668 0.3551209312708451 0.43516048140079644
0.4142809789902582 0.43805647328157704 0.5465763593060075 0.6062828398648538 0.17718348702483155 0.32331527797807325 0.7295249889466598 0.6565194179657603 0.6989178178831937 0.7604244840755696
0.11708613204290275 0.5279740486149266 0.21953543790138375 0.9609552084239184 0.5669364541459705 0.07025806326361894 0.5081457605337284 0.3316177167172156 0.8478965736157534 0.18120453757673505
0.05375467555097635 0.74664424237033 0.7275024240041496 0.8721821244071142 0.31416383887729904 0.5517934490720916 0.8315198861244378 0.561749994783556 0.4939083201307334 0.455768967479004
0.4617120308446101 0.11330944924372421 0.07318705586515306 0.817383110491756 0.07477091638626432 0.8755716083490318 0.8419670223434828 0.22058628174572148 0.9231765294799298 0.2590750621763179
0.5069185247329636 0.6445215164508215 0.4378473369710665 0.18765108308378486 0.03356564891545333 0.9820523752622983 0.2927988163944095 0.10064801227641329 0.7620125141315793 0.1377521382368745
0.7336271877541882 0.04989092726514888 0.9918325441305469 0.4451306223496202 0.6744880117695922 0.8347663133177416 0.17018424335430304 0.6829143418002683 0.27233992490159276 0.04948564284984491
0.036944085236158 0.5414848639238172 0.17257608014406722 0.37849618457729983 0.08162305048077068 0.993119055136743 0.3867672620370679 0.4691705588306576 0.4490604933015794 0.6534641017469246
0.8110919195034086 0.23532192418565478 0.9943650086398202 0.8867191782895094 0.7231300920667909 0.5007542614019066 0.5322992373643544 0.10328492796188848 0.20505008085608767 0.4789725270161366
0.4522812332318127 0.4261806365502071 0.3328175881467137 0.7033409210505115 0.7774023883263886 0.6613181213451972 0.14390949593714486 0.6713913416417799 0.43433811177498904 0.29676083052962743
0.850114943631384 0.6476489992286694 0.9707538357520867 0.07738518978461462 0.49735915902862204 0.7812551689222934 0.20778593018432057 0.5539002868200645 0.29108584203908106 0.9378321355360424
0.34740319341690273 0.8889718194065169 0.10358653541931484 0.4194487167703078 0.867931747167829 0.11823400214986357 0.2587659902120145 0.05220897373895661 0.13575195658128403 0.01026367458418187
0.5501851731062656 0.9579012085399522 0.037153206615669454 0.6471285604235119 0.5898238876628483 0.6943077350050908 0.0915587740913002 0.8559115167021142 0.007857804350619224 0.34819063490391655
0.44580916201869447 0.6616515975042294 0.7278452174403653 0.5956320955154791 0.8689196590512556 0.003431391381560678 0.5270710337106526 0.7063227074323704 0.36770358672495607 0.05787952176904965
0.3583969346479846 0.9615544972072728 0.32587965099229155 0.6481463677545579 0.45781790661517874 0.9800901005974425 0.13275890484118336 0.3814496704125748 0.09102744539852847 0.0017430688294749475
0.11233195444795141 0.3545761084828907 0.9026447009692979 0.2654187051405068 0.1895552538405968 0.4942638004566181 0.2233590044930165 0.236528621341219 0.1378609849043274 0.8581802698215636
0.36309813899814714 0.5881067551974596 0.44039135919868033 0.512248237625147 0.8724288214644289 0.5206176936691298 0.7671856525095696 0.9213623904027752 0.9897492053584299 0.21736351486633076
0.8215239568013649 0.14307769380044877 0.008434667998091672 0.9755581352050792 0.8408587259145054 0.49764006687432183 0.095949865580924 0.8275532599525441 0.3512415105024719 0.8027686052111552
0.17604173713994675 0.27236334262190676 0.8688789717076016 0.7078879782108706 0.8454790571382638 0.07455136723603994 0.11842872099061375 0.14004841347218144 0.9384068229758398 0.9557014660250641
0.9948721278828541 0.3825599666139633 0.2742339566285533 0.4031181054345432 0.9342779831243335 0.8474068278917285 0.3290757739809669 0.7510557690729781 0.5784969523184192 0.1737962227291291
0.05612293262200718 0.1516972009775106 0.6198040867300043 0.887735751935728 0.8469110859347366 0.046262435732348894 0.4937325313644454 0.4913221779767388 0.6733165527396272 0.27104448219239907
0.15181837017533384 0.515463442878299 0.7792051331147709 0.9888320902575676 0.4907033800905587 0.7660449505593036 0.9010124510140817 0.22309375697417266 0.14001856955893266 0.7210899973105291
0.8881360899298169 0.8904612858075631 0.21869821381765908 0.7952539106889467 0.766871057401147 0.8764654734088511 0.3578507143898215 0.9780295005681521 0.7457220938593572 0.8801401016293945
0.7580388852315766 0.17333148726923409 0.3952774068960111 0.465024893738924 0.299799185937465 0.4206659849044957 0.2524302622754373 0.9972622010794471 0.7584556870782104 0.06188047610128744
0.39658643990472986 0.9258956366152375 0.9877612816756289 0.8325287058326291 0.12459689632545734 0.16614372137954403 0.5316252241650572 0.8031740091012686 0.7115070336768813 0.18333520626446875
0.4991624690558727 0.0734934716811485 0.3858147021404852 0.7433568481899354 0.6955271366251363 0.13083473517180289 0.07078167726080442 0.19487853488014684 0.9394686645833928 0.8249159902729472
0.1474437872309331 0.5792848407772456 0.21827596012460837 0.9816490220371415 0.4803177077903049 0.8261558066890508 0.8317516096723209 0.7816037517045714 0.2134023740928641 0.7853042938041163
0.9590842038044151 0.16242279673985538 0.39192650647415206 0.8707908507712632 0.14596395492467384 0.6695322546733165 0.29439337048857916 0.6480012748587558 0.05401325201220386 0.3757851693849884
0.469826817966409 0.7817864232397715 0.44057981883625585 0.7182124902104349 0.8667235803403588 0.38182719080635796 0.7441678502399008 0.35884591393707954 0.11306849463137292 0.9308024497910616
0.8392574400242894 0.46661525929961256 0.9608710614016613 0.6616010742346649 0.4939909526865468 0.13861333063559034 0.14403288153523175 0.46173373549710917 0.8151800540585241 0.03155891786412135
0.4149576148103268 0.12626410582273295 0.4973146695100201 0.6580786308893736 0.3231662107334392 0.05499298188221502 0.0057312042086703485 0.2174669526162466 0.3782820542491184 0.2952930117511142
0.9188240092308744 0.2768729296314648 0.6001019450144317 0.16890595343121728 0.5301608332567399 0.09640110953447101 0.10007080023389747 0.5891782190377367 0.4685893257152661 0.900403306369798
0.2613287749448182 0.5746244473080104 0.5328982837307558 0.9372769180462686 0.2886022146645639 0.3953733706647926 0.15732399383685047 0.7413743402900921 0.38456011251911604 0.25096367746290704
0.9251685164555127 0.6131675636499853 0.5758604835515805 0.3711221802384659 0.3300232604975206 0.9676006791262572 0.25996158409348946 0.9555702409978329 0.5475678908436832 0.8656021548415409
0.8728755748119197 0.42456895237532666 0.3256409515690606 0.7400178890701774 0.6883925819734004 0.03882688308711957 0.2262555858549562 0.054765208797356246 0.6509056676431207 0.06555923284496246
0.36045970576410835 0.39479683996241033 0.3168183549828867 0.3169003400815934 0.4454170124970821 0.27450297699614434 0.4336177980583321 0.0675363558691282 0.48281157246068884 0.773468746375793
0.4210486303301525 0.07033839513733964 0.6086554085552189 0.9610433681757481 0.03542361627992563 0.6319407176854351 0.6968048307532287 0.9549663945049766 0.7959592843500879 0.48462273147064505
0.11196807818216514 0.37433532077565956 0.3311259484204968 0.4965174916217965 0.6027134271700587 0.8934883103954275 0.6633530618889836 0.09908330779856389 0.700963087056262 0.5809142108980491
0.5920327824773517 0.6789395318332625 0.15168526930992488 0.7160918837126597 0.7576157054498658 0.0805811167380932 0.8349731365098709 0.817199229894327 0.6736946616419405 0.7971513076073335
0.3624256461776447 0.6839217182974943 0.9993238440410039 0.3883649687670164 0.030722613599725168 0.36212931015948613 0.5904220229939504 0.15784022050861235 0.0975119007127202 0.07097949937959391
0.4169606824710522 0.14650897625488513 0.4082040413331608 0.2980435406918258 0.2617384124274549 0.05444186897520231 0.24699575195091428 0.4643416561456508 0.22689592298976236 0.7903368942572596
0.9114203209022976 0.7887125392415998 0.4659260617247668 0.9660849495360377 0.9169496232806011 0.23973096797344118 0.2317860866776006 0.8032395529974234 0.9266489826895948 0.7534269386730248
0.28582004919803605 0.5988826051307156 0.470612726033385 0.21634843028102912 0.9475514206140454 0.11029130776069418 0.2708845175218858 0.06604917869170879 0.5820071051311455 0.9609760065585605
0.5197937987631812 0.7448716996656887 0.11908584880054207 0.44507252343650594 0.773115340212445 0.657935125640387 0.2785856336192334 0.9127368061751394 0.21418633340964033 0.7325262033138256
0.5348559666033773 0.25610350534332804 0.9210913898129643 0.15363125702960712 0.4966428555762036 0.8835344063251498 0.4262526001042436 0.3591352845105322 0.30054546963722206 0.9692966328012727
0.2962386578446714 0.918254343288185 0.8206055327488432 0.6964744357607384 0.6793328308061714 0.48805561079109094 0.9819013372295742 0.6728328297937733 0.7693771183170465 0.6454591622343958
0.23262063199332528 0.6925147714149473 0.9166357468664023 0.025904089903185823 0.27693775160491396 0.5408685554884826 0.6798979261202739 0.8649011116974972 0.5001217265510431 0.595365088997408
0.4587666640472765 0.7349825126715591 0.12765433369912638 0.5624796650256064 0.4710564246551112 0.9980995314620305 0.051737933163808036 0.808576495848822 0.7474494867558498 0.2523062498902606
0.4314247586993899 0.3922482562886004 0.504037149661279 0.8416082348860485 0.6267012935240671 0.08622729657657024 0.7230986685560779 0.31914309567435184 0.7622119224381514 0.38889887541718426
0.023447064634247283 0.6063993519383585 0.2329089444147575 0.7686111394341881 0.9338978008954496 0.4749687855618935 0.7617661762218044 0.15839033833863359 0.4968931179339757 0.8923669318518644
0.19879630540941595 0.024334033551301815 0.7240404079222049 0.7197451104347224 0.11096257025469247 0.16786925050466128 0.8013008114608994 0.22685629537938878 0.3541776359377449 0.7902260453925076
0.09878994460488322 0.8984270725924606 0.24143370519543939 0.2468917428801678 0.9786294165173013 0.046125502892671366 0.6252099298169298 0.35047449982791934 0.11401467288788902 0.8116054297313547
0.19765396064287655 0.04231940951362523 0.5336406533892328 0.24864536789517988 0.5786368790335206 0.7463842632258625 0.8878540480163677 0.3061904845665244 0.3096318863530829 0.7432958231743437
0.49637674593860526 0.6991439128028533 0.7004686141058516 0.4581721202149589 0.5821724760285945 0.8500439054334721 0.586366696348161 0.6427099198601893 0.7220041536505538 0.31230176361863715
0.444253885756587 0.050200679965049066 0.9514571863078792 0.34446433874988214 0.990225048221238 0.3515523976930024 0.15067942141691815 0.5950047752357039 0.3341007305014919 0.7210588161836119
0.3068159982358022 0.17843336770556806 0.0023946512953417765 0.7325715029616735 9.308442249278404E-5 0.7760598997074787 0.6576019347067302 0.9498943821509375 0.9927315693765922 0.7785280325470084
0.1395706400714819 0.8696342966760611 0.11334818017359871 0.9022807456815553 0.5338214365783357 0.6804055567901993 0.7242280755978144 0.15840592293194822 0.3320312044695217 0.6391997669411277
0.9348293720908563 0.5298489530943338 0.39149825630763857 0.7338973305054813 0.3821069627112448 0.22176949730476136 0.32325859956168645 0.7003100369766703 0.8367191845516472 0.8898578387740427
0.1426236393508813 0.3928090322984926 0.11390765298387306 0.822715513108181 0.5012618549389386 0.9695059074321537 0.7688172867489181 0.6569442656856246 0.5865482936394448 0.3461192951383141
0.8382495406291051 0.8373759173082882 0.8217572691571635 0.8970728263598275 0.4543193625047187 0.6999152436192132 0.8297753684460177 0.43803480067916667 0.5002117631251374 0.750756714347717
0.733363210569073 0.11102386077176418 0.6042117343731234 0.4432753556167096 0.7565960482525507 0.9113688948267396 0.6754066875898007 0.512680557506938 0.26496524293354307 0.24522565138528907
0.8729378842901594 0.7185613167725122 0.8357233273889395 0.08701645250097134 0.3704035320036213 0.6667397968554158 0.6854079704484249 0.018073619008635133 0.5279931061606165 0.23438993106626027
0.7980808760411822 0.6709310756452432 0.11715835108303996 0.00616597564166288 0.3956697174560919 0.8781228735578727 0.05610393182825746 0.04412576031422688 0.9709027049589878 0.13001117419322938
0.7091065607263772 0.2605220091150816 0.9636764449183429 0.7830807886831387 0.17864799212460247 0.6400743760164489 0.30330030849358014 0.8283007383718818 0.17657443200016198 0.5671234921140392
0.4619109965581836 0.9285678345562518 0.9989708575852577 0.5531081712879037 0.36845323916483597 0.8649115085139875 0.8491655125215734 0.7310951384450657 0.517974084215684 0.4930524604343812
0.2542564071480502 0.5866302087700478 0.8775793985077287 0.8050725370232913 0.6027785477656448 0.5279688207393588 0.738253172370663 0.715366865421014 0.8946062784947233 0.06378279113838459
0.49084155619076153 0.7457133792790426 0.6389129272082065 0.552729265965556 0.4148553957079132 0.8712092627743782 0.4619852985277404 0.7168070124133389 0.9603459872755908 0.4069872135967647
0.39391799686521545 0.36921394234017846 0.6759611539654569 0.9650394538328209 0.9916887531177558 0.09745937319307618 0.8903897023576183 0.19114032819778204 0.4258424047004812 0.9637729171432254
0.4897540634561296 0.20377363728226572 0.40898802953485347 0.637391621157998 0.6501124957328814 0.40013379101656354 0.3765399620234676 0.7570954372471643 0.1820840063605299 0.5686847408440265
0.6436105130508514 0.7374005332649008 0.22370998085721683 0.05342406067338423 0.35668789677653523 0.6781092130324673 0.37801929245775967 0.05191456618655055 0.9347104424891269 0.5144533464951145
0.03336387549592679 0.9973083469907821 0.35137403398737055 0.05385868811136407 0.5274442795112191 0.37400416079923826 0.048986524252876085 0.08539526300196376 0.02004596660024527 0.24724124841331463
0.49390923377137974 0.3192685661056047 0.4248585191299492 0.2488482680476578 0.3846029127507121 0.5162456380421203 0.5173517118350313 0.7545288546887019 0.30552085474999535 0.8006987800423537
0.38353394568613597 0.5124805001163006 0.18356967712548278 0.8159885091263893 0.7035199152445639 0.03880646219024919 0.24858410226089334 0.07719737677968674 0.9741861825598503 0.6820953160261928
0.3252388183128283 0.6037640524227551 0.6667947543558328 0.37770630630547575 0.19104709628129501 0.6733572412554889 0.48831628212596456 0.7617129949480943 0.42357245552425915 0.32836731775122474
0.36928624602891214 0.49512146572142157 0.6297060490537751 0.08768315532296789 0.5363789663037347 0.3608939924724034 0.20083914932372826 0.16896018000278334 0.04448556991484187 0.9394721567670429
0.7699867673153579 0.41037531713225817 0.44093412366824813 0.4429088179024363 0.36039466001751097 0.9959029998830304 0.8135913889846681 0.5933808036111701 0.809888861668745 0.034435748766103225
0.3349370711506793 0.26876982768277746 0.4312034885059769 0.020612132978488074 0.5558034593301975 0.006161946014243025 0.025748617226135084 0.21400339771412602 0.1253244629864234 0.35353085696253483
0.3067573865583594 0.01334959378163525 0.3177398251623088 0.49053349709216887 0.507477153933637 0.4738249186872209 0.7320518690281125 0.5012614792859679 0.4510470569992362 0.2178511105302049
0.7971336900417019 0.1749551818225189 0.64092983815732 0.12376660608044798 0.26273907806813657 0.23510155563999913 0.994243372328858 0.3416987061334473 0.68596644653244 0.4530010487310199
0.6850632386627733 0.38227421771680625 0.03307984119167162 0.18880278089469316 0.1907442652108131 0.2513442869100545 0.9081928733567814 0.5211714757066235 0.04153607285695882 0.862686838183099
0.593171641418257 0.27616319434001635 0.9622435671951012 0.25069033715754563 0.0372150641980421 0.9465517784499465 0.06441014585158611 0.4263108890909163 0.16992261443485868 0.704761086683481
0.4984782098804251 0.07213391070516617 0.42826077685501773 0.4557229542620752 0.5076076313592441 0.6561608145535617 0.18569088630349528 0.1503943372672113 0.13830977431112967 0.9589802782404212
0.8508232809847712 0.38633130460007536 0.9577810471588094 0.4552722735404624 0.7633134305946199 0.6586318001335488 0.0037967506585337985 0.4681326227269713 0.6563180876635081 0.49272290869045876
0.8502519835687188 0.5234946281702129 0.3776801653147527 0.08988248212509431 0.10991384415937178 0.8719635233058223 0.7661135123424748 0.04704929674617486 0.9156748706094038 0.7166683584381142
0.06400971407672251 0.17438928811049415 0.9225745328988969 0.28827516388992147 0.015090774803569462 0.4272506303545055 0.15508238618585668 0.5420943190992298 0.8429831702792018 0.4935531137747713
0.5876128930363996 0.9172539546900255 0.6358903120201174 0.6333224927122715 0.6909680384629863 0.29420047665340143 0.272891923665444 0.9539939195044779 0.3033814558542369 0.014326137803505001
0.9190003577047887 0.42327266333095426 0.09206299415130947 0.5843128409875665 0.28895594018197124 0.5707547967744686 0.5596207620508362 0.47782041528124 0.33384395036005043 0.010174046943367543
0.019462663523895918 0.26843649039214545 0.7399687407716379 0.6260553699939277 0.2152573255047081 0.18034416335368697 0.6460208035927385 0.5117200790804178 0.29175995741991967 0.026953248044645828
0.28242516454801214 0.5200007314829647 0.6377859327002509 0.4227789359551486 0.8158602228598859 0.5936888898082961 0.7168408388144426 0.10014197573247696 0.5422884227558221 0.879652245086829
0.37689278887670585 0.1398022757127425 0.713441256538233 0.9987221830161923 0.2879989724510764 0.9334280652598647 0.7045525811184731 0.7428663788461588 0.09497547434394904 0.7358411853618093
0.9352364666502299 0.9018256417360963 0.592025251579339 0.7362678921451821 0.9407564628873215 0.88330787987857 0.7272163933898307 0.6803644491176142 0.25753536557792767 0.28399640710284446
0.5269289382381271 0.20857505792274877 0.33460583290003 0.5930434891429031 0.09386535884778491 0.24141919421798197 0.5118039711527934 0.7653845829970075 0.6769460694672518 0.9385942229083136
0.21585937067494942 0.48912245708737334 0.43738815121161223 0.9863185468905953 0.9171366680138765 0.589394425737485 0.9424919925483266 0.22612905026847108 0.06263540460756278 0.1605502292162917
0.6071369561364782 0.9283863764566223 0.15495647744507401 0.6991318951949236 0.27271391262495637 0.3350301899130972 0.38229492274651633 0.7220612869051217 0.8641990349252915 0.4486653932285375
0.7211202886623702 0.09760456196894929 0.5982996825041634 0.4288501285248575 0.23105788436933716 0.5910976838618931 0.5290798820167936 0.3714947950794786 0.3405849823984467 0.9330802117242045
0.31219938109067313 0.6935704095617804 0.28250841489058864 0.05439940512576935 0.944877022908848 0.8228640785192896 0.47979090289798887 0.001010446801984588 0.895915485572902 0.4013081315033349
0.6051455134417897 0.44061260471305064 0.47860096730358004 0.7504485609540825 0.24191884013908327 0.6039253654321425 0.5390184743849123 0.9189075485509708 0.5591353995482352 0.9653224373972756
0.5332991505328906 0.23423369935104466 0.18017686663532395 0.9607058645312185 0.8495434499963409 0.9153232424693057 0.47242185257056013 0.5649162650622236 0.7936395941178325 0.9666336551277767
0.8142730639741518 0.6066394154434638 0.002924566400499984 0.2717010399562063 0.006350528775152187 0.2856836476406741 0.17761002166282536 0.53101109363034 0.8852307293152041 0.47566597036942226
0.92712323033227 0.4480629430622689 0.3709638704715791 0.04455968138868838 0.21698918328993744 0.35750385428381437 0.6337018958385224 0.6062199158939676 0.37160642150172474 0.31050223959736967
0.8001225995317136 0.8279172525926641 0.8392463110787273 0.48506506999761045 0.6369358691251058 0.6620745897974265 0.9578313169419496 0.6727952026058187 0.9466101340572418 0.6448151941420188
0.7735249893302952 0.5086229754063675 0.9895585911079146 0.7095954042215566 0.558892587108731 0.05633558310069131 0.10737609187359065 0.8011080397246267 0.05336787621109973 0.3402666174502318
0.8633194516194251 0.9428079349118164 0.6059884668741938 0.42229788045577854 0.4390753462768302 0.3108240129005744 0.3388381955167378 0.6633634471050239 0.7309615305371956 0.2976872207733715
0.1693619616014842 0.8799362428462398 0.5740586263482342 0.5112171767793576 0.03069474058504884 0.20851566886776418 0.7893716297832218 0.1470744770000847 0.9113734181024428 0.6249244084416955
0.2969710900101501 0.19790025489621876 0.3992760632295841 0.23026090212497075 0.36716647305931405 0.5176275181679948 0.2593606344008538 0.6116438899201296 0.19211497389657128 0.8464642650795793
0.20075061207453992 0.8134238894481686 0.35187096318769695 0.5202110871019526 0.3959429094665661 0.7133257161487928 0.4217327854649662 0.7369911267279812 0.5033886347232301 0.8880252753305999
0.9218452102151906 0.9351334827644685 0.9144250354797188 0.3739527622371217 0.045367089268692484 0.04786574836694302 0.6965124963824855 0.08165376572648197 0.11811612329262677 0.1436354073039544
0.23695784985720603 0.005828391589798865 0.5404530622439083 0.23529342062801284 0.9047813560349263 0.7882079675782836 0.041270257136116095 0.8470378650956724 0.14311120803958 0.6367179270749072
0.43430053303198035 0.2649294015000384 0.2804665771100153 0.08191403242885231 0.7085638178405299 0.2649545496248338 0.00651585270949695 0.5604691145195572 0.2076211064965966 0.5120261688176471
0.8963741937254449 0.35552544055676627 0.8564060941687183 0.7539757969143197 0.5872304502218385 0.9950178497787846 0.8797571108083245 0.39650524918869723 0.21207044437131783 0.8116112210950962
0.2233729864966293 0.03822986172143239 0.4774898750358394 0.0016853400406738883 0.9357684972470444 0.06935956771227236 0.33606693997783565 0.18583880301092026 0.09890625133733977 0.4932277681917032
0.5484911544903875 0.16967320158150456 0.5055337222898433 0.7167925496861439 0.5566214558872122 0.33115759124010125 0.1728552602840311 0.17439825860396807 0.9958732366692125 0.8196622399507844
0.9550212413236971 0.2985002986348868 0.8638106986036873 0.5417899024389246 0.9710171073617592 0.5317189056302195 0.8315468819384197 0.7304218841865393 0.2998874870883368 0.7865031936162796
0.4355313721184867 0.7459351236791062 0.4118316177588929 0.001849501962515765 0.9195308632548299 0.6423357751715688 0.10155793983688077 0.2209328799598872 0.31008564881444367 0.946093542283257
0.2693874719076782 0.9191744409309657 0.9034507534758366 0.0417503679723259 0.7559471548690523 0.14918127206694076 0.7180073473953853 0.5359160305022757 0.5778953645854532 0.43715976238081644
0.6233566710337567 0.9800522792391272 0.33497436187514273 0.26481741576553974 0.7957851538129987 0.3724859363742091 0.26278489729371146 0.40143158488324304 0.8695159716327465 0.9313811873552912
0.391030658207731 0.3126788810043577 0.6541390013717644 0.7329392825096693 0.5335812502464056 0.3659817550100576 0.570837398892286 0.9428839940621675 0.3845541348478414 0.5765435398294568
0.023505983237574357 0.5343295272857925 0.823717758529984 0.19390744219752043 0.7655827635516919 0.5814168093784935 0.6448691136447392 0.5157882588663598 0.9493918911788828 0.4456434297780886
0.31244098265893927 0.9340905769846953 0.9520225225986312 0.4306010571369102 0.02444582714546706 0.36744063692346807 0.26024485062355296 0.7708738184267502 0.3139640330109069 0.9152233470614677
0.6666913800901593 0.14213961475556258 0.6567368164508697 0.7800300412674919 0.780507108607344 0.23205582711850825 0.06902490972844899 0.2485863567168285 0.38790040768912415 0.29529966454722345
0.47774610274272744 0.7956442445503354 0.5115012584326891 0.031172778660217393 0.7240058783418836 0.1809853437475748 0.11216151611181924 0.5684682223379346 0.421487698491389 0.7465978786851993
0.25280726308751145 0.8198378844444838 0.5327699348951358 0.9892527837465473 0.2011809468730782 0.9766865364098615 0.4494892979216871 0.8831188660903123 0.3867864196816979 0.45565821595500233
0.5663709545236782 0.3577209389322302 0.347077846492693 0.17907003034551383 0.8244979288133654 0.7984592904672139 0.7989085598957529 0.6741867816357886 0.46579367412408357 0.4300719885348371
0.7534840933604507 0.11001948359912939 0.2885431593446388 0.9678367706744527 0.156538636149832 0.055369574553904566 0.022879529369552842 0.9769721778803198 0.8801818939090829 0.4381300712183065
0.055514798517310004 0.9676126732037519 0.018839249257997515 0.9133932381153496 0.6245949660975176 0.37089570514380943 0.34893501281862216 0.6067044408294234 0.7784107956307721 0.19111335347937564
0.5004448425928046 0.9888399097899109 0.8457981494661335 0.3095448880331555 0.8581702209566845 0.45977596402219134 0.9014118675613877 0.1275007540371691 0.4615643196907334 0.07205562771212337
0.7256605046412475 0.4792726944525211 0.20416511635081214 0.7075485712148754 0.056939013799991334 0.5200985125511016 0.4471682201055096 0.9366380778031715 0.5128994072914286 0.5999141421537973
0.7563985517201121 0.7351592698826307 0.41785027664065066 0.9705800195224947 0.8479163387218998 0.21195046116165472 0.9149778541556153 0.5424323608531528 0.9847197121036125 0.508669747779905
0.16493275001124175 0.805424332730605 0.005482511932889733 0.07356729662094985 0.13642806526032059 0.46078611239312217 0.8859926051037965 0.582193064181807 0.47984642530697164 0.2710466490300656
0.23493264215734844 0.8805588115612247 0.24145451277482188 0.12942459968045394 0.40787159750080226 0.4600621511503604 0.7236758255633405 0.37400909903282265 0.9868120657028951 0.13851980292906163
0.6259733057295322 0.927816009802835 0.2173647980086505 0.8179457031674437 0.7112458598674826 0.9327185727106525 0.6215987452330057 0.4172493607824208 0.6342434926412095 0.1634160169354807
0.41184107639118384 0.336818318701373 0.2413580207077327 0.6570174681157668 0.5191784439971397 0.10198791000861163 0.6052473230289047 0.6744824296703891 0.02013736224688356 0.15369082222621167
0.29310336361093914 0.3220737955841073 0.4959979980044754 0.10711737393713483 0.8839749032044389 0.9041423201379561 0.39142217014244207 0.18300713107186506 0.5484082353051742 0.35297689469728866
0.7525532530819664 0.9312312060677034 0.5827701457602783 0.8871178121031706 0.8194717485350974 0.8126137520862386 0.15096933131839818 0.3864449504986298 0.8238674924246643 0.6824801159870503
0.12789391752517176 0.8405168728566668 1.5134439734110217E-5 0.7282084140485455 0.8617340567013062 0.6260504544805245 0.25561712274469683 0.9531000494303157 0.8764606968145574 0.3000952041264635
0.16880417600462982 0.8701739580679485 0.021082495113431965 0.05737019171936253 0.9785602285600096 0.6720284795286184 0.33890500982454885 0.9933956736882207 0.018065080623335117 0.7767035374212035
0.9778674740508009 0.8394656389049308 0.6039249936972575 0.3145152935271226 0.792134068755217 0.8911713307457741 0.7389874389878559 0.817123897264002 0.8954686216722703 0.4391002130794762
0.11241348779124638 0.09763477159946177 0.31852236742191775 0.1284984691115213 0.7879070815449498 0.0693223311842649 0.09501689555227177 0.3240996507141294 0.6594776901954412 0.0406043087434782
0.5559051710304426 0.7369858036101636 0.2238391126414786 0.8451840775815016 0.3459457842908974 0.28226162166174484 0.4695235545597439 0.018816950078846095 0.6937265292148717 0.37948615668014996
