0.9747872507778943 0.3364484333798885 0.34314768914262295 0.5945591864283175 0.9403305446564467 0.043000774363471495 0.7042417137190596 0.6252124349550093 0.43924567096055334 0.1470803717160375
0.09703732530779852 0.7126180429698695 0.6357114301392256 0.14971810599618773 0.2642157905255418 0.07763953033484683 0.2542564918555156 0.3277413664206038 0.9987362919221672 0.968865594544621
0.803428287293308 0.498741900792692 0.9709178226392148 0.5235028579419749 0.042611523413285224 0.7801472598138204 0.8411667551109282 0.8734860704794924 0.9530134647129513 0.952289396563682
0.025323430607875674 0.48218751586228714 0.2560591356665247 0.6691532915423866 0.5274539561884279 0.22152223101966295 0.08591647123708412 0.42552781912887805 0.5840134735515321 0.7549087512327886
0.767598080979655 0.8855693201399305 0.47365996400260546 0.37845993766353037 0.7780625899818273 0.9053284925047104 0.7385985707941723 0.5909422439693807 0.8749651030667661 0.3405792196869982
0.2361879429780014 0.31245560703455266 0.06618347553301984 0.5213278924076746 0.8936421591001673 0.8524505102372613 0.5629725141510021 0.0956702906826935 0.7740128993696913 0.4396130104568905
0.11057601439210984 0.7982022067544444 0.07823819145134181 0.36931168852783225 0.12235228299175027 0.5819794518373729 0.0058956617273421275 0.5987157957201008 0.85694559838361 0.4680614192221494
0.9764000489620427 0.925357019634783 0.4727627331964126 0.4129619103374875 0.5727356482998187 0.7218215449992916 0.16999014327154383 0.4718694124946785 0.7114166452083731 0.5674234547565943
0.7876138953541891 0.544289040039073 0.965219289138249 0.017124185000242265 0.16138109915063037 0.028796070005516983 0.6693320039962751 0.17862718892807106 0.2683681712021978 0.7848814557136226
0.42692011011339037 0.7304905111418348 0.684797702903244 0.9024077610442662 0.8967048337370146 0.5072648147784699 0.16597227140497062 0.9129834689104614 0.29300647488727705 0.8020773959761422
0.22067054792454666 0.24260261272044958 0.857803880265851 0.09274809498450287 0.39707660086991425 0.9011855617598697 0.6747138786740816 0.9844357193299997 0.6232911460899214 0.6321964246605313
0.5863957228334759 0.779978728040822 0.35269880568841516 0.004300550191009167 0.6497372757401078 0.23850746370853515 0.45294319208865563 0.21706593540555486 0.5172810856786472 0.7635692472772942
0.7469871117327923 0.7140002740545784 0.36870035682959257 0.4739220645985506 0.865712316856712 0.04875530383590965 0.5327359350308312 0.35331634578928595 0.6037401764493597 0.8341185973829626
0.737857549038875 0.9499983474535193 0.2836299731773103 0.018452313424956235 0.009013501006504443 0.9023330279805876 0.728339538363218 0.18052731040863756 0.588185184939034 0.9038582080533183
0.3178084115455114 0.011240363813694199 0.8980637550182492 0.5892455302079093 0.26275084194265186 0.6594908730357922 0.4910183063735475 0.2220585542849728 0.667222352112623 0.1595327798599454
0.12962634059926148 0.9958615527876095 0.1712501384055929 0.7284066137376687 0.6303887674201117 0.22214731586024783 0.9657940351351391 0.32459522698275456 0.8688532572944087 0.6717158576122961
0.7545317008863431 0.4928362267170343 0.3922215862309131 0.8605502262808763 0.800437695328284 0.1850629939234777 0.4146176755000658 0.1268996320769319 0.5398532596642486 0.9437352036540314
0.5805452176910721 0.9331942357213219 0.37271970296462054 0.561359043502971 0.773664861528901 0.9445797108149846 0.14487513312542022 0.08878609503287904 0.42087240603690734 0.08527420698580546
0.5267907821962423 0.8549191529120935 0.19576186645332228 0.9546140633948362 0.9628495550399635 0.9817421852176099 0.7609075203417371 0.6965687159565872 0.116246392978815 0.7311305880073207
0.20500183134388472 0.659669661828733 0.7668161746369143 0.9036875582247034 0.12873697985680477 0.9587115863384922 0.9325715902184415 0.42489023826791095 0.9124194357965015 0.3552490987915865
0.5804603206319854 0.2001200117029276 0.558658768972592 0.7108250769742199 0.6678266178829674 0.2976886941393242 0.6450734392223058 0.635032107654812 0.4132899982397409 0.5277628631234771
0.34480728370965563 0.8499213440848447 0.6342293952365112 0.5251265137943012 0.1767531025643253 0.22293827327612714 0.7077880687642705 0.5150121280424603 0.13272997889083116 0.38247798495133833
0.21329139880799375 0.04376875125436941 0.09546397052824152 0.32331724111268956 0.5961956776575306 0.08992507718591991 0.009071782232456638 0.43359436734790824 0.2571628960867747 0.13624422387118285
0.09285010746519995 0.9306724379270142 0.31458335828768014 0.9796566745711837 0.4995238115616847 0.780134573594725 0.9148438184893358 0.28349564326452514 0.21070827444452145 0.7903250661384655
0.3718660337687726 0.13524994066763085 0.6351923837492784 0.7242635964856067 0.6059168777906289 0.16308669283561272 0.32975082027931746 0.951423930604351 0.32141793431219856 0.08568658634847903
0.49754476960857275 0.3737827277169423 0.11445859516583834 0.9224728241530386 0.4357733626387268 0.10370794183979348 0.2329440324308496 0.4751041628023528 0.902087780207544 0.6456705600065862
0.02578500349836954 0.10614138594341593 0.4483834434139077 0.1394272046376993 0.21226400600581952 0.2870859166940467 0.13093558669060545 0.559235729793518 0.9786880124747783 0.8655277462253539
0.647446480340663 0.6318290965137464 0.5666651005786132 0.5099297224031147 0.874422896309975 0.6352879334657117 0.45581874263703714 0.3306135503100458 0.9824052213975762 0.17161550570802675
0.46347995303274403 0.24680227317911596 0.7919198197080073 0.46773300873087964 0.08487409358433395 0.2721133654251706 0.7996291506424034 0.7527775512118814 0.17954594919336686 0.524684657172992
0.35200461920556037 0.7839987109350831 0.6732427556372526 0.433155877037129 0.7729496273225054 0.6492139321998235 0.28920203594779503 0.30601579075604624 0.8621507252918553 0.560697281417681
0.4487669972117553 0.15936605899166834 0.07253769120980635 0.47353931129147075 0.38847947845916275 0.45693990214122815 0.848083890695933 0.010931162036124653 0.22927637016059177 0.20625447509733874
0.05728001052225562 0.35948873746235277 0.20314260973595022 0.6760640385292915 0.19296639822638684 0.509647856091523 0.49354968768129714 0.8528198138968665 0.025809942635183214 0.45932471419419163
0.17823602587673237 0.6376324379950409 0.6965638117798677 0.7734505058553234 0.5763613797954983 0.7002711942304993 0.8113493702090421 0.19765276222132722 0.8967943711104135 0.8530233295543053
0.9645511792544582 0.861270224180937 0.4602687821643696 0.7847763805893135 0.2555180668700868 0.9730520750133057 0.9253708604775049 0.004474861065818625 0.7881143183294435 0.8123064896303297
0.8867960981665078 0.8831419913771174 0.8462664264338396 0.24892727281249483 0.9340410493511596 0.7549463368068379 0.424003205606285 0.9876418735674085 0.7596718358722246 0.140332144552749
0.05508792982828059 0.22498762239874726 0.18853784118132466 0.28802090558313265 0.4351927945985209 0.4319373713953216 0.0627755865003996 0.3977317653324336 0.1586679362152521 0.530759959367972
0.7621741756055024 0.08175591846507968 0.0023083948241062746 0.8216144201249854 0.7654506107157639 0.8510607545548369 0.5801243752548944 0.6325415534367669 0.06520947026586776 0.6703874322866245
0.8659711535547563 0.81593015012344 0.43783827071611026 0.9168452647402238 0.034997277188886455 0.8951991759117128 0.5393162361244899 0.3977949811412943 0.3102204521008397 0.8773518265694753
0.5488908266213668 0.4363523942050658 0.017142963556471158 0.4902205427802574 0.614803006671631 0.41663262262544754 0.8471690487590262 0.8776369614099063 0.6697186127622843 0.5958944345047987
0.4096892466231702 0.5914245192216604 0.27824993376364593 0.437033014362295 0.5130473705193067 0.05602511839916191 0.05492801552312965 0.19240907842362276 0.2562079744262301 0.5497362515443451
0.8482130489244241 0.978790356193523 0.9357933742544536 0.1459478845649862 0.32460629068787694 0.12322174613578529 0.977261098153351 0.9884335005894221 0.8066538930241837 0.13092851398780003
0.5843439250031256 0.7366631275404663 0.21960973880183454 0.2288962504927261 0.5674765168023522 0.010270364958469558 0.7837502076957575 0.07256086825815422 0.8597840748167797 0.1862197960383457
0.6528113286522658 0.8680800857203957 0.5583099130912291 0.9578846904570784 0.043744458457404156 0.8589477341509224 0.938510644267013 0.652159569172354 0.5289639372026524 0.8532506722398333
0.7816490069296104 0.4188955999814067 0.06948603936447739 0.2266577693383912 0.5275660654004025 0.056361589549768665 0.05583573566841449 0.6262686407296404 0.2194161349472652 0.4170968814457078
0.09332372799331035 0.42173984967718103 0.9422989403915276 0.050436429377748504 0.5192735994960923 0.8026445402975012 0.47432582825982794 0.9811531671669736 0.6720043374371962 0.3048111362604964
0.16650755035272868 0.2980757107721692 0.7448512283959956 0.46342519544041616 0.6469533342202938 0.5322046050517576 0.6532340074579517 0.2369682086070669 0.8052224332751582 0.6407635071597578
0.718757712629296 0.8236058358904784 0.6542703445545206 0.7817864558124176 0.13155852105719856 0.5004269652631591 0.09028448162651448 0.9632557905000644 0.0905833285571147 0.15597455930198867
0.27480438971935195 0.08147000946183802 0.2412183510033732 0.25779789088900273 0.348874581722467 0.8252342374825841 0.5306583667078068 0.09929491560060921 0.4555779905182392 0.41563081572961824
0.8836354409767869 0.30390281578910383 0.5951513124523905 0.1755405923703406 0.1646015742043172 0.7297333592148675 0.6659837213391788 0.4787507334074924 0.7371873439123607 0.11403943168166364
0.15515262861886636 0.7153978027876972 0.5577342010723274 0.024437395263615214 0.3337517454364165 0.5286597858163912 0.14692531242042517 0.9425997716229608 0.48511805392215057 0.7270242676847375
0.972016105611195 0.596170994556397 0.648165820158542 0.9571243050511649 0.7418923587459805 0.9759489849371412 0.5933876292240328 0.4340474212265635 0.8681600350082754 0.8279132748436894
0.2656838929601729 0.7691874639540893 0.8776978865973876 0.7934705927155317 0.7260334929217724 0.21012279067417583 0.8755804097187599 0.7863268965140949 0.703120128015457 0.41266855181330475
0.25200474094153125 0.6406845472853411 0.22638091276124406 0.2021649531709604 0.7028327948468432 0.5430022670329987 0.4535438509712414 0.6492271150890482 0.29058506202959045 0.2683441843543175
0.7285745937659127 0.18459661145783357 0.7112003795997732 0.7823839501657078 0.11005216970175136 0.4083984309225408 0.15160148265445095 0.3414185625945786 0.0953466569276763 0.711021758945652
0.12408365550117861 0.8252854264336459 0.03257243660546194 0.8160061590589078 0.4457694216045448 0.6718661825146354 0.7601424784146482 0.8797297129614858 0.09484960698464573 0.4468983847797865
0.34285067700665295 0.8383590348197644 0.020057094271538234 0.7791066315368921 0.3837608062936564 0.27943569602471685 0.10579650819639186 0.11820304206918375 0.2827822609610412 0.23363717308536192
0.40257934355394187 0.5320959757662876 0.9856642029615003 0.9316647216178192 0.42089087059600616 0.5496855139385931 0.2212412932052683 0.7518748384713487 0.7563415916390981 0.8769126614341988
0.9601161334251969 0.29618456116533165 0.5649325085242332 0.6662686367634924 0.8445644695584138 0.7749454081222329 0.43949014246548834 0.9037597837561739 0.6373011127037042 0.6558944518283315
0.05180397675412973 0.392362241904753 0.3158463588030531 0.8379552407455668 0.519724993886787 0.7572901062080066 0.2995837184012927 0.44757555279591765 0.8344610549997248 0.8759394980701116
0.4382016273860302 0.7234523645734592 0.8405315905052781 0.14416015734529575 0.8130633809139539 0.3549094893060464 0.1993197510875504 0.03054533040327001 0.10715099460311062 0.06985634769814475
0.48688774325128803 0.4417195274006802 0.2845804816475329 0.23017117834174383 0.07769698205291342 0.5241431521561633 0.5872869347965854 0.685515703052473 0.7481016474873495 0.6617416545309928
0.4043306493572342 0.16100228268561811 0.996960352712211 0.5937062826356755 0.3983753703376086 0.009798915810563247 0.9254377249026515 0.7731023943118736 0.384243045757507 0.24867134571766447
0.14404388549935487 0.314460264928599 0.8460496773961409 0.4126254082265858 0.5821863178340377 0.13731265490150857 0.6522791356311888 0.9142272442119288 0.26398570971347546 0.20268225593044142
0.4822532557208651 0.2738427159514295 0.08383325347394943 0.06081114560187251 0.7128080082583944 0.7989516315374129 0.3661438263584912 0.2809637841382624 0.030586872673236787 0.033856123789992365
0.5259860442090585 0.7179236926024967 0.833214812449255 0.5755172394867867 0.46074648571293564 0.9848432787011431 0.5617169507816475 0.6569169827847903 0.39771243607617757 0.9483954304054601
0.4668981559341585 0.2362578676004805 0.7984332565577271 0.5397142703076988 0.9540012698301871 0.19847587463223226 0.5779480194251321 0.6834017490219213 0.5728129792415286 0.6749563545150187
0.3354429740229833 0.6869158387675924 0.9244882005939158 0.4180071805933877 0.5126287851385342 0.003944759924302321 0.24171517949989074 0.6285570531071633 0.3971050994669819 0.8879114984390998
0.16544551655204198 0.6287108856294641 0.6702050648266594 0.08554103418457493 0.2892639504018776 0.29520872398311715 0.7622903738745666 0.38546250776381985 0.37157559359490844 0.22549812276975778
0.6231930736234956 0.5331072342217282 0.7261385384500156 0.19504434673261506 0.6414772609351962 0.750702352854125 0.19307254486728387 0.5826667578288742 0.35342041204577723 0.8599497576673146
0.26532509114930347 0.09010386035469842 0.27109042636638503 0.7950180114148333 0.39967815291792885 0.2626730798967243 0.6286214102649463 0.1147645751879035 0.27673054313558276 0.029806399330228994
0.0967672355526702 0.9756449183080524 0.790892362364768 0.727405890267512 0.5480390810357887 0.9105535223343652 0.8492790445413575 0.838377984593872 0.7682090748594008 0.6738813806037081
0.6374950536846061 0.9933693905073492 0.6046895571811046 0.35936348802713836 0.8706478105328388 0.6106410049126054 0.4182730093049062 0.9748288493346449 0.689534868787302 0.9221810207656788
0.8619453104895846 0.6667545287794059 0.2847982464971588 0.03257188750774287 0.9489606341044011 0.8275645036039712 0.03594177173043456 0.08779026905053344 0.09209361652211667 0.3899031501016532
0.937458803130435 0.5930328836455908 0.2969601915627321 0.7146519656676666 0.35091918228959906 0.4118252656744834 0.9745262120064097 0.6132473578842422 0.669715691577113 0.0030847331121801602
0.9013979540125525 0.2098968485092837 0.3122723731909497 0.008472729105884036 0.7012167508761881 0.5455790879021244 0.5698678011125592 0.3892857533175804 0.8464555030685756 0.053253110991956065
0.22682896127054608 0.9302981444875026 0.5871418342714891 0.29249095151445104 0.5437019569699106 0.07738436281439653 0.4015089729497191 0.6217864676191276 0.14810807160840966 0.756411897519327
0.5333024068208347 0.8080830919677212 0.6133449278583817 0.0328106520311825 0.931446374049729 0.9256013271781153 0.021394176265202347 0.2143880139996387 0.4400013317747098 0.2798366348898078
0.6048483431257741 0.2743737055315668 0.39981959349931784 0.5076371869229522 0.6413720302072407 0.2773415331949538 0.9180335871338331 0.4505596987468563 0.13466263853974758 0.8275705642713067
0.9374868834266027 0.8762410981316594 0.45747896681807876 0.42757075555098534 0.8954454094317112 0.631312664917234 0.05515654081788657 0.03391348001000094 0.19940257521990712 0.3494221073426472
0.5121304763934725 0.02817078779600124 0.9675184324341932 0.40921854649465406 0.7693382024305381 0.2826812385909696 0.4822098528514548 0.4396941028408803 0.04697591861382666 0.9940245439923432
0.5876351548660941 0.30406486490200946 0.07493420623381353 0.48150119679545134 0.8252929733887323 0.15841335067812 0.5623399422136484 0.20357723070670997 0.4466821197037335 0.8776033279134557
0.44798273772124564 0.8321682043653957 0.5679453563479142 0.868516933731039 0.36500645539152876 0.3428011081543225 0.6386468485708143 0.0494535170006043 0.9260971519020721 0.7281063182935239
0.08530952023419669 0.564568087508878 0.8895008915435298 0.12275608610099453 0.4600649212270661 0.623516765841654 0.0015562251440570662 0.839880173878931 0.6757452804728505 0.7090153242172749
0.3280275170059489 0.06215307303809736 0.9409733405446294 0.278806594371516 0.1843774009452097 0.7051616886789019 0.8222825074508066 0.0035707203917469954 0.35421751793976053 0.2763258087777969
0.4550265655110224 0.5286019025635015 0.14552895489386042 0.38955862857909174 0.3008143447825232 0.7246144458719709 0.9758445608886408 0.9640176892016167 0.006431375005407913 0.40182913185843505
0.6004378422668704 0.03471133051092867 0.8576877602146544 0.5015312894099503 0.8016637951108743 0.5333897975974465 0.04135681822713422 0.850579695289311 0.34294907156904963 0.36006361184949054
0.42934708341410877 0.6668855359769005 0.2575306559409204 0.5586565097570169 0.8814754666773295 0.13766895127257883 0.08989294278046434 0.43471430258174715 0.12668700817324619 0.5573404502508376
0.5369557725570677 0.008754447684703681 0.12729236513355557 0.7081427911461801 0.04641656730941446 0.28575575065338155 0.45677146578544214 0.39422875860260576 0.32125200413482535 0.43945178238903704
0.6289177400561092 0.29863851030619204 0.352235702943958 0.15950499897660553 0.504574333034707 0.6226801828966544 0.554430213236284 0.09030338493629242 0.8719398703165556 0.2885055785367844
0.8189632984480218 0.5020347519169842 0.04739840390433003 0.8382123364679104 0.807999599249421 0.0778586846765087 0.8760542159399856 0.5465931656498597 0.6186709375571677 0.9754095093667174
0.8246289535266855 0.6796912516578962 0.020829327387449803 0.12652802439395594 0.9541053066091306 0.27761043290985576 0.8338394056566988 0.07603381485904126 0.43547773488330477 0.3175678567220199
0.6492271792046439 0.5285140360162678 0.9291972546538265 0.6219655448398269 0.02885478496401328 0.17151836090964478 0.5873743104720547 0.41629651502899323 0.512391907984668 0.2742142811196797
0.6575296103407984 0.012990358108020073 0.25320599602408644 0.022470547862478263 0.6676602986802082 0.6998419518148861 0.8683953453328139 0.5445011508733648 0.9546143124285486 0.5454562280010008
0.13654046701146927 0.1056155150973308 0.8612432955192154 0.49918082297380517 0.5058505474474024 0.0062856496399195105 0.2725304741540615 0.8592877625226737 0.9857338859005875 0.30465403971087524
0.2868664463407312 0.9107041095866727 0.8864221391604564 0.6027709898197643 0.7258728544736557 0.29238064262808905 0.044130277413475305 0.7852635226942369 0.8746498842973256 0.44442682363809227
0.6233353304874236 0.7798024507931594 0.31405049395437534 0.30642945201228655 0.3231088738967868 0.12064816714613913 0.9575606434667836 0.2909108137420042 0.8310396073138587 0.3397196009109533
0.43759164080973423 0.4396723129659045 0.6661338208715455 0.9840449634254537 0.7994667642145198 0.5858074170964421 0.13118351880478074 0.36411731303602335 0.05611142412446202 0.29045798114516086
0.9554430299452813 0.9745912058026005 0.5324323700763693 0.3009259029502822 0.35005677923145395 0.896921665135944 0.0855981538929067 0.2855422181196764 0.6215325253038193 0.3929602523711705
0.22590950079150462 0.6407340440203653 0.19265574172285638 0.3291870148678121 0.8826748911802578 0.2370191765021331 0.8655923357020495 0.033171617857665536 0.06048330940438695 0.07319712622033259
0.4285288863196792 0.6770205110191192 0.9134923095922752 0.9417944749622066 0.2550504197319734 0.30698146289021877 0.8288267284404677 0.373861502171557 0.37455817867244634 0.1940404127019829
0.9549091709877231 0.3275059437979261 0.60238059433097 0.2672601579600543 0.23652074368796905 0.3120890957150575 0.7098327852994032 0.00977415878966692 0.42561651857558014 0.8987983085849666
0.28733109586960726 0.3467626354592639 0.725396790372395 0.8583489554441983 0.9077712476149242 0.7354027745595363 0.6948622605085129 0.4878583066670886 0.432729527715106 0.8786982303803996
0.7920572239915848 0.041472331532287465 0.8206486080946686 0.22825771449356824 0.4664317628269463 0.563116138929782 0.5940209800719737 0.7155061328433925 0.024230402949702023 0.8347771727091974
0.20168434491907472 0.9564762588139918 0.5855412813274099 0.6000197590709075 0.8726951430511404 0.5122424303289815 0.3276164172143595 0.6999686741233166 0.1998477798247762 0.6552220767952351
0.8663001566832963 0.2677881188772321 0.6137588485918276 0.4909854662811871 0.06587976916727267 0.6677219294051481 0.11253691236307717 0.21587675405478735 0.7873980734004916 0.43604973015961845
0.09741037627754212 0.7526653513969844 0.08644536124760849 0.08385284828228334 0.9312871143270717 0.9996088298089306 0.15367370181678464 0.25527269910866923 0.8850715339873311 0.4527241381988737
0.8547538357881018 0.39998384754748706 0.46566579400873764 0.016726759694137838 0.07122097157344776 0.8148924521625551 0.7299340048858848 0.4070127261765004 0.16963277810529775 0.6376103202674274
0.08050935228888112 0.6632213294105489 0.8336891393057082 0.13304359972146873 0.2121759940453647 0.9443309261366354 0.18243980589225073 0.40447430907739934 0.33165875628809793 0.9559047767039304
0.5674329958380478 0.48180195563475925 0.5090056885542834 0.07201674359708876 0.6926338548093638 0.5921514704059656 0.03534976200898643 0.45755203518382115 0.7331693085758236 0.3018430172341573
0.9596874973510902 0.27099130241328695 0.9424309887955008 0.13375774802427798 0.5564143128634534 0.3334507987007238 0.8317960902483105 0.21042339322572357 0.33570744307675693 0.48666558023179285
0.3832009928409934 0.45068189491807154 0.350449123163606 0.2307663934747518 0.9120304842208499 0.8565909850250301 0.9762341415705971 0.13211514599150442 0.13626075636970847 0.46725009051373845
0.04510781700787769 0.9221280449398823 0.727521835179467 0.6275306100138831 0.19903121231238707 0.16992928713364575 0.12072108495140765 0.3222290232244731 0.5956729073123656 0.9048424445398378
0.6410961749898946 0.4599510585676133 0.6469776820948955 0.5891406943895444 0.0710428218316973 0.15607351398454217 0.3000637544510266 0.39714101717523187 0.623788208246626 0.26041990825279093
0.4803527095176283 0.8436418608393124 0.9169588797478941 0.6028250432870887 0.7084367818041296 0.42286717451761335 0.9463171539738072 0.688552332913552 0.5750404102749309 0.06849471328771084
0.24841790805591413 0.8655674436580422 0.7125343037454493 0.9260097239220448 0.41066274406042713 0.30696014809000827 0.13681163982047895 0.14053949108928554 0.8382066352207654 0.5043459040147024
0.34993811670772723 0.10648875540675229 0.21939751882477965 0.35186744224563316 0.3918384761283955 0.8997090700940863 0.44490633602427 0.31545573410608685 0.10838412690050137 0.41860021368438616
0.830431772444718 0.6282989085872283 0.26359799836270625 0.09745530563960358 0.36884008356298414 0.9310067747132886 0.7652941727704072 0.923525336152399 0.39482728119809796 0.28374715989913646
0.19632140964917344 0.8886932867864309 0.48366719651484036 0.01767023708305815 0.04768151694373146 0.937311394795077 0.6253361448981868 0.46422526783517704 0.535144764485094 0.9336700235692206
0.7162805210179392 0.20351361140370006 0.6475860837849314 0.16572981114602403 0.19332106073294852 0.10661095065099901 0.12311780346651946 0.4261635712191515 0.19766357603820117 0.11183047995056095
0.37819564163942065 0.7674179705049244 0.0017129948145355733 0.37118836024768587 0.025226686481905625 0.6144191503823808 0.5573632090198903 0.13087101627123032 0.5058094007751069 0.036711020624220825
0.9316630251333113 0.46829395956453335 0.5395873729208074 0.6312280810261796 0.08423415739636764 0.7983797005639258 0.5428000696287876 0.6475697649926978 0.9105438965396416 0.8829725976540245
0.9059654772995317 0.6995563051240652 0.7261120940776596 0.9298463678953133 0.03673075841550355 0.6500111370972813 0.3989582030088098 0.25155014681705556 0.37177919239017154 0.03012824875640463
0.15107085958820743 0.8693769927513623 0.1407827354540545 0.6604472093278534 0.6444091028907425 0.39402886128549974 0.5257412051124802 0.9773726869590892 0.3429206750382162 0.49209015520413135
6.508052463859437E-4 0.9373392899616176 0.2992898043970683 0.2562117398737763 0.05929620472559016 0.2701365631224357 0.45360303115139067 0.8369458827607309 0.2430618293763115 0.28357311404587826
0.2508482560184161 0.7654621340428984 0.36600985642497186 0.38357307609562385 0.8851391592911868 0.4989126418140025 0.10107340513444274 0.9669615102524153 0.7607830928599616 0.8540049061504091
0.6390659069368619 0.3686105306912075 0.8237876381473316 0.15937906100245103 0.9613082303853683 0.10028072088567208 0.26212720653290567 0.15367525266980842 0.3770272728638139 0.705407765556113
0.6990679302660335 0.8837166148843895 0.3682810727264082 0.1722467943708409 0.4110752503602093 0.1160216536150741 0.4580175027021197 0.9972028552693346 0.2903058118675701 0.06489929144028506
0.7709740279161778 0.6708379517325802 0.2414110675546619 0.5616689362940087 0.19247920089223314 0.5709609676879684 0.4533571101550603 0.14208667297394317 0.546816680148481 0.9903695624572876
0.519191659601412 0.9128480114835624 0.014664962907336765 0.30122790203843963 0.6901656892063703 0.47307674449916115 0.08822730363518572 0.06372783241533686 0.6453435856454864 0.6129981583921567
0.7230177897207939 0.2235953750390789 0.03381250843489281 0.9895344344993945 0.9868713380939904 0.41116825064033724 0.703828328160045 0.4873484835573817 0.42959670202098077 0.7541844240887128
0.9717113445338572 0.5139024033127441 0.6007932999564748 0.5470854415342061 0.5030327019604077 0.04838460140744938 0.6287041276334686 0.5815530171591626 0.37960784442772266 0.8669001659861922
0.5395786375638272 0.9361602681294372 0.7080406406739264 1.0670714935523407E-4 0.04487117739982238 0.547434454493156 0.6890381632469811 0.14451784878456053 0.852701580406933 0.9402907957244532
0.41144251968712664 0.44498552929638724 0.17035709240034336 0.08271228666709529 0.7609030725389612 0.7934107630556632 0.9562151405009273 0.4477130881832937 0.7403383571307699 0.5475222803438732
0.6523190299240856 0.015038579989347767 0.1878143217221825 0.36360123719816206 0.5829397704363132 0.12571817054404688 0.34719122328761565 0.6583188023331566 0.9398085977333445 0.814501305947565
0.9978690262381411 0.06739370416908197 0.2913068883508131 0.488371599613852 0.8821867454981179 0.15256418227489 0.8507512369707199 0.5937473653007309 0.982508589736595 0.5234095076292311
0.3180132155705103 0.22064155151178788 0.7947555381377371 0.4868442055349862 0.9690648409042144 0.42896749291602443 0.12111840313480748 0.31464752102103755 0.8096425618475405 0.45034187528805536
0.06191413926729372 0.22817987000025342 0.0320736726055626 0.8181490845596164 0.8250243883025609 0.23947693091833566 0.7184111455039236 0.9092964909673454 0.6910813207829504 0.059200949147445336
0.7183740358124769 0.343003422709488 0.9735428899837216 0.3844683758001597 0.897192539516412 0.1751309776477733 0.09502559953640943 0.013361251515842887 0.49630781422407444 0.8509735884685479
0.9647400209590713 0.39796975433517734 0.17897893434897127 0.43509808018055873 0.6866003766676533 0.44410151255303854 0.4432001919191342 0.7237288735444632 0.25355656918041036 0.5933329017794009
0.4759343391811961 0.4633430620182186 0.2909229275015902 0.48186640987184515 0.19551776700399903 0.04855262757499368 0.09995522008116586 0.7606973070127772 0.18319667310959453 0.753015222974519
0.22265354259106185 0.9828816900420636 0.4401033488280309 0.7590291386984054 0.4997455694941556 0.8162373742910974 0.4225843605194646 0.994631904364725 0.12603088579538058 0.2235978905044539
0.6066435540158833 0.061436251679756415 0.5207439858555457 0.6677791116661869 0.9113640767304926 0.34210115870836577 0.9253200711425317 0.8447068309951543 0.6715258120294676 0.71324968657108
0.5169239684890075 0.9256929513164895 0.49123578710501703 0.15780941391362913 0.48332959141943244 0.7986370227917705 0.23324050062810486 0.9701655014459356 0.9432135614602105 0.33796844217997823
0.6026913457424793 0.17818021226805947 0.8156532053576113 0.3044344607420212 0.2694849485996085 0.2680468782531913 0.7435959689845598 0.07837746797743927 0.23990278949842403 0.2911105702215112
0.9582933559429557 0.06393471541816109 0.23612516769182312 0.956201384757865 0.5351697009103108 0.2666320513930296 0.17129670521027784 0.36669082321918944 0.8363220255512143 0.24313305112839334
0.4181719393586547 0.6483951523842083 0.060824312303588535 0.34944312182867243 0.460970962330464 0.8326145835271215 0.7312355780861604 0.9726582859628131 0.6929271555030198 0.00801008567595829
0.6331882668231184 0.2213861808393186 0.576109838671792 0.9356848019677582 0.19465956087732939 0.37125706745102993 0.11545692707204025 0.03375029731977941 0.5425049208559688 0.21448068224989647
0.615554032631356 0.8808222858365686 0.5060599643601711 0.3461946450874611 0.9865475161491063 0.1623043836357232 0.6510929718376005 0.3353887108836885 0.4446817013565917 0.28898289488532425
0.022117068757721903 0.6744782843102219 0.3133004638370992 0.7543690713790543 0.6470477775094536 0.37913981415586007 0.7717567276470794 0.6653897452911935 0.015418040510513098 0.11880979807037406
0.8225231707430734 0.7804414095508129 0.6798394201507904 0.7982877567263944 0.45090061582606644 0.8194864870351535 0.8501247578511064 0.5821732884233966 0.9370710415883714 0.7727849253027564
0.3504641684071843 0.45640573209119295 0.5468440778142638 0.4280181708733509 0.5922728569066199 0.5549644178174472 0.37529765192014375 0.3599765674567613 0.2788053821157277 0.6448263153956563
0.9466146574858263 0.1826456585662133 0.40235851497853803 0.3585673397631798 0.283769026096508 0.9504402665062587 0.7208600433627709 0.9915320133466712 0.5533167451117148 0.21350007019719808
0.30786892513026687 0.9392858097253646 0.06339820884983516 0.38137376325643435 0.9584873540550346 0.14110329900434626 0.34716005429886765 0.730083423411658 0.20341301598463046 0.21653437495307692
0.299156748591621 0.5994746169271511 0.4343355906904931 0.3346297265591017 0.8488928163728314 0.0709216529339074 0.17610846771931687 0.23919612683579827 0.45351889478382057 0.6898718288084869
0.8546032915314171 0.26849078290745676 0.7707961445918894 0.6033763216551573 0.5038811981828607 0.6540532944818055 0.23379497107791014 0.819669282865491 0.7322913021421021 0.8609127640361159
0.890395621974661 0.1650213979149201 0.9243339289127137 0.2401967086207768 0.7935102257354542 0.9125072382163744 0.09360171724076904 0.8052074613097677 0.43204639376585774 0.9879910451901043
0.02183963989954263 0.513320600791504 0.1779853453599608 0.12054818663944655 0.3201400436624845 0.038599549169226255 0.49154804929016704 0.2977050297823961 0.8305165899345307 0.6538088488730263
0.6742748216950948 0.41029310886733783 0.34957691295523396 0.5055483773789402 0.2889456710764964 0.027377610761762372 7.406145262726094E-4 0.26251908176601224 0.9756194990800604 0.8286348526057533
0.7074254374379932 0.8444707836590204 0.2846728964182955 0.33971662951538206 0.12685163899436336 0.6981706425239951 0.3205695295701284 0.2655542860556862 0.09259054569351488 0.8767709353146145
0.4441938684410882 0.8972185514011295 0.08371003676988209 2.4293449999612804E-4 0.016933981356733185 0.7798659126234335 0.4893465924903492 0.027083614532101175 0.18629960146796565 0.07246605019504893
0.4697593756290994 0.6512901870610466 0.010713483957304315 0.8044189805769539 0.02839937794114178 0.053637127318289735 0.8002157048093976 0.539834387020841 0.5042519045969286 0.6825790238751102
0.4101717609284894 0.7971604976614265 0.06968893794695175 0.7176420048829362 0.3666771611314701 0.9400125113491298 0.9762926462436142 0.8769550118839472 0.12520282845370378 0.15446626638893812
0.22958932269101928 0.27061201271688684 0.4681267831539361 0.5587455157341409 0.09335884199195021 0.07284446220771512 0.0321497478115651 0.4531461786518043 0.3251614793625668 0.8885233008900373
0.22319333540483322 0.21120451343658886 0.32695054810329494 0.8232977579523935 0.3242313002942179 0.3375302206505776 0.45811576134786736 0.43171845669057485 0.43060586282667024 0.7733901012138296
0.6030289436951621 0.9139803982094404 0.9577327929570703 0.6180410617077998 0.7111400832116173 0.1594611664698221 0.8577000863010616 0.051975975614974024 0.4348984539324574 0.4940181002739965
0.35411732651604544 0.3976600132346788 0.1792500425401682 0.27804815095660385 0.9586735186455255 0.9339984552800866 0.8461889442713364 0.8236020674146549 0.7682136965209669 0.29269201535490763
0.308817258937657 0.45138456519319203 0.5577452580068694 0.0077986936480016755 0.1815942602611077 0.8922608908809827 0.9826372218682782 0.06423640019990551 0.7669322586971676 0.6529287897492728
0.28237686633571946 0.09662346123175247 0.1530234507395427 0.4117050519207841 0.23859967923229386 0.22676933524885856 0.3137579691734482 0.987913318456051 0.781710505933457 0.396290872084212
0.7188207179590175 0.9371505893508352 0.5632647492368952 0.4502444200563541 0.40053029294035025 0.36474760226171066 0.015380659799728913 0.15832737319719603 0.6437105889410406 0.12102789100250233
0.9038049666823498 0.8221175558078284 0.46586181830893125 0.14450950229628368 0.14785554171657123 0.10998209578514595 0.8371243143436905 0.35298201812378005 0.7283167967160059 0.2857023896822649
0.15300508413532388 0.14743107018611334 0.8334646335560224 0.052524894647220655 0.8175638922819671 0.2900708712364487 0.003749628095866653 0.8212625354187493 0.9207315076483777 0.6452854651681564
0.927268463197845 0.3292344502303999 0.9006601182663533 0.031067181846795466 0.7110054320956627 0.18624701362735252 0.7704822367639835 0.21858088250650487 0.9069269934890074 0.10448234980549298
0.9585803806967572 0.9387710035870456 0.3073647813428818 0.28107474816249656 0.06244741559569611 0.607467863177114 0.5407226089716745 0.6453198725559443 0.8484431469695142 0.3642384562179497
0.7963961485017284 0.4568749420788839 0.643229685044312 0.9352662542038905 0.5868943464828391 0.04697323852913804 0.8573948223817156 0.7768334035202574 0.31550393322331005 0.33158895342130956
0.7577485785393705 0.9335180480510966 0.5594393041982821 0.09365388978789901 0.762005636317902 0.05400807927583984 0.40127235334186273 0.9308404571155356 0.46804182107974945 0.04747234810348033
0.8455376293548316 0.1960900181973093 0.3496404241679002 0.9347188580784541 0.34276056678292544 0.21997987828999144 0.5516198116667139 0.5509086811885089 0.709757220389283 0.5971854387979614
0.4994609371091021 0.8903837439684589 0.28290612290937023 0.3437093245019377 0.10202970705852199 0.04920501593082305 0.970194521376214 0.2872121498606348 0.17071563015835078 0.9172874830588281
0.9781921321229448 0.13969442688095324 0.3042850814661422 0.9995565812334208 0.3817076711629207 0.3199429840473237 0.8959734041645383 0.0043405974752919185 0.3767352151943266 0.7425691612011867
0.10781767697673295 0.12725180642278378 0.011397990202940966 0.4711302670905084 0.6269572893999847 0.2800989247807846 0.42495000111895775 0.3447400067411688 0.769607256577342 0.8669118275297426
0.14149646236716196 0.43073702997662766 0.030634643279250473 0.09294935671000126 0.7629463483525681 0.43039575981178857 0.49014606711489694 0.2075992181416243 0.48481108297526754 0.9703268177055162
0.5832198573140318 0.5283685923522418 0.21881600444739302 0.04912899473277954 0.6148939166143633 0.5707031269049533 0.7478916632712997 0.7770186033588626 0.059745944667114914 0.11716074116937414
0.26196457346918645 0.945575839315605 0.12388029133475342 0.5995060852334786 0.8270679998389908 0.8954127089884176 0.26686115987623227 0.7385802408098081 0.8256450070271374 0.611479722356964
0.3821095989412514 0.9893394810362869 0.17251790232309283 0.9688942644087521 0.11650705936369832 0.9722461858756322 0.15884921100310856 0.5765860507734508 0.373426074931845 0.7372334612096696
0.10552136793197253 0.7217204108790994 0.38813411704976686 0.4027546741648367 0.6177137230419828 0.5047734217275229 0.890494148124087 0.43996795323370075 0.12405680749183101 0.37329723686669525
0.7771111323222314 0.6308947375545526 0.5565957325145721 0.9118280666049904 0.40355103330837505 0.5194305164631319 0.481895946803941 0.9260531967685365 0.07698487995633885 0.9953749334338071
0.7289759270060955 0.5712676015807608 0.580587369225114 0.5041878401134277 0.5763535986479078 0.5183147241124885 0.5932459039614116 0.25896620110462865 0.858344057062073 0.9246201632348621
0.6816124241029916 0.7461767400925813 0.9298482660806712 0.2835906783559522 0.13625716571856772 0.762967500266457 0.2892238001021852 0.06256566705714772 0.2996599923895339 0.2014210171941171
0.8004301672550259 0.4076716571779888 0.19100126212142043 0.8039005885113323 0.8784929865973041 0.0933448277184572 0.1711912143385288 0.1536805428919802 0.7064327839684117 0.32495053771162963
0.11130291663356606 0.23633988125011185 0.5371555235510829 0.964842731100696 0.028550762460451407 0.009938555273110272 0.4004041441861368 0.24537047977794468 0.43618285385551236 0.5557838627558985
0.08272108583188909 0.056752783228122605 0.7171323210266728 0.5466338815256875 0.07747420152010898 0.4534065683040841 0.6759990527097011 0.965474356823377 0.3123492158702771 0.10922763982779637
0.04990991439229464 0.23554360013226971 0.8533144101485296 0.07048739504209 0.16603213703678676 0.1810697010471498 0.4569135669916552 0.30442309812366053 0.12199116679058675 0.5282232987700649
0.7968459997186532 0.2222629281340477 0.8351706230403454 0.9770781108660271 0.42614302775689084 0.5673413683277037 0.057848788593546696 0.22791038891349313 0.05285277304658886 0.8021246790677294
0.9873525961086591 0.7289578063675827 0.50499558924038 0.40237980329021994 0.4138864834502668 0.327797178655865 0.8396552515312109 0.27238468693165396 0.44342011014545624 0.45478950999709766
0.41142150635381036 0.831991585728997 0.7089957277598232 0.9445797831435224 0.35700186443628346 0.19451935186545755 0.6410421592319359 0.11042831284829935 0.875671756706173 0.2538644142465515
0.8057592816142428 0.22618919415965621 0.8893337461875473 0.4298845556581119 0.5403630735454997 0.14204056983407787 0.15130825125070702 0.2830234714884009 0.11495826264787423 0.3626107000098565
0.6395793966324189 0.20230809393930427 0.4330319732906849 0.5499323818303343 0.11807186726455654 0.8952650062241372 0.8460382470479465 0.07869799959835189 0.07863523941782369 0.4639659249717415
0.002269991006687233 0.9675758540823677 0.8867647504612425 0.43832677545138665 0.7761915346364473 0.23788809008828304 0.8456885644018171 0.25594834144607925 0.2316313355912254 0.509739234481533
0.0663029195288275 0.32720138773177865 0.2607111242344895 0.43572335399135664 0.48453898611206025 0.004922175405466023 0.010114319809267247 0.39362747117887076 0.10309558264097285 0.4899992036409404
0.4572729178211088 0.7120870219377697 0.5510746880999674 0.9472957014949487 0.5312789238152691 0.5869391962858899 0.3529073705971183 0.8807665290678363 0.9868026161190754 0.7610582507072366
0.8770596820611384 0.12229205809008614 0.8340268450940962 0.9867464143588828 0.7953597098744701 0.6256659435099833 0.5035829673028928 0.2672930300249122 0.02538829941683063 0.6253376205320177
0.08270033167779178 0.8831032525942457 0.5512276073032542 0.6189243277365073 0.8972583753539508 0.24783737376987935 0.22196340499740574 0.06317163031107409 0.4341563078369093 0.7112900439805994
0.6126881367031418 0.6349555447242812 0.09939247760394143 0.5282787036261927 0.2993541407405683 0.4020832387546932 0.5894716644204785 0.3465986607509285 0.4466767576312779 0.27306349470130253
0.7172353031107335 0.7321419478793678 0.43738996471681935 0.6506821871053434 0.37793623049390435 0.4455659281740817 0.3815078236350409 0.3011319692113279 0.9673560609920687 0.4124365986644387
0.7358467561420348 0.06860954231453686 0.9709896188238327 0.5875608199620116 0.9369155815233198 0.21470777754256254 0.6317980586025685 0.20426067667376513 0.904381535622756 0.8425944943717983
0.5737580371761862 0.22063194495713045 0.5076717433779562 0.07788292223391224 0.009411642217219018 0.1273683458196111 0.6048720704830031 0.4212637462533816 0.6918476379560196 0.6655215702685462
0.06093589556623047 0.9623824832661075 0.0850218314701785 0.4176069107928416 0.23131737052581292 0.950109420353211 0.32105034169320046 0.6817524446523935 0.7574953107637831 0.5512643974331431
0.3890864731568503 0.5161299325621777 0.16245545583702348 0.49802200503026095 0.6576184610334076 0.3496935108428324 0.6570498982576245 0.7236370846961848 0.270501458988193 0.0952922320082572
0.7722548862722434 0.016794555707493553 0.17676458972967446 0.27251094199228354 0.917699015000819 0.18680159230312465 0.5552092277859849 0.25013344968171936 0.7334357860340169 0.22500418986882886
0.17704268841319848 0.35191070268617997 0.14978604405184837 0.47222423082767995 0.8132665975191136 0.2343561479463967 0.39917708394812335 0.8576773660607488 0.13826688379270846 0.6415788089204851
0.8342572468034044 0.8617459333269609 0.7070284382422501 0.36970481802302646 0.2981659636163394 0.9731451129048813 0.4906239652151736 0.03222562906828785 0.9656909669969708 0.06043493016959178
0.14310331329336623 0.007652038964888419 0.028145953481961472 0.2584943778531986 0.6426361324900505 0.7721404076743041 0.33015347686110186 0.6824883970386052 0.2007371900295214 0.6722979797174259
0.08311958393019248 0.5250219224624972 0.3656300161627548 0.07716233175185572 0.07803778923892468 0.8665900337396428 0.05928186154743886 0.7633894987438377 0.39936236183465235 0.8350967476552796
0.8823683229738775 0.3339743139705733 0.5020415844817356 0.5871291195599734 0.39740391989797585 0.44836524843553494 0.6554038332099276 0.9518376769093798 0.25750023944853895 0.6506258198599763
0.18044058342480007 0.4776879357536372 0.9866907210753326 0.6223327333156476 0.6111321789076131 0.05301195418358429 0.9374871177157602 0.7581908910654341 0.8958135524751311 0.23320321265693422
0.45230969638016594 0.06488390061782645 0.021178777117434766 0.9005613429605573 0.5376593455342407 0.5174677737380486 0.9893751603686429 0.9072084696578259 0.4233768916439059 0.17265527930375013
0.9077385145092335 0.9071619184904514 0.22406079796455258 0.5346261476327693 0.06107323770490902 0.6705628235670799 0.5456915583000208 0.8965390300347494 0.22798268955933054 0.7912238235496718
0.2877373612600127 0.6397085065573115 0.1756060553198887 0.8480731857687922 0.07949238721688567 0.7624510786231471 0.22122025264415468 0.7617371574464359 0.7591252335122398 0.23189169319677194
0.9845166270902691 0.2994155205556638 0.05489218692625564 0.1045627029293067 0.9709638464650369 0.424370410148628 0.16019585770211175 0.7454150420989627 0.4245197351861746 0.4607618093551835
0.2076470218450951 0.8899016637736046 0.9670569650817623 0.8502274399022343 0.742013318352001 0.7400811114936158 0.9022181394735055 0.61351881793519 0.16791585961612499 0.7632292870822188
0.7030183598426574 0.4986694732710871 0.8053604539329716 0.37023561419267237 0.12536419807388088 0.19658487171070693 0.6246674807723148 0.19109963999001423 0.5937599136312517 0.9356083867365211
0.952090477347715 0.23613244628842323 0.9908232192224161 0.2285310268131696 0.4383904837838465 0.834007066558386 0.7488344320922627 0.5386772346976122 0.3648594402214945 0.8715903121380042
0.1893946149691168 0.15611273028522699 0.9247626246027162 0.5255284120958569 0.38636938699242396 0.6306846331878867 0.46289666859800205 0.3718470455166899 0.43764730352399117 0.695518334710496
0.7819361656791071 0.48736607507941876 0.9228428443120688 0.7327590163032384 0.5314688261473628 0.9155179987686187 0.496925438242242 0.48276071710364454 0.3840949296723164 0.6591982231149949
0.02385821572002078 0.8785890393808138 0.17269427799777481 0.1845645923868131 0.3896808876978989 0.5996181513033426 0.413939755182111 0.2722423044844333 0.15107347743183175 0.18116658550785603
0.675363552859051 0.9361795086098357 0.47328855229283207 0.2915307060451999 0.056758325394777875 0.045438333278438825 0.3904416664672751 0.09343820981601592 0.6514226138024534 0.2304944352024313
0.28150091949776745 0.4438586532333568 0.22873577639709985 0.6331579381018219 0.5969184547693277 0.05427179851508357 0.5367749067284405 0.06801705907433253 0.2936978761170186 0.6329086743001064
0.5621622572181981 0.20334552569060338 0.14079345473835425 0.4611442100664258 0.8040584722036239 0.44070307434354605 0.04208841064155311 0.8181346397448601 0.12019363228563706 0.27499801881393027
0.7908011684024374 0.16095650408672701 0.9850543802711981 0.05056991194888116 0.21702000801527277 0.9919187571924138 0.06382190813766331 0.19388890140215032 0.5191680624142133 0.9003827265479962
0.8503829154771708 0.19975802247326024 0.6805523475273825 0.3533396320938281 0.7437109715809471 0.8754433953524524 0.26375182265618724 0.4271587004022456 0.34414343644053236 0.6059463075238646
0.5484513073214038 0.8223334014883308 0.9395547799292434 0.6936707180202571 0.9324293078977924 0.18371714037408937 0.12115444896839789 0.1470277921009765 0.7507597744749984 0.9606541496734256
0.21961332974201853 0.6450596413507346 0.18488908492281264 0.7845748928491592 0.7844499288029713 0.7889516788161545 0.7311011523824501 0.6160398481580043 0.6430834627420743 0.16634377104521358
0.7769851912303012 0.71887920819745 0.17068833614381773 0.20063828617353507 0.1948722357573227 0.8559903193182887 0.2779600961015355 0.235042610254665 0.502808015178199 0.969518734700784
0.2811304250875175 0.8098729596208342 0.06648135243772313 0.0075628477332087 0.25704464520259096 0.6316848485467667 0.01962888751871872 0.4902057763450579 0.7058421783694795 0.30408521171468195
0.06578830075065678 0.8695927060288466 0.34475659114080026 0.492619933188151 0.09087426674411825 0.7319359730330386 0.6387790376052125 0.8299194110748618 0.5639020337719679 0.413743585909202
0.23740446188845998 0.5323244156424073 0.03228613454367091 0.6602317294115346 0.8314077817675757 0.3955030604052512 0.6284925670842886 0.5407954023685834 0.06957258916777243 0.5641089291597635
0.39642453594452076 0.9545755285169668 0.08252227625136832 0.2293194079391283 0.4187734711514197 0.7085748715448141 0.8492799025007289 0.19813261073398547 0.18066875377736136 0.3314394042791027
0.11190924409610514 0.09958994829890355 0.3403106724029308 0.4979353988859839 0.7945668468139718 0.845630651939065 0.09387322340297743 0.18231694005497467 0.9155204381805306 0.8480737135901327
0.6198145276444278 0.4331926541159923 0.7941667521207697 0.4082615758543954 0.6668344761749131 0.9681639405728765 0.949807343607976 0.6421890969843853 0.2100707394250828 0.6234219896920034
0.46491810673682055 0.2814803641752649 0.2417254187399832 0.061653973095106895 0.7428748710524979 0.6993648488405038 0.1851669950214916 0.04102368435828874 0.5285735037584726 0.5508437858482033
0.1256530354862141 0.9786551859496723 0.7801099989215516 0.48752626329031057 0.03617097862583485 0.5039628166900881 0.4806621965478154 0.5101540289762709 0.4434960373067669 0.19033451828323256
0.7619418474568763 0.6556227855563646 0.5274164680340588 0.6780894745604829 0.7740616976771059 0.8803469351797641 0.4751784173295618 0.9572956272291167 0.5813892990915396 0.19810358691904606
0.023553575203983934 0.6659458744559146 0.9899354986380114 0.35803124363122707 0.512535310121284 0.8771567432002363 0.6190525066237876 0.6072468682139955 0.4475192831855086 0.998466536157597
0.7186924416256826 0.37258482357528044 0.5209274651927793 0.08697469754434106 0.2032044705808722 0.017249669745182494 0.27958482308056043 0.0959777663394894 0.12362455993281884 0.18071433980505958
0.14076041093955438 0.3119214748324737 0.33263901988292177 0.5939839708463729 0.25763575296231667 0.5149027530622726 0.4098791939352191 0.6773846204784153 0.8140647167019355 0.20161928814890784
0.009931295223640224 0.6743257750198832 0.688841438873537 0.5465783682518017 0.6714219980383058 0.552023747062577 0.07129348123266743 0.6455408351272333 0.7827671214319655 0.408962941533649
0.5328697029759859 0.9845901813071531 0.8386467722259852 0.6689104114619113 0.2634934478059252 0.00888051703403303 0.3409975991994695 0.9125884966583993 0.6668033166190434 0.12703163936570971
0.6992886665261043 0.80064956756806 0.2750057475956481 0.4803032115895909 0.2670748032487318 0.17538526738234916 0.991914244960514 0.33009396952446535 0.21529672928677457 0.09364279562721645
0.001852917426331091 0.9729767171032025 0.2875252526035955 0.23970847392765693 0.2924522687536687 0.6793927212920893 0.6083221315109819 0.894459443916729 0.6309679625561837 0.27029422764452926
0.6231172561033752 0.39587202704850866 0.006603733471336026 0.595437526922673 0.9364787161465873 0.8160150331810174 0.0054220882440477736 0.35769277056405147 0.285378165522574 0.4009454570077202
0.3197772525467537 0.43965116926905545 0.13503119875076064 0.1724627871533121 0.6108071762337921 0.13197431626135203 0.4171181833305644 0.9744670041448819 0.24037203294561138 0.4373440356177476
0.7436684358357499 0.16170515459281354 0.9679292797302845 0.9295355287671864 0.024616615891756344 0.0749796563719054 0.5681856722007367 0.4840506655415423 0.7930169159516757 0.42443091049230053
0.46696954827678705 0.5649122933433643 0.699127152085485 0.7112961328955756 0.9156170280686292 0.6516341359557043 0.5730516141417713 0.8585845454235913 0.9282683569189759 0.8210456825703989
0.1753579463874303 0.29239918972103185 0.19182106209336058 0.46056482005047095 0.2560597299042081 0.8181738957543349 0.4248896247601357 0.5826751916531382 0.8245833918656051 0.7698832536863659
0.20997135509459142 0.23477982207930537 0.5968142183279276 0.07532259704366806 0.15212091102821645 0.054265733050984255 0.4300432503740176 0.07684400645141787 0.32778694999606395 0.10552912548673077
0.18261283570229503 0.17447323139382687 0.3790658192738865 0.7538744968343978 0.8422857646267209 0.6171218879380547 0.2814794360781593 0.48061477870693003 0.9558391398814192 0.05764774361466951
0.7674850056254247 0.2243642041271936 0.36211068020567816 0.8088058202700474 0.6232769226202969 0.045429476491906096 0.9817018894092717 0.08967109383574567 0.5930419566411373 0.653368494957878
0.9487689288450258 0.9359035314917655 0.4226807042580555 0.6122006897370319 0.6838087824975497 0.862264684169966 0.6541097954322412 0.8434162833533367 0.6010745955713587 0.8120844895411593
0.14161113936092384 0.3838465899040765 0.020230912807189916 0.4059155941187347 0.9032953486521201 0.22362091785567306 0.509085898690878 0.010402026921925156 0.8435991025491063 0.4488500625705695
0.3227142631050878 0.6884278866511133 0.08683675537664148 0.8443404960077643 0.8240112596884419 0.6629005398904569 0.14717882485013234 0.57355695934804 0.7716944125812559 0.5290624443299753
0.9270309175266641 0.5462157893865277 0.14399666303813885 0.08401427554724927 0.5836388625933071 0.6083050838636697 0.7297706224357804 0.307171291943914 0.6328468865929094 0.7449917179475312
0.063450673563064 0.7216639259244855 0.26928719480726737 0.07378983007989848 0.4062958256980973 0.09423282776496034 0.773881627875358 0.5235287185012287 0.38356324428869537 0.18995710287521972
0.052386527117005866 0.7440729164924565 0.5757383655129854 0.0881942998704841 0.8028142942502469 0.9724105048780026 0.8316746600758089 0.38739915872504593 0.5449165991177523 0.29264057406561705
0.3224721643179864 0.4790274653615961 0.7615152346099926 0.9705541101168762 0.3871508468348749 0.9545204786457278 0.699319088934336 0.317917102453921 0.034651205399552465 0.1244040743902286
0.9559661148582745 0.8472285964763686 0.5614212053433607 0.5748265383483266 0.8403818895916767 0.3146403386336847 0.11982491239508697 0.6643970348708262 0.6351471903410898 0.6168888823959015
0.22983538573239848 0.8729769052093693 0.31241862657650854 0.4075052579673428 0.16495021137062738 0.954113922140566 0.9590483683663323 0.7282306177208113 0.8629950797078545 0.9140996924944268
0.15190003475379443 0.9134817228327186 0.5134572112186258 0.9431686968946177 0.7909597644165841 0.5188724445606708 0.25521720931935654 0.5581471605049074 0.44569299696270814 0.04921302352336532
0.4820239815317716 0.38089812429701264 0.09919850246637829 0.8170721636898377 0.09778464149638011 0.1731994586001766 0.2850639891155111 0.34990101048523425 0.6897172519386024 0.976229048166273
0.003427634371975352 0.38188265957219514 0.9946409636271427 0.46162209016209554 0.4756028011794302 0.61608439554059 0.22215516025736048 0.8911028566741772 0.750723802085043 0.12315406666610318
0.7681849949139903 0.40298383368377033 0.4132228690829254 0.4547163862428737 0.6033479421312639 0.696363196599267 0.15654943570189372 0.29278839516997013 0.15282199346411807 0.5676409628199256
0.786394705324647 0.7309479404407943 0.7978733675044872 0.16901347373914777 0.2957862377595418 0.08865285299530601 0.22392727110221577 0.3048944017231463 0.014768293939893318 0.497022604029672
0.7160427644479551 0.5597500996656376 0.47898576914197466 0.3625580895782464 0.15987866177381482 0.5596257553609482 0.5843409450534467 0.2146897330583758 0.9447140706157934 0.20967795537159506
0.7989936113364172 0.37370762066815166 0.18481421862760283 0.3213186946757298 0.6893269589613408 0.3375417725972334 0.6764080285130246 0.6451141884556714 0.7831033748884032 0.7790246820560118
0.7897711013577433 0.9593718076459199 0.8408849914734059 0.5696822072707427 0.05938397230593351 0.5293866728327845 0.9358967084204646 0.30176289804113043 0.5798621555543364 0.948609165142373
0.3528596567236616 0.36713038485168703 0.44133119569581725 0.10053328486946744 0.20792557061267247 0.7698067071250148 0.3451462574017675 0.7388949138040052 0.8646936242588533 0.4983693286315788
0.22933247524741784 0.973808377085949 0.6753930312685501 0.4650680871931384 0.20284893292366046 0.772758167178464 0.3116662325221391 0.7304428070192621 0.3387555822305588 0.4379025958735403
0.9659889458209779 0.9753857387403397 0.9085890494426987 0.9049343061861471 0.002615166114867118 0.9570081113587274 0.4537295138284755 0.623782372215121 0.21603652353245184 0.9903328437174289
0.6842683492243531 0.7277292060225256 0.715297092293582 0.33475062415345 0.5718612544196191 0.1750551946043949 0.5941063051076665 0.7323399832378614 0.16027979433613537 0.5561122099844417
0.9695439903497122 0.24456632321450233 0.5558495966207481 0.29876710491041947 0.676253622126852 0.9645389219401169 0.27969078488625454 0.07644459830333517 0.8883707936575965 0.14391872860284827
0.6646521829753765 0.32553854873481824 0.2080358528521582 0.7667342222242526 0.26205804668774546 0.9127494246251336 0.30719126430281707 0.6267764006301639 0.2868619925015854 0.15794483474366783
0.0384656436730606 0.5209081502891099 0.9745299003346583 0.6144291627459554 0.04129784673636483 0.2575371903147877 0.3489496192477838 0.2360474611813379 0.2610565970076013 0.7976659191450304
0.30789246186721597 0.8193373417171648 0.47176196588119157 0.9953456709321131 0.12102739570707222 0.8989826162023397 0.8471172745504708 0.08502673797914029 0.4052159265967866 0.5961103660597696
0.8599109855232498 0.2752097061868656 0.39279187960214723 0.2715130729755588 0.30645012844345143 0.5509676310916729 0.840757121189127 0.219666004675504 0.05053810614906051 0.06232279971341259
0.24230063023153048 0.054449570130090885 0.16061142532606953 0.2811257416495475 0.09677485555635479 0.8837744993254276 0.47400139571016753 0.4459981292774873 0.8702400536593824 0.8478482933778271
0.263888455467009 0.68306564389142 0.935913879676495 0.10460867940583618 0.6073682548282615 0.589620575109346 0.2223397139484612 0.8858903328151697 0.2571502930998084 0.9985178782193226
0.5168141184520911 0.8191793691684413 0.30476147266842946 0.10302327904109043 0.3725903591050639 0.3123494560675454 0.6897282884046884 0.11499486773265977 0.3506011759912393 0.4325623474547441
0.6570633016541806 0.15369466389856612 0.8899210812872528 0.37555480938657326 0.5944826690187384 0.11819052749722447 0.4459144173440872 0.3178229747282074 0.2911335954929979 0.8832221443467616
0.6609924054597889 0.17175408965143102 0.5512113942634064 0.27656994117183875 0.24012895435428527 0.5225448294305378 0.2686984014331628 0.9453790919384716 0.8917612103348117 0.8157841942650503
0.5235574984104903 0.39955500650335285 0.1644277468008798 0.6858686249078735 0.9950652821885998 0.23226103969598955 0.2604739405055624 0.16795506326003673 0.00457132694589546 0.7607127148852464
0.9403799592256246 0.41994775638377124 0.797821333769395 0.10487744310643143 0.44474431908599277 0.4960531618113999 0.2560836860855188 0.027352063348115685 0.955681911281069 0.6597262500358881
0.08567062914015289 0.6946053032354234 0.49537172919091466 0.7013709507703427 0.6770463914589107 0.8879358096918737 0.31671708236936524 0.734946171458407 0.24756686767932834 0.09191073787175563
0.7795565257235968 0.9876683389307758 0.5859962138633353 0.3187136577238143 0.4255909198112845 0.1682898855874927 0.7022978486029903 0.48874508207921774 0.46616869167462116 0.10197266580848363
0.9527987899602646 0.6809825543211455 0.17929723169035217 0.45356409871195646 0.7586776600848637 0.5910213134955752 0.775725914134394 0.5261231117870613 0.8648283840582174 0.09038099075594508
0.138671965765655 0.3178315142306706 0.19650320968668578 0.8675774508101257 0.46773732285976743 0.24796627067506216 0.7627400763045628 0.7496230719575327 0.2647911481476495 0.22139650378769016
0.7284310995894321 0.4520330113324398 0.28806930187329505 0.9911085356593157 0.7309904198923887 0.18607877676363493 0.07046849255788201 0.09955109483319924 0.7529311220621608 0.7639446768948245
0.3489894008687391 0.032132130556404515 0.37826285203241206 0.585606746530039 0.2845097742419146 0.5999874303720804 0.05847271393515885 0.1656676935853697 0.6645448686600628 0.9841805938094516
0.09295426637448168 0.6640457196763109 0.37637948680694866 0.3197828901895148 0.389100563557748 0.22132889378379395 0.3139317981946217 0.17582027146072454 0.7088787112536838 0.7677708526797268
0.5389365854807959 0.7958644539985069 0.03155555254524656 0.374317918151014 0.9555112638067551 0.5040837532070791 0.8663447183031499 0.14472132076647037 0.9768951405374948 0.2528580264121628
0.8340976057750522 0.10970278681497747 0.664128730805138 0.8906019493297785 0.6037623971719286 0.577305371757025 0.5986664585170606 0.36222941594432423 0.31718602843931365 0.917975883313619
0.3143928572997702 0.7197305861435196 0.9649365848231876 0.8185889059398455 0.4592386961503442 0.516623172229128 0.7861744326053807 0.6265368507147691 0.9825701099229959 0.8875776165905251
0.6572022671074897 0.5231742248168145 0.5517504873635853 0.3733052211544514 0.6061758395420788 0.9153186199360683 0.08975126119636667 0.34083782281343544 0.04555846422886389 0.614174820428896
0.7954144667126026 0.6706157926724571 0.04925438226016465 0.08296258539697643 0.25894622745064366 0.23434084656253473 0.01795701386525239 0.2776926171374887 0.31744732137991627 0.5713390801710965
0.37410024505687334 0.37994949820321866 0.1087631883908815 0.08621861879724235 0.5069023467035061 0.026204021857631377 0.37666229233764803 0.03689528425418098 0.04834330338801529 0.47509211434749854
0.45632866328072685 0.5595989086251446 0.702518516787157 0.522260740133149 0.5263806003473027 0.9862619641016155 0.2736626298487568 0.8717959073565003 0.6521043730791662 0.7497309405867526
0.24223981240513637 0.10391185561092076 0.8643180228730792 0.2435305355219195 0.22384726253131748 0.3404940691325249 0.019257421942823982 0.10544925653688042 0.9122811130621216 0.20325351028396843
0.4671026430943991 0.5280042204704428 0.65596518547388 0.6836631754750071 0.620239917999688 0.36388238952901764 0.6460443406104213 0.09951199015655388 0.35708043667855727 0.99074381613662
0.804796312349718 0.39982556866690433 0.8232343507405276 0.1273123396890763 0.8546170434242116 0.6980669485817528 0.5990644567288592 0.05146752131844723 0.7206859388230974 0.06294484106178633
0.3911208523844608 0.9610911736157255 0.3745197820709991 0.27682077309037034 0.3746843198220561 0.5397107784055937 0.4609747601947636 0.4836206434199688 0.06562283192828944 0.14152090865704858
0.5678580349861564 0.3913203585750904 0.13199193981495305 0.39415300198868 0.7951619719176322 0.968489045467328 0.8692868931692235 0.43260329417337884 0.36003530005598905 0.3800376577271698
0.15797984725555514 0.4240167277330421 0.33395737824214267 0.244234739480365 0.5979536222681584 0.5205651519471486 0.25018337138549807 0.16121507042389494 0.17166839125591504 0.8864458066653552
0.24237898931899005 0.8626212771182536 0.22637538711112604 0.9850660890152845 0.5794662957929438 0.26268208021701545 0.7854180499033349 0.8837691843398143 0.9470522033820458 0.15294559305253685
0.19963710073673435 0.9359944760529806 0.5924139659556357 0.276049341181404 0.9321231386165091 0.8345556159829658 0.4978670170862829 0.03832329618785035 0.8330367690900476 0.6947579904943235
0.07644186219962945 0.17668637740499504 0.6059428519506155 0.5223667139006544 0.49414926376596746 0.28221036362614826 0.2930815742050483 0.14897525081794982 0.6147129520118259 0.20088943365538015
0.5142265913596146 0.4761135962897928 0.7355023897431548 0.98156836636832 0.8822559628988433 0.6594743866977936 0.7374982667177307 0.22164515521637462 0.48828897052738174 0.6859239749448748
0.007475790803498361 0.37307877994928906 0.600218021070979 0.6485050043918805 0.5071921718539487 0.8143970899153474 0.7506914731276734 0.9084256737082571 0.6622160923095358 0.26881275649184055
0.20408020881025557 0.2480699806650929 0.3221387389199667 0.45422065308172743 0.386686445197195 0.06535296066871288 0.9042575813329775 0.6877629619071344 0.24043092266691934 0.6372827772090591
0.9744252871923589 0.535813108873223 0.6174802256184184 0.4893818424194748 0.9416081370232582 0.4996433108347643 0.7717530720513339 0.9476572527474774 0.2467996299458407 0.15770470789906665
0.7229710745446749 0.021100606522725607 0.4122866366258775 0.1473630614892918 0.769895562422302 0.8652356275371235 0.583866922400953 0.8620972738065025 0.7116187554182356 0.21102190205278226
0.746468444138113 0.7645815127880459 0.39925474394406857 0.30846116767091936 0.6227226680945408 0.7717365650243417 0.08510137825984021 0.13054256240854556 0.37439499626853345 0.2547494455521516
0.6623212190862782 0.810701653675246 0.6181779970596478 0.8152244733618063 0.29541642693561343 0.5457573932122375 0.9402037276094457 0.14804367681545116 0.13024864316282125 0.48633016355497294
0.047733481938348366 0.9821773633047441 0.742081615332731 0.4580332561448678 0.931834863778766 0.3026009360885026 0.73110099161803 0.709268974008068 0.9314576128647166 0.7996370979951739
0.40709226418177613 0.2652496938871919 0.38717084015270886 0.7664573506559349 0.81843405633823 0.8829033856347419 0.6519265176164215 0.47114046714037694 0.47529117873327775 0.047612181147444366
0.5865651059137833 0.36659954758866886 0.9928677118523305 0.930271164104282 0.30938081690414954 0.36985373420084733 0.5378074284537251 0.7319445226160922 0.8919161976953602 0.8415341140346987
0.39930527249300685 0.38343424664233694 0.8972560448351496 0.8271783086759609 0.22622018031190405 0.13836644557598654 0.14244365628278466 0.5837811328972993 0.4724559523909345 0.20093883048490024
0.8332428894985522 0.40823394046170813 0.3751039197656266 0.1632626025343551 0.26732158869591127 0.30869842370564615 0.35331684623117676 0.6922700381763403 0.6310334229384353 0.11562541974761165
0.060611248272601004 0.6024495456950744 0.025326620476389783 0.21604255596400102 0.44927061400753754 0.17820747752339816 0.7479097170233238 0.21289949980213663 0.1127495690837691 0.368446493756892
0.03165615226328866 0.46067291460716275 0.8604551312417908 0.26598800284121094 0.8933307686089305 0.6090976908375902 0.9490077234829929 0.10575649010894184 0.4820732705996098 0.998805056211688
0.6450614294646293 0.8681816749283167 0.33367455518592226 0.9958117987660084 0.8269892543098646 0.4580639293714136 0.23453462193405705 0.1262197771516147 0.14621603196304878 0.34418754678166363
0.9782907346275875 0.1781478942899316 0.8637079193452636 0.49125502900097917 0.15845742839725696 0.2748337523685821 0.8531040170415946 0.3932552650379999 0.28202092198789386 0.29100541477621267
0.41920236236443864 0.026167081347805987 0.911781872360405 0.8840385012212063 0.5189891000667006 0.5779387341730543 0.24934246674674887 0.8420773600282401 0.6921257208994274 0.8849732193459502
0.5559851550154103 0.41321348692954185 0.5087868951781918 0.6068881985233366 0.07529179173502087 0.7729780236344016 0.6249665495243697 0.305108359860609 0.6692035826443797 0.8118198602103281
0.5988477298935693 0.7558870115137067 0.20832410375522403 0.9799041986564252 0.46655748590604107 0.02464322923737683 0.867618590936742 0.013480988894978063 0.7016050170269559 0.05603920128638251
0.8702650379415248 0.9852365899080695 0.5895276286512263 0.7930122021322108 0.8952633664956594 0.2704560531580089 0.23774580301748038 0.12801421387324552 0.31851120233716623 0.7014873045325747
0.41035507654500414 0.31100141858299435 0.6924060578484135 0.3949130493135503 0.1285593406267861 0.7912549952611779 0.3856351325789038 0.4789997284462496 0.5096758738830445 0.8539034095903053
0.10266588492512285 0.22340720613614573 0.631120342353345 0.8270557562393864 0.08155161571596847 0.8788071148420251 0.3005052974019271 0.08174453970608431 0.1290184447942856 0.8709712982245134
0.4889627699738447 0.5244155888290268 0.2934010495153415 0.8620562891778961 0.842028437315741 0.7904914149414225 0.8988464406631178 0.5912240466290002 0.12090071970177896 0.8875741664253782
0.8683065355105385 0.337402252951698 0.6466153746636215 0.6081424378322959 0.7481919307655036 0.3089028155899103 0.8206523552310597 0.6341359572231987 0.6141605286078784 0.25778041106210814
0.577718123543323 0.8896110677563974 0.08536671902630033 0.14122689246498998 0.18992367912277885 0.3626888328782246 0.0035978085626593437 0.7079625105311189 0.1863048565023202 0.3143066926684107
0.9440766935521714 0.47449744793454296 0.2776075956140365 0.5188238521527343 0.6163104396770267 0.6743024416931701 0.08348827618773269 0.9403195138846862 0.3862167422882705 0.4123408137397444
0.14775518196683646 0.03846193013478305 0.6048614914825341 0.4380782354953455 0.19700374838411283 0.7191157747677568 0.16449216364965868 0.6620008695688234 0.8489751802295077 0.797393956712193
0.719153477331826 0.78383651977253 0.009194096793294082 0.7246493400608808 0.3050231791150366 0.17508712419261852 0.007917918723498452 0.24594067838793454 0.6747077099677389 0.4641457457901923
0.12415680134521156 0.6007962770980175 0.5200883836352861 0.10918445382753006 0.5194999060959985 0.8576381993128251 0.8999111642935972 0.6121641424448823 0.7617100608096349 0.9810180954621326
0.6111638228007915 0.9267310902779539 0.05652550841691284 0.2708558701075977 0.9473866515322318 0.0434291639005262 0.02583409479707699 0.8841605570875612 0.27241356987293597 0.6975708441879614
0.3713617509949666 0.25225238309736386 0.10464296205272128 0.6382740527744825 0.04524361692759715 0.34029381023687366 0.9547883202603901 0.9215858504805082 0.6123227075455281 0.8609765519578783
0.9891609375145765 0.24627838150898707 0.33374798091562974 0.7505004091706818 0.700888062810104 0.43781620129354404 0.1274194066262211 0.44251904888204807 0.1630718092334047 0.8041583505041453
0.9680551921198804 0.7345170846995424 0.11074521883374955 0.2364726268314381 0.47813199364439496 0.33112107807719193 0.05258415829854257 0.6085033852731334 0.43067605533842157 0.4701372074160044
0.8486844199982315 0.24024846278122225 0.6358598026810427 0.3896466386811035 0.7073156629833419 0.9347649974602803 0.21558446513351304 0.7782791754966064 0.3514151744399845 0.3713372360754176
0.5837062626997488 0.7658242590498778 0.18468572820827744 0.4439046978518536 0.5442905937540208 0.45762816806077034 0.6475137784961892 0.4705619809910798 0.796254135923066 0.493764728845682
0.5945256170829762 0.068106352525515 0.7899826923673141 0.6227563842176893 0.4484505073457872 0.8850227142243754 0.31998800549432205 0.8196609120431078 0.08906188871469367 0.31696020985252293
0.4573941042063234 0.04962891821551352 0.9213185537121367 0.7906682181832259 0.4270199199891863 0.38057581710499855 0.3334299038703681 0.19552405655387295 0.8160515853232476 0.7824008453093461
0.8034208745800583 0.5661983152681741 0.06477441899100478 0.6152255513387699 0.2418730611187485 0.17566818663207173 0.5345611813783065 0.5054122738815829 0.7688711990122772 0.7847030282531692
0.5742894507912606 0.035662970605670696 0.014784532490306423 0.9121103044814072 0.9135881510357996 0.4342873184107182 0.2073653495674288 0.6394447275800365 0.3997890711530401 0.2387684502283247
0.761747407150586 0.6445465468095101 0.5651866256023189 0.7300432943367343 0.8252794209772779 0.8701897724370397 0.7621845012540895 0.7864541470625451 0.24572978115670563 0.47728507994919755
0.6361360244706027 0.690116484299967 0.7292506482103535 0.50649550056614 0.5191596349130174 0.3334877836979919 0.5335906496386026 0.9777882709288791 0.9229397297393621 0.22021059053705183
0.9023975597337127 0.9943591109222647 0.6844971783344548 0.6318424216112096 0.5880532959369229 0.7855299112322552 0.47614285330805106 0.34087427506490753 0.23333559827732375 0.5226347486146041
0.32930192225866306 0.29047820208155395 0.08630211599553683 0.1725733798568837 0.5416249201918782 0.7327138502822945 0.5081441716134315 0.615624658250416 0.8377770540799194 0.41946266325457426
3.5917765981097194E-4 0.7472776641865956 0.9365240703880339 0.5741476035762941 0.025441919152423775 0.3082511546956125 0.7402101215778771 0.5373354855034902 0.7243970268733217 0.7425367155054051
0.20744865519249323 0.17560769190337688 0.7447259109984018 0.470215150712737 0.5958246228814572 0.37062434052855675 0.7841434816305978 0.5799588416010578 0.16863285265011063 0.16409624639459452
0.1281312746933293 0.09554807244699359 0.6481534692310189 0.424417599487406 0.4135351864488953 0.6513924104979842 0.6676923643018825 0.2220016155039869 0.08576765919696072 0.6239627457587428
0.2255909731612007 0.45290068735486955 0.5337758693822726 0.5092038003580034 0.6766363336243535 0.6340810663747711 0.6847884129332321 0.6104101365271927 0.10977888596386032 0.2087618611571136
0.9199556347567105 0.9067142346669911 0.05579197300813887 0.14651640193362692 0.5323489823078625 0.3092476694847278 0.34448363624240574 0.10037402791523287 0.5903875540245107 0.38020146009760014
0.5882980471211159 0.891948403605713 0.9926107577051401 0.9894258075409301 0.20762007735010923 0.6356585066030093 0.703817820861494 0.31387254108779794 0.13282336422713348 0.38439663911711375
0.6479465976971556 0.047098876926055966 0.31907881356730816 0.7815374021080449 0.49966554664071616 0.6792142575165312 0.9921666989772733 0.8379707464430292 0.6645041318135884 0.23206642523225007
0.10701279278969689 0.6178803986434245 0.06644885728699357 0.8901271038447998 0.8453943056950908 0.31327944279576203 0.9722833929802744 0.5544513882549053 0.10523969169022906 0.9148524841369293
0.9735529727651853 0.46524921964125954 0.8411711551002294 0.4454436304811378 0.41988473841362906 0.688021404866512 0.8044163697227009 0.5125689271350152 0.051497131372200244 0.43887651063095434
0.6999424930760891 0.7576196324505727 0.31408349832044447 0.9365593546597314 0.029641269729024478 0.6319635185596773 0.8558559134258059 0.7118853423403627 0.9226215340509771 0.8139389368280064
0.004387467652328225 0.07968961405422736 0.0671415705094831 0.4957763924048344 0.5999920872905276 0.7840636407942655 0.453439924851326 0.7157708930208486 0.4227336430113997 0.6645658597348318
0.012700991469719813 0.8885678921957726 0.5917562268599104 0.5592573113288409 0.39461685865163143 0.6952141351971254 0.7384803274070908 0.5598272205893846 0.06448449591020577 0.5346643875163463
0.45931030539181994 0.1647374299968849 0.6205035121325985 0.8097234514094593 0.5388508186961537 0.8382285697609172 0.7329162326561958 0.42294261918618525 0.7012307606852136 0.9761953197952378
0.38885861841692226 0.9917780902149046 0.19498524398997585 0.3043514972122018 0.19026698494565863 0.4573585593489955 0.34604779691080234 0.2897708693327681 0.2969118712459352 0.957497798388178
0.3237561821666005 0.23380197048417195 0.232607414119126 0.0621272383943291 0.75637685766829 0.3325212285207356 0.17987086120783635 0.7281129317545944 0.5055050763558077 0.14030114208985078
0.5767830913574645 0.6204596367326202 0.8627986258006803 0.552735305959111 0.799528455547573 0.7681947464757335 0.6678550561829115 0.6370755570944507 0.4650678806829982 0.8757629517848332
0.3626439539249112 0.3815010163361586 0.420626300017348 0.9945522500670496 0.795756821462342 0.7089526605297376 0.8001518527345 0.674210584075678 0.6688396267238936 0.9069309632851795
0.6226309445158907 0.15970175673335218 0.8779234976993084 0.9615684914926736 0.28311968903444995 0.6775879069225782 0.6439715899272126 0.15245331975120924 0.9445788893736539 0.36381548904846883
0.24981113744235706 0.6640930984979815 0.27707635975611156 0.92532017105993 0.404721554476147 0.9005736732679512 0.21064671875594732 0.6990554376202417 0.7433007107898926 0.6518804660770986
0.36907577393849667 0.37458886946115644 0.7318335586462039 0.2535144268343872 0.6341025062824633 0.2801986643049774 0.3032381026312836 0.4054490012832226 0.8530090435957431 0.7974426380266141
0.8707663593699173 0.37213793257328 0.047294845599717306 0.16546043197585447 0.9809881312889779 0.8721986920920844 0.6061083959451039 0.663809099356242 0.7581883621929809 0.08455936026514066
0.8553358474670532 0.9214212495518619 0.4651592179009528 0.8472715898551781 0.08172314423206783 0.8893137625279145 0.9594707748419488 0.30585609633806654 0.5611340612119635 0.8359643419516416
0.5596544157361254 0.9799612882108272 0.39102378862971876 0.5768124084521284 0.8523358950022478 0.46027925072392706 0.9594338185775688 0.033129372908488164 0.2692056299477221 0.7220782666766556
0.6962906055367873 0.13054300666876117 0.8418160906248686 0.3473740448095629 0.3475171887860016 0.9937891612788771 0.4025468487159414 0.7846768383840694 0.38844304262066076 0.37180355590362746
0.6416803759098955 0.1434150527742465 0.3502247969713822 0.2360552113301937 0.8533827021948488 0.9195502945068308 0.7714659873571639 0.5350620656139243 0.9074842828462751 0.47956276406826537
0.20695168735555147 0.15931868588132692 0.9693089674269616 0.09190026051581723 0.22638930836976123 0.27340485477345644 0.7563995961798583 0.7881474020709727 0.6182745503754697 0.30583270983702315
0.6688406725387889 0.36058673015217624 0.077476849078703 0.05222958629240526 0.9589802402849785 0.35848653373839245 0.49986653238835366 0.5437424765274722 0.216704515238332 0.03236482950386865
0.6332811612040573 0.5600890419591817 0.838020237611093 0.7936427107525286 0.24135604402100697 0.9254694541759557 0.8175517034132282 0.9065146653191061 0.12522019488605207 0.015592153156673283
0.15966040715935914 0.8095270734854352 0.31778533130399955 0.22535572532177173 0.4382474187604807 0.6762705409096708 0.5163322553184118 0.49926834439448986 0.5518996854077691 0.5677556276767771
0.3513257844506954 0.41047488318113734 0.5188931677086509 0.8034556479084654 0.40286534580056566 0.6893015186450039 0.23566758167752266 0.9836640878850342 0.9709055770584318 0.5485157040377995
0.48273833232216445 0.4327286885976346 0.4813573039619594 0.6300398979869811 0.10361388132725946 0.7008876772361116 0.06740623061223938 0.9066447290734093 0.20513711839338244 0.16184842531289634
0.30386288831724906 0.41218807089634046 0.4317719225033171 0.6739120979044769 0.2920843303677544 0.24525423549971337 0.8517071165545401 0.7343626786956502 0.2939841250480627 0.8935873330279688
0.7592515672832151 0.5500020693011661 0.8958744883048148 0.5605016186439084 0.7458459641878492 0.9711278383537271 0.24636002001604518 0.8394906653775476 0.721118349402725 0.2919134025346197
0.25723003999871175 0.7795465083870182 0.17576183967812686 0.507065161833187 0.7822721619697061 0.11123863783299481 0.8696147480403724 0.7327949857669495 0.696157355033751 0.16239202158625266
0.30117465676585764 0.14956014152886576 0.48402207608062864 0.7822424553446078 0.7688800623991504 0.004687282330946285 0.42210061288454426 0.4142361386050777 0.5698438023037602 0.9249112675901439
0.6807370549372365 0.31018026336015736 0.8983252314400618 0.032022844512503035 0.7133324992065918 0.7622395385267331 0.30407877108470494 0.12923430998744367 0.10826024417528624 0.1443132650301453
0.14981833589979188 0.5315357205352419 0.6755078309237691 0.500616439968471 0.3673889657271474 0.9502282913337361 0.9157816130157387 0.3968275060591546 0.9538377751476385 0.209985950556016
0.17703590033040406 0.7579541487729001 0.07142902273650409 0.47620984732127003 0.7418656986478835 0.4571080063683758 0.3197486399471662 0.10110491907156827 0.8089278685927259 0.4906680159559036
0.733395582551349 0.1588214534638086 0.8325329111905623 0.6778510869946566 0.32535913211667966 0.23316849715249344 0.9667756321667204 0.9564979765740897 0.5440321701666595 0.04582068439116416
0.4240498336839509 0.5119214447312884 0.8409128725289461 0.0686035109367894 0.402518157241047 0.17195253097564023 0.6563980817912501 0.3503559769357353 0.8630857434289985 0.7288600241015545
0.5226735386623328 0.407034566656691 0.8436517876784402 0.10760721081544056 0.6555578174717532 0.17313548956313163 0.18689075187408255 0.5899491572138652 0.3612580233210759 0.6931767164770085
0.5275405290148276 0.6251627579990093 0.8193471265036352 0.44389547561032516 0.1361523050782384 0.11074079012150628 0.3198744141758143 0.9209806899448594 0.7484827469343661 0.41017027500294867
0.8303718404831621 0.39857396567129055 0.823186149755679 0.7899547803258885 0.8476209335880411 0.5754369129364941 0.765190469044141 0.4043288653090733 0.849396089812025 0.15859648206737853
0.5281180077420635 0.43365258485742364 0.3030022501283177 0.30344430129362676 0.6663375570033753 0.49126226989130295 0.11027574323240785 0.22867966269876894 0.34571225015174556 0.9535934949362688
0.5728192938013192 0.25515037140993524 0.04183284097334894 0.4396809796173706 0.44659358424782847 0.979559301147412 0.655503732110073 0.26867901231854574 0.42158885972768656 0.2871687518176914
0.5574747889166763 0.3578355769957918 0.4101524886906244 0.43204889639464195 0.6378891761875178 0.6883918453274442 0.35664916954865966 0.4690803176602183 0.7806436015464685 0.16316803299930793
0.8914824690909022 0.9088350625616783 0.30883418346332137 0.407135946689261 0.044107816864495386 0.5846244269809084 0.8546873576080908 0.821066883758601 0.40251851320950016 0.37041597399258486
0.7958523721041431 0.9883835272814001 0.5607882883243875 0.5689861752406942 0.8696579885353338 0.3566327222848503 0.4316048067182945 0.5015891141315162 0.827912565923204 0.9675355796710963
0.01733106199579948 0.07358613954412441 0.027053848724741147 0.893360235488733 0.5309819470154366 0.8648946301736925 0.6619305402559954 0.9524018381013046 0.3376060334244694 0.5997790132736778
0.9462247871297799 0.222642871477151 0.04691337145820362 0.6874205246890277 0.918501493487203 0.8502068503635507 0.22959196553919603 0.8928667755980182 0.7100959872296982 0.6580065983632845
0.6526071078121465 0.09737577013101517 0.04952950569575665 0.10002802115895948 0.6328795265481498 0.5378334596555 0.49786703986830094 0.1779789364288017 0.09408922666141184 0.8768379425082464
0.4104101304009147 0.03957204161693517 0.17795436448945656 0.9482071266257216 0.9023422999506506 0.11149943430118381 0.8091852749422764 0.04708133347129462 0.15942261184429196 0.7851960786627717
0.44241582145790226 0.18945562520269754 0.2795487754260859 0.8697778827437008 0.3297656456616753 0.8528917273104075 0.45698764282274196 0.2540796248136059 0.03928820555708368 0.32832216836554307
0.7282980689321444 0.4785066378866756 0.6274116621516629 0.9622745844277042 0.687447237463387 0.20745370246895745 0.8225805290726582 0.24950734421314247 0.5473481660423651 0.9143331016284123
0.8126581158547507 0.9479621844799672 0.6760228053190631 0.4437933307258487 0.7452510274189884 0.1311032872848913 0.2678216873501027 0.4994987533861657 0.847968730517256 0.36712658251443575
0.12360756159121711 0.5208795688051385 0.1547326579274787 0.020186768695016233 0.6085368528167489 0.8585508479807559 0.18460088038147404 0.005704221866335679 0.7320499186520666 0.6356376178137685
0.5611760196887693 0.19997705816243017 0.9519070082066902 0.19103333029739578 0.48351562547187255 0.10373878146906601 0.7425835838911292 0.5406568106418169 0.16356564764792547 0.28996510019679145
0.18806555063326347 0.8640627015267259 0.8304894437201872 0.6281481385986835 0.8600610165085109 0.6262991877858965 0.6688661892200133 0.270420058688401 0.024872035982814178 0.578695693102429
0.10558393909145447 0.9093221066599928 0.785646407864316 0.5473026602611453 0.1893546624943575 0.872679585898089 0.11145591036034685 0.613994416084191 0.41712954037740957 0.2079567470794932
0.8306242196083785 0.022784913500962345 0.253294820007136 0.02663004145808079 0.5729540581058061 0.9026957601459986 0.7603797901942525 0.028532071374685386 0.3339798241792874 0.6885545972991218
0.21411022693253912 0.30678283111547777 0.8040985563704133 0.9423908961830509 0.3109921568948243 0.24583867169466722 0.856408378754455 0.13063585883586837 0.5932120702215664 0.5683533366985033
0.6193106872410641 0.7961213065199896 0.013491901876968915 0.36096026726487496 0.3734080525571052 0.4789124434676637 0.1416379573614014 0.21474830156334412 0.10695751544582832 0.6862976065156572
0.3748749871521888 0.45311787639425427 0.9401140887792195 0.18979775559831247 0.6556580416594044 0.787868448475542 0.7854274477070052 0.9358473356779277 0.6235063395895325 0.6437820724864934
0.5505297837734151 0.8968369627501052 0.8315046954717589 0.8226320377215747 0.9086807464986474 0.26049800443556315 0.6434700303935259 0.13945962230947118 0.16381072321175993 0.45814752770212885
0.694381882016296 0.1571260157447082 0.018931451527912424 0.6661017162416678 0.344527052931738 0.1695605998861024 0.12025843982088769 0.5796044678812178 0.3869107377621793 0.13979076757456688
0.0941169871709574 0.45490742018769903 0.3778375033399498 0.38575244562408706 0.41967988454548133 0.6426762276837948 0.35216724036448943 0.42504490727766486 0.8878113950926745 0.09468724046247434
0.35760298858155004 0.5392069224867152 0.5847687490896163 0.6158179621029783 0.19646854119161594 0.2987561122477628 0.30923892476640125 0.9546230793961658 0.9987858950257728 0.5021465356797804
0.08216511364441981 0.1783280353828156 0.767063978974529 0.7249645920254895 0.9410437348583864 0.16185966475223867 0.8310613198696566 0.9500964645143027 0.5238494950044413 0.43557421269905383
0.22988736107641872 0.5552650857073813 0.042472430742564904 0.08263039446951903 0.3991584251282141 0.2712482823474701 0.12152770182596395 0.8544957136667591 0.18252610422867876 0.5922538668750699
0.6356251985610045 0.18186217186908815 0.109746949462463 0.5193417889329816 0.11666257968023164 0.29828737470619393 0.08756443962991411 0.4484469555785764 0.5224322536449968 0.2651655174729627
0.13502561521806722 0.4764711193244915 0.1588089855995991 0.28917223062829767 0.5614559240766598 0.392075681028315 0.3300114903720235 0.3571160833940342 0.03316823299946414 0.14222149091624192
0.854908275935253 0.8781686656136306 0.30408232046145955 0.621166114904731 0.9320638054044134 0.719734132115709 0.9957841591958404 0.21554262610471298 0.9621985652681262 0.7507585408036752
0.7041545437924089 0.6573082581698538 0.8439622719575631 0.7650677554434324 0.8825490205425408 0.38576542822221305 0.9473967943224936 0.4473623220184839 0.4056123262878759 0.8005214938391104
0.4391913017674093 0.865786537007571 0.45316214506743524 0.4991678215663704 0.8848091551965138 0.827527741479438 0.37017849886618326 0.8366225685772896 0.08479235238463823 0.3176916948701589
0.45678690407847256 0.9174961916154181 0.9160260087167545 0.1567379201935597 0.2212244457264162 0.4385020418822968 0.5434720258926741 0.9580489084260776 0.4891302778820744 0.6348487609363243
0.7438573728443869 0.44474547742755877 0.9041027560000084 0.9527159053048463 0.2400291986333214 0.19365012692150163 0.7773176934264078 0.9693268078844396 0.8831655714255037 0.9143387550937359
0.948103383300113 0.5127983626217917 0.23975705038884298 0.44251083945165826 0.3027196626260241 0.8958603988778411 0.6412509508498921 0.7294464525079222 0.865189806534988 0.6707018252107323
0.03647665495609009 0.24310853006602695 0.9218862025066794 0.336614623301429 0.050447127250848545 0.36148671738519156 0.4706708844142117 0.9877709256568808 0.49785796330856547 0.5350691927238019
0.3957455435750824 0.9753825920420252 0.22558206669113356 0.22286736851313782 0.16096526209240936 0.2766562387613799 0.5656848487326146 0.8652076073759984 0.48722317460760933 0.41237158359029924
0.8689608872729513 0.446543094802773 0.43361422354498147 0.4355742373105711 0.5587200227818843 0.5228280805536739 0.5374375439982172 0.7257885018532242 0.8955271252013076 0.9405360155841992
0.18469933403045313 0.06631983487707804 0.17582651378798708 0.858191493299675 0.18062868192643222 0.7566307241390845 0.4008583909915301 0.09632597583833158 0.568821131312386 0.3174373650093715
0.5470015391232503 0.28805524806467386 0.10797598152925947 0.6830891367580861 0.44465261395792555 0.7800166259556967 0.45679497902747135 0.6439567439614502 0.9299793958982645 0.7421921436694195
0.040461455491952125 0.7009687586977597 0.37236153878183387 0.48518368206532747 0.7762207804570034 0.42510065886872594 0.9000593428511411 0.5547945240848065 0.32093450507581256 0.8765341904004609
0.6476271731071548 0.7763114984811649 0.27008197318435423 0.6313693571583904 0.13081492674783946 0.05466999090200886 0.7855347638671227 0.48818514654112743 0.41817788721451055 0.40172441536421266
0.4585311361950001 0.9824089014520963 0.11334079310569978 0.3581347048693162 0.8246289862101501 0.4233691533704046 0.28784011059127834 0.7049188417845016 0.8390173691314018 0.2870695775079388
0.4116933526031544 0.11851091654520651 0.7934183712449737 0.44713716871019793 0.017322155085304436 0.21320244042356173 0.6099125293901262 0.9070604163171169 0.30218172296736556 0.2361345204762958
0.18237261288804107 0.408748556966255 0.1264260573054674 0.5325469030926827 0.45279216477634765 0.5356061230214887 0.8941647738103766 0.7827793698072455 0.20764674630123658 0.7027315721256042
0.6203440966167743 0.9275600947117909 0.15852741528983139 0.7325127239446899 0.08001094007468668 0.644404033972559 0.7316373121553693 0.5508056842459057 0.3126958590414145 0.21548430079338632
0.13234431035340366 0.907048172248965 0.9118767582187051 0.6361278630372196 0.6738336782658626 0.9210720737678971 0.4679623916547456 0.8531264231315906 0.06300650409001407 0.6900441713563137
0.2529606492419628 0.0933421083913254 0.32212134538035786 0.15087826407953853 0.7359736232614419 0.3456267022785581 0.2912778526076506 0.8866253448873969 0.8008879250322822 0.19286259828722385
0.204692875530339 0.5897634625321994 0.6011050371472341 0.3559719232670103 0.662821017459246 0.45097212401551157 0.8308834303760698 0.5080302320143639 0.432723187770104 0.8288906324915558
0.818840330485016 0.1441596012047578 0.9006883576758051 0.1745236970559162 0.2563880578842562 0.5516653516161131 0.6739651055843476 0.33337171016135037 0.5623558599262316 0.21491937887145385
0.7825613168916308 0.029027027109367 0.8547753023058885 0.31078256041756047 0.16742168472084717 0.5438920409167436 0.25178336208715846 0.3028974996440914 0.6578946499162673 0.3558382900307282
0.7558242479440909 0.026971771597072647 0.439251377092867 0.7640404861383148 0.2888072476499014 0.07421129568664586 0.0901216431179751 0.34288311852112574 0.5406050289865288 0.7263522721374598
0.6300623732432593 0.39975125293169955 0.16925241389532908 0.17327920455308565 0.6590766804239325 0.48068168423954194 0.548433327828447 0.25300565244474493 0.593752439785199 0.36726386047101656
0.6963192543673756 0.4938332168862519 0.20879125714791824 0.9388450558863869 0.23954975003473844 0.8097940069907821 0.17805018452959487 0.7360073773074605 0.26712169872723446 0.8030194844286648
0.07581983070357234 0.05444891730900492 0.7111807080743429 0.26046968095081224 0.34691455000185634 0.9228152167213406 0.455184834836994 0.09749362594930944 0.08325169237037344 0.3736910165264288
0.7146368387379451 0.6969827521253634 0.05494822218889639 0.003876840525781522 0.3615582963085302 0.3204169296890369 0.33556518211520825 0.9382385861855322 0.7711052510961444 0.02589241135887621
0.033981509349891525 0.9608324572346886 0.45720140876366255 0.31825974405947277 0.099480348680282 0.7576719200813784 0.23379193538287135 0.5777888703287162 0.9019829663275448 0.9274169234421618
0.8892968815384157 0.16631803913123144 0.3059664141931495 0.6594303239021726 0.3940704881001902 0.9936313862222472 0.2544528498067974 0.7530595229218309 0.4741486282954598 0.24184990003290752
0.45856033177413136 0.9576669452065824 0.9792933868717176 0.891909397254079 0.648455672507153 0.44984516919161954 0.8493205852339609 0.6737376144216748 0.9831525495277333 0.6324183208142243
0.639922186407631 0.07053248520103017 0.639448366438654 0.33924404132853947 0.5076723711312326 0.047582018289418104 0.30439641095436687 0.9604953477827557 0.2736327573497892 0.24735557031105404
0.2810598985245807 0.9650152658342473 0.6859481736176818 0.49513532105877256 0.18389725301492377 0.7895013894924999 0.2840519319093584 0.5932457476676661 0.7479789008749762 0.08869130415867765
0.33057511570137554 0.5469782919220327 0.10533752012579234 0.8963844241777201 0.12178170041720804 0.5615966860783779 0.9921054644878731 0.3340491280690626 0.6133274198884919 0.37734858717085173
0.7416942756918372 0.12192889527140649 0.7053672407430819 0.7681971997343539 0.5921232786827128 0.29697446249203874 0.7195124078491488 0.3200261377225946 0.7897051388822842 0.22259380582424237
0.5698650960671635 0.925360025468507 0.2066485258131573 0.1871252599725426 0.881334854140547 0.7841817730942385 0.7067390655099356 0.6311033198616416 0.8406676861024945 0.08421705078079744
0.29111160180507256 0.3178009471475124 0.879095649980535 0.9490956045267125 0.135228172082012 0.5671959584541068 0.3802403554931535 0.6890873309317556 0.9885280199128196 0.010423272101972025
0.4828814967492103 0.8666513509611495 0.04981679091504687 0.1899388396293168 0.7054273903558155 0.19782411792125199 0.35431475450414884 0.7300352855549347 0.557401160528568 0.850512631381043
0.9123840820420012 0.7330129679448047 0.5229829906227632 0.2720471874994731 0.3253082109034787 0.5182247392281183 0.8026252532269725 0.28088772759674807 0.370096501562731 0.8143761793118287
0.9809837558138377 0.7911665007626066 0.09314014515908053 0.039877920254848154 0.35288540687458936 0.20378895274502695 0.2816461317910117 0.36170956062478044 0.9837785452355309 0.1941039111632923
0.7921276527087232 0.8101703167408489 0.7070890988313971 0.3536929731178864 0.10683150812537856 0.8450538827315097 0.16813241179574023 0.9026185139040867 0.6618336913703337 0.41820048351158956
0.7127065979909443 0.4785080621312148 0.9446368809417599 0.7580423207843265 0.3882205672899329 0.830142594413156 0.09445422037932272 0.8136730337713037 0.5761859097418597 0.09575498422475504
0.754966197257878 0.5391355311204792 0.8071285046525357 0.23003383992567195 0.22718813032648744 0.9730372970717064 0.12245245054060427 0.058867345942888005 0.5491881949528064 0.37426532145896974
0.9425150918460672 0.3871504057916746 0.9897465598082035 0.511487844987008 0.7761492329999236 0.5625178214151209 0.5846488272364364 0.5722935125537257 0.26409408487899155 0.906654955019295
0.7671574234655281 0.05723297040783193 0.9872741805877796 0.4658766482792992 0.8483071046784363 0.4546917438022513 0.1905911502962957 0.603954061508424 0.08802169506986479 0.4544375379174752
0.07387055400689868 0.06270833187985991 0.36465084816293647 0.950848873103841 0.5838318669855087 0.2496788645157224 0.9983775907067758 0.11124643272414614 0.7044268624805532 0.6772130506416917
0.1130483134186564 0.34041201403912336 0.08761762627881209 0.6736137298845075 0.031328890241786644 0.05929473503997873 0.4926426070931642 0.714519005925723 0.5896922624470913 0.8340674657842436
0.9090451609642811 0.9814788726356373 0.9325936985819647 0.5411110932496167 0.4272158643328925 0.04473175478139124 0.29929252445486176 0.9341679886133871 0.8899263614165852 0.8884730631535755
0.5521298029607284 0.19182026629697246 0.1093091538423524 0.8494471041782359 0.71167331613904 0.7666123302256665 0.965964206317734 0.42348297506078914 0.5619930693206986 0.13155136078702068
0.02034975498681124 0.30963341886725737 0.46843152039374747 0.8253835675087788 0.3613415183322619 0.5078653938722067 0.9105848328563747 0.5349577704841323 0.29282077468497403 0.7637900034106702
0.8748124689583208 0.8211523552399741 0.11637846906498683 0.16270810691541182 0.1734448226489942 0.4942552766485854 0.7066991832657816 0.21528752228939962 0.9619590331945682 0.575351355764097
0.7959151338838005 0.34847641631461723 0.2107457617198728 0.24218444355262836 0.8841970835434205 0.31779679825198803 0.654690605766317 0.15112712741375833 0.47607552012452903 0.6909508794572575
0.7916456534433618 0.05130350684740914 0.9054623330164229 0.2177122433868992 0.8299681126849014 0.6625757233596563 0.35706901908303 0.5973629132674403 0.0956546332531989 0.3760182243982749
0.8178951196591822 0.8824761811255032 0.3012013628223076 0.45366816689739353 0.5996859362795655 0.5166344851032834 0.25117174838287704 0.05375456688479063 0.7617362908367973 0.7937103509106336
0.013554762596918013 0.5882721517163609 0.23314281943261872 0.34762781879722227 0.321348864948773 0.6316810083556216 0.6845840432621526 0.13406057806651428 0.9854079637038924 0.8426762151134187
0.23193449939751232 0.24931191235102035 0.3974371172707253 0.13538618227592125 0.8674949746918208 0.846661444497334 0.7811276131561585 0.6420225762347528 0.10934833253900078 0.3567515201330851
0.7097726889568692 0.8459183577835659 0.7353259935209882 0.19612642866020413 0.5503060955052154 0.6320549245615407 0.6252977013542239 0.1568253588369174 0.9165580335514144 0.9015931200900645
0.6739730646222474 0.7099704920008083 0.9186241294117186 0.8275873432722249 0.4561301947599692 0.527579406115138 0.9805946611705008 0.7909752403559092 0.8271632652367151 0.6293708708701239
0.26549301157750105 0.5291007644557373 0.9240674876077271 0.6951218499822392 0.29412384479397624 0.05344109662445318 0.09545631552683542 0.24817253702046183 0.173632841217779 0.4488730737532436
0.13393261651196942 0.6119656547580552 0.9619316185073917 0.7537281005306588 0.8101117223231977 0.7690445997892656 0.08574315138454536 0.7380491347428858 0.11482115746507338 0.5107252196887117
0.402873966876643 0.5468769325752568 0.8044780955555041 0.5556936883858238 0.45342194504377187 0.8560570518107669 0.8143725611178659 0.6370732822815637 0.6799788534210338 0.399973286549821
0.8555604704262085 0.9100409375666233 0.9134896590749746 0.4737768002616205 0.04329766691147219 0.41586426681940003 0.21928106932357783 0.2870950525631677 0.7184222320698664 0.7532683245418541
0.2768740764475025 0.8518676541711241 0.7178190617213767 0.5543304759595822 0.8275463342774775 0.4238714827923936 0.22607770672471594 0.8396412113667933 0.36521244897178196 0.38566045877690824
0.9976800285278974 0.8362571992235276 0.16904065295933668 0.8580601874525733 0.17753185969733531 0.3820126245937394 0.9803274096734249 0.2580211704596411 0.16737880292804574 0.611043113930462
0.11150150058907882 0.48254870627410573 0.9866229629812243 0.2179163574062254 0.5417323038890808 0.39159171856182173 0.3582840692674899 0.2315522535465272 0.6014667889130624 0.7871863614207028
0.31432496338279525 0.8951542993513091 0.1773229577161951 0.14181475365669183 0.4592880044256573 0.9446635688258809 0.9791180445093337 0.9158532488957133 0.15716545126852477 0.3057848777259955
0.30241138625568587 0.4221481800527074 0.8136533896285644 0.9884246621886793 0.8927940562253142 0.8451720073145547 0.1144156851152699 0.7474185447248112 0.9722581846082162 0.20287585088146454
0.5497104799242201 0.8997157281631607 0.22333104366725076 0.7512690944310734 0.8067087284396934 0.5407267399191672 0.543259841670557 0.5749208525457452 0.6430605912794429 0.28632985565362545
0.6783858643220481 0.8809915306705709 0.6687422064428651 0.5820703292307595 0.4279467436666565 0.820067451401769 0.05794196827307174 0.5673763581608818 0.966898363384875 0.4939854600777095
0.5887216420884345 0.4601539872225432 0.9789488450673915 0.1789978239785156 0.5654147358822154 0.4359127885280524 0.7138489740912316 0.6920428977139632 0.11720081189522014 0.015612799541013023
0.7870845577667801 0.25855014279710353 0.08602078890916509 0.04771256510863342 0.5254682612227365 0.20212261903206008 0.2179754313398966 0.4724371425513938 0.9287296946075964 0.269604057136701
0.6545751170718112 0.19007373926982984 0.8650541505068697 0.42945171672427085 0.7836861109617232 0.5201421393512143 0.9476221894875255 0.5369999098419586 0.35474465027318436 0.9345757491716714
0.6495533503154187 0.3471140115399908 0.38878719853880284 0.9755881887881244 0.6062593183800865 0.9728977071666961 0.8210711295235464 0.5276900995168677 0.7270632671754056 0.03853135828173071
0.002537560186522625 0.9033584419843333 0.692043344667139 0.4549825329261228 0.15609375275452164 0.5231514024299722 0.6454105415176332 0.9592445326638618 0.6346695208668922 0.3235996857406278
0.4133319480387522 0.30092226749012907 0.3602285703852721 0.4099946819079118 0.371962482824887 0.23439940496710632 0.13639233753439872 0.8862329767089249 0.17054972543570068 0.28048402721844834
