0.13355087803667753 0.5063407984621398
0.5369180485666138 0.2710626970288599
0.6166869209753733 0.5391334827543952
0.5777191501151313 0.892057583395638
0.14069063341668975 0.08400194191526078
0.5187240840711742 0.1170749822572622
0.7452811645775098 0.5175185306473175
0.27790968012487194 0.35880038031241757
0.43672166436996107 0.9368835372067453
0.7370322321603517 0.977041902472394
0.13713980081322408 0.7867830180845479
0.5051309707199709 0.7026391533014351
0.5888207920906036 0.48733854751227434
0.5920970167242479 0.3863315571156324
0.27624700072065556 0.3576129952581343
0.7391647492254663 0.44566408794577383
0.617135937262377 0.41917561469009934
0.10728361304269296 0.06367151892184142
0.6434541029809715 0.9855185698213376
0.2596806423640128 0.40499676458620426
0.14436114554930846 0.29565621067122716
0.8915243737735915 0.8582629149624112
0.7752651186802102 0.834027607847844
0.5574538668173968 0.5879327629432926
0.9506464772736652 0.39386148373878604
0.7268366393254387 0.4845530828438456
0.43303473133737 0.3874522490049117
0.8569721207014865 0.939196056680373
0.40649831866832253 0.38433481948527315
0.8160578118901813 0.7360731170798512
0.4802351188582342 0.3671342948447003
0.9105877837533028 0.7567114179304385
0.5063268530075941 0.7349067956127693
0.975953825149492 0.11974677339179296
0.3154480917124838 0.6550759053723534
0.47437186557973177 0.8423011598434232
0.475296599180857 0.9676082895944991
0.3108575179218489 0.10207669577817946
0.9587382406942373 0.4788619235654038
0.1258258768217878 0.7037125042321564
0.1721366293531671 0.1475782619006294
0.15199305121407336 0.4086143819539779
0.13906398344434223 0.36177974891301035
0.3336077124066613 0.37438170120778436
0.7605662764196479 0.23287248789674642
0.2976425714709118 0.06811997866029607
0.9803822999521041 0.5920433553210773
0.9394281613257156 0.6673411804323622
0.3719929801507552 0.16407945564409898
0.8393113116403774 0.14281853851206328
0.13410359172936148 0.2150275309139581
0.4622739011426664 0.9296761812543748
0.7321382988020347 0.8226493674339225
0.10904768302572909 0.3361583753988353
0.45555293916233197 0.8024185700003458
0.8851135097137242 0.6139367166717954
0.9742484147105099 0.2368431849912478
0.533074273870318 0.9194783512720301
0.5720939011614952 0.502187800207856
0.8342425832919302 0.23291156425760273
0.11154527241002854 0.664207231497416
0.42688610648050485 0.6689900219063613
0.9405711390655158 0.12329404839403446
0.31142426252946875 0.514170191146426
0.8915748491510553 0.42947998489289985
0.016972553120616185 0.7544810199833615
0.24172825478863513 0.25902140598655266
0.38898142691353854 0.8207790603480826
0.005108510092726726 0.6468374175252586
0.2243188378020491 0.7711457744481164
0.2092568494960506 0.7028584942178732
0.5279968218966643 0.1545984713558345
0.8722538660962682 0.205382749194026
0.9948438892789434 0.35594999664116467
0.24113323004961418 0.6608254185437922
0.4297773569052902 0.3085662407540988
0.4784314812683611 0.6467871698230355
0.21193007749175474 0.07993517371771508
0.39089903027869277 0.5141547840744967
0.5807387416299858 0.9843744130463407
0.982873289390015 0.8139877787915918
0.4762018297391516 0.5578691198765287
0.5865417496354239 0.1362330283627674
0.9008668850456247 0.9419453595619474
0.0722994910626269 0.399848723460286
0.287708859985242 0.9666490121751296
0.1746318562688226 0.01770806339835529
0.15591203830034783 0.49711334390410533
0.28242985776200835 0.7746920595943482
0.4156704338878481 0.41386323712517503
0.13737233041710184 0.703669922737419
0.043472336889672225 0.9339179639515403
0.7599855664315498 0.7216046216941361
0.49093703625418583 0.847917916051104
0.5802171535916315 0.2968102193515336
0.11312255189120524 0.6479156904371749
0.18783837742439458 0.9584266883281768
0.10632539412308872 0.45113494949595534
0.33771483551873493 0.030466894058322813
0.9307445492141282 0.08691563644508249
