0.3104550686098535 0.47395350485905097
0.5718560266859459 0.3241846577801919
0.3462179142960623 0.7511300365671657
0.2924115492376843 0.9348782396025009
0.0844921204339717 0.6743329621284994
0.5107137381292904 0.6109591924266913
0.4661470309900133 0.9979091060001578
0.2261411787050578 0.5133970914835843
0.9869968228496896 0.2850737822561724
0.5631135372708674 0.5123376402489058
0.9312702479187537 0.7923066185833655
0.8729433452374756 0.3094672808534169
0.6606386554678791 0.416362437648945
0.7057143232515066 0.18123585617924054
0.490326745917945 0.21711188812270166
0.3677929187187873 0.43476498155149557
0.8723075025515789 0.31946456856029437
0.7346814490431967 0.34893345442029833
0.5753089852941912 0.31891718776717537
0.22427264377607992 0.5850450720461974
0.30233728322267117 0.6678079494388078
0.35216677462088286 0.794648803864926
0.7186466565124404 0.9031473567303766
0.08856450420795181 0.42649455897333177
0.17656414317607672 0.9919352721691271
0.3153499551583422 0.5402725716634532
0.5183030469872152 0.5161622240198637
0.04232986643709569 0.7716979573222965
0.21387528682914758 0.8972328404998393
0.6831967945126917 0.46166636837465924
0.7484404635615425 0.3683379974856681
0.6146351952392908 0.36162063867663585
0.6119048156813004 0.9433411544688197
0.44609133245240684 0.25793241111236376
0.46331060892469167 0.20203391923603697
0.9130794234704568 0.32001656497244213
0.04353279337260163 0.31415420182685494
0.07349756294862964 0.9700608251794031
0.19202629078227285 0.3583504176880149
0.5342792549538065 0.5966664564343013
0.8868438212599592 0.6573130552904393
0.7648072657201287 0.4903604037433388
0.5718709208233446 0.5465850349492424
0.16386851950165415 0.9658529378120916
0.16120120343860267 0.7221006298774763
0.4385301240231734 0.7540795131008872
0.01780154899873565 0.07029230764451044
0.02616812000423696 0.39647868922659757
0.8920932756001476 0.6746433556189732
0.7449823799086844 0.5546231344487699
0.2758023595418063 0.5138539469386721
0.5936823999874625 0.8602338551746034
0.877407805291575 0.21932640383361923
0.6376302073885056 0.17377227522255556
0.9577442177836613 0.1434655629246765
0.21657862803413364 0.8942190434752311
0.07779094110887064 0.9053283042147247
0.288244166491867 0.26831206129616203
0.4054069185225585 0.5264459438521986
0.5823055690315939 0.48443032417038334
0.10374677485185047 0.2471817771809255
0.38102098570910947 0.7044749889727464
0.48132031359539174 0.12277570906033841
0.16550744375957382 0.08651191196054198
0.522134120833786 0.5382663877721333
0.07082886444038661 0.2816050743649461
0.13408057453022093 0.8527707723951551
0.07838956715614631 0.8501835903892936
0.9547162112939053 0.4861397039811015
0.14073243118770673 0.5364496398655214
0.8357976263666953 0.8947976510423457
0.9816918848191853 0.3637483154886757
0.19142009837090157 0.04861313949679558
0.1439539439888018 0.06948467647203682
0.23933035870063324 0.2169363769308028
0.9664267204329784 0.485087034746972
0.7909616329488756 0.09947856025291035
0.5654266229620252 0.08468026089631064
0.6529656276878609 0.5964974719426532
0.5665368717209995 0.07554612185814635
0.8914925500635238 0.8027921104292011
0.2880965897020574 0.08411210778330303
0.1801972899851234 0.1312990644604778
0.31263037506507385 0.7031245897744154
0.203925628037548 0.8246213596507169
0.8991295492647814 0.9088255050021729
0.6222617368485894 0.4966107053448606
0.4869482179529725 0.6313665048728907
0.41059442868135443 0.761162115273893
0.6211785330189132 0.5673580178079765
0.4910858489927954 0.4516697150038118
0.9897211927347991 0.6603653698770194
0.4419037123878886 0.41213108346097493
0.9038689498614599 0.5433271576826774
0.7303038478811317 0.34967673140591793
0.47707213359730183 0.6362866210500703
0.35362687899548284 0.7783406558765084
0.9606570927112349 0.5234891259824557
0.9919994185361323 0.6551763577539897
0.1806198270940219 0.6958143591008847
0.7775065505993026 0.9123622217742046
0.7862185638443411 0.7376751038714684
0.5668289313401602 0.722729438110032
0.0689409349979595 0.5619286306824915
0.1678146695370114 0.0011837980201752085
0.4395225499190155 0.3520112210207933
0.3151823390804248 0.34078295654585145
0.2610458100327353 0.45741964069412666
0.31652830968562706 0.309768816405103
0.6277485667159366 0.6068284286835453
0.1970380460955008 0.7946441402641914
0.8520250722401504 0.4525448620899686
0.8597775519434468 0.8644219725500493
0.8762016416942916 0.6406685362847689
0.24816776698374166 0.45246451639554963
0.5610225806709638 0.3132356394719673
0.7482213612636934 0.004868357360277353
0.8193822489159008 0.19179282340161274
0.10034766428017561 0.12814079348821295
0.8616914073864695 0.16625921591717574
0.90400819609337 0.18395233412533674
0.3983674040219515 0.6185991658974204
0.39323222214653175 0.7250382801437604
0.5052890072512367 0.547742697360574
0.5369771609241062 0.6438622853622384
0.9996589134396724 0.9303542594485995
0.6755469294141484 0.9144433914406019
0.5965676913156951 0.6514649659401824
0.8427561720381613 0.8477872827180347
0.820655252558727 0.7696469015796457
0.6432560576610571 0.8526513802809011
0.6326169176438939 0.8433229746690661
0.055413416542946625 0.7959125416361124
0.9969031639122032 0.5379688483899562
0.8123616449158956 0.1905955984342882
0.16481330621944268 0.7583786360067055
0.07731817989645828 0.6046590659020005
0.27628527873862707 0.10582919963723003
0.9739903804518794 0.8799245361724187
0.9940349886425077 0.5468924610228503
0.15886749338033812 0.9780744853340341
0.27530021803832283 0.79880895502096
0.029423987173421207 0.5294327590032722
0.05929623650377658 0.08575025858388219
0.350734654371214 0.45028085681312247
0.6025908432011999 0.6009614643628146
0.052730057828949684 0.315752236268405
0.4299588673895547 0.22168931202512254
0.7012960783176131 0.5278859327280648
0.38487771581631725 0.7669656454954124
0.6786488893984535 0.7022100236498574
0.06167645436029423 0.3627298286490498
0.4218925278225224 0.11126398740562715
0.9804533249815922 0.28443759569874183
0.1633932048340745 0.46975887630631796
0.22622765159220393 0.9842184892947962
0.4925811106836645 0.8236125640407915
0.9153936127327893 0.8778073289346963
0.7160164927667938 0.813886717432341
0.7753952208177833 0.865889915670629
0.43103423385259265 0.12669135935626286
0.3276432425292414 0.49516667450090823
0.9480066382906952 0.5114114570038343
0.6490463187462925 0.12635250271517784
0.1972418381094485 0.35214951164909436
0.45413032930215425 0.46949459996777776
0.5387607766035262 0.41106716745999916
0.287571039881931 0.3714047689552369
0.45667300355693996 0.027347352991327067
0.946067545389528 0.7956661355809105
0.46459776694356014 0.7517882675471311
0.8588348121736418 0.52258859016952
0.6745533773902501 0.1245792712221131
0.04759523890715611 0.21465142376317836
0.3889646134822492 0.0625974603041457
0.4598014983532823 0.14238541717213105
0.7639144618923728 0.11260357113486419
0.9229232330105774 0.04631083993062146
0.06149276122609615 0.6480040391623316
0.7029829717594311 0.32246192498151593
0.2600712513644884 0.9393857346277371
0.6671273672805362 0.9621925070907297
0.8235609884680063 0.9128187030199687
0.3478716395239627 0.4513711420345935
0.24418430809493796 0.32496130449712324
0.785757054806053 0.13973870923086473
0.5680207716874806 0.030291129185863075
0.8875121066017531 0.428115350249638
0.48856240099796233 0.9933246202790997
0.17841023657262756 0.4893069969741395
0.7507404495591433 0.7074764525030189
0.2503683715642614 0.1379771845772244
0.5463624005227908 0.7222498319841868
0.9114316863547117 0.8954125575657422
0.30162463566366937 0.0517371603168183
0.02764247196586933 0.25702502167712904
0.7583422181881203 0.33995004015075736
0.31489123398448615 0.6635982312628876
0.5327647967786711 0.7922863504332532
0.8862012607763654 0.7016987659855326
0.39932310436295826 0.04748132333857058
0.18899797195479018 0.6143379042757756
0.39137763260812664 0.3606787946763568
0.07726719443555319 0.28988268160396513
0.4370180090702851 0.6957974046302283
0.15510685676604563 0.5153800552135128
0.6551871216738434 0.584156045763019
0.2010295681542128 0.4298711622074993
0.6258816563328348 0.896361681009122
0.4364735539081852 0.7939374310515348
0.9179067127653484 0.9957517395316929
0.6373324142935183 0.9036338564356338
0.908638761165967 0.09422246403921686
0.6039145115821329 0.7201291303855856
0.46247795135479053 0.015063442001883365
0.30259541749075625 0.060786286832535064
0.34814710516995717 0.9824578949449221
0.07152762776410981 0.503081420166081
0.36972164039363764 0.5035971411468626
0.6431236972849984 0.9896724468553026
0.06225086419597292 0.8868967475948408
0.3776304584644078 0.9910935264250083
0.46005778764485095 0.4485910085279847
0.024963385605278887 0.48196529795008847
0.8842812840176736 2.142602545507355E-5
0.5360719799844161 0.9172745240235123
0.9159507891446066 0.7792240314841437
0.930458544401125 0.8571916437641567
0.7218603880553449 0.5929591390405453
0.993073951503294 0.8820577372956757
0.6827357954734425 0.5691165210043583
0.6216661794146379 0.9635876238686792
0.8366641201805116 0.5844679981066511
0.9747584346904549 0.5139987989683851
0.9954828668930931 0.12902816303225395
0.18078536476055085 0.9216909240807422
0.517801448563545 0.09582371560656888
0.26051767313744845 0.5002636972764015
0.6295547671713427 0.7436600446357179
0.08775673512456028 0.427076117122713
0.8714651108858915 0.8705136124182921
0.6673823146107019 0.4282129661031111
0.7225150543052243 0.05646710510146047
0.7451886210166778 0.6786393871696373
0.6995108919578892 0.6876438875528685
0.7805445290959928 0.6294882810108482
0.26504235521779673 0.35638695910002116
0.6107662999567377 0.24883859753739668
0.6896211364155387 0.14796668745523034
0.7151922217029532 0.46800790656390767
0.6085073410777957 0.2703914749257261
0.8473001100375839 0.46229542444887306
0.38970920127268116 0.4614328010415981
0.944810409112738 0.7632768480262081
0.5868685361865522 0.6157674647390693
0.6505691297110695 0.09916541927330813
0.6892205733536921 0.11517668944086967
0.4811062045063169 0.2904184732116891
0.10054314180534729 0.4160325047375725
0.6651166396289722 0.48968243160345504
0.779987602252303 0.5508398329757879
0.9407135467117503 0.5483332415025645
0.25990934314372127 0.3343923092378249
0.1481531539625427 0.31628353123719466
0.8192933875771434 0.23013870947052517
0.28383402165035654 0.23739147717686926
0.4360960946173935 0.028645892661592898
0.7917239597391097 0.6897209284834408
0.7678015401616191 0.7175835726849958
0.2599698745672324 0.13806581660984263
0.8167168441457302 0.1814446528360576
0.3632968994653927 0.3155666508793926
0.12500787008877878 0.6592545461282073
0.8459056728847404 0.3319099759179417
0.31420322885031815 0.20981176606326346
0.5749268214858859 0.8175169153232169
0.534870341229175 0.7865408657748377
0.21109469581268336 0.9562899230954418
0.9243952997821303 0.9078281689298675
0.8411529176337033 0.5339017078400581
0.4842733376917907 0.3237499433995412
0.9956062944869446 0.9342737510351331
0.8830441962801322 0.5263910628268554
0.8357853353693443 0.3538064578313934
0.5669829916679697 0.42849218091071617
0.9357906936510814 0.37108650684642286
0.21788373073126777 0.04395164083340697
0.00773709770025699 0.4092115797959528
0.03574910397836317 0.543748021133725
0.12281717317885055 0.5585361323013188
0.5439270204015096 0.6321379952863222
0.46605768082375243 0.6895564787995777
0.6152105036603754 0.7905232622828456
0.42924207810041015 0.7788170017896053
0.19964456005268805 0.5701694810060932
0.8943245584576319 0.895134008749075
0.7982598621938619 0.7799990843190419
0.8887630052121063 0.34909698164568714
0.07167980495955772 0.11196893208528913
0.40454890633888774 0.09572185308757164
0.09852414560088907 0.4740829410927033
0.06431499653440342 0.5982945046789924
0.7057586356900761 0.059878746440020225
0.490751619392644 0.010856839318166056
0.9816171596015637 0.9732665504016039
0.6896655719856051 0.7174519190465389
0.5514489158243815 0.04888739249233898
0.49236611072318426 0.9781587538309308
0.44782019969838815 0.3606972625230993
0.11966430487605062 0.675111121011815
0.4384264171178982 0.7952722553267965
0.2276239778740048 0.926109452373225
0.4888472241182461 0.9813691809118449
0.37430354162243973 0.6390979616965765
0.6319032860311551 0.8135653543372721
0.7070797894419019 0.9176941828156587
0.8913507924524741 0.785339890938961
0.8117464088712238 0.5961216534365505
0.06487545279161278 0.35574803597180726
0.08743130846003355 0.0813105057717366
0.10982492715380066 0.6138796099481791
0.7154784039569114 0.11059518155990866
0.5948450153490549 0.5765808383154364
0.27579144288786517 0.9953519010868739
0.18156116308235315 0.5574586070543196
0.33073855542203523 0.4140834165860756
0.38267411114854955 0.17897502599951598
0.8445679639514565 0.8428717959321019
0.9063141732275107 0.7644791024626025
0.13538691891120425 0.26678470169573965
0.741226212224987 0.043311656901418805
0.16710749873883868 0.9027343798118392
0.7633329899286433 0.3296583217485902
0.38036416419799157 0.2824524987109217
0.05145152790655261 0.594614924992255
0.9342599644538084 0.1936585755203939
0.2884143065790645 0.14096844549068677
0.18489968338095342 0.6581631431074497
0.5935721451573387 0.9114854992354523
0.46201945154398716 0.33756124078393157
0.8836339908949461 0.8140400775409248
0.7216246093068803 0.5003360752318603
0.3910238963202578 0.8307004911351518
0.45039829680117904 0.9586059770731543
0.2824130041608782 0.09293526289861209
0.27674580917912805 0.18841288881771612
0.4148105023340739 0.5513861955203446
0.103690152484199 0.18436377678561844
0.1425740288971794 0.34619643260340804
0.22043711574925862 0.46760104988329965
0.7459268247235227 0.4926698124806098
0.7722784274837559 0.0654916692160985
0.49004524522979676 0.037077463074592476
0.1726041516224811 0.21208906668992833
0.5435070203054962 0.40871633229228443
0.5261465249777517 0.9803357827784401
0.9858670741201628 0.29686310065322885
0.8991789569210608 0.05013897129343026
0.916354156238781 0.01505706692240738
0.32024593222161557 0.34086485723743964
0.23915860340733353 0.9801830207303717
0.7241005448681852 0.29246246868493364
0.045507384834130304 0.6301159130917189
0.6618783857563572 0.16634067556825605
0.6386996712819634 0.8312268094709204
0.49213788610910025 0.8552871579458916
0.15550290047603177 0.5858394803067712
0.9402486370655367 0.34113147155363754
0.42578483885670526 0.6397659214494353
0.36771131967213544 0.1195188014338846
0.1819852027560458 0.41133762332784773
0.8283436172807426 0.6230747603847231
0.9810056809380067 0.5158893258906088
0.004868824331204835 0.917406113479349
0.23332443368365874 0.04344041562519785
0.41729481653941525 0.7187956409251226
0.5476175596086649 0.6623583956418096
0.8735732302287895 0.0881142606766091
0.1938965142402026 0.5680779170257713
0.993379520132417 0.9923869051453278
0.8641470489557915 0.2734879676372318
0.7774568268727303 0.29361316526975345
0.06668200460397944 0.24638883915818366
0.6178176946934452 0.6238573535644439
0.42889637671922576 0.4394594195537047
0.8481994399152567 0.036287243300986094
0.9028402121464638 0.8294646630637724
0.9195204124368462 0.28375425732552295
0.36900108844794843 0.18497210282183263
0.5516862465630635 0.06967231884470493
0.41591444917597975 0.41563500710767176
0.7609461969139977 0.6403664775001984
0.13669712857618377 0.021139460980259983
0.4911018267099577 0.6437264279513273
0.6283250464851146 0.3542009858222809
0.6872215433732625 0.26591439831573915
0.505453789875901 0.6395360170745336
0.04211617574850224 0.276040454789788
0.14780616623929477 0.9495223652676327
0.3186819301384587 0.7581328943275784
0.5886284202235961 0.6273014622308134
0.10531961573643411 0.990395008138927
0.9214426253820162 0.9693651884858139
0.0969892686170446 0.1436536744949518
0.853299569106066 0.3322081259634523
0.5110621595109315 0.2140696818823673
0.5649632722830523 0.21141571388684588
0.04498251813489418 0.8795930518193448
0.3519344106489921 0.25659806779727223
0.8618541228654727 0.7753111598111659
0.6149467478255245 0.6318672134833071
0.45041728654899316 0.019751742273706352
0.6445471032413014 0.6090961527199485
0.8474840534724263 0.6923660327173545
0.30159618110873676 0.7899856898779442
0.6337509714715778 0.36183254051645186
0.1340038554838976 0.8930050892750064
0.3180098999481846 0.695484944544846
0.6897390607445915 0.6125610216686479
0.2101294046180766 0.642082394161826
0.7871315149979246 0.6602889492730346
0.649780376363068 0.6733042410546287
0.2857082582297856 0.7321493652070459
0.5057315615629584 0.09376513388258079
0.46428535296360507 0.8100513043938122
0.1896419613050775 0.48501114917485577
0.4577608839558559 0.9030135384419218
0.03862835156991129 0.9358707329160287
0.3300327789684304 0.060414208084311305
0.8124885538549463 0.8296990106700414
0.2676907809759189 0.2486672371354569
0.2243117592078122 0.6084679865487759
0.06760891980606543 0.4727043591909471
0.8773093522414379 0.11431871005867833
0.5612912849361131 0.34492959311666693
0.716050866508973 0.8211063286890031
0.8698004168251348 0.15685260867581186
0.11689174656634338 0.5116323957303964
0.4153241968516178 0.39239630483963783
0.04023049838990045 0.7306731024068938
0.4289137703500252 0.5369130937012021
0.24633508194076859 0.6495761333808748
0.28865145557422445 0.9822332911173915
0.4368292361578936 0.8151129626769726
0.3984843399037109 0.8056082423885604
0.32553177794835975 0.6234373299453075
0.4751855832912074 0.20919962729020714
0.06519269828590746 0.2594149607931554
0.049382336205316846 0.44680594098672277
0.16077201095434568 0.27225332127947577
0.706315279143759 0.13580552843471094
0.9852586768168152 0.9202743537687187
0.09297204033229711 0.9548351291073329
0.28062821420804696 0.9108376099697377
4.623609646066118E-4 0.8615119079045662
0.5743899466231107 0.18583457643328438
0.8939805189647191 0.12954576458502942
0.27127537128973167 0.9588395430239609
0.10742621415623899 0.7008777749979741
0.289971432740731 0.2969163375826407
0.5457320189474643 0.57602011652426
0.5064039464453355 0.15824410208922313
0.14517225318316473 0.22456142634810938
0.937927605157105 0.9461396280707807
0.5304043026372578 0.28784072459330157
0.5568810920837975 0.3207177375093395
0.2767203088304706 0.16708216421828326
0.8573167639203667 0.22134507320875974
0.9369633829418191 0.44282205018256593
0.8153167758148566 0.7962069263186197
0.5247895137573264 0.4552482504287946
0.681158001993452 0.2097209165486521
0.4594324799337889 0.7901116119731848
0.12069083238050515 0.10419502040646478
0.0718556665529303 0.8611577918443589
0.5836474416647922 0.8290417321410809
0.6481518591124037 0.257567042937089
0.4181974114945929 0.41902435552185346
0.6432774754601894 0.03367860142520551
0.1739199119189334 0.7024251746963442
0.1366856488670536 0.6583152859976676
0.7394629238013275 0.8506894183203209
0.8211479376461082 0.9123132017795071
0.4465122080933799 0.14301322981606013
0.817031812927956 0.6254001344042251
0.038293665394517507 0.7125074982300998
0.38652708382082834 0.7773555591126179
0.44868436199530903 0.5649838341410983
0.18579159142491763 0.1534244160057069
0.6671096924948842 0.21707294171499314
0.03771221742442199 0.4402452600253669
0.5747548626387826 0.887299409539108
0.33395477260393414 0.3760931243344603
0.5292207914511612 0.29190153256819173
0.08220207934905699 0.3280260245306862
0.6476065761510656 0.74659842704657
0.30295675864531 0.4585635200140198
0.1921010784094045 0.4561708401431289
0.9500111344708632 0.465814185784438
0.19751914854648533 0.5856363137206816
0.7796640484033694 0.7335087363696811
0.4968183345865532 0.9499631411119699
0.6259901054853122 0.6111838436352001
0.5984843195414775 0.9336819000723923
0.3529440185550552 0.45980106921804487
0.4487744252281489 0.5574170770327919
0.34880918128843963 0.04437477697429337
0.972160385594666 0.4452757286864778
0.8044756185269035 0.8327209408219127
0.42491293053799417 0.8151940647201891
0.17426013715642996 0.7682292035926217
0.019622262697367887 0.5137563844470658
0.1564567787313078 0.12459817247213212
0.982550463319531 0.5476661208892565
0.25053332457931665 0.12176406112147253
0.1910629028106292 0.5259611446227626
0.4488653188449111 0.08479154823219082
0.8049875706487191 0.9202310063089771
0.9031263118937007 0.061284428377273215
0.8536028795526329 0.07450716138385527
0.46892914820946097 0.977913103141484
0.5690558060769042 0.4521610156588418
0.8770398578987564 0.612945051260093
0.36736399389013275 0.6940596314679326
0.9054622396141614 0.8892031258636329
0.7697570261456491 0.6803918771182684
0.3339178580394001 0.25066573408691906
0.22996333545814396 0.9379927855867891
0.6507225783217873 0.1759624357356493
0.7871512965463417 0.4156575737925904
0.45178744452978725 0.20330683780317615
0.6995840451423159 0.8618503832589519
0.22244836643192212 0.19394803596303323
0.7306495287617776 0.7823780054905981
0.7250553063063088 0.9450115325726107
0.5567788196674454 0.23001167232056774
0.5287286173883585 0.6776382335300224
0.845867031356855 0.48370492297779044
0.3124165964477671 0.3726207258140446
0.9151628732131347 0.011969193325183647
0.448364532482729 0.4032738863636226
0.5191946853514493 0.9831330159674184
0.030332887832674293 0.4240668139962157
0.2411519870181199 0.9846246637566404
0.9493778910189573 0.013581503242189541
0.1652432647409272 0.5440822351739902
0.8397350603836147 0.14165300627366018
0.9929024141483357 0.5070092105069051
0.7183225256156306 0.133085043251708
0.5323177680595648 0.31885746228151846
0.9236074242064196 0.43412383928362985
0.5386087248756611 0.7838340737843508
0.5230554346858479 0.15291199871950456
0.2110777663400667 0.9283918540203377
0.7031098336920296 0.04143363863758087
0.2643155775314504 0.18427819246534316
0.7816235216152609 0.31400060097796123
0.38154000006509836 0.22418020517277149
0.38989318046737553 0.45611897111031907
0.03140019318578502 0.432418876011026
0.059922266808699054 0.9676141128675757
0.08357946143202943 0.17380844063464018
0.9222652661323154 0.8051812693656349
0.39388131785087876 0.7357116972906862
0.47078274680919274 0.14206838423026324
0.5460853807913141 0.06148561860579271
0.3828630461659862 0.9463860084976392
0.23571104077763738 0.16792614670971528
0.1971430607906256 0.7945791930957896
0.3599281524140304 0.4449845624872323
0.24548726991354863 0.2828846087760507
0.7382060497559285 0.8729427573004542
0.6119604072644739 0.3771353774488768
0.5298935513937792 0.5603973917993113
0.048756126434874814 0.050065451325229327
0.8377739096766021 0.9058187403628392
0.7175202810838006 0.5953040493118735
0.6907406121145909 0.11611241987585308
0.3442340030825426 0.0785399501572066
0.5840913401465864 0.777527580542813
0.876798757913477 0.4888743207136246
0.02253902090114157 0.6674182788667439
0.016691392895980872 0.2871702833553441
0.05889020507497167 0.01977933936277887
0.059534373502703075 0.21324557250911047
0.6504429073729877 0.013141896266043784
0.32415272078080215 0.4100449130933871
0.7655076908325062 0.3363277791937308
0.07566563198402754 0.150466598762945
0.5640565667441547 0.305726310158031
0.2553876551735904 0.7113078788883545
0.6493570341029292 0.15717055749444098
0.5187904493692576 0.22883185882697699
0.3415489901392088 0.816154805837197
0.052502861425693714 0.6917486121702211
0.15947468743269588 0.6620486256590778
0.39230399114955716 0.5799412666826316
0.21367295123398344 0.5451272343347368
0.9962898008591942 0.041058085203480976
0.011300574170165834 0.5896514324759239
0.6408708599928363 0.9121293398963057
0.25284542943454447 0.12189539038832209
0.8019853752664117 0.3396578263767088
0.5608474176583552 0.39893362695431234
0.0598879359835337 0.22917050283690055
0.7224448869345634 0.6821630496173829
0.2231012368729498 0.2640078011597248
0.9504154908985205 0.5989501510950938
0.30559441399376597 0.7731662994485818
0.8714825598442967 0.6664572071645574
0.7109783325676448 0.2992996534915756
0.4360090621213175 0.31361538010885004
0.9784847669362386 0.3205211835679803
0.7098031391703067 0.7303769743823028
0.22772267378277744 0.2134414782622911
0.5566106813171261 0.3977929845903282
0.0026815445663413984 0.20991267933182545
0.5489717559699631 0.20812593821785164
0.5601787592668774 0.7962402545731809
0.05546973962448021 0.6711225968364072
0.77392346091234 0.7311627361264177
0.34400307114295636 0.8207345814365341
0.7325969774096086 0.6176882370984994
0.7135613199683186 0.085989486429491
0.7988259109690871 0.7539159290639015
0.12108901910540959 0.5703788440081337
0.3656507820617124 0.8092598748174986
0.5053717633964193 0.8960435582416397
0.7980693026789385 0.7250312623815182
0.02648126657914318 0.012201163025977069
0.07946054220420373 0.12212484663454193
0.737167111066763 0.14167395993772025
0.496172158570782 0.41359338321099426
0.7816847494771637 0.3450401981432951
0.28827985195921746 0.7661842078393917
0.07790082398244602 0.01884553017649937
0.570504782862798 0.032449910960179795
0.5801184757778014 0.012475408533201726
0.9845006574043152 0.7838352741782453
0.6429167243600526 0.9477031734222864
0.48219991940863727 0.615180667402349
0.710399860511019 0.7555930236329541
0.3596335156738726 0.962371917112669
0.5406037916961033 0.40735074274333594
0.1616167550861789 0.777405445660056
0.4414088329033816 0.30887925330387633
0.35991924595180913 0.5389263217200977
0.5421586754611044 0.8532102855416183
0.7710141501161717 0.24133639375159788
0.9542880637615972 0.18064722751354567
0.524228086673606 0.20185844122879282
0.7846125202329118 0.28336836025003975
0.01708987459301503 0.752481181500401
0.35653529237079506 0.2094040252616839
0.7019028346087103 0.14249956471937864
0.6672781514634489 0.2703150926772049
0.7360416358574334 0.26740333194918886
0.06334442136241791 0.837563724062808
0.49820187897559287 0.16115601591901085
0.35177392711784794 0.5244828663003176
0.7238062960136942 0.5414460127391157
0.08135126197034892 0.2939129414657936
0.5449988223274002 0.08127949647784338
0.5257804300399269 0.30599039714269904
0.03413377202627477 0.49532536312192044
0.979940247952859 0.1262350904960463
0.9443944597994317 0.9757100096974636
0.3406864627452615 0.2509986479522661
0.21715142910276508 0.9894997936263159
0.585268604096025 0.7754995746312753
0.4828978606104495 0.9588979749585091
0.6832802885277658 0.429084846407508
0.221075601358941 0.8852212669914449
0.6821640119047223 0.1330221814494693
0.4638322861561489 0.5490114166630705
0.19164267743859176 0.6980408012969831
0.92972623673731 0.5211750495426787
0.2590518337137485 0.2720028782083239
0.2556226811362142 0.8538348602908362
0.6753977829796439 0.6725017888494569
0.5585010990093896 0.9846142023929121
0.08106879464194894 0.7948473355499492
0.903620568910839 0.0843657523293585
0.8504781174978789 0.8728122404136037
0.38146562069056567 0.805894683246443
0.6265184907179067 0.48767831553487895
0.4031229757694228 0.15001504412797761
0.54856021091623 0.8705344962138127
0.5122147279390838 0.9553178571798091
0.671825823765744 0.2234434215625647
0.4812412972637138 0.3393180023049416
0.811326468278685 0.49700693833740894
0.7111630069395029 0.2711861754179632
0.06014590274295084 0.3050251601178623
0.9852766493317198 0.3400614610741657
0.5297104440447111 0.43135762611879713
0.44191916776371265 0.6979786342156459
0.438784236447305 0.6897595958338554
0.22525768441988314 0.1027339591007802
0.5382808772471984 0.7343796800206146
0.6494013614743626 0.9635519591268484
5.840478574434815E-4 0.7867702427145188
0.8682973482746189 0.3012046707781034
0.3249213701729897 0.14467494695933247
0.9823494033213501 0.5742741193216474
0.5144371848468621 0.7685228695105389
0.23242468427057805 0.3945378055031895
0.7659616432760373 0.20347172378881506
0.4328902566305376 0.25699597567227106
0.1800748226143506 0.5880078248388917
0.0775480491880286 0.5438484071953301
0.546916660386385 0.5245232730549537
0.6158129717963811 0.22676780882870973
0.09229415689915976 0.14295619333884346
0.24120585475729794 0.8881058625562076
0.1789900412127543 0.7754929598889463
0.16020930831776647 0.909206568258635
0.34977743978609943 0.2784956806498211
0.7167611467286026 0.9327915495049808
0.7714977497281321 0.18723263239363164
0.9361364801578991 0.9964201935911671
0.093659519915961 0.569652799274137
0.021696456160175126 0.055316643714357516
0.9703684977878771 0.6573602159514821
0.08895788728909071 0.9653955719455728
0.011000112246593696 0.07510755858381857
0.9536646609883097 0.3811063880210652
0.7228771282412252 0.7645428234336961
0.10401850467128837 0.4377558492850837
0.08831729445615455 0.5036066275375003
0.08195285136577934 0.5342572077152212
0.7787669474991347 0.25989188073021685
0.3743109181850618 0.00979374143330336
0.6503380155496059 0.48444176196249644
0.5720146462596043 0.016672849822144786
0.08791781571173396 0.8518760107865749
0.9937884328987316 0.4316870172788081
0.9691223596291413 0.8833990998895613
0.19072799204752633 0.2195856537096329
0.5047154504282525 0.35115865985511907
0.7489811761351298 0.26480225591302897
0.9787174472471595 0.35558612424603564
0.5900339576593944 0.32136937700339707
0.4592791169711441 0.4917657546611167
0.5315719112903197 0.39599332589850067
0.880497575741438 0.5765421720663699
0.21661337073830145 0.5755499002105238
0.5057030645397395 0.9949907243685769
0.6445875221226686 0.0378006809619823
0.6743463394100937 0.8430390585577238
0.44525720424845006 0.7429196901412715
0.9074686503071367 0.6924421685956959
0.724862324671055 0.093457793649669
0.9008375320916565 0.984977628124406
0.7835870439145247 0.6716627851133208
0.6701829948134044 0.7746410657805225
0.2544297700176341 0.01561100750351252
0.12957078907468478 0.779787016755693
0.24578200040496423 0.27939605536892265
0.6818005521252632 0.4815734066437741
0.8834985236905871 0.5376589877348374
0.9788181972075386 0.3107324602325313
0.24296803156546465 0.4410333750291896
0.8704839372542195 0.8016048862790774
0.03766938806473186 0.9066180435036932
0.7016382101123516 0.9605380972815349
0.5879263589900707 0.5363787048851345
0.5402600292248672 0.995163338451888
0.5320489566978728 0.4964195837365125
0.6236131346267215 0.9817308629021055
0.4617768324774768 0.6613544764805431
0.2946277742417198 0.009595731901880677
0.16491678733573223 0.9305460168434205
0.9673663689149656 0.8351119731491473
0.4402925615814477 0.7567714481496379
0.20827404262241478 0.10160556869225479
0.5136018558634721 0.09291112529976764
0.8490157105265269 0.7377620146408218
0.9275023905092964 0.15854641601403896
0.1570533753497826 0.23367728833390955
0.40522472775935836 0.6558915011247102
0.48171886268931186 0.11198596871045785
0.5942369618826236 0.32327367493049763
0.4663883985937203 0.06089352517851465
0.7849618575290914 0.0044149167592217875
0.8714676433800618 0.8766044889458676
0.6692750722741285 0.7330571264839699
0.2882467495059421 0.5745518749624964
0.9544879087839698 0.6850123589373892
0.5402868093927004 0.7719975310671857
0.18074628110152857 0.2335084745320879
0.36685094146125596 0.718987040347703
0.4032527215082471 0.7587393392830553
0.06199396269385671 0.16030678054635128
0.49544609581279164 0.3088184873519837
0.1032774218303738 0.5480049889890316
0.7052489160363983 0.6868733358855332
0.4456768312661168 0.9922028353583199
0.7537200898244878 0.04780705746816871
0.07910103439106697 0.7373349865241977
0.2039264101083682 0.6282932850602584
0.6520439372427863 0.8816239394444125
0.04757307498178731 0.8048587327386151
0.44924108730860923 0.5195061156641877
0.4579103526135778 0.2774474485568804
0.7778051755027172 0.4798916803855058
0.4396595583420442 0.8096494721294859
0.8641654101556739 0.35755424063712415
0.6701783108075051 0.6218159255979494
0.6932383825842042 0.5906107672404342
0.17081189562313326 0.22957142641553263
0.831608474242757 0.9239658120972463
0.5733533263703281 0.2477740083508293
0.16809817321734566 0.7167585777187937
0.653762289162094 0.4387615046871829
0.6779600416856778 0.20126488153366884
0.49376884845479885 0.07376270237005489
0.7710233404007123 0.9813709275418421
0.1007147968560902 0.49764038534030963
0.5194804100306507 0.7706490869912698
0.5669620175318041 0.6396726478656708
0.07759899946416937 0.6132302652507469
0.8824237308992361 0.09686784418841221
0.9034985166978031 0.6050816720423672
0.32725119642207257 0.33134754726793025
0.9722298092965994 0.43896257395252314
0.9664347096448461 0.46962099131797386
0.02974930533975828 0.9332448751384407
0.1440546023020972 0.16911368512117975
0.07898048843327399 0.07294923541697607
0.03214449553750043 0.026101490492404955
0.7120064619139665 0.9907617289288165
0.2276053772791845 0.039241355204664874
0.6065398027194296 0.746460041157443
0.11033588989506138 0.7141778386352725
0.49016673630089 0.7250919717540197
0.17672046541376185 0.49724480326482545
0.1424644285093104 0.9674137027661961
0.84484412295884 0.36006948700338426
0.5529422925428493 0.7705085670083307
0.29127847732166323 0.5219267312248121
0.1818587116550402 0.45217193437859315
0.7240107045182426 0.49297839729268733
0.38131720667808977 0.2595610913727934
0.12206358985955734 0.849073799892441
0.425646927410263 0.020773675603675046
0.8795811362751922 0.40757480683697
0.2729242646722343 0.287432137435924
0.9806312059186222 0.7637090493724471
0.1335938305349167 0.39701531172845883
0.30070278653078353 0.46824316122077614
0.1574985146978044 0.09559310346207728
0.38185211635582617 0.4798078455676065
0.06723016778130275 0.10478343718188332
0.5606790824903061 0.9089945339811039
0.3635637188133981 0.29116543386833194
0.6417907475268889 0.4863835178437489
0.8078391879169775 0.9020462947371394
0.4041363282196737 0.6329518716989085
0.2465079273252071 0.6683937800274009
0.10357443761595642 0.48884867784504016
0.4846603222757281 0.44391011606337505
0.7922592215930098 0.765314227692789
0.8382045071469765 0.44863715240800706
0.7139096306998692 0.8245588539211344
0.19846659998338 0.1161467568758291
0.25375172844171323 0.9637061363513627
0.9283348548916704 0.005284481516168227
0.9229011792334181 0.48144434919618795
0.6756716951782182 0.2305986064262231
0.6391790519686299 0.7398187159998019
0.237568880141787 0.3900006213959267
0.1298312026870102 0.09863690558727167
0.9381230288117366 0.023867380649303604
0.6263473928905552 0.2962482276539433
0.5927598100065518 0.22670928020819414
0.14755370047372163 0.5779970147469483
0.02373721723026956 0.15069269675097696
0.574377409736046 0.6324389383277649
0.26430931845654626 0.7897189936026331
0.4081610316210308 0.18544865940322663
0.04313404425406231 0.6134269118940585
0.5741278735960943 0.9236360236982201
0.8758594197852922 0.3323983497297631
0.8825787349956916 0.2710270802025003
0.10742513719562174 0.31901247394436794
0.7926256279203147 0.42675511292406576
0.5464669881273166 0.9828068125762137
0.9367447503829784 0.9865464930897139
0.9123137694030669 0.7048677230408072
0.459158161391683 0.4170744562918348
0.17541785647227892 0.7726874344266947
0.5970293428654051 0.6297935236947181
0.01366193251741643 0.12508798054802106
0.09068501623118819 0.9096562067268773
0.029836021828558934 0.6162275433652896
0.9475520515724715 0.4941526802620291
0.07968085516037293 0.9383675139779873
0.8042243176136928 0.16940293740365542
0.04524451509511607 0.3049937785760266
0.6320519130924781 0.3525705331132041
0.654901491221152 0.48904910268043056
0.8138706092934607 0.26365558101941056
0.49923442341991375 0.835447686015202
0.6829670049464777 0.9547640653622808
0.2210808191827881 0.4227073218796257
0.4601003481758723 0.16123923334035328
0.9683977965892746 0.6354481652590279
0.15037980528456396 0.16658037696355465
0.5902006172174986 0.027671651459296953
0.36902113117507884 0.13186289482578628
0.7286810965898134 0.5061468981426888
0.25348455576560025 0.6304130950534315
0.9147146225467605 0.543895877250468
0.589221208259791 0.44977949608176215
0.009315286965762781 0.34568322135773366
0.027232788504458094 0.07558251620343714
0.8502006131358141 0.630579868872224
0.803875138960114 0.6556123629060737
0.7604788858372128 0.9710844469640193
0.6868133456089018 0.6575850645141206
0.6555734468781151 0.43395006031921235
0.9657622281940157 0.8802545486325654
0.8448501164549803 0.604778055730227
0.18262310434425422 0.955118919803578
0.26601536537145454 0.9466049483138418
0.9528536210380775 0.9847470628766913
0.8132043673989218 0.8421219684248447
0.6683847289973955 0.5037915413813653
0.6237798284092629 0.5998316440443607
0.09212471465285743 0.5200424318408923
0.6742135954843052 0.16635905920131588
0.8550675507195251 0.9954157404958518
0.8020253278498514 0.28030000937361366
0.649248640327647 0.7605596863369406
0.3186033395906711 0.32740236206840867
0.47326803798026806 0.5218002132102968
0.7068348881935623 0.212540375886754
0.6318277048229468 0.3154371903320824
0.5078241051376688 0.15085694832498842
0.3167058918573302 0.4919411346416359
0.39257817191715616 0.3986112512028408
0.5038182981062852 0.07138944342903186
0.5873930034891343 0.5936850228077973
0.5894921617390602 0.10152071886668068
0.2757719490494762 0.5563632120842745
0.6588061790114444 0.4710740242174861
0.3350622048442201 0.11292017957852052
0.5298255423239888 0.483619352880299
0.7825953796511353 0.7477052770102889
0.7497879811928483 0.3808752325903082
0.6039701261497474 0.6638373276458392
0.5327732698464509 0.9195470673492457
0.2152163678711707 0.1382798310885871
0.2231153368151122 0.05201039679637176
0.6709320094501384 0.8939844136132665
0.24479248783971264 0.7387011984153737
0.8720851456707645 0.5799527461486242
0.6542578403291202 0.9288650978494114
0.4500255812410985 0.34948225068278715
0.35264888034532105 0.7863559660389902
0.7073515013491691 0.957524388911015
0.7330411678182457 0.3084637911549313
0.9816287984206967 0.7599984989487139
0.03938834602255259 0.5882905176622841
0.06456163959858507 0.49106833143992235
0.9960164774085297 0.10498183210535772
0.85706506593021 0.7188024267867458
0.33001816088938707 0.5911616171690076
0.26979118508067146 0.43530356853161534
0.6536174136770154 0.22320533335142434
0.4890129689312799 0.32430638651393173
0.7995539172389465 0.1075271330395623
0.11937042801015052 0.8674068103768915
0.10976098311308413 0.29484494245636084
0.38783613557974783 0.599500298848398
0.36608842569250366 0.8444267366456748
0.5473581225725108 0.5046708563162282
0.021548511808282766 0.7816099750914557
0.8539900422747186 0.755685608335766
0.1415387561742908 0.14442594223207084
0.007920093123459648 0.7434154615631668
0.9967230194847122 0.6989488807208545
0.7466614444984444 0.6169145944891867
0.5627279251441804 0.31802974306713594
0.3577688323372603 0.36055697838627454
0.27653904967411436 0.46436270690216264
0.23879717807035172 0.7715417168767524
0.2754570844985007 0.6963722509814586
0.2738203238998651 0.5692427440409336
0.001701461521079528 0.6241973379850381
0.7186782597999647 0.2672929459584409
0.49422490573957345 0.2830882734012763
0.49122459428894283 0.36995681731626817
0.9090293347812223 0.4628211370814401
0.24819568218475896 0.916259273618613
0.8102499775713353 0.1342734511625563
0.3969259058617467 0.38850311794484604
0.5565010390023304 0.7480940278600402
0.23798416641382591 0.5262209884955685
0.6704528583675634 0.845438883762154
0.7639089244295686 0.6422722354643363
0.4243372070552014 0.11703430976233387
0.249569962849578 0.6247087386908274
5.3728329938773634E-5 0.7743667982765533
0.6612873621355916 0.926198237450244
0.4897772393190787 0.8555895635679273
0.08468913461172678 0.4922074677707432
0.6914420667156296 0.8787731215494056
0.825390974329471 0.7598115276420658
0.12320617554594893 0.07641770993853592
0.571932569897959 0.5709099693494318
0.9319745597219504 0.29768359383476106
0.027007463409519095 0.08679435955346959
0.40328767246732145 0.5485846300222352
0.7108737339824472 0.5654257363836906
0.593357403637456 0.055429588971012245
0.21993541419498552 0.1684448251208418
0.1987597528043974 0.6830845821108542
0.08383569709926408 0.8018517387101813
0.15526949941967128 0.5171694969614791
0.506004344412728 0.3624559463325485
0.6145493841202161 0.4280894732547632
0.6954536205151897 0.661611393551419
0.8858823531315275 0.4748426312487817
0.20171855365431246 0.7284158905589325
0.6498620390846241 0.07783352530175192
0.6501887080077595 0.15646755040755655
0.2519335434751546 0.9924611663816413
0.5416805191117102 0.6514355873480997
0.16590272027374875 0.24903944641831177
0.3279503191431038 0.9611163585575339
0.7810092802824578 0.3896469715037072
0.8039505288982094 0.9253101473871302
0.5108845787230799 0.5287922079757654
0.9679820504037482 0.46976771192671174
0.8486930567621581 0.9923191061333715
0.8924984428237432 0.9866201006234474
0.39998124427739334 0.5477670370484564
0.8211682644940911 0.6931189532800447
0.1132359715167911 0.5294386573996555
0.6619040106609294 0.24117893620236452
0.8978794514420336 0.48271747853728153
0.2809173730626272 0.06212770386126698
0.5704054772601821 0.30471676715951335
0.519462136959922 0.6742329835672854
0.6015878627119551 0.24213004030823215
0.6527779135843752 0.4549904184807575
0.4511684377226972 0.5221924164029311
0.08984891895134517 0.18582005032335402
0.3711585911266514 0.8389516255365153
0.4729439119070976 0.013732718437075464
0.4348651379160795 0.394585956932197
0.9775051818715341 0.34269299777205864
0.2059774804895631 0.7042959005674695
0.535805444544898 0.5668176626905759
0.9005299429806555 0.9133350098757832
0.9118934947115457 0.48821446855191086
0.11427947363674318 0.9460349589470417
0.04070110828962126 0.7241785386653181
0.18901551155704088 0.40921840064825277
0.8107848617329427 0.40162911865605944
0.07354553697529997 0.8061824671859412
0.5180283037730633 0.9610821021296807
0.09857623655338899 0.2824750553904335
0.5467316613476806 0.9481194117997651
0.42943683837704827 0.8209746007561725
0.44486752646035166 0.25722858676157256
0.08656757338115229 0.5313235955564999
0.45188260302200667 0.41105160408007924
0.3309231160344652 0.4375548888288395
0.7102773540184689 0.10749494183987629
0.8999171743995598 0.9577890117898201
0.8462965345720211 0.4478175820198811
0.04926088321031663 0.09116949231875848
0.3404158690548622 0.9707272237872436
0.6070244523888767 0.17974295096633275
0.12491071404861942 0.86067948741242
0.2784781010142485 0.9967787878756134
0.14364509441140283 0.4729886521599417
0.25374442473742465 0.8280633791491225
0.1883203413265585 0.6240227101021327
0.7650215229312513 0.15899181964009357
0.1857745301859266 0.9316694122720628
0.6161123941072038 0.5578202064870219
0.2525252839703359 0.8594241150626545
0.8642226503312965 0.35422969257042447
0.2556001386986204 0.016864603291087188
0.7724655333299308 0.752393180693292
0.3228003231050449 0.699941286073471
0.8712390912809237 0.08902434249785951
0.7308950230376791 0.6164264512450152
0.46761781853962814 0.04942789752973198
0.8668453083503108 0.23502915316723083
0.2241269415111069 0.7883586598589973
0.5050079442358206 0.22109707401934953
0.4917442218313822 0.06753673412116823
0.47237116756586206 0.9774905684601276
0.9267010767197296 0.7179544395163959
0.884226019569633 0.3961281189498188
