0.5407155038807842 0.23608362436328667
0.23558401035645593 0.49362658833458395
0.03965244447284744 0.1334999261731552
0.23702267065047022 0.709243694022191
0.6951044018186526 0.5673922475866253
0.7082234158526519 0.41321858889874163
0.41517636921467005 0.5376268595597345
0.020503086397617998 0.5446383513310659
0.44134053756342984 0.34851639281928337
0.3850892323328451 0.878981611490617
0.8324858782216247 0.28847317729958155
0.3163913484806753 0.33392418992214257
0.6246431055671672 0.9845823449464078
0.7572911623378856 0.5551828232493963
0.2916598015675026 0.7890594026065558
0.1758082862986361 0.21797388195270184
0.32057657094916203 0.8445951071507578
0.8965995180248894 0.1603290712494384
0.6851825253190278 0.7968797836525267
0.16610180148581843 0.6764231940522104
0.7522039789225957 0.47513879549354465
0.9667300036175845 0.04123389986318271
0.6868075241200111 0.24529909336224198
0.3933925886239943 0.6122667713394887
0.7375748695008485 0.15544649927910026
0.4846896127401229 0.6597435400230195
0.8758335026631027 0.43952223783419553
0.7615091704893114 0.41356551207771175
0.14020377210304735 0.4227460740269091
0.3673397987244591 0.6835274254408596
0.6944494578074745 0.38104288130335384
0.6274682513245602 0.8086722298274549
0.04519575014201305 0.44678812898357667
0.04833310950901526 0.6223403144878742
0.0858047235063083 0.2244772098799278
0.26365679768398564 0.5813814841194229
0.6336751862810001 0.38246223641401367
0.20057970598905395 0.20116156534255603
0.9104604518634503 0.12068931765153146
0.7868719620999097 0.46241000083559314
0.9781738835616227 0.07940803438634114
0.8493998138754449 0.9116182631299653
0.4888786744394962 0.9501143299323321
0.4643751920631355 0.7636139731023419
0.23163517227826214 0.777526840507864
0.9115185651751528 0.43309824584921175
0.8676052108621521 0.7001854417727298
0.5571167960285925 0.5713494329162881
0.9326897327228986 0.6673007538004219
0.44505928680071116 0.8649592286231326
0.6568026210152004 0.49077130688813664
0.11028710777252004 0.565381798041908
0.39985972681811444 0.44382494412885176
0.145691640267946 0.9612405573549614
0.5367895796196224 0.5015298731640075
0.35135055806554705 0.779751149480103
0.43734746285227555 0.23345956247848743
0.8740907072421167 0.8092834411486566
0.7812428173271455 0.3050851073462718
0.6057189514501612 0.8719992024857453
0.8250646722445735 0.5220076345971038
0.2498634919469639 0.6436663212375553
0.39471792518337945 0.35993238469935374
0.8902201453282165 0.7171645040816393
0.315558853521935 0.9633249615152968
0.5970988681416055 0.7368613226355697
0.7121452336360327 0.6669796195402806
0.5945183620917444 0.3929517529917004
0.11049284439186946 0.19726848631825789
0.7766972405140955 0.5580181109794637
0.5579569958901509 0.8436294281433283
0.9106424283602672 0.872481767490206
0.03933371201480895 0.05588935184860644
0.6906365069901311 0.6412815552618445
0.31250231775386583 0.119309392473123
0.9207781497061379 0.9910283770695328
0.9129075619442688 0.7867765499196957
0.49332994360521065 0.8550492432519242
0.48340574340163023 0.006356126022579067
0.5034811670851674 0.5031481599262072
0.7744762440796734 0.17245812432653573
0.795232963517177 0.013575257754266379
0.6295261105617825 0.6501597110246958
0.46846639159535475 0.2966097566530951
0.020992220824048613 0.6747653439460082
0.3938543494557074 0.022326297755476898
0.7351716367094797 0.11247449888723415
0.5801303563304018 0.0795284213672438
0.6171880004745195 0.9830668007629378
0.31732882922929917 0.9984966047631167
0.3822276337050048 0.09180283566871372
0.3799628129188257 0.10711283123384052
0.8751562296744606 0.5952782737967882
0.21570673514734007 0.05808769643041023
0.31785310303113146 0.8347577565988198
0.9680036060415464 0.7644294654385124
0.5220768107023357 0.31055462086155106
0.38511717739356144 0.7109594646285744
0.26540239300271473 0.24231068247043397
0.15350138448676043 0.07159171612946702
0.02874717467897514 0.7625702618399148
0.9599611949147783 0.05525858790627758
0.07622825205857675 0.4248310634266329
0.6349299957704633 0.4277792882508552
0.4215720988200724 0.37229413542467293
0.05829074016650959 0.2126305994312172
0.570022347750146 0.20982344417632404
0.11951924954130366 0.16049465590808387
0.0506691913650642 0.3491655961509066
0.9155300432357693 0.6956220297399022
0.6613498463072434 0.35626853108341083
0.5424560085568386 0.6964622886486542
0.03674639505627486 0.6195773646399034
0.29169556185990897 0.6486787195214682
0.6200338616251495 0.4794747558927024
0.7959118528656177 0.42057749725563975
0.3694076551512314 0.8115720053289273
0.6872705338705808 0.15414637158432565
0.5630464952132173 0.9403461789299767
0.628053834775712 0.5393106347891191
0.8795431549960919 0.6746578881456058
0.15289079306711761 0.044680145036625096
0.52556219399278 0.2029730253737395
0.6221942498691483 0.5149731820977149
0.5584601086809037 0.5636510860493127
0.7279977085862077 0.913468846739277
0.7088301996386793 0.4144515691540165
0.4162358596864787 0.8872519825267748
0.946410774574953 0.8654494256686296
0.7936147225076432 0.26368054541425334
0.7525219877155198 0.2108388757647569
0.5725687819135894 0.5484175962518013
0.5631733588879582 0.49764483748346
0.8744036810391494 0.9885355285453583
0.12921000091639723 0.0031493644143489874
0.7585753421339472 0.7886134487455997
0.6033428232326548 0.8578804835512032
0.6751571583485916 0.6234129580676161
0.008634163251071358 0.24729897647230492
0.14789896141735515 0.67763161714788
0.3689869300583992 0.8528585782575597
0.3868830503429509 0.06139746535742974
0.18941198030243345 0.4519033220407487
0.20263356007293365 0.5995818172870736
0.16232469639353198 0.8859054620477649
0.5476378684303661 0.6736720340690785
0.9458489880697208 0.9278361653034725
0.2465895890902985 0.006859546881809786
0.6110827164259942 0.9320000447844965
0.9932645709803791 0.02616306115241951
0.8875054374737132 0.5334543746120334
0.48979295352981567 0.7098199998258765
0.6491862625896222 0.07917181360980352
0.6831915934866757 0.6338445182920666
0.17917550765578838 0.9193956458075914
0.4143731256504207 0.2685635655230789
0.62544087155477 0.1651747529253037
0.4364491163131383 0.4441066645186573
0.7189354641372921 0.026855161990866683
0.6819966300794941 0.30323966973685246
0.26286101931688133 0.3883434980278636
0.8630588808502144 0.9905961502760955
0.1219169730147146 0.843247595096461
0.9730022956708287 0.7892746442611732
0.4413020015635951 0.021537615529592546
0.025953823930413233 0.40893355229124473
0.6074615625740339 0.6691606050333424
0.4173941955848611 0.6539303446247194
0.026051273336714087 0.6080807865847839
0.6185836103619398 0.7557145611317736
0.13731286818281208 0.4005059809774184
0.5278490055133275 0.24059958311443652
0.21503555043414047 0.268600718997406
0.6933626091007568 0.32220104706314134
0.4025026443928257 0.5797749307552823
0.7948936494284531 0.45724447793227174
0.1272997552047508 0.997676228955651
0.22611638546950585 0.8841085315642301
0.5065868895391703 0.2203035213440283
0.35440949339225947 0.6753843594659352
0.6054144295562809 0.07919763884211006
0.051682815359323064 0.07889585052835524
0.44288829773662186 0.6574547391733166
0.3876197242158972 0.6960389843101665
0.45446731784958316 0.9993468946131785
0.9558244675176839 0.35196361846554947
0.7134013463062908 0.9306231061993583
0.16371561471104545 0.3490337501734264
0.5902959734673248 0.4861035417456807
0.9586080990879945 0.1631677193171055
0.6870161664781244 0.4499685067015171
0.8852783346750279 0.5420728932744926
0.819617069378747 0.5541828067821247
0.07440778384419311 0.39505384460240567
0.5447176767656497 0.9517852129252612
0.7466525085405853 0.8259870707912359
0.22470911002636307 0.6843120203301236
0.08368771945175424 0.1542194609712172
0.9094157915823857 0.9964122504321012
0.8654273816198308 0.7925613621201183
0.3753045750335019 0.5157517552072647
0.10172124064894061 0.40720968236689614
0.5080634452666346 0.5125918288877269
0.9971825334808088 0.8713502926743674
0.8403476928696738 0.6809678038282554
0.9794019133163416 0.1423528551789749
0.46371841544743764 0.14218142035543335
0.1936536949123765 0.34188578731949737
0.7222744039638913 0.6613602567669159
0.8213033182849291 0.9989424433492833
0.06520526123531212 0.3891264268928869
0.8144753462455091 0.6276844411072944
0.1864702420163401 0.7929559779532014
0.1561435861151862 0.5551712825803997
0.1120334272257767 0.8265990716733862
0.5526562867860998 0.18846039438654538
0.20856298357117864 0.8009707458884071
0.544810881915605 0.7162246639507127
0.18222826838353978 0.8662102691651526
0.3839442496303255 0.5769500285882767
0.01220580205144084 0.49214722967886626
0.6611062963138807 0.8939382043261798
0.4207306370134245 0.8432003246566436
0.6002359527833256 0.4767548070166837
0.9200075304496618 0.4837751065241971
0.13036021498923 0.9194269713236447
0.6960216900283573 0.42151500259458585
0.33718886201794274 0.7876081118650667
0.590266104151327 0.0982995714167979
0.6610784068123211 0.8800921107884436
0.22262904200823286 0.5726730151883972
0.25619085522859364 0.0744731095931146
0.8621614081051538 0.8024244339299349
0.25477432768433894 0.3224110198580671
0.9971705720826926 0.6323313589889858
0.2908439817606351 0.9468770712017544
0.682063994698081 0.819616164609832
0.529143515043224 0.5119176637518956
0.6455918983729222 0.188454603049661
0.6181187076359692 0.18488896347507144
0.8336156059763254 0.7949149591892369
0.4397366073815093 0.6917788334896172
0.5292540887958276 0.8049943701126259
0.2643347432977027 0.678146236914421
0.4442380783290968 0.6409593545012265
0.9352871692176012 0.5313730991405371
0.20752777842788372 0.8349854199025933
0.00612489694867091 0.4943371719488153
0.4907265707269073 0.944130292947372
0.3318505205887994 0.20627829305929002
0.6045497034384725 0.826964464212288
0.4765379383479317 0.6435452381379321
0.7765836275758412 0.5597211768496076
0.44090980366196675 0.8010738828293945
0.4777982166707778 0.2786179663991786
0.6364370129975881 0.3548612542571229
0.10375020354423825 0.2750399958044375
0.7366057463004658 0.9763648357799604
0.03614384703411555 0.7415651816380769
0.02134964373810755 0.9316700051464417
0.6113897963447035 0.6693498523019882
0.09724593050017816 0.09143252268370505
0.8050312815212521 0.5311827129006896
0.42392564361766094 0.5020174682915218
0.504382194807512 0.5495541698942179
0.9062504353151555 0.22391962758003747
0.08644877986052624 0.5453768762596598
0.922159193120486 0.2304647323236162
0.6441828913707699 0.5905326633056286
0.5476895355258496 0.777954812497043
0.6113416315843258 0.946209949322511
0.41353133856457236 0.8078350509792731
0.7247044651577249 0.05903460063995314
0.5815699158885376 0.622123679333032
0.23212561336966808 0.7082868124598662
0.06522917220425473 0.285260256267991
0.005876171031103938 0.75003516140468
0.1340258496286889 0.9486921427499372
0.752956736057474 0.2878079597758072
0.3405978539904623 0.5689326093098778
0.8275380482454505 0.5144618302888233
0.28757127202567034 0.29548845086541675
0.24541372349401913 0.9161954267376502
0.5119818919864038 0.14196864786778507
0.3763256872297913 0.007196339843155042
0.5065692052021158 0.4218502134651064
0.4472492667319935 0.2721975294566157
0.8201117147315671 0.829790863166781
0.4282020500779927 0.5342588561291473
0.383074636328709 0.9800425776643337
0.0918663541736251 0.5363789401849279
0.6901919898047147 0.6754339959934325
0.039292446026232386 0.12808049418054934
0.23820726810480541 0.17355387348783025
0.26617593726013045 0.0819024336050761
0.6648478783409466 0.24118158350208374
0.40767899043972144 0.22977062637584778
0.36421034058318746 0.8436749363519838
0.144492329147499 0.30550807596813245
0.9640852848727406 0.9029395690723441
0.37881083485261824 0.6072848395975354
0.942351533417447 0.6757683022582941
0.6961223352025544 0.35259661633995387
0.8324217765377806 0.9537527929094857
0.31718629541759213 0.3884002054421142
0.921822616986868 0.4666338179587013
0.214304401000587 0.7403231425848058
0.08334389574735557 0.5828710192697736
0.3169632492653648 0.337403786411983
0.39479383912555854 0.6443763627125525
0.7641543056497251 0.13260714294704357
0.5012476223145262 0.046770221144879276
0.9741540676917199 0.7544009156932656
0.2527792763264538 0.4821825591719998
0.8972733061437296 0.7709653711365199
0.011017716586423365 0.5985360688600435
0.19306106079153584 0.6261492405059544
0.1594695161265467 0.6974122668731444
0.23067525311779746 0.3150737377347371
0.7754028113385828 0.9920150677486592
0.7496091867450717 0.9073248952670717
0.12518787719222602 0.3774112515819812
0.7376886060608012 0.09696439485941677
0.6303418871181344 0.6271403435120025
0.5842316949022572 0.061127204335157836
0.21812643695353373 0.4234514423706489
0.8484900099195808 0.04276442316901885
0.5183987529245897 0.6528378557029103
0.04696552292544043 0.23812778138788626
0.19751800625099292 0.9542047449899435
0.7079253387969732 0.7658821316826901
0.8304607853132346 0.5939193748404589
0.5674121096857655 0.7222706859714377
0.10390050710833398 0.36015678616069946
0.18827466751352107 0.585547476354724
0.8158578549058773 0.31836869649843846
0.47222049632769736 0.522929675636786
0.09162982603954617 0.9503669522307684
0.5046172779002208 0.4746127047365567
0.47105811807705134 0.4114269882904231
0.9227484144497686 0.24192874481494997
0.03879736803558165 0.38298086585219826
0.5304529743277362 0.19051951659854593
0.5670966847568103 0.2728837654459698
0.19555789853993877 0.594432458232942
0.7197088828280415 0.32090135865154157
0.1612361655167267 0.09333889999862066
0.7258933260281537 0.5039798304850052
0.7784017698141527 0.21261191984518069
0.5750802893862687 0.004024687044922204
0.3234786071551071 0.4047900593299192
0.7056156720444747 0.40032797978093626
0.004356850593654982 0.6109931905559002
0.36510722670737006 0.679447743696985
0.47707734432327187 0.9121446022850832
0.3052441459014561 0.6172582819061212
0.19676060654693484 0.4423937796404882
0.24056436232940048 0.08105264669690959
0.7085240090234229 0.37092211169668354
0.5484946444045509 0.32399390191359057
0.547607128085921 0.42335394118489933
0.01709067253716423 0.3998752710638953
0.7626516318344245 0.11028363426989318
0.057255546642599575 0.41306349413769217
0.20205894707662753 0.5579688251341666
0.6878170162635137 0.4366634862571125
0.6105753837586438 0.5950290557046906
0.7746949495500124 0.5813570391878032
0.27173071191257714 0.5390277001791001
0.4594923582166326 0.8780317015554269
0.40148337002929846 0.9481047824650013
0.44819482312677683 0.34923066343004194
0.7494011649571392 0.4553666035459989
0.8472646279600536 0.8876178480603433
0.8959337950872208 0.6875278859565752
0.5322677088272363 0.33406726447706037
0.5478095273594964 0.18434061256672185
0.6132726524322872 0.453648974504381
0.7283147769577543 0.18163310701926472
0.42161300396419077 0.34469874175117043
0.13519274270095671 0.09832202603872064
0.5842054839089366 0.18432186128980887
0.09612280986172506 0.5765486753298256
0.17446825447358594 0.1130964693763703
0.4902195131129711 0.9641305384936696
0.6329850766064369 0.49240485229169517
0.7237165928754596 0.1998075576877445
0.1364124467322786 0.7297360861360039
0.3489776463787999 0.1643020306604237
0.35972895430526164 0.3604670033763937
0.19820202230811523 0.6940001270331162
0.1247769517421452 0.09904262135343411
0.9666708935293471 0.6191017239648126
0.25714874023534473 0.12814108244555045
0.025104864445618547 0.3843746352010755
0.08382074729456934 0.9813227243364546
0.8666814899713009 0.03818841920954774
0.3955410053370465 0.9928263187910756
0.0014871820009602077 0.6342916079216796
0.37082613022212096 0.4375898299783073
0.29965470631797075 0.38083578334359147
0.9125267904281535 0.1652375483298727
0.7541640681730448 0.19243856742148513
0.08327083654630707 0.7436885885717778
0.3852614207952827 0.653616949978845
0.8426957592013389 0.8712067046578349
0.5406763816742332 0.7857112383886199
0.08723340002639535 0.09012496612393606
0.15929556328570638 0.4244589563570509
0.07231138973663587 0.6411429225122905
0.6606764464107088 0.46166751599772315
0.6571873614443858 0.6340080973588396
0.9987618393855475 0.6819727683347058
0.4542335861364474 0.5785576878701459
0.07538240172522559 0.43446038900945716
0.8873411367793915 0.7195102306405406
0.14761075590173356 0.918965647056877
0.36821461877874406 0.5490612491168428
0.08275762299398437 0.4381561934985123
0.28467932796985507 0.33325098856474333
0.31577667653849095 0.5690418845592008
0.26172513987442103 0.4812361945221565
0.14607163609467488 0.8413443231695821
0.20386220246047737 0.11101217169274591
0.5741754896157868 0.17519805847192715
0.9564658624495027 0.22079511826310994
0.22349846124969197 0.02694464515536099
0.034138983671253564 0.4621894111323991
0.01831780283444906 0.9193191981437404
0.7557219251096461 0.6294277661399668
0.19640892152027112 0.7911190825321681
0.29843195425697255 0.6283868750879754
0.923194358688546 0.39148224332721526
0.6377153891466014 0.8697448588970619
0.24401306752239016 0.7651932473688007
0.07474690253586969 0.7425612531272922
0.36208953338587524 0.7279725246419678
0.07011291269582187 0.06772390233804526
0.26200878425360397 0.11449471220408936
0.4000665786796599 0.2051214393548204
0.5119792776010162 0.4969203100590329
0.23084411556010687 0.7940641001909118
0.6728932307905594 0.018014064539081498
0.5668833988487971 0.9433897731606762
0.11816978660489097 0.9604629007533672
0.6703875080451182 0.05585577576993972
0.22559293287719717 0.6827947436434568
0.47252744546699943 0.37083163871383285
0.8408333400516729 0.5923389703907218
0.7006797283896482 0.7399714705439758
0.6320690376023569 0.8969584077591304
0.43144617318223855 0.11245925951771052
0.456097025272282 0.9798213240997801
0.045804746069646796 0.6995840288006406
0.13855398977104794 0.37527165963729214
0.11059199536810327 0.8128159602052609
0.13434126864304696 0.4888941825999362
0.5396189469222373 0.9252187098560227
0.37907562507803905 0.4011605581168731
0.4980741234598324 0.5929473502898902
0.26836377712006176 0.3215815030117364
0.9054686754123414 0.4917450020778851
0.10892539417344815 0.5190790640556552
0.06523066261557353 0.9727656647964366
0.574065792156076 0.8443322108523627
0.9031561425375638 0.22271482999466252
0.6657263327493734 0.2811378855749139
0.5322775371628391 0.32521318749732364
0.436316265541027 0.31636905590885367
0.3783101629352468 0.2634530746274353
0.2557576929029233 0.30189971446662034
0.8976901524631681 0.1786314163611985
0.7226505986127333 0.39690682493041374
0.9993180543704405 0.004306763041029504
0.4131920073668798 0.12524716226190047
0.6414744188090287 0.9337420385002085
0.5374602621840119 0.06014676539353481
0.7169746788809593 0.04545931663800762
0.229901017575613 0.6572299317021593
0.262482947128424 0.8116458601331633
0.6393291712229398 0.7969528266214119
0.23200501091233494 0.14471595342137789
0.20348670654405965 0.16879698821918554
0.5599331687711048 0.09924618353383041
0.4941733924028413 0.23211637134570196
0.005616621500767693 0.33966641768295025
0.801193740867513 0.12232039382551474
0.3192830624919809 0.008502620019419704
0.18684025972439888 0.536115686698424
0.59823808385728 0.6856315719274215
0.08735939145668292 0.3258167542858803
0.31262139736783 0.7159218980037283
0.6638233496665984 0.26027616541108745
0.37159969686175 0.3007997786199583
0.012057468283772077 0.1687729196192902
0.7737280332018615 0.3986915136089715
0.029749264409036247 0.4742376724733607
0.8393127478868688 0.6599596289191022
0.20859212268719096 0.9434815833287532
0.7579611200970106 0.3338628797183181
0.8702927267363638 0.3346353480079798
0.20110359970199088 0.32823492363102236
0.39749828347865424 0.505793740783158
0.04712714853445221 0.37698996252418737
0.8241761363330727 0.4638999965357581
0.8458586813158867 0.5762285455033301
0.7447044239380902 0.7791936446977485
0.5094900732400207 0.38662977088168327
0.8769098303090752 0.7680842910356546
0.8586369878833369 0.5679811504462193
0.7715142694779119 0.8561028977627347
0.07507600606740861 0.41111081418209294
0.09892933922531466 0.5726212921510512
0.816805804456125 0.06315099642418198
0.6640637614602727 0.7003197450495738
0.7364293808058644 0.7039759909133719
0.8007858293057962 0.2049211160664245
0.41045660888065716 0.8248214262019312
0.07990907483556886 0.704499870968335
0.2349772267022937 0.8845061055789311
0.32804611896282054 0.4027124227689157
0.672256592951283 0.1743417787953968
0.7994025191758728 0.6065850688794888
0.3431574163525821 0.8097298726446186
0.9685582442549736 0.17703462527421032
0.8518928390779333 0.38460850658174583
0.8195120388151748 0.519085603845793
0.9024674725979788 0.974327432199659
0.6947391476691696 0.008787364871360004
0.22026468843469715 0.8531921909629082
0.7377410001090827 0.07512328482813058
0.02758992674122851 0.5048328709229924
0.7135405170003645 0.5077433392304744
0.3385812707927264 0.24671733039410615
0.5238043019008262 0.9451405676220679
0.13675065625610072 0.06454237816000352
0.046749147554561166 0.9129305888436596
0.5775196947511901 0.05790051171548116
0.02671686390686112 0.2281828016965406
0.7184664103718392 0.23553428320972747
0.6142779662074342 0.06329093214015868
0.9216007568109558 0.26665374174077117
0.8149513710245307 0.4716592179029161
0.9948375419242488 0.19420711933977874
0.5431040383901276 0.7175203492722679
0.34393815229245883 0.046658795910288764
0.19732063537108302 0.3234893455327441
0.8915427573519693 0.746741997881996
0.674509927502554 0.35199778884614585
0.28651744304541105 0.7088192194011235
0.5222417595303038 0.0705407313639278
0.9746913891395953 0.04089553478359642
0.49228421373568954 0.8157086073760211
0.031161025722127422 0.32299581515007714
0.10303757457477658 0.5672647162288534
0.26469012924605895 0.5205296055162512
0.9445381900037011 0.47106889966908083
0.9963354226173488 0.7094321871270289
0.3669320222499647 0.30843586607272777
0.08727998859025665 0.9392842228719396
0.8817940129761793 0.6995569224689631
0.24495713139576014 0.7412764340845611
0.07539578190257534 0.6499019247943691
0.37190002625156504 0.49979967198696384
0.0840015876816359 0.9010579515215216
0.7383531992478878 0.14960531625238171
0.713497954722632 0.43125011680570147
0.05753393383219296 0.4348941598700773
0.09913954562892391 0.3658287073355634
0.12153297386241235 0.27235705725760073
0.39592059016945114 0.5042963462272312
0.5161957727698548 0.5971034192499126
0.36605706592651766 0.6479876972528048
0.07492683167713421 0.43857917079462194
0.8872919938108235 0.9213032175133045
0.15421113631222672 0.8729882632473437
0.3442127114595961 0.3194377059572965
0.5177488349855249 0.9293973923693193
0.5844950575532105 0.7868334467761643
0.6014500264910914 0.4886164785339008
0.6229665602182881 0.23312656597172488
0.19813893209658884 0.7071121279930022
0.5586070655823169 0.027144730163639164
0.1486675464442775 0.5226253440545185
0.23308154306670337 0.6745527457446453
0.45524115293606726 0.35382850760142026
0.004126911518046228 0.5810324224926442
0.34310878037968817 0.19327096181005876
0.6330907225315239 0.030421551599927543
0.18837427110347793 0.911026522129536
0.6931464408735206 0.7660260552404223
0.9025341477940377 0.7358704558098896
0.09318659526313222 0.8533587121204667
0.31845091538644577 0.5614771010493177
0.2821215935518524 0.8238463525695137
0.35782135837143225 0.9370438440881528
0.44928835553592894 0.4515872231938276
0.27680138567997836 0.3449109892808908
0.5689000530197661 0.8990285137180568
0.08430024672383218 0.6421611556062603
0.44994391024597136 0.38247378270762056
0.30655864059988347 0.34884594500817556
0.04766157608065913 0.9546184427831539
0.6319768592676929 0.8024015298800292
0.16872241140923294 0.47885122211349795
0.6117605105723035 0.06597916946341176
0.3594269126740769 0.3788478506910954
0.5148029308377897 0.8778303703428948
0.20475389545293876 0.28702294347260493
0.6393253727205666 0.8595507509820172
0.4857920484177336 0.28669463471069356
0.8691468476610401 0.6629006857865806
0.6440721007770811 0.04535580645427628
0.029057780915585307 0.7280845799067684
0.783543776176604 0.7702348402831315
0.6416228377883603 0.8507852347830528
0.004416732503604526 0.5823676601653269
0.016839952034875427 0.8109131052386154
0.20781271097702658 0.6016922901496118
0.2164340609242731 0.9029452572518468
0.6361514172537193 0.7632157035114091
0.32616568375281074 0.32589175631376666
0.3214202537392439 0.1430922675065972
0.6423861971912729 0.04034240062601269
0.30195378823418495 0.3634919658253296
0.8331726868635746 0.8807098250874532
0.9380758044108352 0.46642539032399133
0.869727705957566 0.4226998855510903
0.9079335932957354 0.49923221812367047
0.5403297807995544 0.34920360995226407
0.49707994766350516 0.9382280859077948
0.6569730189890642 0.8322193919104888
0.6088354823113256 0.9920445545725435
0.6439350918088306 0.7540783708023033
0.5171906046396793 0.7724857208861978
0.05786477199902462 0.42815946424252205
0.7599822398774982 0.2982636639511784
0.7305815608934761 0.8474451123378975
0.727307866460786 0.3057648031512241
0.6486316294288562 0.3886823718278921
0.43861532085223 0.8810374404761061
0.38774593822522074 0.3305786782668786
0.7216338845854932 0.99848045249592
0.9056976202689738 0.5063749170390663
0.5072883131715229 0.15425187181825262
0.7636576679977434 0.9043031808477525
0.2369642564360902 0.41620522120307657
0.3939994279945084 0.05385010487859865
0.44197011840287426 0.3772005183995769
0.8616036541676333 0.5914111962767131
0.39976684179703104 0.6949259456132157
0.6760679175032035 0.48583536846351805
0.3975136309400844 0.12890508059511407
0.6038254079008297 0.022522847221360776
0.5407045303602185 0.2441542852447367
0.10202988764489207 0.7941541069206417
0.23314659453882558 0.24099271972654335
0.9501647683422567 0.626791091244374
0.4242581268890374 0.6917978018573055
0.8906867122094939 0.582006357109804
0.4706405139549814 0.3180371435632049
0.6066143324470152 0.9188595673879953
0.9911054645937898 0.3246973318889331
0.16182574620421686 0.17395515447418575
0.40781415882414573 0.22426908496378306
0.10892886744723385 0.32347883537483824
0.9609132484666647 0.5287371991840183
0.8299208846154218 0.32802456089692567
0.8600276642041621 0.16556275969148226
0.3164542216725521 0.22918794829174416
0.8931976721136693 0.9824344610270586
0.5193786049712509 0.3663159521161019
0.25232383197431907 0.2456043865213341
0.6013295230105982 0.2124668728372323
0.5539101384683012 0.6079133395185328
0.9114856797348017 0.7905484755220397
0.03487233203927498 0.6251491694079435
0.26821930738530475 0.6237666011417204
0.6854043886947103 0.5331712175721721
0.18321465887595012 0.6989301442291631
0.6443736832028132 0.663272787579411
0.9897316869143923 0.9768227588137056
0.5274410492901622 0.5695423441195446
0.44804368863121313 0.5707656347085412
0.4840787499124023 0.6695239497879318
0.29267867113263846 0.8326593073519226
0.6868863114764867 0.9582655458447823
0.3589465954364016 0.23520739543437463
0.6450802696612121 0.14588384251597086
0.38033523523000323 0.11968834674234319
0.20376050702116255 0.3900622613987298
0.2837098531955191 0.09055579855444773
0.3415327507455914 0.647439169929545
0.8258529432174258 0.08131237051087659
0.9112930040050778 0.5516309495461842
0.7127320275945283 0.8905150239941803
0.2824564728536926 0.6406747271362221
0.9219847870245833 0.29243529942559965
0.43763984977929316 0.7029643734600199
0.8094629489227925 0.6638106836757839
0.4527827124942133 0.988291809658597
0.7222772357069475 0.43628829594208796
0.4469201748459103 0.03939586476993229
0.2636377973288827 0.5835755548871921
0.026295471255524006 0.9394588104627832
0.05888577578681631 0.7829769314548364
0.9672277029489899 0.842280734303466
0.8574631806102005 0.8529096465491065
0.3831267320466023 0.7544002105951374
0.07217034668758893 0.5611556711954381
0.9032735673751352 0.6722193876124803
0.4049109025531714 0.9230207513479907
0.45446106520242857 0.34223021790920427
0.03722672131796467 0.664236151982962
0.08131680110142636 0.10872799184775084
0.97427603253688 0.6103519086490313
0.867105946503589 0.5409371183750695
0.5225101985124295 0.382535314524746
0.424038738043225 0.7902632446242779
0.5541553543965122 0.9291018193981879
0.610584167786286 0.9184249893338792
0.1657078287480661 0.10276978351665877
0.10301722365295785 0.7585074118149681
0.5730024252798657 0.7055447496860595
0.19940429241057 0.22351863802403626
0.6020155025911456 0.16630265409859524
0.76645752032291 0.36081981983681055
0.9324155683624534 0.29055580772049827
0.5531656927251831 0.8658382135761593
0.3299758625232184 0.32754902576019607
0.18983557487513691 0.21476118543405065
0.4643150674073643 0.9367481830347626
0.0671543378636672 0.053449676178276895
0.550033762480934 0.5039464049996499
0.9471102728212069 0.9885967524556442
0.9721657454743735 0.6566283593380078
0.5960854443270345 0.46719753435544065
0.2609650643959508 0.7588962805776692
0.9501606968521694 0.0016849837099478515
0.2664011138080825 0.6281757333727168
0.32364950786493796 0.6006256093821368
0.14933536940929837 0.7090833577479457
0.95410472366882 0.8986574719201212
0.8542056531891898 0.46425268843877165
0.7405175385379985 0.14439293067567527
0.05714459970642283 0.7975781369079865
0.3761554310980708 0.9012967657091316
0.193811003996739 0.9122515623993461
0.20346241235399765 0.04409000709887334
0.06281412550482379 0.12412968813008829
0.025670941800341796 0.3920181844197731
0.6734627241229947 0.8003847003893553
0.7982517962821427 0.11036265997660022
0.4606720923701949 0.7740546124901523
0.5930548088131342 0.8328618185096882
0.7252136368579523 0.29702375637015843
0.4789695972910172 0.3102488490190156
0.17409385945981304 0.8371282295408146
0.9951624425758289 0.27390106499828604
0.7337001671148102 0.799494575312282
0.706421652984743 0.11863546088922927
0.3874533454301181 0.5578847492563945
0.9248703196024217 0.9549739915630948
0.6500577104651526 0.018733931908568868
0.058282368613808755 0.5587408119831822
0.4320414699009125 0.3087321176188492
0.20246383752569042 0.7546436179921192
0.4711315451138811 0.07621430113732808
0.533638129793799 0.8105291869589631
0.2111085377449864 0.32728828672165444
0.7765005343277607 0.4902933862380008
0.9941393387332239 0.6795430185342773
0.5245840243451254 0.5159639766966467
0.6991859866857933 0.4093447401218321
0.4718044098206968 0.3232643920682895
0.5069415293178606 0.6931418341294987
0.6775300825666043 0.16000532744393414
0.30084450193418 0.998863793349048
0.832247955433376 0.7729400311594353
0.32407596725662047 0.6704134637773607
0.11687318937637226 0.15625858915720037
0.10404411951246606 0.3664158504792837
0.6559780848536872 0.09368493810261347
0.3287128817159539 0.163801104582722
0.7536908552812414 0.5161801378949024
0.3132332102381705 0.8174628312082065
0.0707420723934149 0.018543982927698544
0.93068650637657 0.8791473765903411
0.6521134987968865 0.23074624187476156
0.39735186915813503 0.12189395678231896
0.2469698182847172 0.1236079130408606
0.10075970328992334 0.9907586350890634
0.6760309131899056 0.743491881327804
0.7378966694605621 0.6062204594002999
0.09626879364471974 0.31695162124893506
0.39127764422446054 0.18358128706106447
0.8887895925158847 0.14382521411241111
0.8122025068213973 0.5998349489572055
0.5529878576572639 0.2060515309084906
0.10336697022469532 0.238896093380625
0.42853699960644476 0.9595242470441776
0.19709800892483376 0.17674215820612915
0.2865059793333652 0.34758817573029555
0.010836540907087855 0.22993682952239314
0.8318691008021114 0.6773220233029188
0.928090794907914 0.38416703117799267
0.9419025704894826 0.6335402641114309
0.30093621656753866 0.6438394130434817
0.028437317139211493 0.37048611846282165
0.9992386943905557 0.39944665986722716
0.2566652313371538 0.31747656629607135
0.6421296579646024 0.9963279525557418
0.47917122423821756 0.06229938880643471
0.03886330769852586 0.30661187756182384
0.6510914141574231 0.43495171307150504
0.5390376092049739 0.7555438637054633
0.1807731878546468 0.7043475782039732
0.44626214360056193 0.4340653342004803
0.1400401566309054 0.6219124007626091
0.38470790936567245 0.6414241716007174
0.5091412896916786 0.8985203323378657
0.5245753063852265 0.4447618844870621
0.6636901444277505 0.5850198453621884
0.8703681841894155 0.6170355549855231
0.12437667828153165 0.7416320684696238
0.3949635720957273 0.6202976447585303
0.18496051539867542 0.7277953158365228
0.6628180371823142 0.13827011004002343
0.41003164738070197 0.42156842251451665
0.7272534755709994 0.030314033624290748
0.15125028499171544 0.6864943584755333
0.5096163263719322 0.4783091730390149
0.16925476295061537 0.4438649972926132
0.5722060469456038 0.5286229810097635
0.16815299150037932 0.7796165050740071
0.18222027899961457 0.19326147032065866
0.5504889611891887 0.6176244988001228
0.8305652886433198 0.7674596131715482
0.982802805846307 0.6249563971882596
0.9172324848905461 0.0453818826436545
0.4253795421818788 0.17967838087257004
0.14404274094433878 0.671268590866402
0.12450792219115137 0.42810256046112605
0.2659121109935102 0.9502769508236729
0.6915474377453311 0.6858995246679868
0.2433942942161651 0.06143041569198693
0.800328152083621 0.6962904392624982
0.5121062958774243 0.764503536387197
0.22288478979091664 0.5485718721759858
0.038745558635226995 0.3733339190345054
0.8932524117765301 0.38151542644939707
0.06875853606319893 0.9799666970783459
0.4400285828597159 0.34872363703844267
0.9873219569398839 0.6572011666847964
0.16063251132973488 0.7068125208445386
0.5131497026030297 0.6415231835062477
0.7236687785603745 0.3023299746347481
0.5237399478993819 0.30407110531671855
0.9805297472470864 0.17960877192047842
0.17102838802696285 0.05419681793421238
0.14334716494796462 0.5092915782551666
0.5880154640830563 0.18834810193300433
0.24363013356857322 0.5460546152970686
0.40978654244380763 0.09641173681517745
0.2244032270142463 0.8640955378006785
0.5364459045591071 0.16832172482415675
0.23838489982565436 0.6902405342107973
0.050836912651721855 0.20565024236241536
0.7257232140745599 0.757064264731169
0.9705219970752468 0.13606389479383008
0.627032172737342 0.7322052921247729
0.5613482504961232 0.3529409243850111
0.6509486431665171 0.9450994828020128
0.2690254158651276 0.058109837152649835
0.860156417900971 0.8286417320536691
0.9354947372750294 0.5725838051276779
0.9658005707079171 0.22082663382550416
0.8584691178333607 0.6983288216728853
0.6274416254104384 0.430206737949681
0.42537589590328306 0.8635184589170642
0.744175849177311 0.7590468097558871
0.5070358436787801 0.9643912476657998
0.19227456978669277 0.9993414207790348
0.5317629682491865 0.5287415091768307
0.7156715148001258 0.26940180620359755
0.17717154554308567 0.06923808372583085
0.7078545379351878 0.44250778935897217
0.9148284242357743 0.2691796110758433
0.4371937539717723 0.3341588796862488
0.22198991045083705 0.9489590330389149
0.8624655500412747 0.7607481399481073
0.1350144981638629 0.5984242553165369
0.5613075869500659 0.5600214221201606
0.9606440035204542 0.6284855455578137
0.4515674745688304 0.6724734768141415
0.3841971431776219 0.3947347620981142
0.9239834110745797 0.42287173997919436
0.9178216248952896 0.47650524910743497
0.7243622485376104 0.21238730953054163
0.6173017091117395 0.6567154803866708
0.4243968922225474 0.9343522335810787
0.262520396923847 0.5410035258422337
0.6024913285731406 0.5604506698395911
0.7445264887717682 0.7790734944716852
0.9194382499013884 0.5091910521692793
0.23125872105279643 0.4068390519878443
0.1185209489830853 0.6047951483188344
0.7943303559303343 0.9148633819321849
0.6055873576322467 0.6621789747360154
0.570879343668178 0.26675903473961193
0.6718710962870716 0.9924898905458733
0.20734100516924892 0.24062472149500347
0.6108106816728732 0.4137029738562863
0.28610114135722053 0.14726086739262512
0.9498445454859064 0.6720686749956996
0.6713396219694314 0.19081921528340173
0.7691365318883089 0.5327435179523129
0.22697584247442693 0.4807060781369499
0.6114123219825808 0.181723690368358
0.15747864964087488 0.9779731313890484
0.8005647893787295 0.996241359830904
0.3014058393767365 0.465092988118861
0.0814117779788115 0.1870719781189324
0.06788857835211315 0.9649317897046049
0.3689673537049093 0.293740174009156
0.34787911530741855 0.9028943788848681
0.05281341629151026 0.02240089711732618
0.6548302514880655 0.7056319534120999
0.7406354817712457 0.45621137926686073
0.9535779096800878 0.4603662793355242
0.5447128962820907 0.23929880717782892
0.1215487710579104 0.7207984839858899
0.016130432570158226 0.9379673375776789
0.7530169445768169 0.5387342393610417
0.6137044069970718 0.4165773656388442
0.0649852664138656 0.3249718299105473
0.15809364200186482 0.7305691242964216
0.9923678883658029 0.19866322263744607
0.06629150693675734 0.7353913878636104
0.1705030326856214 0.0712720885742838
0.2876723874879328 0.33763533642597965
0.39462597611011085 0.8294176273163198
0.7699919657277385 0.07346291171144892
0.31878378910124194 0.6303061593841862
0.9722177551884779 0.48945770915814835
0.6107752466061113 0.5041172020084231
0.41079262515961434 0.6223153944986295
0.5150507647649575 0.16962433106089947
0.4769105342652775 0.7263305067007878
0.7921085019876534 0.21249567126804325
0.7946105838936767 0.2814244366292281
0.30077475694343514 0.550132351772459
0.20297172434080424 0.2294993309256983
0.06885830817355709 0.412567949737071
0.04041707348124424 0.3331913254935164
0.5580191765269547 0.9058653623178073
0.7851137648831837 0.5286356954514577
0.9702953283589811 0.5926122450655948
0.26268002452558636 0.1526454138346468
0.8665805907955259 0.4235297484702796
0.5708887181816662 0.9647439847216609
0.07145021097070237 0.7848734279569093
0.5907820110000873 0.9557820061607836
0.8240809793220514 0.38821958326423567
0.4545897009071318 0.03740664650390768
0.40161507841770416 0.22239384279385999
0.6230691170711763 0.8404414917319619
0.9891677884594764 0.811713394960157
0.2883616841635087 0.015274021303142482
0.3997813223448492 0.5803777658310668
0.6631878540229275 0.6236364349517267
0.3579782312120279 0.20975781971267915
0.34317818799262334 0.4387050668966246
0.45216949095070946 0.4934957961686587
0.336365619477792 0.22923248835270638
0.5340239849927101 0.34474435896461364
0.5423397592703633 0.39346522502193826
0.2970077431093354 0.2905355131519277
0.43329134222262755 0.6298897421486223
0.0016524881979995687 1.854653153060548E-4
0.4401508558142202 0.6843876362712599
0.831715168947095 0.13780454385150886
0.07925251263964428 0.5971704723994384
0.1632412339710665 0.1033961396334806
0.16843101818951112 0.2879040023773546
0.10764610143707676 0.032692232707460134
0.5761848322694989 0.7637196260906715
0.0502811652269165 0.7627873004158193
0.8235170190895733 0.7123513540985833
0.5475516069034807 0.3387964071691355
0.5152905260439643 0.7514243404496888
0.8685054873543937 0.03617739873407111
0.016411625908069882 0.144960897228522
0.6709146887804212 0.8040212004462304
0.007881990299660857 0.369458767744792
0.7872201591306335 0.4965281299900054
0.5587359420501825 0.5144352470915405
0.8623152062530529 0.2530524028511483
0.1321066785492463 0.1361203166253998
0.6329923261088387 0.9115108871843594
0.5071410147548951 0.8480203358086491
0.9679807217504779 0.39561644440909904
0.9432095628454228 0.6283636930078326
0.3978527707504541 0.6033099335789637
0.0388351757862434 0.5519781313316077
0.7556798377118876 0.4419293982596928
0.6449894526937684 0.4129389782248857
0.7221689937399024 0.3050686637867136
0.8808834658674061 0.4943665493871543
0.5231139013192749 0.46674202557005195
0.7701054869980107 0.5630398368710517
0.7623447548837936 0.5803852217412135
0.26593516963125985 0.01903273458224819
0.38996354076061845 0.7133875122535267
0.46688987982807284 0.01436841243654019
0.10350263587871034 0.12226355400811906
0.6370358790164979 0.26972590554767306
0.05874627679532518 0.27923756803674826
0.2403232876485739 0.2645228019962822
0.6273057737244442 0.49792656177077577
0.5741802832462884 0.4532361564377295
0.07964138261319198 0.873973769137103
0.744829050161468 0.1696136307941648
0.49507482787788615 0.1558968711586337
0.6652618425482507 0.9204653277069768
0.904438243209248 0.5920799417532348
0.47654257554295654 0.842015908561325
0.6563569334214763 0.7617524291434212
0.29407584922653107 0.19433633103117398
0.26476467783838753 0.8909619833429159
0.46271186145803567 0.9031622786268171
0.5431022488559962 0.1789623031105262
0.5680318469802416 0.3234470189416371
0.659750947780928 0.21610140317863447
0.2958859665251995 0.5952840726274791
0.8596047986375481 0.6612093474381825
0.8582316811110438 0.19037500639190397
0.988286471776551 0.9646488673965316
0.1105469542280807 0.5060064532386678
0.6283637629608863 0.07260619552609815
0.674569858319298 0.6535395273753433
0.6110247403897612 0.7288637841598729
0.3498421910017757 0.9097037075554005
0.902021371016561 0.202210130469615
0.8485116468159535 0.6515268008678262
0.37729319089399815 0.010806474923011344
0.4200729302725704 0.9795210406007961
0.8015336768839117 0.48924397082386706
0.24620610953966005 0.6487849072577085
0.4020640629287624 0.8496890195710889
0.5805954159782984 0.37396917746051495
0.790730560551884 0.7254284874011283
0.48458958316266376 0.05159461228433848
0.6281425569326321 0.05329085203485673
0.6667908620311445 0.9519979670578975
0.34742115127331985 0.5508328691476256
0.37313616237561675 0.47322223650488915
0.4587285167722095 0.9748459019610184
0.4937607275146395 0.620455243914437
0.4412007698755376 0.809649834377194
0.05391149934698625 0.9771611041682744
0.995507861712325 0.026806844947413477
0.03840298097498551 0.5678370440527369
0.4781160268171051 0.08230085487618599
0.06258606806526212 0.6773673491409841
0.6674301307085697 0.37289317496706154
0.7475262280838745 0.38823587097084666
0.622343822436334 0.9602784840377849
0.7830639873928096 0.324396768225789
0.28532828221109785 0.4898293096908931
0.5696576120997768 0.8493926980631907
0.6550408638296598 0.8801317706301935
0.018384051728465578 0.7563488049919563
0.8075369708997375 0.5401787047257114
0.5582008622159624 0.30875936616408195
0.7805199886978145 0.5830008329354351
0.6505488023374056 0.34352385526902607
0.35166570530967434 0.7476805376544974
0.14360051098093962 0.03147736806284107
0.03990908358351419 0.516106999546333
0.6119382062889941 0.8057001785884638
0.23768293640439064 0.2164950645554723
0.42216897625454153 0.9141795520066404
0.24244949033559526 0.7426049864391755
0.6409638729186901 0.030936792989758155
0.0974675481103503 0.88576381500626
0.05923222341153844 0.3685207136883527
0.5745895466622896 0.17620291311260727
0.5446205163157544 0.7748084661119219
0.3359838073206931 0.5608912125373002
0.6542507852123947 0.36834342247100926
0.29703001304754273 0.20695667956431374
0.9405903925871537 0.36897888941432266
0.4792360581179147 0.21295334695660206
0.6655718476024665 0.9143854462269183
0.1898772628610622 0.03464500608494314
0.7015572490360548 0.8180188711541208
0.19415958280124368 0.9876406717745004
0.2424692310133233 0.4204348597727281
0.6560606675610352 0.2761312180565767
0.5743862218104588 0.9133750463683721
0.01560363879720883 0.6151404649092174
0.5621269679769109 0.7748391640255824
0.6431704487009743 0.6631180404822874
0.6968253325412797 0.2433958426305256
0.06556305678620933 0.16236562473621297
0.5192231501640423 0.08127473182965039
0.7938720933635043 0.8967018793148708
0.9843856091212838 0.22832095233801553
0.2998146400915752 0.3189358706301254
0.865769976625937 0.3326825723020539
0.485053761194739 0.9751324743316773
0.6100552650773569 0.5591401636815839
0.06711457930057807 0.6583175400826772
0.14886654969042212 0.5222771543305659
0.6658627871126449 0.5611844974811772
0.04950502974273996 0.6692284343523867
0.016113219021428704 0.5655284464261157
0.04402043224790242 0.9455339010924936
0.6547877153136189 0.2055472124161868
0.41444007113228254 0.11766260565210163
0.6351431895800447 0.772813877486858
0.9316942670095565 0.6970621334800231
0.3059417972873234 0.49263831465396957
0.04675540256167887 0.01312705084402399
0.9600375758367504 0.6947000427367159
0.8147338365513104 0.6162695287868556
0.20470459062968382 0.425248537464719
0.5961506246956658 0.8573135138493373
0.23513387515637285 0.00383117592623905
0.9243336784615336 0.18572420943973833
0.8028775690123476 0.6144229566641227
0.05386045448189558 0.43672203724577285
0.5626203943601539 0.1389966380204568
0.6121965822519456 0.13612096771397608
0.6535102832409637 0.09098533354235228
0.4651571683269424 0.6417689434780031
0.8253811580679068 0.686754234872138
0.37654301529445044 0.7617576443589782
0.15555305081580706 0.8051118984917603
0.29328138861941633 0.3421082541469205
0.4184955088722627 0.8280557889790435
0.11962719932415977 0.20042804041305662
0.46849264687187986 0.1303605196848533
0.657457124889803 0.6970727273539838
0.5745489262388476 0.29128169385035096
0.9844154898905508 0.18163765580501312
0.5071271154730481 0.938561920135144
0.9176478041858098 0.5301406968021095
0.3179108794957888 0.5030901550526019
0.36808381754992214 0.9970482540421197
0.1766359878728283 0.06197874593142283
0.3287090603918056 0.646335138498447
0.333136457873229 0.878487794306286
0.9599900443467694 0.6970579414628024
0.25810218317857514 0.20913906702166207
0.7365948606089392 0.22146103700180797
0.2826476749126319 0.4415275218690875
0.9017778528162143 0.7674224846821496
0.6046417811741401 0.6507504188108986
0.5392730586994935 0.6420874845106703
0.35885076552346395 0.2180403461263294
0.41726810301149286 0.7898245770602982
0.5582980395952958 0.2421006157720208
0.38500666353941415 0.4251805027781379
0.10584587219593689 0.0918068542612851
0.5097940438206405 0.8402969640863335
0.7478557040519669 0.5983517806099324
0.33065715795173 0.09629317761197076
0.7958851778770742 0.06557508507995924
0.5746367238583109 0.6294059522432397
0.6777320499467883 0.48913347000072993
0.4326659397979683 0.15521898418735736
0.8957358596670445 0.11833074392984377
0.02421660821725513 0.6381013528075697
0.7681008312438988 0.768841511809721
0.9933702435520214 0.5080149450846083
0.40810409220637844 0.10022611570880091
0.2736979177287563 0.7531391392802113
0.7564054338764632 0.40904866577791854
0.9353098895050522 0.9943004024218953
0.123276333349981 0.3565739909820298
0.6846617342694425 0.15598323498036681
0.6204172521846355 0.4494332829965828
0.026180958155573197 0.888738276963212
0.06613409864681441 0.022312685531785448
0.31450427700506867 0.4690924040253196
0.43299601085555184 0.9336323220286062
0.9270925059652868 0.5056043199001998
0.6736985838810327 0.1783485652153548
0.5692163409546265 0.4134987888879751
0.8087077154809391 0.14642488954573207
0.28678309803765845 0.28535126744091954
0.48836127513821903 0.3111822384123455
0.10720072744846332 0.4815840454030056
0.8524569914568286 0.718652626087499
0.3544527449085858 0.992073783883818
0.40195688330076373 0.7672246863757597
0.5917830096632606 0.3789596854688152
0.770289665704318 0.4162832612730949
