0.15834911372041705 0.24658425965939312
0.2965946876765866 0.73205396946502
0.2833675890450357 0.17496309203841187
0.42471068889244723 0.38284343460566983
0.5073447625194508 0.9475376807763944
0.10353089907372393 0.053173182196250446
0.5301407020257685 0.841463076743009
0.9290096434469165 0.5907724846419541
0.3746181496204073 0.8168617392025825
0.09538503377105156 0.7445013472878774
0.41109736242195694 0.37653036547762897
0.7015901643358866 0.43731935188527926
0.0067051348481840245 0.7685356930634135
0.856401632405326 0.6747610502893209
0.7998925889067506 0.26366315948541386
0.2666823484803146 0.8994954224080595
0.788873016509494 0.5297217270219831
0.947176814034526 0.28321085112931976
0.39245750405397184 0.445997011252109
0.9256686240619793 0.6589809893607828
0.39274271183323084 0.05368404790722481
0.3339117200543468 0.5404312623651949
0.2013317211721899 0.7219202638809985
0.07259823514724306 0.948439653286182
0.204245375052447 0.024077561609933684
0.31772729279028655 0.5717692485709487
0.03540820219065366 0.2652625635894512
0.4960911265272808 0.12494460736917157
0.504569576759114 0.07951234475041491
0.9991959657101421 0.6348476661902879
0.562747002663541 0.023962057196489472
0.8277868895386244 0.7869229233374776
0.12675567852760328 0.6373005008758716
0.5632473211419807 0.3925461116094293
0.8041141597714967 0.0011180375854976665
0.5474956999518633 0.5010241809705939
0.5605933103712187 0.4452909962931415
0.9196031061778869 0.6728588591682935
0.15490184881427282 0.67233499918877
0.20520697574757452 0.45531966869070084
0.7284783391585592 0.24069953468147354
0.48389861049448846 0.15703685605384787
0.2830862950414451 0.04326454610305008
0.7701122164807462 0.6052384013356337
0.9048855410278487 0.1448390432392136
0.13464623635481765 0.6874193887389789
0.500879275742373 0.10125116703682513
0.26679832574747264 0.12864620493927592
0.5021133137719468 0.6726573601225122
0.6311974226069005 0.1363620377333653
0.45773000491618254 0.6649884165560749
0.10876746867325304 0.25647407736656314
0.694956530473467 0.4859883292292735
0.027859609760401027 0.027667123905600777
0.2523331087830699 0.8860914795763365
0.7894400565093143 0.7953021863871822
0.10696390761562125 0.2694225270080105
0.8693241471863934 0.3519227639541368
0.31129941740247846 0.9064925319079137
0.8407965749801641 0.908305632078763
0.030936115608086734 0.35770379009192155
0.2025614197396538 0.267156909649649
0.6321454222204796 0.4255651345724131
0.21981518374492204 0.9709683127919084
0.9063207739855148 0.9935580292081747
0.6903396089386071 0.6262125703827832
0.2382579832508782 0.18088379902595342
0.5328606322522784 0.5679710290184377
0.026160834889459972 0.3448601628865877
0.36152313503432276 0.5222504669800153
0.9434902772734042 0.5965252217775534
0.7581813224940842 0.9476602910550596
0.696252221419868 0.6600459767926569
0.7833072472577567 0.2937853833768058
0.774045369587835 0.1028170051630749
0.37667050352167564 0.5005037636381768
0.3191673660279316 0.1906746751538948
0.6905448160272168 0.6806624864625246
0.6453036912800549 0.8814407129405176
0.0710477204247788 0.0779390295088721
0.1258006868998056 0.7600486097294682
0.35732172735002266 0.07237979872994227
0.141250513966251 0.039794846499043746
0.4036170763318059 0.21802129960997374
0.5270921930175754 0.10679636257402503
0.24593694065091543 0.04016311639550241
0.49415987533460515 0.46852459779810784
0.13275843758196837 0.5942770871503806
0.3085856507277407 0.3823255413858341
0.7184437369210622 0.5941996246783989
0.11219099529662091 0.8861242106982303
0.07830756693331187 0.2541694657879602
0.14047745034954529 0.43105130722793383
0.8459081811673064 0.8574364805529305
0.2525536584191832 0.8245183523143748
0.6959819482564495 0.4635814150761395
0.1258125087958667 0.7323072094792491
0.6005410801863471 0.09735059231041276
0.68789860990007 0.5595287656377216
0.7710080864124226 0.2237235365271778
0.359483190276803 0.13284425094682695
0.9658597502161448 0.30709569488176924
0.46358929919698566 0.2401324932980886
0.8911067998953052 0.7768722783587884
0.7206879610382829 0.74882464623744
0.7500358978409769 0.7774334196436574
0.09351124954083145 0.7204176978436336
0.6089926550164311 0.6673450789369707
0.37150563354596544 0.6662165017935138
0.13758571263560293 0.35085392866802845
0.7920753203880574 0.8481436738838918
0.45454375373705536 0.17411845522301128
0.6842415360871434 0.31849547090969155
0.2645584078697385 0.2992930580071388
0.5900709547782967 0.21381086140594596
0.20679823999316493 0.1814954387869313
0.5702020368956253 0.6705600219169293
0.3523797622437127 0.016851785843069123
0.4320258500154808 0.6141477312812664
0.08593380367447812 0.8042286911691475
0.432553348990376 0.5877660822777893
0.18550650409573866 0.9689242622886137
0.6027282702985056 0.7339199871945675
0.7753861224182517 0.3335052466672066
0.215921365207856 0.01898779363737091
0.9680480985022499 0.5891410287818802
0.08056805974003822 0.7999691561778933
0.43426291526070715 0.32019946019851697
0.2753880994415526 0.8726101927276151
0.8445120096797332 0.06553325407953081
0.6653528798733367 0.21138621314695794
0.11020955575727742 0.8618002647781345
0.03754165493199546 0.714360426509548
0.6198287085368657 0.20732444342765033
0.9782557971408988 0.3997267528294052
0.21288265784416083 0.4094188617771073
0.6762354520829428 0.6658835176168771
0.463812877764997 0.8337558427959437
0.6815504091886875 0.4231739877813664
0.9581877087122579 0.6612834625904978
0.2757133013709049 0.13296901281402462
0.6352166894350157 0.3763518680943796
0.5157897621196146 0.048555601594241216
0.9434372290212012 0.3591268099998156
0.20375646360562205 0.2423348062034908
0.5105318086543118 0.6360316247957872
0.002085523201516115 0.32512104146188403
0.2635856017797782 0.05387335862930065
0.667508769018604 0.11587425382879746
0.4526960057024594 0.886472795729463
0.907143445116464 0.9039851525502518
0.8286966851420104 0.15703158201046907
0.6746364664285697 0.3612730427712566
0.30486102274875004 0.7651345063616742
0.818711325476323 0.6071446861856313
0.7928007006224751 0.8441985911281648
0.8724784790801224 0.40790180472694404
0.5443774360091673 0.6433448269299276
0.4290959074733325 0.9999737258645329
0.25429648962839124 0.6270824053026605
0.9878439842736606 0.5668909744150272
0.382153360611611 0.4168595579997951
0.3744048732365598 0.9711044215403377
0.6380554286463814 0.6604487846095689
0.840112926327631 0.9442939200567286
0.3425427166752202 0.9082986517151571
0.7271701894984868 0.5735991730473323
0.4193832226412997 0.1003984936833291
0.15029616392429057 0.5862447941220108
0.10891961329995847 0.32286592438343786
0.49000906890128515 0.6313206456666386
0.09999600856606783 0.0803815410275801
0.6187112264585302 0.48501725824313424
0.6700950234577289 0.44875918007649507
0.6879785755790473 0.8644057363429297
0.5961666085603033 0.12135422642528482
0.9939301643740904 0.32489021011720787
0.05273200100737585 0.5436761103160938
0.9072807567437137 0.5377498065012152
0.4491977000128041 0.04248584604571859
0.10565559476659403 0.09672703137533467
0.17491565007774512 0.0988229479635957
0.37797359130348585 0.8864073372254893
0.5183777495162558 0.6888206121697054
0.08418104725811193 0.960174521493372
0.6060341054917411 0.9218315756589229
0.9483450619245618 0.8218155835188454
0.06657611281077769 0.04230164458079633
0.23909235962320086 0.9823874034225611
0.2681269207400645 0.22999173165229658
0.5486055894109161 0.6727468842179526
0.3986336320324114 0.532562970523382
0.3198657140810697 0.6321853334248457
0.36385683160492943 0.6952043635510998
0.9915559793507701 0.9648965693599433
0.46270481198820324 0.613895667569118
0.13101913078903582 0.15854801021849074
0.06626143350347191 0.6320624226480785
0.20788642537827962 0.4930120396182257
0.07470791422456324 0.9247948835047771
0.7244732851234105 0.2323550700496625
0.7554407928052144 0.770465305815419
0.2637632347113451 0.18946992235236348
0.6760392666773913 0.5964934428998155
0.6417781598091727 0.4802768470833183
0.8373374482369117 0.30417328978498215
0.7583594536134242 0.5432070353507296
0.7847078818014932 0.5268885136964426
0.9288615847490829 0.7897221418366851
0.429764830079723 0.1567081275463298
0.4489853953385774 0.5729115785233398
0.5500468821334514 0.6862677363844798
0.8959560191514033 0.5137494719294459
0.4508405905249383 0.6560061591334034
0.20147574739652696 0.6083809775275665
0.0711576846244446 0.7712408495195427
0.8453598895772001 0.9548480149291387
0.8949808356403014 0.059230009673942874
0.6134891340370896 0.3839523898022057
0.3892434650489204 0.7732830576846369
0.23968947342794233 0.75649424817931
0.3316117895660605 0.6191452642254088
0.9083765351192816 0.19791220013505018
0.31398792088084193 0.2782965854356383
0.03327802147398251 0.08139086046737509
0.9117548590410468 0.13346840833833318
0.947274906651034 0.14179079191092514
0.4941358017893488 0.5635964919673915
0.13937774386618818 0.7052940372772772
0.41764153202036447 0.16859204389125182
0.45708196458055983 0.6534488839124339
0.3924312782996149 0.8087270335787053
0.25582165870510964 0.40533519529499706
0.14051435415647473 0.39909401931543054
0.8219687825991195 0.8978615176546958
0.07507053581436074 0.9865148498386569
0.5218008009500864 0.2717439608159986
0.6217701561349355 0.7544362825878632
0.03608605377751328 0.7295061117861932
0.9758246719923809 0.25076526798306153
0.72841372368745 0.8218778642256361
0.5426017830871607 0.3142600588578509
0.6651205550373389 0.24026072069107351
0.04498935173476859 0.8870078747836504
0.055644020508225034 0.04546567186147865
0.297294700237138 0.14368348146060472
0.9143579101485055 0.14671892127560549
0.9433173499292659 0.1426976578693957
0.5584223465290696 0.7599702968151533
0.035334480135306046 0.5100078087966049
0.15090800398952386 0.5208272490072962
0.19109024993890322 0.5032779476989087
0.8744292405015633 0.9049775468809907
0.2074817319010489 0.1722386166004799
0.47774918101496844 0.6177518381573673
0.4324854950405833 0.2305115292185781
0.8762948008604897 0.6545170311886859
0.9009705597833924 0.6848282992438129
0.20724758811721233 0.8048801649633565
0.2253952470642887 0.22948586383273029
0.24085171932189575 0.47622141667202933
0.49898661227246055 0.9070458598137081
0.3318078469808936 0.8458644220026703
0.01685295886592353 0.5606991259966051
0.15809773233216018 0.5162303782626678
0.4495814125683072 0.15938044927139305
0.3393112596550225 0.043612534252564394
0.2142242415443396 0.16363288329972048
0.6525237034062051 0.9387453669057204
0.1791788453751636 0.718384865400689
0.9709980826184758 0.9961332780721528
0.5123182087070396 0.6082178486789371
0.23946383624034118 0.09914148713214643
0.4358301704527522 0.5913652408826267
0.7694495589737261 0.9691415508348239
0.8865751708899507 0.9405990775211808
0.8891240006698804 0.6795428690550126
0.5973738625758016 0.7623231237554582
0.514326594221842 0.13933024499608415
0.912487644746723 0.9396066285131988
0.5209445595982987 0.16576747634726685
0.7296565067723824 0.3505562764538912
0.8935208919134741 0.2122147966769502
0.32141027444146564 0.35033799394308485
0.5009539099360825 0.2945481001466158
0.4299709218323269 0.37332452334666577
0.007374995044610366 0.1684567507892003
0.9529151455726357 0.911258728092882
0.864769073521973 0.3499350557620191
0.7408678080115794 0.05398654828320559
0.5536273102621375 0.14257270335524996
0.513848871372955 0.24122733355783532
0.23889937970139263 0.4377876674035256
0.6694972781882542 0.8670143520480754
0.7907385830997284 0.6879345383658676
0.8042476260392645 0.9028506627682525
0.6830096872934753 0.11726013976634853
0.0976363374282494 0.7612913829926848
0.6272560726724512 0.931967550796494
0.320266124957584 0.20857618512218756
0.9257994036883206 0.018188357798523902
0.11755864786445214 0.2531004174436189
0.4348712905535913 0.37545255938989774
0.3942772705696673 0.5859273397520017
0.7171533092216404 0.32328390638704385
0.07890290461770488 0.3302078513575486
0.4328280663521399 0.3398382953521235
0.2822982326783233 0.5682881976731472
0.2692207351410606 0.24404129249826356
0.8816958988932465 0.3584503531622313
0.741336886670829 0.316470163118886
0.8588996297837292 0.7276436160853245
0.0090792001687936 0.8692649818824398
0.30068669083834487 0.43223017417510434
0.45165187508239546 0.7216419946154935
0.8297537367101987 0.11568132464119618
0.1156386888964962 0.015122240328780734
0.376147990646579 0.8603254018151099
0.3104665013649841 0.811376528089005
0.621978198851116 0.029661955089455128
0.5634430718977986 0.9556279967000924
0.15630120774738854 0.728421504153317
0.8662845589977269 0.7598413893978957
0.3624312602478851 0.1694635211626545
0.6460244410123877 0.16246833613159184
0.3265211250053168 0.7297701604453364
0.1754222979917308 0.155306344090839
0.604115142292799 0.5022063675671774
0.20146734397486887 0.4330682818294278
0.5104767099216315 0.7053819720602548
0.41529837871738384 0.4175485609069771
0.7108432747978716 0.4008649235824019
0.012838296961517504 0.03581083893192705
0.27836422092842306 0.585158862184567
0.0026674667479845704 0.8906116624798683
0.0603282769898601 0.873272615402565
0.10613765608569237 0.7513128173080764
0.14738875568941734 0.6713729598815102
0.06445399281957376 0.6148251027118071
0.47584627841481 0.9479260715627037
0.9184294126795362 0.9386642949975502
0.10965063046560042 0.45589765022440853
0.3588423971158742 0.031990130888443824
0.5466343804548031 0.532994759515342
0.5588056879189329 0.00553752973943622
0.4725929237244064 0.4125975637326905
0.9942797188765425 0.1276383977126616
0.7471771539140464 0.3149426123823954
0.6348417374985056 0.9110718748201647
0.0471660440593451 0.4562832985878954
0.5440472603195738 0.7642695005805406
0.5155386231996927 0.5131676721902504
0.36719814505607606 0.5804407525569539
0.9688660355784298 0.009637432791495315
0.4040571784254817 0.20947409697307162
0.7008958337202071 0.5570660180398503
0.9650260970097573 0.3600070106792782
0.6868026521916356 0.8695180444249417
0.4915306069142229 0.11284811587664945
0.040430400872607186 0.0019262215865816223
0.4848321269344581 0.8919729607938309
0.905953325359883 0.3140457532813806
0.6322131396107495 0.4356050164809734
0.5757341446919693 0.2500607398428216
0.6454586915275451 0.03743123793097536
0.5177596304304816 0.141880837305572
0.23378440419002777 0.08679194444234917
0.16888524578743525 0.8935803163145893
0.3218365714096735 0.7267227878087343
0.8042220855488839 0.5850964892655202
0.09311755004682343 0.2700161314639946
0.5283509297805614 0.7452175397148403
0.6901656450750444 0.8660082921756657
0.45064983611762477 0.2870545659266768
0.43504525262122595 0.7945877833621116
0.40487313822198556 0.8736063837734858
0.24718005158884226 0.6789591675053226
0.15222140896958014 0.7866899324051259
0.5302880355734674 0.8549858545233924
0.8674933943679332 0.20942299076758675
0.17615402957579096 0.11247451445886836
0.8495126794444879 0.2006098508281583
0.49020181861281353 0.032552618646596754
0.8198730014175695 0.5387951257888324
0.7823048429783506 0.18532998202519368
0.8781483621957383 0.044414478725744
0.08600029120840724 0.5233236646418656
0.16706487845026807 0.9503853930083973
0.9702488948639824 0.4086654080428428
0.567733399884371 0.38464488902840666
0.6901086400072302 0.8458993095367932
0.29289344733528433 0.05255548449409775
0.9861672236931628 0.657216626318391
0.07522024021232276 0.7627646398421043
0.6873050721026713 0.5332638113937646
0.7580985405767783 0.5270168434125826
0.8973368186037037 0.12019856281590202
0.48786847230941166 0.5825815219424595
0.9533059690748733 0.5624585156486144
0.37939976571841505 0.8353747364999963
0.5316839257713171 0.21074513779197657
0.48095305879525807 0.9025152662897826
0.24845127040853532 0.5260154147326571
0.09963760174429437 0.14497146781114045
0.8500154620270147 0.5628127312725715
0.06537723964985953 0.8241177873531663
0.6241461074738603 0.7990569191120194
0.3091472235161804 0.7904350953312183
0.9735850132650874 0.4944532875396458
0.2103465155773736 0.9182521394258688
0.18971520471994008 0.20596877409174308
0.5285216947622329 0.8373401498699896
0.3396495114705106 0.5663631678233019
0.3762599434590158 0.3803363817406511
0.8373258382982635 0.9405515852424605
0.6129204586019864 0.5643863080404908
0.7076728369315237 0.11461422174824809
0.242974950413953 0.8560586711283188
0.7726362636464161 0.7435578942476918
0.8880794904512953 0.9305012877741458
0.9888328045446793 0.8864732537854781
0.16860186181119607 0.1289696960717467
0.9488251116770134 0.591520618206854
0.8781793775681191 0.34327461107841817
0.12148738589733599 0.15821607958650996
0.16398467012633655 0.11135894226198984
0.7516587172559976 0.40077926520080953
0.5357275783241569 0.29512782448600017
0.4652568272005705 0.9638424304074669
0.41802377059955464 0.8298208364535343
0.5332520509786957 0.5006101787392983
0.13361105840797838 0.6836280528696815
0.4363777457254784 0.3135980420613754
0.6589975556671916 0.34691702775729394
0.8421798826516421 0.879366978027922
0.22947560919872678 0.8823506931387336
0.3569852911211334 0.5312101642542193
0.887038586672736 0.8103411735433702
0.44759421256701293 0.4575375882350565
0.36258802316429894 0.878697803115989
0.7409799534560777 0.08874255107164353
0.2629208548499016 0.070992422036956
0.505004368009674 0.8916239308388119
0.3933375879852684 0.04507826778292945
0.4891350224052212 0.5679764739456519
0.18831436417371128 0.5613638023172113
0.46137594264472415 0.6627507650919646
0.6455327538834928 0.3598559480146759
0.7161009888513845 0.6272237806152888
0.8626632276972998 0.37565185536351786
0.547204760158699 0.4539094899146613
0.2616496519235094 0.14447228887296715
0.18196321369832602 0.10247839984961693
0.8518434876186031 0.7429936051002354
0.9532222409679891 0.06974388154055522
0.431188429524367 0.6331493914133427
0.5510090732081011 0.6218123825022079
0.4537570816626514 0.3352373148430753
0.03938837571938303 0.40278316644424406
0.4022937754761945 0.9415799282170675
0.9503607640985644 0.36192294572068295
0.8960180393637598 0.10065322495575935
0.17382857263757812 0.20002936762276702
0.4367959061729607 0.25101012267085476
0.551130193780699 0.82573649912181
0.6508871594699804 0.5649903222393112
0.04937048558702384 0.6338047633432833
0.11882807988191668 0.274122075347375
0.14475195270706998 0.7699761868109222
0.4026115575279159 0.7912856423364513
0.5753372761674539 0.9307659419442755
0.6771770821245336 0.31912162025670276
0.9371508910686307 0.6615989762102266
0.45232526781503124 0.4398323717402778
0.6922535284691801 0.5629905972762038
0.2315230097597466 0.5184379719699508
0.033400334064087045 0.29200859660676914
0.5956669683025995 0.6197126620938419
0.7071198451244128 0.7550431981916658
0.12272422314960962 0.038441562452078415
0.33552728661569076 0.4279508128700441
0.7582714374995104 0.4733018182505687
0.9969127530626115 0.3109261311564052
0.7373041590766246 0.33658600823015794
0.8261209225259885 0.6279966890494973
0.9242907150025318 0.6851498845408399
0.1779657762427771 0.014822158818580955
0.48629586634226674 0.7823808078997633
0.46040038857443333 0.6035209457001061
0.14310120952480254 0.3566468213281144
0.08888816220965945 0.10953471165125217
0.8486009641665506 0.20860077765098883
0.139398583626833 0.7530808495794442
0.6493532850216917 0.9378778252911252
0.18467749972640046 0.606532235485102
0.6390187288559669 0.2091385789476038
0.48691760798041694 0.7491022999801603
0.38151917380503086 0.158074605535916
0.1896824237579432 0.43150262775861814
0.9111020014090525 0.24990650250304247
0.40291271438084686 0.30577946676269363
0.43409585902356473 0.14606931053528993
0.10707159290366464 0.6593244099858433
0.15499600150653603 0.9091939148407993
0.6159605229891819 0.5070938471400288
0.22861879775236593 0.18215699995581847
0.9324653665215591 0.34236042339975803
0.7004162264652589 0.813886479428865
0.707468100767122 0.32385931234615206
0.43864319412428665 0.7727731403031467
0.6693862548837226 0.6859806878208271
0.4849218409777798 0.08795341711474336
0.3302789283288624 0.19869925710917047
0.9538485074816785 0.9893922345125801
0.4941845025502388 0.5752204267756065
0.5976406691616384 0.37960905941171275
0.5943321237598845 0.8278621026857913
0.418422927333193 0.26305395265697895
0.1680950347634098 0.7064796977492702
0.2586021276849595 0.783555115825067
0.8420311476166916 0.5187815420496041
0.12888395457931212 0.07592289625068993
0.0440819258837557 0.8281705784428879
0.14383430834992228 0.22470957349287257
0.28597815744213984 0.752287412911414
0.3264909639746517 0.24128835587095776
0.266126805934242 0.8442186533931161
0.21638148184554917 0.11982877698984629
0.23173049678069124 0.8283740714518067
0.1694066397993289 0.7134102318284499
0.008617327021255838 0.7843244463513306
0.47339820869959837 0.38342880773456645
0.8582352113567602 0.7244317426622635
0.9197630777510469 0.11861738075079098
0.8534919641377575 0.8948915800327668
0.26947647070204617 0.09441233086901168
0.7785981891591875 0.5448478319337126
0.1307887372250356 0.44906468447060954
0.652797443480483 0.35452755450185314
0.1263618225654266 0.38980745373373493
0.8538438841502383 0.19088390475683403
0.8691529981183952 0.6105550519279273
0.4743149312255922 0.3680236352316617
0.18921511865554708 0.40202448813618263
0.9823222128915783 0.1297348944899136
0.2576840518405651 0.7658325983243324
0.4779115217637996 0.6427199283681775
0.7395757177002995 0.30603704877676075
0.8374184273434323 0.39167665484049186
0.8736165453903414 0.6647533239974748
0.8202728379644141 0.5011618883681495
0.42518272776066657 0.79289381961441
0.7762227095915712 0.1742081413451232
0.7875254308874786 0.4027393211864875
0.9356733495245516 0.13395484963128612
0.11681039553731798 0.5359669809520383
0.39181526940658973 0.6820944949556851
0.27810198493388605 0.2989231962353206
0.7904405274467522 0.7467221492927242
0.5522737925149641 0.46634388979389363
0.43182353392792905 0.0822172300601628
0.5079283384337452 0.8353884150296275
0.9587691352274581 0.6050739617877566
0.17776140120676132 0.9237678795953546
0.05590756055439461 0.7021378074969327
0.6954068612271659 0.8489121921589643
0.6175417524478469 0.23149221118907137
0.8466502995155208 0.9995347347043188
0.6548299121563347 0.8512808768468559
0.568000570803358 0.41661714569000285
0.8078120325151485 0.2580385552686175
0.2859607923431744 0.6377510855942775
0.7037661927464554 0.8936432822976895
0.13194082749154779 0.1269378090512958
0.5606066784872327 0.6887912170662829
0.49060621081699063 0.31136055748193947
0.37251262428546983 0.45093534733312446
0.04355846304387312 0.6773083485751641
0.7347026461791769 0.5759170991239538
0.4555946314064473 0.33934462623464556
0.8652468851112988 0.8650604207822521
0.11739486577880953 0.9899776452524726
0.66403555103402 0.3632854106525607
0.9063382576509956 0.1615036788843146
0.7124982255895695 0.29883913242654025
0.7562490276383285 0.28735832021385976
0.9623958699127984 0.40152905652616167
0.9372270305081074 0.137225210301419
0.4879835955641937 0.10388448226115199
0.3383167857546969 0.8183153782054507
0.08306872802155418 0.3884599811177666
0.7186228284400286 0.6846447800055973
0.6729654937319661 0.3345340104420135
0.8465787183655367 0.17680123483713361
0.4810740483949294 0.7387448872343079
0.6824300856411535 0.8266065638088601
0.6407881915635762 0.5367455221927506
0.2755928010131814 0.4042432116533601
0.47566283180229074 0.13674729219746073
0.8463994055912789 0.45982929563134667
0.9842483622699443 0.19086223472329222
0.6008480518989515 0.31708954209823537
0.16072626253961497 0.7764424530864291
0.18732039321742477 0.9136840393048159
0.65845640235782 0.43715385768716053
0.34583554799986793 0.7509205163172392
0.9607733111155303 0.042311249849269594
0.2232598581663865 0.6149901444973783
0.6618448562531689 0.9630399883193083
0.031992824751586046 0.662530725910957
0.6801339241755168 0.6351194018366776
0.21500164972360725 0.9252353869903936
0.22797989626015813 0.18090155047056233
0.04667827187307072 0.2813887311093588
0.14304307779188696 0.39648805431074297
0.6468443876392476 0.4666267442985883
0.7508324098952945 0.0753872025729142
0.7143313369711165 0.7518804616592948
0.7722627174083272 0.33616219243898693
0.8969134909580678 0.5033779186230298
0.9161647288209175 0.34912037669649343
0.605975231456621 0.9577425025303881
0.7038974938659709 0.6158830608872181
0.2571433891343933 0.1946400953809122
0.7616893800542431 0.7457135235551763
0.37221800256478055 0.4700917023918644
0.28606053648881924 0.4937708751581661
0.7130866379037428 0.7854817736303075
0.6386560203360327 0.678995844019854
0.6349084499442769 0.8104570398986656
0.05904564204206186 0.4831239506353665
0.14370575713716316 0.052324372700677024
0.2975228672798583 0.5473604784992864
0.722603100784913 0.4702203571027359
0.5646619789800784 0.22954063233680289
0.8513043119841776 0.5692395184025207
0.5703688403400996 0.3621376657155623
0.285000520783092 0.3778718428737652
0.5823877230505788 0.8602702332941663
0.5817533898065139 0.6115145119612828
0.3727026879667442 0.5689000433997691
0.07149897374891956 0.755486942700505
0.6399988056280485 0.8096991931988852
0.445169778141686 0.7628919819064397
0.9973253214357073 0.19060626715876627
0.4090340275292885 0.5558304808993917
0.8963288555668294 0.3748788216929775
0.39720195894568966 0.5428902295114696
0.9229016987779635 0.6714893361055023
0.1643521563036321 0.9214946492498517
0.7438169406300981 0.505000636780202
0.19108033611259545 0.6206103201696934
0.6098982036247291 0.05059570464622187
0.22587667615638085 0.3574768343475391
0.7284989732182338 0.5787259831105271
0.9605878487732044 0.4314362301360103
0.0065423466797261964 0.3438816211710667
0.7903221012357141 0.5586036322210735
0.6350994237057402 0.17327551593029866
0.8441073054141599 0.26303437669099894
0.7374603397549908 0.26377275068967676
0.989213324457866 0.08320743228546335
0.8348791092526672 0.07918558562841505
0.30990147956097513 0.12705863999173295
0.1976494073341657 0.655093529608874
0.6404659112322525 0.3144614944946891
0.24389585786188817 0.06463705651682505
0.09278254793552698 0.9829672419186849
0.024440676172378994 0.27627227244113217
0.16018361959403726 0.4007801178334659
0.48933379319643744 0.1432634085111434
0.9023267553692849 0.13035767213945126
0.6701090683123943 0.8047285605973031
0.9198294277688216 0.11668999537401681
0.13155791326839328 0.34934379691072903
0.3127909693392117 0.8362260341492558
0.047786432906908094 0.19534885109591593
0.5839263688205908 0.835578944255942
0.03954985007454259 0.2742878965922807
0.4948868668465728 0.5135567109363203
0.47333414106100036 0.7709568427930988
0.21344450556166705 0.05572824737604676
0.2673812970257974 0.8683183324761653
0.6995694984619786 0.017649103011669
0.3758314312386808 0.6736846050206663
0.1700299653961912 0.1710352645327905
0.02938132652172587 0.2612570680941152
0.6539962032248933 0.8765873608031995
0.49933566239230986 0.5561510136870035
0.10623267374968548 0.42783179730358056
0.621653734339882 0.6063223513296363
0.27981214983435954 0.5222592606565563
0.5685708592163856 0.6413533134637722
0.5768889367242218 0.2592052155768605
0.3876007300488413 0.20084168763950883
0.39391875349065286 0.8383309883582473
0.6412006694315727 0.5301785969822328
0.05681486343123299 0.43822819509566513
0.07510932618146604 0.3877880284235905
0.3018814300891294 0.5915833610253527
0.6193420802475601 0.38544084829885195
0.39996711391761863 0.7415033065247923
0.18305645480466326 0.9920446523018858
0.44413248264056615 0.5630164375417779
0.6429761554716568 0.37135040860921575
0.025227432523762694 0.06442886419180682
0.14478923127738552 0.295305457579511
0.5051259317965452 0.4451281899464321
0.3379118647402295 0.4773216530309491
0.363966610673504 0.1795922675634457
0.4462365800976513 0.8035166875509044
0.6456000779035991 0.8217739400841269
0.14095949730789026 0.10502531175156704
0.3545446593096445 0.5796969679361605
0.02630842656349741 0.3107665014501064
0.7681042413862208 0.7970124797937329
0.17496973932211735 0.04759172355086061
0.018903349065098052 0.09642931575410563
0.5572387660061905 0.01352834564323191
0.9759460425771611 0.08934534797639226
0.39639482506183255 0.7398711942234193
0.4064071011711381 0.23667177121059502
0.4525288217711877 0.6791648433437668
0.6357150941004105 0.6577553094781953
0.9880276995065866 0.9086576808556678
0.44008878207362123 0.42746839827021377
0.7001465366499497 0.12259803078693887
0.7035399065095448 0.17595056128418174
0.21957593799100072 0.00178220545102048
0.45045654122083734 0.6111491471193448
0.8686386610921607 0.4950523079665079
0.2252336642199928 0.9212206290016899
0.24872608463963664 0.024982077296496707
0.43201780540960566 0.8820189569410067
0.8838116903520372 0.13877658007073657
0.17048567988848606 0.8943103077665594
0.5853552372933286 0.6654522456080143
0.307677008737526 0.10601829578047484
0.4236379958546701 0.011651369125019961
0.011254251333475795 0.23671807993678984
0.1915457119855022 0.830985092815705
0.7361629107776809 0.7147607894179672
0.02904306765995146 0.9355877817598683
0.7045176918968727 0.26182495392522576
0.4400591303917767 0.9836047143549844
0.24764207457311915 0.1153548614886738
0.2782306677954487 0.1726239263472059
0.9895391912856698 0.6662601490852916
0.4039263817095642 0.8966023455020102
0.7426746327388973 0.4074151187227987
0.6222015207631353 0.0826254642580041
0.15980252366296255 0.7379098764751525
0.19980942241135202 0.7138785266338438
0.6396684587835944 0.34867005336860235
0.7291223484419189 0.8664964323765956
0.7197739098496412 0.6269754243474835
0.3577914025812846 0.4404990325303981
0.20598831152232988 0.7605720872437595
0.4352010917577146 0.6488065373369493
0.5866472664731043 0.9964868056408073
0.440251179136279 0.24337019435139184
0.8578758387252036 0.8153163283123427
0.6497248357703614 0.4037411554737994
0.7472282904853003 0.6186782135724848
0.38247860778374243 0.19094024502461793
0.46433695571912337 0.8956743250030679
0.8119165115171281 0.47828045502074656
0.5301140977963857 0.7336315798622207
0.2776867708746752 0.31083256254790836
0.9401528352642239 0.9690490029015978
0.7472667198987503 0.7165136882837098
0.9033244232398503 0.23659435502630033
0.579077465948999 0.09431764310678004
0.6631704656293026 0.6671569274715067
0.020996922311103283 0.438994943661976
0.4575409143508846 0.0103780362394158
0.9416161046813157 0.8265293283328525
0.5010294527717283 0.5127443978116698
0.13631020174741693 0.7810468001259986
0.9851103250081623 0.96924331633514
0.17617247368380784 0.37133224526489605
0.48248104589799057 0.9847434629506154
0.17508586142588023 0.14391782384690233
0.814968417092296 0.6306783570901647
0.038683246104160185 0.28974612489863016
0.3984555780226071 0.36327403040947714
0.7286741913274138 0.7627004613455565
0.31364020484778443 0.2814764850464535
0.8269928817397342 0.4208336226110042
0.8680349191997467 0.5458985236125322
0.2164474834339406 0.6449153061090765
0.21247337245345255 0.054519343629850225
0.008029035573870469 0.30395774592933644
0.6544857689668357 0.27653516101941666
0.9397636782059976 0.38366818128390545
0.6712607006538773 0.48267185197335705
0.34796850895852205 0.07131519255607632
0.26651028881695826 0.4784362316016172
0.46899892425569634 0.5992862761636574
0.23840804238415847 0.3461952798751048
0.2680503327356726 0.6896516817678259
0.12987034082357174 0.632637521493715
0.21130521768703692 0.013339473607070329
0.1178036906911063 0.8800846775405206
0.3986919941699999 0.6800658428697044
0.8645414532547396 0.39328522918908093
0.2567492316962292 0.4089531284559924
0.40254599925817336 0.6577367385707169
0.55456515111608 0.6948076916696293
0.45255274204749896 0.8812464421541087
0.8504889722906036 0.9813187246613901
0.18568494237500854 0.7173546999250578
0.6032871060629115 0.5799778190693416
0.3316693038603359 0.3474097431986849
0.08864412484960549 0.8323085147251125
0.7081341095805096 0.7474959624391527
0.9503842270168644 0.8030339858384223
0.7000729891994214 0.14708193752059628
0.6855166007265868 0.613100233889272
0.9539094402184455 0.3981694156058443
0.6131835059094461 0.3740108080838722
0.5671980340836781 0.21688707388080053
0.9098173348794021 0.5687186557826487
0.35285076845142826 0.033888127848700766
0.10628880656943696 0.639359369042534
0.33587763010768334 0.4955744288300966
0.03755574687097407 0.48839949336011246
0.5009826553356594 0.4950837377950652
0.6112975831638566 0.5773123448513803
0.9509579933238652 0.980141128255219
0.9192480577888706 0.3156827173182728
0.058670436941200554 0.6842892136065541
0.15341473290602337 0.47368169598978405
0.8995356914280334 0.3586763210340529
0.5091005997535734 0.42214075857044997
0.2367281811870291 0.0434956676735454
0.7576196247054852 0.10699434068544211
0.5979749759342143 0.41133239280348066
0.45382464584060656 0.7986484806996598
0.5306343557157607 0.2390898564786439
0.8070426173807999 0.8218726906147127
0.9508610501861866 0.6208301867836188
0.08873868101937143 0.6681007838534792
0.6130116983116206 0.6207784925199227
0.07620723576981236 0.11956599418026215
0.11704561010975434 0.6839040102345996
0.43881461958211077 0.27348425661290743
0.5445275615731244 0.27090558831699263
0.1617944748205974 0.6445388536067197
0.7679409685327641 0.8650929092019192
0.0723240312268808 0.8452089980694089
0.7133709327714084 0.7105691158528922
0.28358504982043065 0.6960229877971048
0.3732189882181932 0.38428426579798625
0.90474081421273 0.001607078796318162
0.1634621696376679 0.5789432983323977
0.6782364428255641 0.643438793455242
0.2990709481728028 0.2794162677311207
0.3005564597073488 0.08650365119008518
0.22155219690303163 0.8522126015429085
0.058550481492783746 0.8745926646582184
0.7541847546411958 0.4357451478674418
0.07066398066693969 0.1977671108123139
0.5833668243547181 0.41852392796302285
0.860887875692431 0.15555655632887344
0.8685957629088047 0.723083676481671
0.21296723796443928 0.9107444905714263
0.2689529237812196 0.07536299894857112
0.2533860665020551 0.5311357741441176
0.44056716683823505 0.432417243566545
0.49387135712623187 0.9504883627150362
0.10738247574765125 0.26576140578948126
0.12763653728889657 0.1448315433842955
0.1366567512537099 0.45330324644705955
0.21831088643709862 0.31668149752708963
0.6609706051758193 0.11974044162711317
0.5464777701170148 0.6072043318088088
0.18012558411843116 0.8834609172813678
0.7859717250496691 0.6151655462502745
0.749164369178786 0.6173979193539548
0.37056025795758085 0.7915443673045061
0.812845495773667 0.011956940616101086
0.8813632557912824 0.5999799151713712
0.982257842429781 0.9400444823660885
0.03633964417943847 0.18575561596469847
0.06586115315238128 0.867393719906455
0.3953966442492989 0.17981728465456115
0.9650903603727826 0.3257952929153537
0.7081545562606492 0.17935916215640757
0.623763434675181 0.7725062466658372
0.4261259399934457 0.3928016196853996
0.08088378592958523 0.9960236570856794
0.2770447954161904 0.9145226958179592
0.8180297274768829 0.5965739766700038
0.9563078595598504 0.10349555039356317
0.015375294932227446 0.9690827170096741
0.9289668588644546 0.5800220261927898
0.03448811344179781 0.6470538233426711
0.05543679019779879 0.4260426040386289
0.43140173220011124 0.8277013446668477
0.25506244897713903 0.27704093236080507
0.07006110294893575 0.3918407100004361
0.7039110802683862 0.12735132338918997
0.4540918919296565 0.756460732958008
0.12663661075904564 0.8357157838632204
0.22394545812213507 0.4535615750171521
0.5869868498222927 0.5142268051336261
0.8768230350861405 0.4157577662431381
0.8075014722773493 0.21133083200028935
0.1583843977856717 0.5673097409721712
0.4561758864347525 0.5583565069883203
0.24809766218944151 0.46866140526697797
0.02634196871652994 0.33907092547281426
0.8141882565337734 0.44322492344441244
0.9057433457348871 0.263056132813123
0.24949718945946286 0.8270684443310992
0.9817599195592996 0.5762372305718821
0.9161598379605298 0.7253261853974352
0.6619620377743083 0.5256821240248885
0.02486818163450466 0.9335647936803072
0.5026524148866264 0.11083292565455494
0.8535810187463633 0.4880032692796741
0.7327791304308711 0.9996168273892038
0.37089819921029643 0.6453986524127444
0.8365810069570553 0.9654245767698286
0.9709165232725854 0.9615729943868202
0.01555187962912874 0.709732740821269
0.9492365930379897 0.5369716578262987
0.7887879238287513 0.4751856649836892
0.5538911199863988 0.42830682961334265
0.21050823992511025 0.42524192962778806
0.9303172965782434 0.6872543541589531
0.18451530199556077 0.3690286055669323
0.046096822289543704 0.48033587465471916
0.13758906209452182 0.043837066974892425
0.7290393436304728 0.2685323721094822
0.8772842135940648 0.8327312155045122
0.2812859651933375 0.08083957585420376
0.8043276940190898 0.49103009415641163
0.7424616924478188 0.5028891927095559
0.7757890306675034 0.18296420045808603
0.7665066585569196 0.11992441720628422
0.8224235201467914 0.8885949917004143
0.24966825542025906 0.8028322073086209
0.6120642075173458 0.03112572939922631
0.3012366893171279 0.40659863703917365
0.020665650701463756 0.9960207090423985
0.8839597971928067 0.16246790998971616
0.4235788224627145 0.06588940727464943
0.46767230647159186 0.2882495759669378
0.3518627669263139 0.17888070655015031
0.3375286525552825 0.11563273301191923
0.9719159376866932 0.8333718107784795
0.7773279239705665 0.33902963957837917
0.4414357880222387 0.4080251352769114
0.20877256189215465 0.8273858011818336
0.5706925580739808 0.14382593484579742
0.5091032274331562 0.8085571908806333
0.3753292394056048 0.043502115678451414
0.15240400021202793 0.13526951225278427
0.04537648030912356 0.9837668863058493
0.5239737719975165 0.7723386167349208
0.574897786780723 0.4071142375282343
0.7425110963796003 0.606744703541873
0.7976565954507474 0.062435688021425406
0.5914613411538467 0.17531793545647567
0.8564240913231491 0.39751651129827914
0.7087265558225716 0.9292061255990445
0.19702231785283353 0.3715080291416841
0.013040310331952631 0.20995995884809293
0.022924249303368116 0.6517622136148657
0.45566060137993347 0.19898496076657113
0.7722090985292319 0.38695360872809215
0.5776364266532233 0.7202734875980258
0.5858971428103504 0.007202521780561577
0.025754442421676904 0.9257442639253046
0.9251657181841964 0.7919528562266954
0.13437398784848276 0.5731806948727077
0.4646737935411801 0.267646655643201
0.9157103837638921 0.8186737875946156
0.14019977411275275 0.8497768474097421
0.31772783920213765 0.18863888646238514
0.7610231580749541 0.5276882802422639
0.4066548088378148 0.67089029965037
0.9109577490976805 0.8055368788849085
0.2102364918990508 0.6699210232781344
0.9566703895419286 0.5591048502603795
0.3181903647036305 0.9084498334761218
0.8578957412307899 0.945710063687532
0.9779324165561097 0.2254611424042865
0.13138420527178385 0.013235835974917953
0.3464934418065617 0.6203779117566454
0.7588971310265685 0.1943468671617179
0.7636458674689852 0.8236710550541506
0.049288960648893654 0.4432462658682371
0.39661358153985316 0.13612407197027632
0.46569364473548824 0.3748671170090806
0.37333865643450015 0.2721342415662227
0.21105849344156258 0.4001817863618665
0.5691304500267612 0.4668470700653139
0.9287456059373083 0.5163506674813023
0.5406237473913605 0.16258383587883296
0.21964721217324712 0.10672142796403694
0.7113251974506813 0.17693678490314768
0.803238154696632 0.8332288418133408
0.8046272621030272 0.3730701502338398
0.057215246933564834 0.4625343453510622
0.693022236226289 0.5021792521074248
0.35884939772440394 0.25728316814959495
0.28634896929115383 0.06872463999790424
0.12090369499065123 0.3851469218376591
0.8172575048321874 0.780971006364116
0.6659465908247734 0.650857242487216
0.8986776760800161 0.39252627344201396
0.11511602709403079 0.7402263194921958
0.025929854094968063 0.5149889149426331
0.28086709938197274 0.08018852446151714
0.7752173780935214 0.2874764687603131
0.14796227542542528 0.365186708889763
0.8105913917771762 0.6257219869566645
0.902939768780059 0.777765743035476
0.9530811160564447 0.14158913686361074
0.6295220616360884 0.9400246844421517
0.9885334297096691 0.7232710952657192
0.7259035771700361 0.6726186359618964
0.5948078811514201 0.19710182086527173
0.8195825867391886 0.7092896895156988
0.7543239214749243 0.4538231178877884
0.4563792397301113 0.6174459012459019
0.28455976285249385 0.9153142547280257
0.12250812558356694 0.309096188244084
0.666952923123076 0.24220550287934028
0.22205042076676496 0.6914879429152926
0.183754763443153 0.7384606970678468
0.4768969763140405 0.20308346040110192
0.48274219589523293 0.9959279200152502
0.8422106772878029 0.20805026697469786
0.0812921674658319 0.9400221614177634
0.4376824149951565 0.48122933155740033
0.9941751630608949 0.5871166530475939
0.18333230610733187 0.30558434081905705
0.6235262851915836 0.5048848616948481
0.7983335536495045 0.025424377987880442
0.2848035559108556 0.17874850763461314
0.5723134937853115 0.251231406903907
0.2591449889703389 0.23075101652498875
0.8508127487450406 0.29571244916717254
0.06038704296879427 0.7115902985007174
0.4900598595052338 0.8357364141253003
0.684109405442824 0.4922084280262383
0.6309454956354311 0.24110392066001451
0.9664218719891438 0.11825001291599313
0.018056797643164813 0.48863735654115614
0.8218108322972731 0.3588650457605703
0.7468591207117452 0.08886819824677805
0.05221506467359249 0.08074619834382524
0.7605887324834443 0.9926370264246726
0.6236010264851682 0.00895453657406553
0.6381467506618883 0.016211133582331727
0.7916602160255523 0.3980015297840719
0.2152615502732419 0.9260631492844403
0.22485256587849212 0.6298195553230956
0.3634124012095248 0.9582442224057737
0.3208711178999841 0.2796670227040071
0.8144847606555248 0.2123229467169886
0.24170505130311792 0.24667841683156322
0.2638538211910768 0.05615147656722108
0.8028297280544896 0.13268312275595762
0.11056895976863745 0.40525878763039525
0.2436536795674693 0.17108200563779696
0.10053919511286924 0.4994601181828714
0.07920439878525698 0.6569836240837864
0.8270956462409496 0.5893108470448272
0.687136215191391 0.010466661129062027
0.5130338259569436 0.7663218887047746
0.019494774695061 0.3167492211118552
0.7492151039298047 0.02339321694180274
0.8452749734107535 0.43020950954383697
0.8970332515549019 0.515710517719503
0.22765974306348147 0.5036163848482964
0.6755286501245833 0.9073895895337167
0.5189296707993779 0.10959270314613423
0.04865892374888192 0.6354421070092561
0.016384287572996037 0.9582481674305521
0.9042118794845279 0.9001748307655536
0.5642175549181266 0.5830823302468596
0.17307277699915613 0.1999245483842914
0.809142053544207 0.2666730059246213
0.9760345989341157 0.26806870598135846
0.5216572281262932 0.9083286575421629
0.10506682310803506 0.34154211242202925
0.38020936367514613 0.49779798754494
0.6469341955453349 0.7926279638086814
0.8820919883692679 0.3522938484233854
0.8392842253794379 0.2895815575897229
0.5927871571617929 0.2985024461406607
0.31279828909184115 0.8166830923476316
0.7745495565630294 0.5369132599350142
0.7177277281134918 0.08060605334823168
0.545387209592939 0.012718612885575742
0.3591132846444829 0.05752584195904631
0.11119372281679596 0.7356967377067276
0.8722122598339688 0.6941829910423092
0.28663868181343954 0.6409051388633875
0.1581348333553637 0.06615402990408692
0.47452480346612846 0.26267615309697445
0.7694173253776032 0.6178722071429404
0.5086712582914373 0.7063200858257002
0.6862364666226407 0.46147957956873675
0.28198477643394493 0.14510531130152937
0.9561959679901959 0.09538055108611032
0.8792314074713382 0.34449937417778875
0.9840926874547107 0.3184063616795766
0.013123413197033695 0.5213184821150462
0.3527962220323507 0.5617893148229559
0.9226875105580641 0.18234715780965016
0.9323529704904988 0.33868370828792604
0.5344817591632628 0.45515412168330616
0.6916513829543341 0.019760642590199384
0.6100806966881652 0.8232441222779734
0.06546244040443794 0.6834421445769848
0.8073491391760419 0.10834952284412391
0.9493954845294813 0.3606291474431723
0.06837713838389836 0.004580198308275274
0.39628611973711036 0.5963176041498341
0.5135499281925262 0.46231299964750905
0.8697600641364795 0.8842850840283255
0.06907832487088872 0.7441178584861909
0.47419228491214194 0.19607012896054832
0.3844163905119865 0.030679827940786164
0.9250084943212434 0.5217552519834707
0.20634544713509007 0.041592153831040535
0.14925181402973764 0.06760349090963003
0.268103760545612 0.2540580335192094
0.31356423710019476 0.5143879272885851
0.9247943750467601 0.9519538890886601
0.7652094004735773 0.5302919821351799
0.22040386105358822 0.5183704210911279
0.8414890831688238 0.5535480481094887
0.8071169655463936 0.09666202638139021
0.7538830465348832 0.7125205204483714
0.15421354359942452 0.9881990473169487
0.7854679038406993 0.634728781093871
0.7816856069034224 0.9294317384039544
0.8536478675525685 0.8113443989010255
0.8328141800921514 0.6965383300052751
0.08495583631977299 0.12998608954275104
0.1602967603943697 0.3228442827595076
0.4246609113459233 0.1661750270995339
0.2421183486053271 0.5823632276934669
0.4611443630759188 0.8326020792395556
0.6662098903212037 0.29222484295310214
0.5834826136568156 0.02539761327331691
0.6270401435091518 0.41741837622219624
0.31040266041197073 0.9778836763046775
0.8626381472136082 0.9231948280118205
0.12975176574121428 0.1348273060754137
0.7271452456540489 0.8136350114120164
0.4698499244835581 0.49400283754079155
0.6418469492667548 0.8193045750831439
0.48756974148688403 0.5269101102018444
0.9967369665751712 0.7525811695707457
0.20271571296167634 0.9867845570641456
0.6850165809891346 0.6361530140360309
0.13425059942673867 0.13957437210102264
0.8445347228311617 0.32835224080884406
0.0011438392359376381 0.21234863871910836
0.05302540859745086 0.5184003501749872
0.23909302309153824 0.14363969375224028
0.17810081917049714 0.6453073743421646
0.05409644756650611 0.041512071765896
0.31830964486861446 0.5060799888154709
0.48483066291735366 0.10768906333392447
0.7881723319148697 0.062058549988936895
0.4780145436901424 0.1698576142603082
0.8979560022155249 0.2266161825140086
0.2944167462939363 0.37931063607759263
0.3580536806802951 0.2231182248222976
0.6578909610878504 0.0773753694613345
0.4981836062809317 0.4389532745240803
0.9357994966176738 0.31161543841594685
0.133226731979465 0.5696119892056133
0.2964122236840635 0.9915831012464924
0.8303711288364495 0.24620329494262982
0.2273446526183639 0.21393719775303188
0.5363343432009958 0.2704623274364282
0.01882557575750876 0.8580320515190138
0.008785877359470562 0.04321759685374282
0.8165609508206543 0.15562044430502975
0.26269375092484015 0.7654499544791832
0.6311873492610439 0.5721041322466145
0.2901705244035667 0.5154891771756415
0.2547853019936337 0.0018033928134203459
0.6414958685317033 0.3615586526491851
0.3796487381649256 0.9760068751363504
0.0653440725740927 0.25579194321224286
0.34048363620813205 0.3101016239192087
0.2978469492197946 0.5740102808936488
0.8084357684189972 0.3748724511695526
0.26297334172161024 0.8149627276998237
0.45382360346283135 0.9670989016365968
0.4008089401570798 0.1533957836747447
0.0641790339593531 0.5758668524287
0.575670970667818 0.2532329466493881
0.8551756632922907 0.6935513478804748
0.03259423137371997 0.99030871563828
0.7442499799043862 0.7042156751000919
0.16857636163763767 0.5085156506212178
0.1701985342511475 0.7972113626401749
0.4640718627303464 0.33888745925023367
0.6367596535430665 0.30005254393011693
0.780575939691751 0.1480544092467847
0.5341654398300529 0.8021771903788979
0.3717407659069838 0.05067242061677868
0.9498764136877101 0.4499966840742037
0.37831850713272663 0.31984030862572643
0.11818723345631188 0.8336748714285409
0.28132657575704967 0.760184343417104
0.8781187946655724 0.9573656135610246
0.7731826239725776 0.9702031810381018
0.009988876387687307 0.8871784119041135
0.7731582659740776 0.21363006341757573
0.603279367321011 0.8049293654534918
0.8613515932692094 0.6439835477653003
0.6718952542947932 0.3607746799394713
0.23448086774410848 0.18214204466222517
0.07763673952628725 0.4141125929087276
0.39715279615508603 0.4336911932941482
0.44868282869227627 0.479679003329586
0.19386035496804566 0.6509577590377821
0.18711083076759816 0.45455045212848333
0.4598173055428645 0.8940569634562928
0.8479531313659546 0.4918081626455948
0.5228371111891079 0.22594533226462743
0.14201879427240205 0.2079049665794812
0.023816381770288775 0.9883838175361173
0.5656846650113356 0.7633165984456562
0.03998426297535518 0.9488815850671107
0.19308674359637468 0.7398477451234098
0.2929305183987764 0.3831033767219808
0.47961910647197525 0.1530021615694075
0.30252692981397056 0.9628887510135723
0.02037464968547764 0.3841154668634036
0.708208021407599 0.6569444534194497
0.08313829383671334 0.2944879925488493
0.620678816828304 0.7194361860440326
0.39276951317741093 0.2925445045356392
0.7899687229428625 0.2411194536240291
0.08228821415921206 0.6650863152310711
0.579852356836554 0.6683132841206634
0.9457040811003847 0.05499061496513713
0.22400953719170824 0.15693530823541324
0.1286062122885122 0.570250708293901
0.605898567292774 0.6219797277544857
0.17475665231773596 0.6430402248765975
0.852167809718228 0.8672347435543778
0.9104075556176484 0.42252294522369793
0.3585330595970757 0.2356994890090901
0.9927886373792992 0.18141950134967666
0.4773988772588713 0.8080745542949128
0.07518795521864619 0.9438808099741763
0.9881042247546845 0.29486485129584983
0.44827581200882616 0.30100738503224633
0.6435240649853186 0.4170468309137504
0.7057977981913336 0.1703929118202574
0.5408600403213026 0.7509165769887836
0.4524898628331383 0.07735887225859073
0.799805247659957 0.72464958852305
0.32304480345299935 0.3880870481868678
0.0478694704603686 0.6972663645136664
0.6131860081201173 0.8086447912413063
0.5105024475610928 0.8251128460459412
0.6373809973573593 0.3789379527021641
0.08275526912811826 0.726628189326123
0.5224535827038572 0.13691441063792664
0.6195704689431644 0.7930866550347523
0.5223305947099959 0.6058812380254264
0.8233936888254592 0.36116457557575543
0.09638504948911975 0.2665869095941976
0.5306510642608327 0.8625971044598832
0.9323146294146657 0.21575912482993787
0.9027379570866266 0.496853923484459
0.8142205278790917 0.2840782487307024
0.012516624471634152 0.9346766742292794
0.7375289724717061 0.9891048633486432
0.5839213733209226 0.053485393721399266
0.9546232940680064 0.8324695084276642
0.19012192589897403 0.7300751202086583
0.6985318125309338 0.6156715357204495
0.04479668701182882 0.271687496154542
0.176743142376951 0.6451228687961776
0.6314198887172424 0.15345727095302664
0.053196737531364 0.9246119145769633
0.807067423625279 0.3483964446769542
0.043723546862159846 0.6921517074726283
0.6900979316948957 0.6854937624574473
0.43868794711556436 0.9482153268778505
0.5951680501993842 0.3521709693801536
0.3363087449643166 0.9436509970751329
0.5143907515974159 0.8692511879951397
