0.13575304010118172 0.9061957291896973
0.4994875376355762 0.1043535102625156
0.02146052661923603 0.06257748053972567
0.296482190694792 0.7861175302667525
0.47530911209254145 0.7799467630015618
0.1930674747067216 0.6465483070721206
0.38007942736879863 0.38121196695149173
0.7803220460559986 0.10247961658111948
0.484686546969503 0.3185712929891973
0.6969140509148194 0.8711250676327476
0.8842929053006466 0.3616803430267891
0.28325984525131953 0.9909412107643601
0.8079324014870998 0.3035132901728428
0.8889126833495059 0.6996768945857592
0.8076705063122798 0.759631601644608
0.11128759096599228 0.32393640567136783
0.6318016882949106 0.9266135170569024
0.19793105852190584 0.015247777176226496
0.03431166888878656 0.48668683781444166
0.07989512866420978 0.3795417228018766
0.52380915084703 0.19814563146399544
0.020377354919771107 0.7901107823661794
0.5873577421937658 0.09492207204573322
0.660639513693994 0.44853263188070014
0.23811551972581435 0.6337220867723476
0.3243196204929558 0.06370466929782426
0.8304165636877521 0.5734237659279998
0.801603315741217 0.3560521705092542
0.9619045379233426 0.8489759079498705
0.4763222247407507 0.46213561465371633
0.9395559974394398 0.21082329744213912
0.5818984899720965 0.7142972133591592
0.7249068675358907 0.9409245010093704
0.576156158164081 0.2006501888431984
0.49352236118313475 0.527716756655683
0.11037188168465539 0.9726294938247805
0.9447273367787139 0.7849219552578434
0.8345387634779637 0.7604854882511323
0.2798403891568856 0.5328763069707605
0.32866858402654 0.5815169052537654
0.3306315876223702 0.626105899106751
0.7790597831059379 0.681503330888036
0.6644506811264681 0.8071590478944417
0.6288094763700076 0.8367116258788875
0.6184484264956873 0.5942452272552007
0.32344959792450645 0.16201408540152573
0.12254109836515914 0.1690202130960915
0.4454392448578647 0.22007151099166922
0.8592441693246052 0.020895035684408647
0.9853458935787898 0.4071968843259828
0.7782281091485351 0.9255364385557284
0.2329009370396845 0.3034306482805841
0.2344253206048985 0.6877648364062099
0.7877152924391074 0.9175221268064724
0.050744656292945334 0.962845435379119
0.48729358308008375 0.5319254230167608
0.6199254679960795 0.3852064852615389
0.6290859118482011 0.15858286521164178
0.7547904971428264 0.17990870360385303
0.7236687640950327 0.4531825627046959
0.37213317171874005 0.4097279319645505
0.15774720046430235 0.3037409436187206
0.25270141717215666 0.019502988272780408
0.5685228612636546 0.2087751577036101
0.05821669298973042 0.879439158633079
0.4350733933293691 0.9909944006289654
0.5060936177825048 0.1003471215496361
0.377740694908138 0.3543529858759221
0.10350191609433979 0.9963363638470399
0.9231266766973725 0.28547239937744184
0.12463928458219897 0.2042703321328435
0.04014726483747055 0.32485345814344324
0.5785598224199371 0.6343309894434711
0.5816963809002177 0.2889636682042662
0.7596299571040374 0.12232824105922901
0.8768235768191044 0.11119929694092723
0.5986596400822388 0.881929445924142
0.1099305381553376 0.08788507992964667
0.4399836093885179 0.11377309454021556
0.7963428864946501 0.9648894209097714
0.05824399021575888 0.4184700219257196
0.6177158926245475 0.9810962116388151
0.6983518463231716 0.9817839388321665
0.11608356167054601 0.19688894665582812
0.6730822504171559 0.852823168904544
0.26196273688110017 0.17896659487557753
0.5849835349469087 0.01986347404796407
0.7097749464538643 0.38722499698096036
0.5527583893578066 0.40346151982613465
0.6329507589520782 0.4151014161941866
0.9170008211245474 0.33280770169342433
0.3914323462078141 0.5716940550489444
0.7761494558014187 0.5488055275376756
0.9258922666424829 0.1621322960118784
0.36074434998933314 0.2861544397339606
0.6958373752360726 0.22208766565406524
0.6925512070110089 0.5267515510001761
0.18286875724131868 0.392979270790224
0.19484315627087967 0.08801721485587055
0.46571997243501717 0.08634218580010322
0.9211067990107409 0.812288088794042
0.14029744518519116 0.0789901371010635
0.8516662738743384 0.7572105684747531
0.9057984683840239 0.20501937830747663
0.27119500133520513 0.9521066975021112
0.4670837977361064 0.8663634837708477
0.5848117468950652 0.9815731594955619
0.013833569528646783 0.6705235134033369
0.056434164205439896 0.38511386807859305
0.4286162814670559 0.6222618016271522
0.8602894283329172 0.6203948866413169
0.5488529782029726 0.9454618241664441
0.5249581250927952 0.1277499880260331
0.26175963038239325 0.7920206170615814
0.3190541949141843 0.8548542121893035
0.9467025364977073 0.8065540925403294
0.37862037946748384 0.4530215507300345
0.7960031141380739 0.7588601357903738
0.4085450329627144 0.24037206639397313
0.8430803072464818 0.23049783180696093
0.6037826505388604 0.9421532240615947
0.10591952859289289 0.6475056485007284
0.03088721232410352 0.16478840267666706
0.11420988991886938 0.7881954159291265
0.08634420513601127 0.5377656490241474
0.23009169262959717 0.2631227451799125
0.8054128915258018 0.4662678648177636
0.5953090196141513 0.36374906286020336
0.7336682368002126 0.47748539429065207
0.24166244914849178 0.10697382078316608
0.7931571402090056 0.2148406138796275
0.887009948109999 0.2646303277033353
0.07606134286287491 0.23689330248627127
0.2056642910707398 0.6602019562903663
0.7809850870936388 0.9114847537442208
0.9098876179072072 0.039430035170426425
0.5704625581415597 0.8607174528963007
0.8082852733556511 0.3771485460487607
0.4730068144338432 0.6086564104443348
0.11725215057638738 0.569595046452653
0.07899802418175372 0.311177043510119
0.6932270561976778 0.07961086721043842
0.1869359828967625 0.706173896721722
0.5263615485890483 0.2515582295371577
0.24505774922640444 0.7123832904209508
0.7903114647359264 0.693445731193852
0.9030486513598484 0.4263620691451502
0.9782112138953573 0.3356674990904024
0.7395505303903214 0.6197038933613707
0.1714918947296471 0.5189257929576677
0.7633984320216637 0.2223632868699167
0.286056368695526 0.7383206749224599
0.5999932473522879 0.6929969493275042
0.2194257781691551 0.47625429293780897
0.36894408024296577 0.6235209378108161
0.1828234973793752 0.8937119133940068
0.1350911429343714 0.40262082581895
0.1437642520111272 0.017644948997002197
0.4722462481089085 0.27174218717925436
0.22756737936875993 0.4615964980332018
0.1174647559888935 0.6471261811211835
0.13031540046992474 0.6473729147987196
0.9133890168414075 0.15274584710128036
0.08112963067173473 0.9574796170643443
0.23718033802938376 0.4115362631778572
0.6582373258125934 0.2412032462833481
0.8967829594042518 0.27610177639806865
0.8111552866302364 0.6216360109730421
0.03873960529049558 0.8451220544593672
0.7704172169235143 0.6066030385276366
0.9565057582119367 0.30796807432407114
0.13662341072539042 0.09336618486500992
0.8141851733654684 0.38757798459316783
0.33219261843229253 0.9751434884007373
0.20783667479938517 0.910432156969408
0.7720482097681532 0.7068958675775509
0.17497818920778607 0.8225050985371718
0.5635714198481481 0.36849818685892444
0.7326410975292081 0.7913622706943579
0.2815068564062342 0.47532470287348727
0.2753039041485903 0.3871072754018444
0.3801064769217496 0.02944379943475761
0.19626144184193173 0.7186753748403255
0.1026500000861097 0.07903048959814174
0.9094618740798506 0.3170073931529127
0.3275812878202079 0.3592694611145162
0.043570681279902934 0.0029278214252757007
0.6508517112934566 0.42493535100990754
0.9559969402367828 0.45508919076248955
0.14566309082158824 0.05300118572070123
0.8718446273281102 0.20213500993717304
0.6636546390451419 0.5930397999877212
0.8912269391220394 0.8032712089504719
0.245679262222273 0.37384729561846786
0.8281095119741139 0.05272636297702904
0.19566694019157826 0.23663129639281333
0.344823987909158 0.14611928379033112
0.637673746241984 0.7582714922377493
0.128620655754194 0.8805417487110316
0.9240670808775532 0.7525731962328261
0.9201048840858597 0.1252035794403844
0.09189928386108615 0.19309946147122636
0.048128946551266094 0.9957756437292936
0.6748727334442095 0.7880807112574137
0.7516874731252622 0.3931063884055036
0.5699021500232399 0.05606552268119536
0.9765909938680573 0.8257753485352126
0.3301302341987359 0.9003897413805115
0.5231689327275354 0.7259873635931863
0.21035527789673514 0.3612053867388406
0.3909796316870304 0.7895994524054293
0.5261805049594812 0.43572513150316694
0.9174821792195494 0.22361174746727108
0.40479620395608973 0.6005014349714182
0.8398503887713884 0.16824277788798958
0.8031581198698858 0.9439745504082423
0.7225868736462665 0.9757485531358662
0.748426092556856 0.6231866216937592
0.28832096459709555 0.4744340389316025
0.11587933843255949 0.6954739994084991
0.06515113628387881 0.8238443893366432
0.9011259235879309 0.24411336004553597
0.421119262715023 0.07591265898043431
0.8662755701900599 0.11631161780595323
0.4948800969311554 0.09687963828690471
0.6438464520516015 0.5225936204705685
0.7513566397535443 0.07609061794888317
0.8675286209949254 0.2085555916783336
0.8921478590955797 0.4503127454168041
0.6655276133736889 0.9031163556904548
0.6326825253577171 0.7060059755764508
0.9000637616124205 0.27181272129182443
0.42158880426505985 0.18701939700835069
0.865704333471308 0.6593487720814475
0.5224764975806706 0.731474096539347
0.7695569313456453 0.4925239230425009
0.004304672820768074 0.6891324267149662
0.2079543056219002 0.33282746444931044
0.0937344831133956 0.6293429044439788
0.027112393097950327 0.21740257302512844
0.03134359365104711 0.8396888917080975
0.4093445366988625 0.10774568824191888
0.0433046527784966 0.5367582869365065
0.7617670855070815 0.9774222885066985
0.2911073723620702 0.5629904947017786
0.001032470686589626 0.31324318107510907
0.694130106357196 0.22734613551581362
0.12547780230148176 0.5787603300748556
0.333343232496936 0.8625837106452623
0.5451784100838665 0.49460463624818674
0.7391537607129572 0.6182170454265223
0.5007475860742066 0.8271026768462024
0.7423762228013359 0.9857656825759029
0.04332493134971893 0.7447730538600844
0.7245424384234703 0.5617001070653381
0.4710475485812643 0.7017173076819276
0.04223870101431215 0.5935223869834427
0.8214000373524013 0.23758440747870568
0.11988571244539625 0.9257118962337435
0.004190258890681364 0.04570170354284053
0.2063529805623756 0.06480505122149827
0.42650006335059387 0.1541296061052856
0.07302637736374473 0.216666878603484
0.5088111722594236 0.08881093256790074
0.9944234537779527 0.3140512413610105
0.32060849087162346 0.44365027134269197
0.19717840822408594 0.24883582001560833
0.6741140846022783 0.3692725937786513
0.5891944344826218 0.7508568786929384
0.40640724480932366 0.1103744063670441
0.9879886442001201 0.6140579038894426
0.2530371375838969 0.8709948543337714
0.2557299963032087 0.2607052978011548
0.6703363673360269 0.9676982754458988
0.7181988702080905 0.9557133187256152
0.19899535174751948 0.4425736401693203
0.9958719825059734 0.3356597459738567
0.47805856199491803 0.0511206227564438
0.9075639302235349 0.30086226284867146
0.8163561307551946 0.8145055800273366
0.4205325903768291 0.7339255039296725
0.30748468783175886 0.13133573551146194
0.7156826422694097 0.9544566748879784
0.8348039898244993 0.7810126658508192
0.312477549470632 0.2971878562634248
0.9545166894816303 0.01889141309128428
0.8553974543048865 0.7095310767267139
0.5677505565557986 0.362884998579754
0.602256378713871 0.8046322629510871
0.49666385680518566 0.6018180268145256
0.8744192906088876 0.37727853194383676
0.5649462834995672 0.017747887800016238
0.7299357789366994 0.9925527591532148
0.549689101155743 0.807635112025434
0.9028336545475322 0.8909182182375398
0.41945022613161476 0.2141594582129781
0.6152925936645686 0.11845518052554826
0.602441059915317 0.9311416100754225
0.2141443255608516 0.4872606839103083
0.6391136922863877 0.9359450537293902
0.7091223872948325 0.6985610997150389
0.46502857481989124 0.01939611992022483
0.19751108133639161 0.7198771453430552
0.7427344966958005 0.933174882728011
0.8483201256426419 0.2976189892936082
0.11549378039512503 0.25529323965734485
0.5888372540138402 0.30777909670413073
0.9910379321575712 0.7861906960936543
0.887388881321628 0.49992877247937284
0.480139804130409 0.5311424396816243
0.05836379725745788 0.07351419393990644
0.41264037886723104 0.09908832155473712
0.3290332948128556 0.44048586711571336
0.9326696499885948 0.6536555552341814
0.5024259636130926 0.47458527288859853
0.035152445748745875 0.3890617490774504
0.4264934380160621 0.5251513089410128
0.5472923339345355 0.8717492729673187
0.6370286803906874 0.48209793457280803
0.4815771406348234 0.48801556848489525
0.48027592289537224 0.21875382865144533
0.39095247800131305 0.6685687961582002
0.7408972673814491 0.810543758678119
0.3421600003847487 0.5228514019042414
0.3019380584756951 0.030030416635576707
0.38983981155690184 0.009138921632866004
0.6456592195721359 0.7526247943400696
0.9818469832646259 0.7908351843643135
0.06758157842703216 0.0723115255546376
0.5553345851244661 0.48504886949557524
0.3208137950231772 0.12302590495909771
0.6935065107854843 0.09645107670769626
0.033711973460896716 0.8288569603594947
0.6045453975731053 0.047576942262854915
0.6511454216457317 0.06504108555235444
0.357072079722317 0.3661486182706025
0.8381200476336236 0.0017492392175304516
0.26059538987818254 0.27066154076175886
0.2542370744485275 0.723960023888183
0.014761257814804751 0.6073889407474975
0.3584413378999979 0.5732499459492328
0.7678134180267565 0.33512448673184503
0.43574015107964914 0.04112115057202481
0.022527878753563768 0.528396777353596
0.35105029168346313 0.458526073514546
0.406986150816673 0.1755530677316658
0.6300568705742496 0.1725375610882608
0.6879031679962843 0.3850242749667381
0.34294505787317464 0.37865194620400566
0.045827414552193524 0.48124702996076285
0.9240915070665124 0.286001734591784
0.5543824883577276 0.8711326504577658
0.49927930172642065 0.8327934593043911
0.00982114016664859 0.49263682283925103
0.5117267888506453 0.7405757230264535
0.7425135188743369 0.11889845139954758
0.4391970704500301 0.2984806932804951
0.808594137917446 0.7845791793949513
0.17668155848239586 0.902372683210163
0.00784253353568587 0.12545023139577194
0.22262745521541605 0.038874948338746385
0.5029748242159247 0.47793644805886726
0.15140610626225626 0.1005362690014806
0.4258747647468739 0.1722419904377266
0.9806946218954585 0.1459369791206072
0.7478942374960897 0.5708458865788356
0.9496713100447488 0.4773239126497866
0.8642051083321619 0.05356983873069532
0.912400097838906 0.6984020656095439
0.7962855794434324 0.3310850281783386
0.020507881956252638 0.736200519894445
0.651975683935176 0.18063783951741808
0.6202330583338527 0.16346869254891427
0.9991386855430935 0.9409397404522434
0.3211519518233106 0.04184851105738929
0.10681605314055997 0.8775794967908258
0.007365239305651916 0.4211066895214093
0.5868653557947695 0.8359806624433626
0.1566533102456168 0.5760007252440764
0.8294227656345945 0.4358409998856888
0.20908654027578644 0.03989129851358353
0.7671319719053633 0.4291547819526307
0.8838023250487896 0.5030022465570608
0.925934371005791 0.7433326237861656
0.2811376088509291 0.6832694308980484
0.42431584589683746 0.16159817380291885
0.32703229363538255 0.3490075576784325
0.5682578288955004 0.5547543151825031
0.6175954782192977 0.7751642751830575
0.9557411080420855 0.07157617682154316
0.0039526414722106384 0.04871913187943522
0.552503148003538 0.7195020046749068
0.32096898850778954 0.8038244504068314
0.029850795133113284 0.32295720162484376
0.5081703029271534 0.16357387626409048
0.7656818960862235 0.9335606081026068
0.9971596685962296 0.8928241570989957
0.30147113325886377 0.38462655872859663
0.6470544041208636 0.025283470249916618
0.7208263891000944 0.8317900711316234
0.6979447123846704 0.5181203642242871
0.36932447493129916 0.8022464320124125
0.182101487148999 0.8086349301361825
0.570685313387401 0.4870109341693196
0.9836381209908479 0.5000735212838041
0.5109468176818481 0.7537683051054976
0.26955671571537165 0.7874578982482027
0.2601523878909653 0.6322952129456976
0.32858641390573406 0.6493376030209577
0.9801665949348327 0.830104077480637
0.9489479513543414 0.2776644287145674
0.727584140669477 0.17286927299520494
0.3421548986279028 0.695526415491655
0.9023005545212718 0.732362170373199
0.27718863947175076 0.021267924828006657
0.3151631459304902 0.8040346349400392
0.5278611327726497 0.37756172507671193
0.05222334858445099 0.8270547326521485
0.9559055077636359 0.015287305520587768
0.7984627884016104 0.8015132323465206
0.5533113223074211 0.8246099231291891
0.050466642790074845 0.7506823138150923
0.5496480369715528 0.03944258651736654
0.6953701322251352 0.300623155913073
0.2535965208774934 0.6065133019247088
0.762504674066197 0.5051023004988628
0.642635266949497 0.38654839328344714
0.7645228196356076 0.6306912045957059
0.8408043068182309 0.08262209581390245
0.9363816103003257 0.735087237808499
0.5316964733181634 0.5495112858547669
0.8534163605387078 0.5211085531010184
0.042302467541736055 0.9279338326316253
0.3638378721868999 0.12947932440555388
0.30306201528900356 0.8688374946239471
0.5063382076375191 0.24543569989042568
0.14045106079821834 0.9654459480964094
0.10009097181821103 0.13734735912077822
0.39066045034957064 0.3945570440290731
0.9922845684426612 0.019962967872727
0.136398779002865 0.6836280219902777
0.5274274396160953 0.44055246528501335
0.9635783728548034 0.46647072165571524
0.6630165946814872 0.22313289329206953
0.5106200680849274 0.0679199539308406
0.297762146706114 0.8741285799706996
0.7403388859512225 0.7666259367552776
0.8014117588818055 0.2522305738227496
0.3028492921282546 0.6251622065577973
0.4393210355380023 0.7358842951081529
0.07765542464901354 0.8479279778440513
0.3702670213924196 0.08374845293893685
0.48406807488502357 0.7298645159021517
0.1626036776128108 0.6766321345265653
0.4313167724137442 0.39279267613315605
0.32170990308975234 0.8538315594167013
0.8432021019813166 0.6712191297050379
0.15078190208852094 0.6124513248926597
0.5368596389153999 0.7057468279915539
0.37737368705323615 0.025209641783522918
0.8611836713584865 0.029764980905048533
0.36969063845307626 0.3503908076986262
0.9076852597046777 0.19388265886380052
0.43949300601976826 0.9570223432325349
0.29503616401025334 0.2626089688196661
0.6825673585976398 0.8690182000949824
0.4982758862653217 0.8390724806790437
0.04307616555978133 0.9439436556510051
0.44463681941702016 0.626110628579824
0.8046963136330867 0.44522131015895683
0.630167783674631 0.915849996536287
0.5093103033230373 0.04101202924830394
0.32481395048444706 0.8149364731019042
0.38311369001221973 0.0686683241759658
0.5283367905854404 0.4588641290309442
0.7103557566484361 0.24057217526718722
0.21543487062906486 0.9463901018916835
0.23653018577452112 0.8353329064463371
0.0656526042762875 0.23381210167918842
0.6056857910400103 0.8177350947258359
0.31214069016970747 0.7689245323278906
0.04062710912418821 0.26149054526168736
0.5630583744742884 0.21575752314524865
0.9601280841551406 0.9107622291134491
0.45038461974599353 0.2237429445774317
0.9938820903763309 0.709592288705558
0.743131448322471 0.8287402260799
0.9037640060484535 0.652780362844379
0.12542942383257694 0.7383938860080151
0.24908114278143212 0.36742221137329834
0.18468185764666756 0.4505836773305265
0.24384205306453366 0.42123321064650965
0.28096080363142606 0.8812675509333265
0.1456726491728858 0.47194477801754087
0.8760445473559092 0.9368064654618415
0.6888619306083271 0.02147619302899617
0.5889726876869787 0.2558990996000986
0.5281202111133904 0.7192484228625172
0.7147217796692305 0.16754401762377324
0.3949848896777298 0.8709203106533242
0.19358071031753443 0.7639852522726163
0.6854100045402388 0.05199162235226851
0.051031824761536115 0.8713868654410848
0.49492738608194187 0.5001319113254507
0.1414202361873388 0.616020785425675
0.6968693625184437 0.26575754910799887
0.6234203203673743 0.23004161941181567
0.5194935554713742 0.9372939698603429
0.971285069551692 0.7184606220091482
0.21945263888367272 0.1257237562229807
0.4830903736823644 0.017720949137374542
0.8719033868381721 0.7924356074814497
0.1856630947408272 0.3163141949492474
0.0016504251834218442 0.935053031824324
0.7556079147609955 0.2791687959265937
0.7650723483834636 0.1078358360848719
0.5768252471852101 0.020078170730401412
0.6591787781954274 0.7464116122596983
0.33713821828834856 0.800227226855285
0.28199901313427067 0.2910079932604458
0.6301238454811702 0.5959137875397449
0.49760426966142524 0.658021303620252
0.8729701252762028 0.8748508662509645
0.46941684798812344 0.6966707565419575
0.4771566912500952 0.14797511088497894
0.4170615974716456 0.885651290175883
0.6159841572325603 0.12247535093718709
0.6248663633910283 0.674112612560636
0.12145313865345153 0.5717943494088865
0.18421939857479575 0.5519562166870116
0.012720644573115947 0.35964621459373836
0.18734395869018228 0.1463551554840814
0.9093384732616377 0.4076305859653291
0.6066510848053068 0.38456691176487556
0.11470420338473941 0.779814044070095
0.8916837572246339 0.03752239588857931
0.46863252646745257 0.47268814863639197
0.3947666920798859 0.7643394079219216
0.16268077916704193 0.9452025886798824
0.09682834151218755 0.1148215960079918
0.5878393196276 0.9011108947991213
0.7464618861523136 0.8151693332894718
0.9414237779266124 0.3446556876654847
0.44814530099394256 0.061542253713628425
0.7584834033526923 0.4706585062616482
0.939640614567429 0.47677714437972585
0.7527649146541255 0.521369644706471
0.2839450333081851 0.8474795483804126
0.35324966377743017 0.34497123994049617
0.4677675256515019 0.7518710140989533
0.1045067093408415 0.02441693701273262
0.44635668920328253 0.7131880737816245
0.662582387891295 0.6103294332645453
0.5036063983107715 0.5690933137755161
0.46287243192805283 0.6879677761172892
0.4067182906571667 0.33447262565294933
0.2624001734969136 0.2358135307746133
0.7263008599375461 0.9531571085288043
0.6661499867617419 0.9921156388776562
0.8656370703974462 0.9835219361233399
0.4355827962513972 0.3357716836127683
0.796953643646224 0.44357871650143377
0.8471857987163269 0.509213099536215
0.2378767552937323 0.753091757574972
0.6198862691805279 0.8635004276000119
0.017860684490369483 0.9534128928418198
0.9623850947022121 0.6896240589967384
0.6822274022319603 0.16014353830708916
0.10494245299025351 0.1150450073087087
0.9605561643221756 0.5093965473984441
0.27487485878785556 0.49079884372854343
0.586514799514937 0.6953448615980182
0.45099917689388136 0.6720257980521374
0.09782482729718822 0.564907475056543
0.3894854597703007 0.6035782332025201
0.6679049008378632 0.13483795759537653
0.3520576827648493 0.6623965363807696
0.7248380109617482 0.8271442237453721
0.6872075497998501 0.2796328063141238
0.09866019312435281 0.6806826160909448
0.9160629723538534 0.4680412952953914
0.7045692008359679 0.7899335417938705
0.2567801658376009 0.013943673148158586
0.3175038303501485 0.24637954883990631
0.584803713918018 0.25811566889751403
0.8226458291011802 0.41357131359604393
0.6710665952986198 0.5862311986072765
0.43674796525347515 0.4538806114373114
0.16617802560836814 0.9770392442482193
0.7867932817668669 0.643103626429566
0.2058739004065715 0.21523732977360555
0.4053424910388441 0.1584921494783078
0.7014810096523247 0.6660448922111121
0.15602739534175125 0.7064538997406576
0.3488727296678059 0.8297686774178128
0.3380004834122168 0.5680775884423506
0.14037067505245027 0.24719167937904352
0.7347518469683165 0.38380245896842513
0.6962732439354916 0.7104056729523728
0.6705564581967919 0.272965599083157
0.04616824949803444 0.14874714892711416
0.21691642847279158 0.6896249993117749
0.5849139568351548 0.005784690473028098
0.051713906230681284 0.7529701142268151
0.8041491531323003 0.4008457799422015
0.11539280945554231 0.6587956137069315
0.05741907115305167 0.8773592076938505
0.13133810903702814 0.17792837229761693
0.05548120856652283 0.08032927621397357
0.26172363831287637 0.17816143391570427
0.008081207816280744 0.27654599389963774
0.6554507491218949 0.5681633305292506
0.32946569668216963 0.23367547168589076
0.4114015639634616 0.0549943876291753
0.6071253102317401 0.6081630916250522
0.5280823556433818 0.6312765561256973
0.0967381678884831 0.6569217047168336
0.7398341389290723 0.7637267852108273
0.35101015122625745 0.7840653939197181
0.7501388236358174 0.8416780798904997
0.7160849387515776 0.16148924718618407
0.2641512386969278 0.562376902085457
0.33642385865434954 0.4208841294232688
0.3954386212271904 0.579259089620746
0.9975313715491875 0.20481454373544805
0.4760108313534681 0.9200706221973816
0.6056292685177485 0.18577686922284697
0.0340762748331509 0.39361420855476137
0.3543586638792615 0.014694301664664011
0.7205595610534778 0.44706562891924906
0.6608159016427625 0.5440938089235027
0.2632691416465224 0.7102191393123011
0.7667048360946094 0.5862496875877871
0.106704418898658 0.7686841566808946
0.49511429080322245 0.4128668877499281
0.2558430519550726 0.5449702025493975
0.02940663624121298 0.18041690233328866
0.9838516593157501 0.034560901458264626
0.7379293276752109 0.47402789299074644
0.4865135102315178 0.04349191584511014
0.006738325943890899 0.20286942744706715
0.2702693174647034 0.004611857522689777
0.7622486470839677 0.1512618657346343
0.04611849201392615 0.9116189557778104
0.8667037614431247 0.5922790136182317
0.16822935910711523 0.9031308499538833
0.8515823826530434 0.5044019636600743
0.20395924984901137 0.05345853694954383
0.5175377704796377 0.09682108436446535
0.0510860643345975 0.48241955266868664
0.7741904677782869 0.5452720595751149
0.12840515786590312 0.9834398414887457
0.7190735149020185 0.06783109630630879
0.5574465350262667 0.9873575752044239
0.36225380858615674 0.7288834028322884
0.9259190157034649 0.8287562720195297
0.5916316087259795 0.6495180434571293
0.17758983057746347 0.9623186836803703
0.9436455698541686 0.6238915403586769
0.40865905742558395 0.9886071243749237
0.49508761446531757 0.49364129668083
0.8672908527368971 0.09183949330703545
0.7239588633000659 0.016219593458279502
0.2508137657725371 0.7666449522311719
0.5007737992218774 0.3780570626016124
0.47420525312632256 0.5164468245266369
0.4664468482495271 0.9497545416120851
0.443825953449696 0.5430344674318383
0.9288718851132932 0.35804076487655423
0.011971670544461133 0.3150500080004006
0.06753192896976767 0.45802225925571804
0.21066220435109417 0.3025297771700515
0.6739526233717442 0.32929156506009116
0.06718750457404543 0.09530442738361278
0.8755398575131753 0.9907479940129642
0.7892839799569261 0.5849757645447232
0.2913185020094061 0.13152522911361786
0.8744143314280252 0.8833523988395421
0.8503152549949822 0.7892082186295565
0.7454766402646944 0.1746401528887611
0.06680612418899046 0.5715615791410369
0.8443696081380685 0.7543478624976743
0.9113746954252389 0.7142803290186931
0.725192587635528 0.09478229135310445
0.5427042468200897 0.9948129524703084
0.5804604357452693 0.8951709326533127
0.07225375326038608 0.2810962622236991
0.8065649244764168 0.7238650009789284
0.22244362163894627 0.28407963199034836
0.6688159754421312 0.04073868505643963
0.20870400233249586 0.9042064992587218
0.861747602171889 0.09981589872145669
0.42671532119636013 0.41455879652319805
0.776974653404187 0.47531833984560024
0.5583964194755421 0.6071603552695172
0.5887386980550355 0.7287440841723104
0.5236733716363879 0.9439729625913916
0.8463822788737466 0.04024915141947838
0.2997874412770929 0.7004092827455415
0.12334264136921502 0.46451876290602556
0.005878173524870189 0.06672451851451078
0.4138576359172278 0.8394793202641209
0.8078037025916919 0.18143900826901493
0.3914279579551191 0.2756158625610221
0.13663680828192348 0.11098206142453071
0.3471814275494023 0.5843239474558324
0.4340021597297359 0.8610369230583692
0.6116367047918186 0.9656390740196248
0.13839668912569258 0.6076054883112357
0.5299651848000744 0.7688505927268613
0.9088612171761834 0.4696010618818075
0.6087017245422164 0.16392135144567577
0.14584861682859496 0.30981539522511536
0.28095599706478447 0.11729831525286472
0.7138597470174181 0.24739677022342055
0.8475281072983636 0.15261323648911607
0.3963955576323216 0.7925135196821826
0.542933713567958 0.994936899610304
0.02099974659046855 0.772667461332816
0.3481951014357745 0.3466643160875572
0.3806434047885032 0.5101603391916694
0.1263566436434439 0.7237721386121811
0.04742926276259085 0.03150546618315442
0.8920345552983919 0.4931040376131868
0.9255699889172427 0.4421159276516895
0.5429119362742871 0.9945035252929775
0.9228214848176066 0.9833895791342254
0.17894248180062733 0.906027825716583
0.43302847199055017 0.704350502908793
0.2141270912797728 0.81614068023662
0.41716659710409787 0.12629517566558945
0.8460795370954837 0.30369541751977636
0.7462415763973975 0.7564309236886898
0.09019877514100672 0.694684799463114
0.12663242008172637 0.8152834975258358
0.5081171171538932 0.06414686132123182
0.36694274664452786 0.08268914451097642
0.9641950585769411 0.9822811584950238
0.9651500956446472 0.3384761083228526
0.22918496026182766 0.9657431625203178
0.995820449280573 0.4764792518735923
0.01678759903940008 0.5882491142816311
0.05938116573325136 0.0043208094273559094
0.0866768177192816 0.7290372826942547
0.6189221630830346 0.30642896365996675
0.37666965427101495 0.4933958715699519
0.39472233736611295 0.7440554289965066
0.7370700434947812 0.9263820210496929
0.61267376590678 0.3935920585923939
0.7318166065568156 0.759020000915026
0.8100038733214379 0.9832754685160566
0.1439159258898426 0.07568107277778013
0.5901712055097359 0.3784080125653667
0.2767448614616469 0.9720114443052372
0.1885383113818262 0.7865121910312075
0.8781563809990331 0.9846891006308726
0.9614002278096562 0.7063748989004747
0.5309255995184801 0.31745357091198356
0.943175414118742 0.528726979002431
0.6509236894590267 0.6622677624502626
0.4300406252045522 0.6113420156211107
0.8135094756277867 0.7201343244132604
0.14301970195321134 0.5976286726163033
0.988979395461208 0.36300329999507797
0.8995111434891139 0.7253282595356898
0.40951879678710934 0.7463720467522181
0.8794669259545631 0.8807197835428288
0.2129486099369623 0.5815921922174697
0.5109114727468028 0.19377280708517275
0.7126630419429972 0.20756259509716335
0.7192155276399269 0.040977974594340494
0.12850591884658968 0.06340130534869048
0.7855174234970458 0.4251240099848874
0.8799341875292168 0.6568538211518026
0.3419095241926874 0.8350790355535782
0.09066929494317433 0.14760839474066956
0.09448545270688857 0.8536730581658613
0.7831382314746284 0.22035390292232904
0.7100689483189989 0.9780677381754505
0.3513580723813181 0.009329547289877005
0.9284231252342756 0.34453840000204383
0.2925188055499298 0.45427944162795786
0.36896419920417256 0.3083824504527951
0.8503714346961302 0.6171397844665335
0.6894813847396744 0.11970733076760243
0.1776294252988545 0.16944985111441369
0.724090411436296 0.2571402582290938
0.8599434233683186 0.4723926324649955
0.9786250929733386 0.3340410447844717
0.160610513292182 0.41453412382033006
0.39389813130367435 0.8755884369955501
0.14303104416064816 0.4467457065128184
0.6007380765533774 0.6801492120270549
0.9070274543775069 0.0594564037985158
0.9854368767200299 0.9246287313828451
0.5354913219794143 0.2842977656770398
0.7602187899646397 0.6510404118971604
0.9894259304218312 0.6703663390833399
0.8905671027742467 0.780320620461107
0.11230396340258586 0.5847440691383466
0.1697231840708655 0.33945486491567944
0.10876077086818625 0.617580740763737
0.9503976334463385 0.1592698549950533
0.3479955595846539 0.3339558106466364
0.04471050889050432 0.9027853405586739
0.10885461875741242 0.6079026477129567
0.08560422304745452 0.9178084820207479
0.9314216683048716 0.29839036527108687
0.20644873678620157 0.0724927937430897
0.5690426410857212 0.08272416787236336
0.24028589814367052 0.4288726056380252
0.14506320705782394 0.8497381624111473
0.7661357744026055 0.33692294346589047
0.010159486291622999 0.17331900877589745
0.23701492978589545 0.290484226044896
0.968993160676884 0.03621276271937335
0.11279247149966398 0.6764297724071199
0.9990248146003894 0.15473152269792134
0.3907370793550583 0.36974324924579527
0.31966983422382067 0.9668901689693571
0.17758400479799463 0.9797126899919125
0.6865835518655715 0.5896679779453816
0.9791781541094218 0.43623604671288696
0.08371331773678548 0.8255036877493526
0.19722566733524005 0.5202730620504776
0.5648572745921295 0.6037965911043713
0.917413061257771 0.8887667095863528
0.8568207602705937 0.08010069238981243
0.4491294104819933 0.12189681231817318
0.4778628097254686 0.9838625011485996
0.23425388093306132 0.3293174586492651
0.5479773358883645 0.7049674177409242
0.6809472659737531 0.8920689851792095
0.1716543451322271 0.040023899844886635
0.1981128116141494 0.9881440640903276
0.2591187300064338 0.4812279956473281
0.2071681515696867 0.6522268780385516
0.918645454732081 0.4238157005288674
0.18999675423934803 0.2539130566650514
0.10040154446386607 0.6925241523087491
0.8954240163313048 0.4437575805714964
0.001366969127957085 0.3431467585203478
0.671289217196077 0.8127863831029711
0.8512378595004113 0.7821817242196611
0.5151617620766022 0.7386466558953635
0.09081731176075769 0.8657371221090422
0.8439761966716419 0.15036035442669649
0.6272502988601688 0.7882701084029109
0.17133712797076894 0.23368364445058243
0.8045612686888949 0.2524014838423283
0.8509721690348276 0.4203646964925959
0.963303664841451 0.6229612730169974
0.795786803445667 0.35713125229548703
0.9797335512484121 0.5115850055719471
0.6142024250502468 0.9340280671311672
0.9727694224548844 0.512594049171163
0.9189349787609233 0.8667639269538399
0.44610339536547505 0.6165579328604397
0.6580979645515148 0.774016437792762
0.49317949439100905 0.16485044178670116
0.19449073995986543 0.1681824366502378
0.33435656422759197 0.07667504554438032
0.5161591739246121 0.28685041350407314
0.37842544479374174 0.47944994110895667
0.3997921971581815 0.2323106105578402
0.20475061810573214 0.804106337703457
0.568244810501308 0.457707851788149
0.34765914846251333 0.8687681480253306
0.8844541328981448 0.24098031200118375
0.5313002725191194 0.46744518989929296
0.4062421362343993 0.421517876705088
0.051051597174149754 0.5047859555640869
0.6899748881429296 0.339511152415817
0.326648537171518 0.7736001810639038
0.07577476200753863 0.6142528349306896
0.2625657087793115 0.05877557737752892
0.8129590714781817 0.1251910701615805
0.9427803897955601 0.36937684015458505
0.7916042312159209 0.31832407396337836
0.359899664104689 0.7501296283314425
0.33461223377846516 0.7505640808255892
0.33273472948799676 0.30415562651615635
0.974381777310734 0.6059880521237754
0.5017567639756395 0.7707395107514698
0.3891637437284612 0.7704312262541982
0.3084712817160362 0.24507225280284306
0.7064065298127999 0.9346689808121984
0.16259833884104335 0.4013293636023739
0.19387420762221552 0.11147140892961582
0.5800485199526153 0.8861068852698792
0.9540460446947693 0.8981041585111774
0.9350356958644848 0.38615186540376234
0.613283452763474 0.7933878930612858
0.611268821635353 0.24248808941795563
0.1544759626285177 0.8872183236581368
0.7600176136117931 0.3824520811030039
0.9803556786607217 0.2804870472489953
0.5769471394738684 0.7718181079546587
0.01439460394188008 0.6646333423375229
0.9949693319461475 0.551105576653682
0.14717766868009874 0.5925954304627964
0.9569595920647272 0.5133254657158949
0.6183689238017622 0.10671925244372471
0.9800396143160041 0.6048372224883166
0.9878666290969015 0.5542215205252116
0.5522279046614109 0.6866513320492555
0.19446819526131065 0.6170931963309041
0.01261183749763195 0.8804266339622163
0.8263435556594241 0.8108682985995248
0.9577963201254097 0.44157589607263437
0.13484126999347334 0.9654722710516616
0.8902355891199679 0.2513069158263518
0.5116287616610766 0.491402996320208
0.7781568587517707 0.7000907457258001
0.11889431333985512 0.5557867015407865
0.4321348546934459 0.9469624427392765
0.11331550488743314 0.6453901818163784
0.11997955444578068 0.2822238711066847
0.4367245133199118 0.3774594329012415
0.6394491627118036 0.595532454634693
0.4598781760707974 0.8342944838137598
0.1474035533946978 0.757023245757186
0.8604666229764849 0.1437585545992115
0.404363836603746 0.05602635541688372
0.9924711277799669 0.5054592865282351
0.7350456505571455 0.7101054052245713
0.6612083050892977 0.37112870487943084
0.9282857593563719 0.8565570393151891
0.6568745095202367 0.027767374161495217
0.5038822022681483 0.36917520753127653
0.6191305053330637 0.40340769684426436
0.2592206878285359 0.3049986027563283
0.8062433891370011 0.5178900737787108
0.7751609530295196 0.7789229639111899
0.12452921779260051 0.6348347007722736
0.6085085002243068 0.5884746394258757
0.3373161761207034 0.8360310914455699
0.22749885634461275 0.966705429919021
0.717374891263342 0.43575614216335345
0.3570726745150178 0.4280832454096908
0.5327390217872671 0.380071001808739
0.29232215199566236 0.7904165397970373
0.6630656390839645 0.53493559793211
0.9113400758062655 0.10526526736273989
0.33216187665562946 0.5570191596917975
0.5728050403930485 0.40995450086564045
0.4120304338742963 0.8623740066987546
0.8189875069005446 0.9262216151223038
0.004763155667992902 0.06067871821922122
0.8214630897348417 0.573691153173805
0.04083897891644683 0.10654627443351083
0.8046710777001335 0.44078641758216974
0.4458584308040958 0.33443141028175527
0.2615576346495737 0.16135023352759537
0.022473744648330296 0.4899607776683229
0.63589475084337 0.9821617910907368
0.5702502581973098 0.8480483217481358
0.28746760753439615 0.6747003671763967
0.9234212270859699 0.5169477486743145
0.9791744246927377 0.343920768221635
0.5249747455683798 0.06743248622205567
0.8291847706889292 0.6174694784291379
0.8752380731059483 0.6975829628624023
0.6566534565824845 0.6606845510605595
0.6941013039829406 0.24620013324636014
0.916088812808705 0.9558863466225972
0.9182486302154914 0.5016529139711854
0.9633262333133544 0.8088801674703414
0.7182421508735248 0.41800650170975495
0.22515835989489352 0.10125614027509777
0.5650301096339359 0.046567770639647676
0.9550259674736357 0.8939853128761462
0.0014271515154256065 0.21852241705866293
0.6487744461006015 0.10597578250755546
0.18134161483926026 0.2731283371816965
0.8673326932747565 0.6406657780299888
0.4280009458767394 0.4159681475665393
0.16727242751520865 0.014395436672802187
0.03215312754588462 0.6130532153025272
0.07555813966953018 0.7522126103749028
0.2621981789999521 0.2791105072952822
0.5613986236367099 0.5599325091675291
0.090431068345868 0.4021725460360285
0.2559633575837341 0.5556845659301475
0.45305313363488153 0.16162980295743656
0.7498281091177821 0.6498443913125509
0.9563362632093849 0.54319441688451
0.6583656523692539 0.499162544832373
0.8173002612831723 0.9317622868400238
0.7868997244687089 0.3290660019996049
0.48449082131790455 0.17195039539635393
0.6502907355623796 0.3175220070383822
0.8229214856910636 0.12612513768178812
0.8057246314453325 0.16451864356303214
0.9669701652078849 0.33102616240416227
0.9428267141107121 0.9331297111471226
0.9459968867093351 0.9566296093129499
0.44182465316852015 0.24129628472861786
0.9696763089164736 0.9046837583130661
0.15833589820749094 0.407871063419189
0.8235147950193429 0.549388795254553
0.5224566576480896 0.2121354627229709
0.16974881137154096 0.3189816466297668
0.6501808298299641 0.5129142038846327
0.6747975554667626 0.044526327089328466
0.05677921730709967 0.09157516426488266
0.7916695677727639 0.7609984748226257
0.7346205801758369 0.732617317783036
0.7141994290862086 0.43579231324013235
0.8120178106300318 0.7362129594784284
0.4897176203369271 0.9210675786189786
0.7450339937659024 0.7689849937528411
0.5277324817764119 0.2788923665813001
0.010784820882509538 0.2024635025800935
0.7744304715291243 0.5119274616294797
0.5686254133168304 0.8630805118946657
0.6362771606771237 0.647436526707877
0.9347105607731788 0.4232256808302681
0.3307278054815429 0.06869548267016623
0.5757700623411148 0.4997995180471432
0.7180334434603322 0.9654139774421318
0.4695414811478499 0.8948649055810028
0.8253542124802278 0.7835701987388877
0.10215440351132199 0.31241219836801915
0.21286909022360478 0.5950998662134094
0.8768621725661321 0.31591634262262935
0.051296933980212844 0.37916920113601604
0.8938683889753174 0.2532794329107857
0.28122096515452943 0.30930050587034597
0.32759687826640815 0.3689156874198488
0.5068349622590956 0.27440833227033723
0.17560567316825337 0.34714972191461557
0.3402060247092923 0.02684322830859409
0.982447164622282 0.08676379652995381
0.7568757729397669 0.5468287257592716
0.25212769847961614 0.5934428030821369
0.6495977681110146 0.44021713322018063
0.6544219369829251 0.49503090907585345
0.1742358829313364 0.4452777287276719
0.803148551335559 0.8339264331878424
0.6703249778788803 0.41427090449009774
0.3386157838987801 0.47160738796476087
0.908521474766065 0.4568502308707376
0.28179616377869454 0.6521923640503832
0.16814837483032685 0.28487406420611805
0.1443923964185948 0.015106781780436118
0.18026540654121448 0.18199646663587354
0.07680670595150929 0.6213380681679287
0.2851719631132642 0.4364477995545336
0.4151287697877595 0.3634274590370091
0.24797679628956104 0.5217024351094186
0.34860785632428004 0.4662600875876496
0.05184501008556197 0.7872718145241945
0.07067685227753695 0.6538793980332395
0.6457595670427088 0.9306494435473323
0.6994477280184317 0.9569655538579238
0.062110997014514724 0.06147302131658072
0.45769859434431714 0.06628201891678764
0.539155791233662 0.7402589861909866
0.08772530942956991 0.5993080581081281
0.2843598206896486 0.9766029331662188
0.24303089148513068 0.6404395145374847
0.2968708241998189 0.8055289055136078
0.6466788473238394 0.4395539199157156
0.23083942545939196 0.7257094617104645
0.13523659005539257 0.20939988707414037
0.6260355811451102 0.9795674722216089
0.317588425492613 0.5491855182931787
0.9581832128401953 0.38280971984264367
0.469497550226209 0.13990382663891188
0.868663014377667 0.16973144291506703
0.4576489361711642 0.006347487585440792
0.6217094007580425 0.1106698982660228
0.9410065984488921 0.821429884712931
0.3069544953590322 0.9792743219496537
0.8326696600534245 0.44034227024691974
0.5561485678122311 0.2997984814064725
0.022013938920921405 0.09524216057360035
0.5751125995877525 0.18841116207575337
0.654756808570672 0.45558134337886935
0.10545574088587861 0.01755919127626282
0.8476848042669329 0.06484639477371179
0.5253164533387843 0.5787061676499822
0.5751352666179936 0.5013981416096647
0.6743631199319997 0.39630976848465926
0.6059242949085849 0.9792613360333075
0.14551604342400193 0.8546891146198756
0.7922656435272077 0.004129060253860062
0.7243298802159984 0.8394727927232462
0.7163257775549482 0.1305110744387621
0.376701462730724 0.6666073353646981
0.6854130418334428 0.8278688817076545
0.6865451085905188 0.17444506170357643
0.3333991126622359 0.9567449167373645
0.9273036342645831 0.9882189175146899
0.6338237782939299 0.3803066141358209
0.014640232127109187 0.1312514254012711
0.9592347609195556 0.7923909213049691
0.43238255350887356 0.35353375307299995
0.9316661463312399 0.9300482567710856
0.8497672117474829 0.7758496318370709
0.20076052289723612 0.9567493929035137
0.5552594055621933 0.7064087053608065
0.9588917300310019 0.9518325926397254
0.020698658013152738 0.7769921483041882
0.9567462839115782 0.1224325218612008
0.8792487980321873 0.8669028670082015
0.018173247107628243 0.5660463367698546
0.3516061938702867 0.6355515962288484
0.5697140919372877 0.15505657955084684
0.687147339487338 0.8682993776770186
0.49807540861633937 0.3889447034432627
0.5001732736626284 0.25521553260536933
0.7279089033685381 0.8655926089300373
0.9761347522905499 0.668700035508499
0.27261486968256143 0.35998408562572837
0.7986987906599075 0.4834573428525407
0.15248673586405104 0.36678226788775103
0.305743906078662 0.9910988804093328
0.4973656472682816 0.36267244075009086
0.8208475259523914 0.5016891791983259
0.35507636028926914 0.9750247418093503
0.32655595326105613 0.29584103532303563
0.2122661164993369 0.705344262251519
0.6467039274211984 0.1935031357449415
8.708165055916206E-4 0.8491410925319575
0.08727672183349833 0.1393730059519378
0.4112839541226405 0.7782660216019035
0.04878535359140801 0.8699074064346252
0.6624048477668427 0.807422399686369
0.46785082255186006 0.42319086663777805
0.48909535668415804 0.4534783716469444
0.07167101030726786 0.9804628943618272
0.9991747247374614 0.014367696519078876
0.33626952890431017 0.2868922720958591
0.22493446241238502 0.04378159948988847
0.7279028863998876 0.68922732412594
0.6482565464419993 0.4785182275539155
0.2767287751679173 0.649238849370625
0.7137695800696173 0.8872701056354276
0.7828147747256868 0.4444124225278502
0.3610794370063517 0.5527940972420899
0.9867934576481207 0.6511350661698128
0.9049622804156372 0.8738227627161607
0.8509460945279214 0.9206609883364288
0.17150950943347265 0.8787395612886777
0.6912244663433964 0.5044298244712317
0.6585656182699798 0.47995484855874393
0.2766959831013648 0.9628496771985654
0.6304015293640576 0.4660833501792968
0.170124416066742 0.5004470916261613
0.47941786119236873 0.12843817594413653
0.5218748719013687 0.4103239573404105
0.39177366577720807 0.8490201499351344
0.24905854151920648 0.1821517656993562
0.3391878065029701 0.9390955534033166
0.03280873940589846 0.930471457014206
0.6857623733402708 0.5106194582567318
0.8488069116116048 0.9338570649179083
0.24652793600218303 0.18717562570817248
0.8096533527293138 0.2405399432715304
0.46351314354015083 0.01676824655848419
0.9424043306720976 0.49237960071605047
0.47549189989355034 0.03571481699481027
0.15057380205520143 0.346606175369078
0.24916355090710562 0.5510534746909099
0.017123955175901706 0.1335486105126671
0.6123723184991856 0.3582920899028551
0.2934463493143844 0.6786018500360607
0.9840748753557012 0.7919908217974221
0.8890610755912017 0.5379752191359543
0.8311151623033012 0.7185832064150851
0.9277382900561877 0.250303038371541
0.39846849598593703 0.32400589616949393
0.9679732782420425 0.5899884359999901
0.057467272607940045 0.8231203304408446
0.7992222762443805 0.22318905592930383
0.6956233448198058 0.02357408638127456
0.3200331611107895 0.6136437643982411
0.9320127394441141 0.013663784487447539
0.8801815812368327 0.5030774116277369
0.5837905487610656 0.11192536872161041
0.1261498706350025 0.7997107947426388
0.7322550044962524 0.6155915247915323
0.8277620617763156 0.24844079939406638
0.9409817494191672 0.8157203151609159
0.383515789883501 0.8275462020056332
0.6639003386279395 0.20871308019935741
0.7031274994171586 0.41931238329964804
0.6477870577217625 0.8271035051121405
0.9480345781112425 0.9357580796096042
0.18149942020581677 0.13691416736850914
0.17407442639247805 0.7456859435926879
0.373379214913121 0.004540726784304394
0.26528678031908237 0.9455681417797466
0.24860299908575012 0.8230379750713693
0.6737626191577928 0.7443166500973544
0.3498598200053341 0.005846044727983779
0.3876892291697781 0.9907778234623561
0.6975880371820136 0.7054094568326862
0.23821753597909512 0.6628290676385584
0.420104381544148 0.794804977810183
0.125504688854306 0.958244817275215
0.09931034773649361 0.8624092132774642
0.9952610680657062 0.4800385995456192
0.8942618227883067 0.21280030380223147
0.4293577322918536 0.8927758754263259
0.8027403700778237 0.6415025658140343
0.5275266794503103 0.3413925194086759
6.530992295628035E-5 0.056846429344338256
0.3519131745976868 0.8703424980240795
0.054737900821777874 0.8591308575139381
0.5822153423693964 0.058436789690480606
0.962110144164698 0.35543872971173296
0.18637358319347608 0.09352571569471824
0.3601223661487677 0.38787042635129687
0.8502483507970863 0.5512151079400789
0.9952554011143292 0.7836240877186686
0.629451554194931 0.21309590992734384
0.4921946870777719 0.19726618980574673
0.7874734710396393 0.362506371760431
0.7473051252700844 0.4086988648218619
0.06647362562861603 0.12963428884426342
0.8138671361080267 0.16474565107006434
0.7005804896918711 0.6228066381980297
0.9761258152114776 0.20794055611138929
0.3262716288715036 0.7791020884767956
0.8195571700925802 0.22301975177650168
0.5703824464994249 0.0949620890815367
0.4963558956078521 0.0497794293058369
0.5035179688855289 0.6562637968693631
0.05800197299116727 0.6603768061660471
0.33511903711122304 0.17735902582342644
0.6808640084192854 0.07981628768101723
0.6961608656087009 0.07987049344373465
0.8461493133868976 0.6402757255477958
0.6064378995713351 0.9945773381564351
0.05211193120266411 0.7030927688077571
0.7556161886360645 0.45350993622237146
0.4342816366787262 0.2566448201267104
0.04071075382232714 0.9544135224728681
0.7485785451086432 0.6040201923682001
0.39737165678174713 0.02602918386893527
0.5325290340871053 0.6912924242998572
0.838339951607136 0.40017958247985386
0.9014011149677229 0.49537348068483844
0.26965993779783803 0.9054363180896883
0.35892783702143083 0.28983563994997985
0.09371218997469666 0.23718416351008043
0.2063901177866413 0.5377562620892627
0.8278569786348788 0.33018744823461343
0.6191807546181644 0.6225532426708207
0.9684554151629424 0.6623018881226527
0.22657384480041154 0.6209433007852363
0.11226148312152118 0.45176510915656876
0.07827495282095809 0.8465692913222095
0.9106550367650577 0.375537505103928
0.2104289761483017 0.94850671351037
0.7769121729219376 0.13245458434459356
0.6341143131866265 0.9357735827068789
0.392686201658919 0.9024907971512259
0.46095353958359964 0.6171321986073898
0.9670987859014437 0.5122240195205184
0.05332208352377932 0.5948850074792872
0.8903175994050936 0.906628658183594
0.540738370329074 0.13203120881805241
0.8932231124827893 0.34861498537486857
0.7793701212950552 0.92406435886034
0.0757439434741014 0.6202705314316844
0.8481932674211361 0.049855867105405016
0.19866665742292888 0.38354940678527627
0.47319123246241535 0.15048270242235706
0.44720259255772965 0.7731934776898942
0.35008440323887047 0.19052235565177023
0.46932051978757283 0.24095933092887645
0.1964304863314692 0.9932514636374026
0.8678309869385296 0.6477631915426904
0.5055387270755222 0.10934930166666978
0.4824343542248102 0.6091456975010616
0.39749194201906723 0.47812069163061366
0.7364211911867284 0.13949703378259903
0.6666721504166052 0.7709174638467727
0.04244047570168219 0.7117722630771041
0.11053724079483951 0.26835158877642085
0.7627274358477261 0.9519655393928123
0.490997396343254 0.6160566992297002
0.501409128889392 0.32140116320398726
0.027591866621561656 0.8281696081171017
0.5699833293690175 0.30493844696014616
0.15076792074537038 0.4633666707459635
0.31179146864876683 0.8194761226979236
0.3539156856072224 0.9852043796049161
0.5972846403802929 0.7846817312430493
0.3744140336323476 0.9366775955858326
0.2091063547580435 0.05665973067967389
0.6067939168709613 0.7083226851908765
0.02449418001452419 0.21531170711213554
0.6052277697869566 0.3598570551011603
0.8722272763665978 0.0174309621865002
0.7679046463468495 0.16726072140966064
0.6923248110436603 0.6801125152245857
0.8124522868728864 0.31036930791998496
0.158925606174235 0.5428492064306756
0.4494194309084567 0.3904621153528808
0.2402569868568698 0.07172313960628018
0.7399324818025557 0.27299325365381144
0.2643264327644359 0.615390946290478
0.9839928882713369 0.08752734408434715
0.9349469737148238 0.8001005133721656
0.6274827450367194 0.08510548142481233
0.39993325304756366 0.959765684379719
0.5987977679023126 0.45268180570050465
0.9117820773515705 0.5371646168895589
0.6901284318637779 0.11493423021787963
0.8408777806930051 0.9636167908951581
0.08376171876765859 0.015667588592651716
0.8022390944127189 0.12703192344921455
0.8903769777808928 0.36419109016554563
0.4390511003521891 0.17201423366630197
0.6141618989717721 0.8564663435763122
0.9697021682404544 0.040743566135436726
0.7886750656614636 0.9364862047154743
0.9497723713973898 0.859644664441262
0.6377338591852715 0.7502585662146902
0.8263964855609383 0.0043943201897421735
0.5072081071071979 0.5629334973147392
0.7696514078358067 0.4346058292837516
0.9864506139461106 0.059026209713840094
0.9540938371224227 0.6795687373064494
0.09219831900945452 0.1263520476390373
0.9333014349813755 0.6777111123910241
0.6231286233052934 0.43620443490538297
0.0012464713890526502 0.524990712419219
0.8098574416512602 0.3754698951318959
0.46655805897116 0.07121050320499633
0.6830165914501977 0.660789142022917
0.5792053909985556 0.21829257354775844
0.16115058054035247 0.27053668545466514
0.4438609061709703 0.7208344741291935
0.7205232757858663 0.16730602373272974
0.6301793199231155 0.26681007212126384
0.6505273896680035 0.651750938423453
0.3474541101180899 0.6250667681511195
0.32124099541824147 0.08804797038947376
0.989590796515435 0.6863096251181343
0.5937766537008836 0.1719089416296623
0.5760618720777576 0.2955523974181703
0.4894205631331213 0.873986619131478
0.11548534470780225 0.8765537766565976
0.5001607326698787 0.6846806236371933
0.20069541442231809 0.9825473065521121
0.471054247858426 0.8107644978067463
0.2076501114909387 0.07261137193681455
0.813986083125315 0.5299195078105192
0.31524747095330186 0.009315606869471416
0.9227227673750371 0.9961740545332151
0.1890983625247009 8.185676312921775E-4
0.05076596914521214 0.4074124061405012
0.5795306706282499 0.9693809023480825
0.5863629406155391 0.5955297035093556
0.2725758440278018 0.6182970747666279
0.6131317634305395 0.7804752612181561
0.8024159960654476 0.7905379636844279
0.880111664039998 0.4413390959223068
0.08474536554572143 0.06493561663238034
0.8216490636328009 8.016525400118546E-4
0.6627276062331566 0.9195306230815057
0.06538314690191227 0.29368020105503967
0.5707058874154555 0.2067411542222839
0.94569473357528 0.5959697270947519
0.9155502270482538 0.1313027794112105
0.9003349879370838 0.32768992215200254
0.15150235576756044 0.3994659138976656
0.26955135528359564 0.41101427158045933
0.6816054365437655 0.7167281405218008
0.9398799463321571 0.6645709737057769
0.8572824273231157 0.3514165835137667
0.4788751940363145 0.5454698724666769
0.6673530259784667 0.05272534646528115
0.8923991012642848 0.01252303529683696
0.4087565428928962 0.21435185325986017
0.9026937972728241 0.2772915608756289
0.41347365178932394 0.8086645847030102
0.693313126208795 0.7340043349542394
0.4696173353741834 0.28137464510212173
0.3960898883627568 0.4150591343659794
0.9193892056291108 0.29297181207314027
0.20566769268128826 0.9057303104686829
0.5425748088007684 0.9207251102226008
0.8987273258968801 0.769871411032443
0.24147691622429912 0.6938372831740676
0.7078892006198123 0.18781506204151122
0.23166360951769982 0.6243809395089248
0.9543756479427137 0.6883366750598465
0.9126336028449739 0.2179340454620814
0.5788671555473501 0.5684623415586483
0.8434782821439474 0.30037079081659857
0.7265895456194919 0.8380656212990225
0.28084631018871264 0.38105309326681147
0.8405196653917528 0.3006119185329067
0.5499932560776291 0.18770760902653327
0.29569918193870637 0.6870729015409416
0.11442540919404964 0.954561161397627
0.46799777360631933 0.5969479711461102
0.585623283843616 0.02284767987256997
0.2722678418258786 0.36849361730936525
0.07155678846623892 0.3215877238847168
0.6276854963489312 0.8996753349838944
0.20118118879687497 0.336581813582019
0.012173179447082072 0.8720211971245547
0.8818288259501627 0.24684691775768264
0.2531513623193291 0.7914702057405586
0.3473884721180086 0.010264983591721677
0.9684682730843854 0.7534723399566442
0.337390951797616 0.31400139698963125
0.6192079132305053 0.8640113892571546
0.31059567386725306 0.4702904960076888
0.9651785823203824 0.8038860365159194
0.4413997975376176 0.5344735608381144
0.824235283888767 0.11049824068477088
0.7733682690013958 0.14971511192837061
0.4281912934474581 0.3695622979445453
0.31140897508717613 0.8816109158417427
0.34092537201250683 0.6585619449297403
0.022594702547228174 0.09594131005832096
0.8583931851148645 0.264447134170408
0.6853592481209646 0.7541118427182693
0.045602426191592604 0.9099757660826695
0.2777724863970258 0.8533628211596672
0.0822132393589331 0.4662700298858026
0.1278248189623652 0.6226176408038776
0.3862768079865727 0.40357117875834014
0.362128894864448 0.9998799272419548
0.06472642060213918 0.0378400655308605
0.2841723519533058 0.36337742675327456
0.5995876448109007 0.9677656059059262
0.18923229322505652 0.9661905601802274
0.32047443798441344 0.9649068343869015
0.7802887321368338 0.03289205071296497
0.1367911370459547 0.9791082960369676
0.7877504948188149 0.016763491496236904
0.20716045750480072 0.8519929364589531
0.6155340833522999 0.0874432714111838
0.7089503626919269 0.7932505189159613
0.8370123075986381 0.5214000577745778
0.6373732291595708 0.6676034775463058
0.1465759477195494 0.30141437572860286
0.6114830375305527 0.6647463816930114
0.9360286284494508 0.8962903334690288
0.9934974986973358 0.980219510642539
0.00976118786489788 0.888308581050836
0.238223513687011 0.7220903029623672
0.07862905989730873 0.8434702775272827
0.2809665342557265 0.3764814068574307
0.579681685228641 0.5783715028244071
0.9451549753780659 0.8143977074966132
0.05737083221613659 0.7675859965573456
0.8050133171252167 0.002968370295867939
0.8115901648388777 0.6567237499457235
0.6739685692191956 0.2961350163932418
0.7688755957697028 0.49887140509462824
0.906076457872649 0.4229802703506862
0.5653223167489441 0.21591017627387943
0.9956053012179101 0.06630514520608455
0.6432509038492884 0.701245448044751
0.5390171113985643 0.22972847523113293
0.7583816264796241 0.12677172423696026
0.4839369982417492 0.42849477106284906
0.6702524202312482 0.5944352925209554
0.7313033023381805 0.10734136099498093
0.9458428983989201 0.48154642607557496
0.579742948399122 0.5881898719138785
0.7448428894039574 0.8690315870959198
0.2053175991039946 0.2810910085426366
0.1747309812380936 0.5131055359461936
0.35513786992097063 0.8537653593291271
0.3048046561969836 0.9233820690269998
0.6999447193432069 0.5482476345591962
0.21053083613895662 0.2442312168669828
0.8386080986529003 0.8575553601425336
0.48306134807888323 0.8012299229484974
0.7765951764712955 0.33096724813325396
0.48348518075963964 0.37084204630135986
0.8108116958998217 0.3634104079450384
0.24736546960355832 0.4590029257208188
0.14482112537184544 0.44261978684357206
0.35233591688904087 0.13307238438234992
0.23129913576475059 0.4771475111295618
0.2500079022511834 0.2416596542702547
0.7926807329907998 0.5089629483709335
0.533165850768667 0.17811209954096197
0.7063105791976142 0.32629973846879834
0.36020566426286826 0.6959993051993045
0.4570074479820715 0.2355687702606133
0.7909965037901354 0.6687127923992199
0.6578059990149397 0.5255711920715976
0.10182403547377328 0.10034082930657229
0.2187402194612036 0.9629087922909777
0.2417986792292428 0.14126672211841784
0.10388463249284796 0.9944039267423995
0.46908961781068115 0.3394782650722833
0.25847100177111204 0.20050423567545606
0.8625719179609947 0.867364807031236
0.21074961601229847 0.9430628569528468
0.842950116083777 0.003817877390898672
0.057365856086920464 0.08154721981791169
0.057148905319473586 0.7227397621872541
0.02637453912932941 0.09364508379017544
0.9807375214973478 0.841604022859784
0.5786157547959233 0.9293996073108497
0.37538134202655105 0.8175009021026924
0.05602767569168865 0.4524196011351178
0.301790683674831 0.9431393106525039
0.21457343673258722 0.3773753712366148
0.7333633041004178 0.39156657448636945
0.5898105027147315 0.19990402950075536
0.9416936630502789 0.2859058834281495
0.5347326650737898 0.7332130680104388
0.7323486121185181 0.7292006265728335
0.9423666148152683 0.5150842697298316
0.2977859611803779 0.5194937225814014
0.11970582619227033 0.5296444066830391
0.9240181676906364 0.09655917530846592
0.014917264936627928 0.40018355361860847
0.0386011176866371 0.11924231799699325
0.01635649694497532 0.4524651626654991
0.11975359125220841 0.9561537924488676
0.8397798552304563 0.8223869699292916
0.7998896596231759 0.28750204619753383
0.5992428367378866 0.08751503029116048
0.0915736778271502 0.9621375173743568
0.01752560137793613 0.738927980112011
0.03988276531985635 0.23142132137687255
0.8735286032073667 0.1779722076918442
0.26238949078021356 0.4903198310336345
0.20693243344562706 0.8219427712303817
0.7764530382781202 0.6961659898678354
0.5045172976823246 0.33336922644674083
0.23323457295526018 0.7068169665695396
0.07788988554983345 0.9494990870715048
0.17882831358502416 0.8824770399870957
0.10896632122362004 0.38173631867018776
0.24512669871649195 0.4292435484759214
0.38741153823579866 0.779205630803591
0.2365150935885072 0.12747285193684899
0.5933372658032009 0.8062782752031303
0.9232169235827106 0.2843522115110314
0.08891195211014902 0.970808106467361
0.9780877066627371 0.977602603598439
0.574138185788688 0.9579915271587383
0.9008827200500927 0.9160269900507869
0.6349037087869518 0.8741786259637561
0.9624992270130286 0.5326564534005752
0.1655147268045415 0.9856270841120094
0.17142117236039267 0.24753721106369586
0.8832712965201301 0.7491040943386962
0.015570897549686769 0.18973931726296633
0.6692458006733335 0.6744061729425413
0.26499838551070776 0.05195764413789006
0.2672779408703426 0.83328041178613
0.4343158628122742 0.16611434508574718
0.9523003780344526 0.6348945756987514
0.5985116400552616 0.3346615895879944
0.13946136527042696 0.824918425545077
0.13175367830217233 0.42982193775946786
0.5471116461373129 0.5334415791701513
0.5960203362366335 0.2817928592379545
0.4495752747415124 0.5963678815160401
0.4448716937775763 0.9169813414885942
0.7597245893163311 0.3055905850678221
0.42740199822656755 0.778623099939551
0.16673222724893566 0.20516579306022842
0.5783898439240229 0.16468026552251847
0.3209733961069354 0.5438668241131158
0.46288971728991557 0.7517004963791106
0.10590455929019138 0.5189152309378077
0.9069847427889118 0.7383592844155477
0.3658448622685804 0.5013488429551215
0.7911471332884957 0.8386964447931737
0.0689394399859885 0.020401123211973404
0.6086295930413798 0.08259710420921751
0.7761842309269349 0.40243003423136725
0.3985372066785484 0.13985591377066142
0.4602443700893539 0.6093489871186757
0.3517060374139852 0.6742029395683402
0.17189927402276683 0.0021762006894606722
0.8572412603981835 0.054958359433785575
0.7872992076344351 0.4672329954642763
0.008544232419565256 0.6065222973309693
0.08581958527091316 0.5856856993556231
0.6198841787200513 0.4596950527362753
0.7061513272125862 0.3015396497282571
0.6180473685572702 0.9838623315473045
0.10736640452912272 0.8488581641183994
0.26832230952085534 0.725368933662523
0.5220497189259087 0.5358932165640976
0.07005701395868447 0.7549431325229454
0.030190130044674524 0.351978315460597
0.3142501880109385 0.33582391549924895
0.3053745967529269 0.26244925202950675
0.2341152747200418 0.8642811670955803
0.28893126316165096 0.4875207290478637
0.3992824123087242 0.10550903125697009
0.03301876196082376 0.02296255650364254
0.5052803649382802 0.850410942087876
0.22026090632606843 0.15358230287495866
0.9921667367491782 0.2525842783576464
0.4153766281972471 0.734935430137085
0.9896514083335907 0.26985156265107135
0.9333577287128969 0.5743482574252222
0.9307848548721059 0.8309742167674623
0.31909765308500826 0.329253011376454
0.8022592507407207 0.5757238923635907
0.8249767529023696 0.9589981179716544
0.406597124243965 0.2752754986882846
0.9457601053044269 0.9157115162553737
0.19997896379065472 0.3299250836567289
0.024267048292968996 0.9404579083558825
0.23918713136430014 0.06242476496636373
0.17662135319310013 0.5428459449268349
0.5221208265155128 0.8777662375857875
0.30249401995461545 0.9854046998996199
0.5385628479993843 0.7440328404626586
0.7436013116530038 0.8684631103815622
0.1613555471546777 0.8639799391669716
0.2328227155077739 0.2169300055552189
0.10287025484242707 0.8532919541159972
0.13665480871161206 0.30728677189427533
0.03763038523511997 0.21900353905713543
0.6353185465371594 0.34126800648772726
0.1491758932702939 0.4403617445800999
0.40768951597752323 0.4721206461860624
0.29773218207309116 0.494444518014756
0.5923214224426633 0.6199949596340198
0.22497442226177133 0.24014060580232088
0.28118553961340476 0.9749357882721128
0.2131535201859004 0.6766343786139266
0.5693497751925696 0.07910606400405751
0.39807758909325885 0.7263285879105535
0.23167280197668372 0.9042885247649609
0.49891856365332765 0.8571770206701381
0.42669048033226087 0.3963761268192657
0.07254080263563156 0.5556879085872563
0.4382227054315685 0.5454752155356491
0.5260244497400998 0.38939815660835153
0.35683123466987154 0.15840995707579486
0.028283516702476752 0.156407625573167
0.776110066921795 0.15983013826167258
0.15015467206027566 0.40960159657225803
0.03289132893686242 0.4287891778049441
0.532059694229837 0.46447844352328127
0.2558019712698777 0.8895725556972744
0.12932078008038117 0.8520392202755512
0.5032072491851037 0.8187213026621251
0.6174347161998542 0.06198410900011175
0.5694291965161299 0.10460944645947012
0.35308844036137 0.3365004132400431
0.6172293655934059 0.5015976116544516
0.8814247900216099 0.22121549348667358
0.654897090231233 0.7577001007264026
0.3560443258972814 0.5574272852325486
0.017885807168959933 0.8628659026063343
0.39545521383097615 0.6085137362478297
0.4377916618743294 0.564388622057148
0.8381598864012518 0.05346227555981786
0.985570026885785 0.7266244669086479
0.578293827094255 0.6517485990765018
0.16123744975544974 0.07411091670918724
0.1647083690392046 0.48633393404221714
0.6689078651730014 0.3503435673165276
0.1286156836024529 0.8253383376981571
0.9638632331480572 0.9488820701016297
0.06839134362754873 0.8079873258632444
0.4874610409781225 0.6291204012629144
0.3648554486043243 0.356717338727624
0.6160319320436806 0.015970743954470623
0.026330945333020495 0.9448655271184175
0.7415226175478606 0.20087432664180283
0.5700034742086432 0.10815775989642196
0.5744909364577719 0.9109665012025475
0.0345840069346115 0.8782479961589454
0.7141611113813218 0.39388790884521985
0.189002211266029 0.6378514000929163
0.7655990811188925 0.3776464761476397
0.7528345991595212 0.24955239931242956
0.8006693800939488 0.2081007820747235
0.9763987404974326 0.6941580890875473
0.7572864254939736 0.5410476024211825
0.2419207562723057 0.869506249770714
0.4505745925686421 0.7715618762608699
0.4419100438267055 0.6469268607383478
0.22990343496136767 0.7201506597588453
0.7668522556064502 0.7600940963115206
0.9573653798795103 0.9634468014457633
0.1915570594546786 0.609796043086806
0.9061153282036664 0.5965824788193167
0.3879750866565035 0.6081871347340517
0.38109264172803703 0.14504633584290627
0.012023806356046829 0.25737871540380264
0.34999820898373957 0.8057423042782258
0.312939351760134 0.7597610159280995
0.1390000398218908 0.19013234004288782
0.7958979719137753 0.5912396283427754
0.2954931124544231 0.2667588416940553
0.23212650965972548 0.1336084030818756
0.049340541177451125 0.2561074384599008
0.6554490323054841 0.15856977648952064
0.41437414458105404 0.817684040531041
0.11019233889442515 0.6834523127184258
0.8635353184477658 0.9873446191242693
0.8226001279931747 0.47746512924771645
0.6838870906964403 0.9723300717806898
0.15638200169883787 0.2873666356036477
0.5718311541901707 0.09212284704681872
0.18275020351500992 0.6727155677885459
0.7642146196133999 0.8651554110058755
0.9462732053796694 0.193410013776808
0.017612529515419806 0.4845655053619441
0.5401023731601898 0.5760102136285405
0.045924541270842 0.7006067311183081
0.917603864198255 0.4003793579878687
0.6055248942098418 0.43298709637353394
0.9621549546704109 0.7944657404564045
0.27755702827169026 0.2733224039546239
0.7128404896982735 0.6025892935512283
0.1385651572113421 0.406055202975121
0.8010112890111409 0.5013834151886849
0.9335073710473264 0.37560424790666913
0.0911436305501977 0.577583587932188
0.06929567846392992 0.5581734629433828
0.23916473620213563 0.9531416163372418
0.7323604228760157 0.15856340262760937
0.38238638868610353 0.14568515354955325
0.7003381214065513 0.04549210209094723
0.45741489819520254 0.9861297321305754
0.9658328202022551 0.7633469010142123
0.7058825190609067 0.08029055245081185
0.11930327575755728 0.6139519948444639
0.7725716301519913 0.9976298958993205
0.5484794399583076 0.7888511100595808
0.42648019196771014 0.5978153355729761
0.9033132173011688 0.15076888019028112
0.34260264524065875 0.16455261763015883
0.94832038050054 0.41232797747733074
0.5706778283857846 0.30619670203907723
0.8782719068866837 0.1407636344984644
0.2868814754698613 0.9039328213525235
0.40854432436480115 0.2292909783978112
0.17541793082667423 0.7408593120144981
0.4680407220066608 0.21894498329834022
0.3191915862283433 0.8290921460966684
0.12044514314816268 0.12912627435426438
0.792215759741203 0.8670508950353242
0.4186749561096009 0.2607509632982282
0.24114317608057612 0.7053743553636066
0.2577473568520986 0.7728158521996551
0.6192782936651353 0.17745368849857746
0.9328774735395521 0.7013552261499055
0.8936588692686489 0.1593593924705229
0.0324772707415244 0.4891787586690951
0.9842705094307834 0.2639779533457396
0.49982617365635196 0.02544474111962647
0.4141843332819658 0.14546288945926145
0.18253552871464196 0.6560365947315631
0.15038472609611664 0.9926439220043952
0.9555309230377117 0.6188746826924344
0.8972804983315273 0.4238271512192334
0.5511277348746562 0.8827095717103608
0.6683694603227992 0.6604583287618541
0.5588768700871727 0.42360711242565574
0.8062530609130647 0.5534098637188002
0.6682092771790812 0.5602493752723925
0.747173961537807 0.7631919744931303
0.11850965938811209 0.08733979987185647
0.7334762239672852 0.154176838569121
0.49410035665719276 0.5958151914197732
0.36586477775250015 0.2529641257398503
0.4557195420842137 0.5492307711576089
0.3570661248534991 0.4423049608581333
0.7354278403590799 0.39759887981353104
0.09947052782438282 0.4145406396467214
0.7384800411876107 0.2531258464597633
0.6915608812931445 0.2923016897315577
0.3935499787797574 0.4267059093332307
0.8814111639802031 0.7392513688829744
0.47179771360970313 0.4296944643929289
0.9802632056883817 0.3299473010103374
0.45562036005263207 0.8823979443447356
0.17516781842923668 0.4254337604071532
0.17952921170823666 0.13888058516328072
0.8269017356613091 0.8099661393650194
0.8884470746005596 0.337103555018903
0.27784988296385593 0.38430837356601844
0.06282189557300444 0.014074827319165317
0.41426760491367864 0.2823330618859037
0.345303768012589 0.38760332015304255
0.7283150950012637 0.8801928961098121
0.17033420629433949 0.8994140115554329
0.9074822606916335 0.3011215268339842
0.2458484291747598 0.6387953860559982
