0.5618220832888818 0.6477258639724586
0.7221646660612407 0.12354647008454367
0.22748515414782988 0.4213127171406671
0.038101051382155915 0.2951362455834665
0.5683333198937512 0.0710319294508156
0.8263421099681224 0.6588299268736587
0.8692573297644847 0.9183666991519509
0.2547907789341206 0.2430817261342766
0.22276688349176665 0.4701527119585839
0.9460305573740143 0.27461585599408667
0.9447114066318889 0.0018263344209898946
0.5211938491109027 0.27503416438028794
0.2213401201077787 0.6603194546581872
0.0021380913024356962 0.5478132778653511
0.14422646796988614 0.22481500894801643
0.4125364335753373 0.7725185854580813
0.47805766627074675 0.9536164458829341
0.8725913320726363 0.10372661661403138
0.4760174166869694 0.26667352456210736
0.7174305256457515 0.3840610214282004
0.8084663069268822 0.3658453086525545
0.6858470618358897 0.823912071746226
0.20285014073563268 0.2787711945851177
0.023896326608414897 0.774823283126444
0.7062445177948876 0.2272590661029804
0.4269643875065783 0.029192437384369274
0.5766691131980021 0.6673892684904864
0.10427381711094175 0.41584955827759906
0.6852824134631087 0.826071883409785
0.8913946432594562 0.32923684799913244
0.9687941411914255 0.0675837279378032
0.2591796214353308 0.22933102609235356
0.9099089587419528 0.9636511802715223
0.27164450895506975 0.08011184388546366
0.24334187872306356 0.511933114481323
0.030665708308290074 0.15629474189805015
0.08592215712081308 0.5502979921806378
0.9119691507839502 0.6412098106304012
0.47152897404535576 0.04807797684790083
0.9447358646841791 0.9631231831896938
0.8350790067876279 0.620521879667426
0.016251195767684856 0.8729610889641669
0.3345125336966285 0.30895800786446603
0.19337635949834664 0.853310628695491
0.025700811400440116 0.39671689704405133
0.34422216014296625 0.5667360700124968
0.812424751426976 0.7896531832590261
0.41625706910232174 0.7008624414683648
0.7820508521359271 0.2801445696568211
0.18118228482775744 0.7483434605830062
0.00725734694078084 0.8347352629879626
0.9922591908059939 0.9717438671819814
0.14513991134671644 0.8981302794150207
0.11637518192883634 0.04653102605296444
0.19725253599613268 0.590035632037484
0.5009859279969495 0.6497842919828603
0.6076165723960729 0.5863792832759783
0.415173640370626 0.5678949135348917
0.47045645246399403 0.4227359680118652
0.26441229561384083 0.7334432507021391
0.9953980765744133 0.935318637794802
0.020232525217999342 0.9696040342507062
0.5350916470298248 0.5636880328313064
0.12883031768524633 0.11984471837443245
0.41869817737849624 0.279371172462067
0.46676533483980187 0.6713456450437356
0.5544043819748382 0.9758684425526912
0.8972459966788984 0.9424854468761317
0.26510828714780765 0.25806795630125245
0.24710053675029364 0.39789822797971475
0.10364354788527497 0.7028752714296173
0.07238405070125253 0.6790241404009083
0.45738791675472834 0.8279052439870129
0.40967389609796845 0.4937382624514942
0.5968269440786115 0.20137208345466295
0.8204568504463406 0.5955572092330258
0.4486211578284256 0.35385248751711185
0.42761310390346574 0.7010867279682652
0.7809516517375408 0.4113862549508428
0.3158538723088473 0.34378769437054346
0.6773947835259604 0.6594173028415583
0.6220709115654519 0.34280196929692763
0.14530427879354313 0.5683673826208887
0.8769076450749342 0.7774935867467595
0.45565478438577345 0.16417392532770891
0.6754632053960573 0.10152496330208038
0.3435277086933407 0.01091217123473498
0.5528927375737528 0.3047015748084311
0.5118973101578196 0.48766122972938986
0.019767847725135068 0.8364831497656869
0.9761003183545653 0.4880622733666783
0.07241384665955364 0.34197264536479366
0.6623503945612542 0.14855670697777146
0.13504100890757098 0.12935937962295319
0.3308841558829031 0.7200808271620771
0.3133392721370134 0.6872058173350779
0.33280257542497305 0.2380324660114682
0.043307017938587045 0.5006320311367635
0.9293981998192387 0.21661460412931788
0.7044361732758161 0.8773661278347415
0.9037347499090079 0.19619967531533888
0.5329778823165626 0.4877923482583111
0.9764728701140949 0.6061473415735584
0.21886357315214067 0.847543217283341
0.10141156352659253 0.07054771355113687
0.8989590189483748 0.026845834007232505
0.060942262775181555 0.9806510450081068
0.86967958741948 0.45774668512832317
0.907588426795743 0.8852839447605834
0.233597026361819 0.8285032241276581
0.7050301666266371 0.009341125732588162
0.8675191641214105 0.7038445852194033
0.7104905998011969 4.8096121872109876E-4
0.5536262560869468 0.6904679558098762
0.6100861329601033 0.8254420024515645
0.8505982970586727 0.6790511355702639
0.669720460847299 0.5899369337466384
0.2982699911191403 0.9372258131962155
0.6963280066935036 0.9398690097710208
0.8472012749946665 0.6023701382021092
0.517749213218161 0.6166557262969067
0.9836527434566025 0.4287434930974885
0.28424695884966633 0.685733071083027
0.8808071601797204 0.4804000273436171
0.2706493473913605 0.9348528244027544
0.04867973939540027 0.829481944001956
0.01533142152008471 0.9475746268764996
0.37801136557424087 0.21890721304517824
0.5707241052709254 0.39739348843515865
0.177540141827646 0.07913100573631582
0.35976609178582164 0.179232434068769
0.7893993363643877 0.2505735118220933
0.6336901073236773 0.09756912910481674
0.6339897876533084 0.25647143382867654
0.8087623089033075 0.9642542116836116
0.08352778046728715 0.9953242941317144
0.023069486042226583 0.12411848751653043
0.3925701609145936 0.2777706049650194
0.09917596377645566 0.6227547708221949
0.024170207750268347 0.7196433861683631
0.7244477685750803 0.4583995203554172
0.10191959583022525 0.12111820365594717
0.06806935678155301 0.6186283881857602
0.3909828857628095 0.6112811248130117
0.24225360607799595 0.892618654468869
0.16533300565546827 0.5181081194499987
0.9848730810099652 0.7710212175586806
0.5537474129121333 0.13576149146284955
0.691716942804328 0.09802303575218974
0.47372636251322564 0.30427266854580937
0.4588042650387252 0.523970416554333
0.06034621804681328 0.9910952078654633
0.10866144681702283 0.22196287618608845
0.5761623060784383 0.8696756895143666
0.269197453459723 0.778115790483003
0.14862726933572068 0.22710420559268885
0.44978781769174614 0.6427293227682815
0.32309289019428133 0.4010703662133175
0.7164042730130497 0.03839060829252039
0.34231405553750904 0.3457645236422181
0.006103904852509223 0.76107454240545
0.26747607627038306 0.8570284840667687
0.3409181700057924 0.8815977426181302
0.5411174131206128 0.4489733214735022
0.2021582593598601 0.9573203033245721
0.3589217813758856 0.8674468610338297
0.1083807468414465 0.9977770214824964
0.2652051058667646 0.7501464733701654
0.0037329708366162784 0.09296111377052751
0.7160241420316392 0.9988377264945635
0.4081252308325998 0.30927060678401685
0.9641856484616182 0.016053109438304514
0.40665228569133827 0.18566810169144599
0.5120359282742146 0.07680888623414284
0.4629142960260504 0.9213922945649273
0.5507625414758055 0.7552930401416693
0.72936325320529 0.13660028477456276
0.2590415976326761 0.5071400518731055
0.997527599849661 0.9086070232061491
0.5692151186673701 0.2198236457499334
0.6819445752681204 0.6389290196532829
0.025785109855312904 0.7868617615203747
0.26385592003398173 0.19012695392693757
0.6588622857676143 0.5359423091620816
0.4341998541739478 0.6464821529883455
0.37430870145462847 0.6467428602150026
0.7701577081033621 0.9988301787682873
0.22266558264930203 0.5311304891933881
0.15549158562643628 0.03141402832224183
0.05055901657926709 0.5165929743838863
0.31213453510765377 0.6974086812084702
0.4611274382573205 0.07316614608735794
0.74897229253022 0.30980767024409883
0.7141168454352415 0.2547861947505726
0.15348181958392493 0.9456512693135389
0.18164117686061276 0.9879102959661437
0.7528685581213982 0.5641152774124414
0.24220642718088659 0.33341214115207984
0.45357057581181426 0.47276815872523215
0.043449084589741505 0.8721741452104872
0.6314748532033583 0.9413434130282731
0.3931410081021576 0.9204607801610473
0.2899170715408439 0.9586633500722109
0.14836423800212473 0.36807311047392055
0.9285129532935494 0.355889031756465
0.8643605896409551 0.5504471317172348
0.873096096000413 0.7780608597088727
0.1374132753572357 0.7152738549473128
0.005513162444633846 0.2759326199291856
0.030218206905808787 0.3248822133139445
0.8017544815016379 0.6113913879519259
0.20355534295722955 0.6475406093255901
0.33787414537401517 0.7222947444915535
0.8946709926125676 0.8339964100974483
0.45538091471788045 0.17634529745445826
0.6806343003777396 0.9499871837642004
0.5912568619588555 0.8586622800726663
0.044032329831523276 0.2411214927651244
0.8724883158746872 0.5839985231405841
0.11871982672624193 0.24344064870450655
0.9509693535765151 0.8020903935753491
0.6349412069275877 0.2211377025883864
0.711865112508621 0.07341738319795243
0.005994146674278444 0.812323187713226
0.42699867255965107 0.5326867866357731
0.7027052196309772 0.6943918497746235
0.14455166367396488 0.1286486517808787
0.547340308973583 0.5424581821714883
0.10734569841752772 0.0313841933899045
0.3251732069651583 0.5474929711541067
0.7741977961783353 0.2320011832963481
0.15978831151930506 0.2852069490022422
0.5823197504909642 0.024707611546190722
0.4272940330247321 0.782391709472917
0.9334582824208856 0.7575252030564954
0.5949756240685659 0.214342243425646
0.012448688538410413 0.9654423163555059
0.26151767269336434 0.78514944618779
0.9540819159403339 0.7585957404343213
0.8487777693781907 0.9920648212713051
0.5626611501502515 0.12810918763183154
0.8491947035125067 0.6558039386397981
0.2583507534761774 0.6535061777452208
0.2682659236517846 0.8105693442003437
0.17539687725915687 0.9481531237432091
0.9181307417706269 0.7907370688196722
0.3695256937403858 0.06297838354050334
0.5161471747082541 0.6255658702121073
0.9053016390825405 0.9837513483979224
0.12145182816614541 0.15895147695342537
0.18895473073493774 0.30349550039302486
0.30284406348581505 0.14816304142513492
0.28816274101785233 0.12914746610183536
0.5729370254423125 0.9636621118041748
0.13749995495494738 0.29036398252098683
0.046369486877843924 0.4115195467833197
0.46674169388199305 0.958417647428746
0.9839747176349656 0.6306089568287633
0.008939647763322789 0.8544105435480844
0.8701532373373254 0.9786697407088991
0.04615986165221675 0.3285752693662628
0.9372985976599149 0.31449710564610656
0.6330018626516704 0.7262208109117383
0.5989765776212191 0.10792977928635894
0.901493818562008 0.6209201311087414
0.08265970622102992 0.3649707812319968
0.6956854437926157 0.6918258315053301
0.6631708057365316 0.4422908031994013
0.4102363156656851 0.24953850350456241
0.28959068012912714 0.44352697310838707
0.3145249575546406 0.6737422937436
0.07123636492161123 0.039204955310355505
0.8322791183386351 0.315860393299611
0.042418699672602034 0.23277547320640224
0.2164557332537671 0.7412732439364809
0.8610385207796744 0.8071708589617308
0.8100743375332533 0.5381801835266891
0.6126831068653906 0.9294513646507123
0.6159352876475117 0.3039752739192316
0.6897359741335684 0.6655245758572872
0.21162995746394786 0.8350467555112401
0.7941140426521726 0.9625860512405168
0.14097718788440983 0.9921982649201518
0.4725987520937448 0.9938424386343253
0.7889962495965057 0.19142975303201692
0.23532843997485042 0.6282433959648386
0.4047539626906599 0.9786044618258646
0.23087127652186878 0.18736187384211989
0.3748991108913087 0.6865677290286228
0.65539951961454 0.5822268998651828
0.0704250047484779 0.7445724487353856
0.5588373174604897 0.3848266923945829
0.5901766063937633 0.8124047683393322
0.477456058657883 0.38216446723151787
0.5068458281785543 0.5453930160298056
0.3702426636559728 0.6851627620464062
0.2846749999905921 0.46152179624769674
0.6654677051617844 0.5203767405986969
0.38281488485152215 0.07816231848544863
0.8342321655910525 0.41939059111483357
0.1842605459747697 0.21346868203360692
0.7993726014148076 0.6389354397705689
0.7975144151995381 0.10627954562533204
0.6609569608024655 0.2941810434701154
0.4666031985778817 0.7984034143625383
0.6737035223141026 0.8683178895045758
0.794801067866309 0.0444543771769228
0.14700858905408787 0.47346017012441455
0.23838856426675303 0.8669449270952302
0.9548687391020374 0.4810639987207268
0.35900321835208115 0.7581312734676581
0.6408357996904556 0.9144698915322755
0.1366143210183498 0.4451452041510163
0.6822440608505674 0.30184186841716887
0.2398806539366981 0.08123637281512786
0.3383006469823814 0.5246901806562997
0.5266273176110923 0.7034874282715667
0.6482319882660292 0.56532837311263
0.20440316015647575 0.8061534273451978
0.5685300259668369 0.9560295628675257
0.019557882620387046 0.9188164058152911
0.9424446035657497 0.1633109898555023
0.5630042498127033 0.1498349292745793
0.9802187156015901 0.10268982860331599
0.2818068781536822 0.7581070415019432
0.19516600433928555 0.4724170780588114
0.06796623451139339 0.9499549112451893
0.28854050641986106 0.6191112905645123
0.3592427805214935 0.262977743438188
0.30525101690439294 0.2038766234305145
0.5315927977557049 0.0950092672730033
0.4928233528456165 0.024404950761235944
0.9887640174059016 0.16385449509076777
0.6876159747188002 0.966725237854245
0.7618255750644626 0.9422702641632589
0.7251450752007008 0.2096775739129696
0.6198836425572911 0.40269225847119294
0.32547823030265977 0.4858531826207846
0.6629606393678791 0.7275012613180657
0.14000552921268272 0.41465627838145824
0.11899195756044223 0.9931595420561399
0.1625002979914597 0.6663068417869303
0.5991215983195795 0.2203378543028639
0.505231879813325 0.9900185442845152
0.3789537817211369 0.5971927008499353
0.6199951395120774 0.9452489122509405
0.36814494100571116 0.12924184007739747
0.40427288958597507 0.5118340637047575
0.306696299989353 0.44682619699408
0.2743486163616292 0.6229834765509024
0.3835345567570785 0.009934226708224858
0.21003876179423575 0.06452472752212912
0.9114440782115023 0.490204829536647
0.9798155986300539 0.11445242614088413
0.9121411753037922 0.6812133799946277
0.24044245580079526 0.7587488683104285
0.46625709367139767 0.8906844970426349
0.9718458064001485 0.31260912547973196
0.4652231815917973 0.40206480549642487
0.7557991116663234 0.8006160314749617
0.9655283627618246 0.25792736009707695
0.7360957318049648 0.5050758964460823
0.6905450685908291 0.31396859134032407
0.7082394793855713 0.6786386697430161
0.35109727451672457 0.23989822815231265
0.6782826806233795 0.5354913996789664
0.363169690840518 0.9023108836334502
0.40329383308838906 0.28482683201860015
0.22963489147089777 0.3546677620997355
0.8800375869675523 0.15095421668609355
0.32260064911941955 0.48080559122403665
0.4838025264331184 0.03633218955908346
0.05395739363246066 0.190929160555233
0.47591243877740896 0.7269688806825457
0.45393100623659133 0.9528326841873351
0.8963095279590454 0.31404756734272554
0.9909241580029621 0.3561345992414676
0.436698826114831 0.8113005780455823
0.06065459727526901 0.35359914121570346
0.7500949361631771 0.7845684353434391
0.9485764333635561 0.8011573240464127
0.7942137554464955 0.17814480560119073
0.22679623114581038 0.9270289028403428
0.22900314834415303 0.4219223115149402
0.48517296120110665 0.40038601731857937
0.5927089066319179 0.33401821307866264
0.016016860512945263 0.7412881911374485
0.9662224222082347 0.2954726131570137
0.5727790016815192 0.9161575987486703
0.10205988558757406 0.6667768935970891
0.6053503224283048 0.09685224737244458
0.542172616038895 0.44040288611430845
0.43806461635527527 0.7264344321975845
0.0778912842652083 0.6791683738717968
0.7012274361606234 0.23101978117983657
0.015656898579012424 0.37718810494258226
0.952968763360014 0.9446326735152135
0.10379418287158626 0.998323544652877
0.8354441425109745 0.07278151800848176
0.6484338791510653 0.09645887663526065
0.29788549638939044 0.8105075444454405
0.3007920922323154 0.10259471602860226
0.3887295828641426 0.05194895216529749
0.23336661226600708 0.5756649206702671
0.8700280706844149 0.48100208139726564
0.9392117402589962 0.9571462243704006
0.43957063090013826 0.21644964003314004
0.686304174737573 0.14394424656585514
0.6596278955170155 0.5999655688605647
0.7381148568845156 0.9997036488923102
0.7859490210861185 0.1616951482464576
0.8118526346311518 0.2616041111327557
0.566623860750545 0.27564761765053625
0.8874473092716831 0.16786805715100162
0.7376472515965924 0.5259281627638012
0.40319144534009876 0.530619975445694
0.38049895459523375 0.3448747310586955
0.07806162990131338 0.9094012704040693
0.5267796665524956 0.055454687356285115
0.08609133160998328 0.0025587895907502878
0.3959198417043397 0.05281487951021491
0.07476953521411311 0.3668888140218377
0.434204798369465 0.4936679194074648
0.5672902446960303 0.10033299657497241
0.8868360430575161 0.5272370087618561
0.6175802613456407 0.1781862831000609
0.9794753974576397 0.7977696793896599
0.1973833566167017 0.7201910842658119
0.911694871064887 0.6761711736036471
0.6862813667827597 0.5840559598321163
0.7719822673162221 0.43709597446161175
0.008383588732291614 0.33035145672640565
0.17242823234712767 0.3878760507351956
0.4135179700418856 0.7843992712270411
0.8709481609017731 0.7769528780263052
0.636108696765543 0.13268547616601534
0.8998676825930388 0.1620196196373399
0.18152676672364343 0.7344920801942023
0.7519281170837925 0.801868731999139
0.787551310635614 0.6038561115955171
0.9882440471155894 0.5509795639443519
0.6876811889250066 0.8226282719210808
0.22747230680204733 0.6821692187037239
0.16338812258575452 0.9823184402880305
0.8514276860341096 0.040169532314682566
0.014003671383924887 0.12057857641089431
0.9196077751897788 0.9377814209042024
0.9957844953161515 0.5175880879572863
0.7235656357472247 0.24629759523862726
0.9858016183055089 0.14827045418499063
0.13179524613479665 0.20317315612104603
0.6116507357563669 0.5481842039311129
0.376772204813111 0.5624629846268352
0.3545830575965224 0.34409544212435217
0.21801732338853008 0.8473337409921307
0.6815062838370859 0.72465279646232
0.47852884611973034 0.6289974451674607
0.5904084646985399 0.6822502260393962
0.7966542323432999 0.9527025835847515
0.0641079650380515 0.944076912695648
0.06144986110988293 0.2589576940778162
0.31883460118549 0.1285175314686109
0.4068034440384627 0.40695178177212055
0.4069988168422226 0.8124801217324161
0.8280699889117352 0.6971745955320019
0.6876071557897464 0.875893434571336
0.45469945217556296 0.11152887971085124
0.9131335112131638 0.7015288986924441
0.2633102796774691 0.34176614988740306
0.19825811497887302 0.5514668791414234
0.5478897094270148 0.5608662511056128
0.9337365628507364 0.7159409568107469
0.7772784167394158 0.30701986673862824
0.7877640025466736 0.8359579643541869
0.5648234185015438 0.2961631346375908
0.29754991903680594 0.13800522232612855
0.35105986453458293 0.45655098862242527
0.1954216827504539 0.18732131826459342
0.05750896818407625 0.9876467827923553
0.5366257706487473 0.16561983609749875
0.40815571633429226 0.7856430508235638
0.90009739707157 0.6098203989627915
0.8348965533511086 0.1492187569143535
0.4188210832949143 0.010254614312516397
0.884224103017576 0.28167653630006473
0.1630057961863931 0.6599794630880228
0.8246421491588591 0.7393927626684039
0.44715015753643417 0.6712439126401323
0.7177808506605339 0.6415525060585364
0.9611749725008953 0.13081912556339548
0.5609090133267844 0.1524302748022457
0.23615115835594747 0.9528164677526633
0.23451592780533426 0.47501671812883806
0.8467537109436011 0.10578179576715385
0.8958631474840812 0.3535801293236811
0.9254230942010079 0.5402681531183899
0.14788183956763823 0.8727912421286999
0.01731731354739574 0.3237535473022699
0.7825187797430511 0.16232835433810977
0.04048965514934033 0.20168420063856984
0.14861032318161493 0.46841914962274755
0.13232825276784166 0.0465880583794811
0.2265901430047519 0.9375645890233446
0.4611456678173542 0.4316168175792766
0.3058134052837804 0.3727291159032058
0.660907718495848 0.8705396344610165
0.7550060507450728 0.16857110121718655
0.4074429118352365 0.10312483232834324
0.752325287293535 0.6098255804519529
0.7960746936919553 0.17301088312490842
0.9987430008942703 0.725741058568454
0.6034712715768585 0.9445811568667893
0.3769411117410536 0.9335113240629446
0.22060825852163246 0.13602170261984659
0.23763379384584093 0.7749316688461713
0.029091602889373736 0.9076547963425585
0.4962089939440161 0.15304832595151563
0.259689944183362 0.537805697962853
0.004807000326998656 0.6093592839418683
0.9197763853682853 0.7428733053946531
0.7284315581483459 0.34716314043138774
0.20548202257342518 0.7539403507736089
0.0984145706404348 0.9029419415986634
0.9247146963850551 0.3491720565370452
0.5425331315664476 0.5952033344887273
0.8487980090867804 0.6594169151366795
0.5983028241520819 0.13899589550969793
0.5833374954566476 0.7138366151312221
0.20444900679146394 0.10435089055795344
0.5030218383926522 0.373056849973209
0.7352837603572715 0.21819268815378257
0.5304195539984002 0.50924441489339
0.0936927099542072 0.8617991381803823
0.05543169991158092 0.035680290826751615
0.7106627425132909 0.49968238568824763
0.08991438412806685 0.6628120061134543
0.6127580799820543 0.19079920080679635
0.8310849704808074 0.06343355780932658
0.8136786979586063 0.7792898198395014
0.16767827059442586 0.46655409288354155
0.16201176105033666 0.839482350061667
0.3044204768039048 0.5676814782838465
0.4345131617782406 0.958689687079287
0.6032396924430733 0.042660683667244736
0.9027328614314489 0.4813644995992825
0.9437341898954035 0.8828707685203636
0.8205244643977619 0.40946695514637066
0.39077040985614786 0.23149853425445477
0.2809556863060104 0.7564391340119604
0.7236847703808356 0.3937710799167339
0.6733632482043433 0.2859687922801012
0.42941456983383275 0.21844314037773405
0.5347721114767919 0.23176471865608128
0.09098513391817198 0.10349961874501212
0.9346256063267692 0.2908541935540899
0.7131317410759319 0.46594754099148183
0.65774952790148 0.9104531466264452
0.4184363140400459 0.6337356991450217
0.35769996161761985 0.6472476761386455
0.12021070111794341 0.7672543012485571
0.5411208718309296 0.16796527619526536
0.23245984383680085 0.5985314885036984
0.7134642844433191 0.2814031657261479
0.21260949119915595 0.4881566008994793
0.26740275242536227 0.24461970516437148
0.7492849114280139 0.5431253123922327
0.7274892979386951 0.46978446829973697
0.7052786587747386 0.3132150579191958
0.7780981841845813 0.6732213942404791
0.5049465925989206 0.8891634280223237
0.09640464931135051 0.4544683675231145
0.515623612931283 0.06283635464756743
0.3881400031198863 0.27071599530945534
0.11425131869184313 0.5777369686696929
0.18108367350075227 0.7807768834928658
0.5532622601091284 0.3976198715654663
0.8697311834311131 0.5727764445653732
0.4438659352831126 0.35163994567443124
0.2243033626988854 0.3610446660758747
0.6602344786902775 0.4763786120594744
0.07823845399145124 0.8402278179313153
0.7346864575815236 0.8682546900913622
0.19053568212744365 0.5184279170122063
0.3618193986895597 0.8842408244627542
0.3427953345459137 0.016216852265527604
0.458643004738681 0.08447104528308724
0.5755264804999516 0.514661119479836
0.3381167843375279 0.3972382694489528
0.0942709983766925 0.2630324054613663
0.9450968625450858 0.6050455062643815
0.7833181430143719 0.31566772343243976
0.7765490296851277 0.3997877551335465
0.45326098448372865 0.9574829236585105
0.06198614925173762 0.9358064755295759
0.9183725556795584 0.5989310728572049
0.015439595632050551 0.021471746398458724
0.750756128780825 0.27373747924652747
0.4868763394649068 0.8331120025349462
0.0904502084461426 0.2565318201214227
0.13882446556403183 0.30952476765190395
0.20414611733524235 0.7325362020091042
0.35307166636843756 0.19096625852413218
0.5799019835934708 0.8977582998193381
0.4326527832771342 0.0034314874956773433
0.22121363627033475 0.34567674904641754
0.3059439626950371 0.15720085309828558
0.46102986662511625 0.10519551869215127
0.8625327809876997 0.7280428990380385
0.054775469205101124 0.2346828667919565
0.25463490854685067 0.4201274304834871
0.531172582232197 0.4481997779250293
0.9831796006902649 0.6716168345016981
0.7806269415333025 0.8525613405839785
0.3542881943327124 0.8570677189523549
0.6431727129519884 0.5076645322399577
0.939720677077868 0.0651890565017007
0.8214457122387336 0.18755352666894765
0.003967574372951588 0.9861670913727737
0.7888814446420968 0.4159842711202918
0.471015635464331 0.029681112488648242
0.48931139450568684 0.5777878291523604
0.8954173715932096 0.9128984287388585
0.5313569078018114 0.6661220489375823
0.07514636547236375 0.6071512915896068
0.26949704307409605 0.015739205015596114
0.3978213120005989 0.7126616964565684
0.633413026270705 0.19368754617407813
0.7472338588486249 0.04259493739736475
0.8181889523455 0.0714022310775565
0.8137163909246915 0.44088640521869626
0.9801743282460391 0.9859316684910941
0.9497379266550031 0.6327002100712267
0.8967909447503423 0.8130835403482439
0.29121749325447344 0.2120424780003578
0.1432935342914956 0.7215636047117503
0.7253960638222862 0.7079658120703304
0.7154691686996505 0.3547204075222049
0.4277096112147861 0.038966195820805405
0.18448808508394787 0.195297132779231
0.11295774767883704 0.5645866740251257
0.4085942487332912 0.9086312687072485
0.8501632999570052 0.37390728769507575
0.5460514624458958 0.531032146913136
0.2758704309898635 0.41251395860580853
0.6147362334931312 0.4726047092672021
0.30723011764992714 0.5427034723428451
0.12599624872124116 0.43757768093501015
0.004073329855384666 0.6560957588729587
0.38386937039781954 0.5302330401502449
0.058274025621743 0.5134886586390335
0.885484457667062 0.010822557447816128
0.49905546816815705 0.07370437958259879
0.8844424283190034 0.3933967805147427
0.5944950705559765 0.6913411198241137
0.5862018807533853 0.8362602433142426
0.6023341758372134 0.7127569728116943
0.6329709191328562 0.06580629368399471
0.9773016148649065 0.680277915513889
0.5053324663313568 0.39577378034829
0.8775101075975021 0.5665352003094737
0.21880779626350033 0.7565067079773007
0.32908744469393325 0.2040016306575374
0.2257890955821955 0.032587408917928995
0.20605522548044264 0.3492107013911694
0.7467483626940139 0.422252570614435
0.2615696118984764 0.6268058768470404
0.8493569589718482 0.9782907012192111
0.8069900427338821 0.9354822250440752
0.47012607832031283 0.9676583438891967
0.27684397274621253 0.7660457666878244
0.23040568105689285 0.19584197838181905
0.840606177385497 0.2812309144898749
0.3370552002892725 0.9820309906434419
0.4263139891135992 0.9375795011599293
0.07782667303808788 0.04245670150656389
0.006390475985223243 0.8915998338411386
0.42247680463535053 0.1417909892052689
0.7626493451475596 0.42558745204288473
0.022851749148410705 0.0062876033442380574
0.7953073294154617 0.15290412823839228
0.46866413030765486 0.6573879428663758
0.3699306976699144 0.8181749314876735
4.0935961210653016E-4 0.020802422079685634
0.30659482290645623 0.09477797416088374
0.006843756648814647 0.39361716131516233
0.007136599205374461 0.9001648892479328
0.5416746923284337 0.11076568355553051
0.7892315731135885 0.39896459953873986
0.7825886373739875 0.5422431630337603
0.650129068372874 0.04448679670899458
0.8254698842579146 0.3737308180825204
0.3182300061526939 0.7211555825137034
0.457639554265422 0.9758367964505278
0.46729385397163736 0.29356798057866085
0.5861704978072309 0.5509485887843489
0.265912668679825 0.6422857904325318
0.8108107826629106 0.661731817097485
0.013991740841889255 0.5721336728288946
0.2257746745539274 0.6915984827023623
0.4783277207923363 0.8156900561615348
0.9106366884277475 0.7650075068055168
0.6809772046019228 0.7228219428947733
0.7277910992553197 0.664249004355111
0.316959688747656 0.12652805016388424
0.9824152049227153 0.31940317963739917
0.6819405919780812 0.30601989047859657
0.22060213432870623 0.519453187702025
0.9758920807620358 0.9298832144601715
0.9423045595084288 0.5950713021525087
0.11532999226833685 0.35532722771259084
0.28795814598857106 0.9573857057904288
0.7345777874234506 0.683942611794619
0.8211294290665591 0.5420751993631399
0.8856092374263426 0.5300535768740388
0.3742596578993618 0.40442766306717726
0.056373579408297014 0.5446632506536163
0.5505529313031667 0.9385374257757788
0.5191081441525763 0.3561556645603394
0.8822830331545601 0.45260541238122287
0.6929952275330898 0.7383317618107302
0.8342704003746709 0.12234559989170524
0.1596213833253909 0.49702083537537667
0.8110066408155969 0.6657896679229123
0.205049073543068 0.77842314350705
0.07688159945884354 0.4353213866794965
0.2789119485975552 0.2455028201655408
0.03119302155681436 0.006561010257163935
0.5587966586252937 0.8431652944788256
0.5930972219558039 0.7587590911176817
0.8872758404591005 0.6786163681212954
0.5463838670889952 0.38764825586199847
0.709308320004545 0.8802152084034534
0.5699362668861815 0.769240374334566
0.2793239450426367 0.1662966852332164
0.33696376749191836 0.10184585438479976
0.330162504170616 0.25485327330428276
0.5045702668312909 0.793630773132508
0.600137448300471 0.17563017665968483
0.6349490568407195 0.13431636134468594
0.09984644632500217 0.00810192946491195
0.09047078261913166 0.3921648995021205
0.7669531001058213 0.5619625025503872
0.7271580167303214 0.6111846337811048
0.2050148826392022 0.04117489842544464
0.7745163889702195 0.048525993463099715
0.5315344230382946 0.7882905566415129
0.6344187308298127 0.8883296103125186
0.9707629292003501 0.7926630801491849
0.4577154088448666 0.5958266238807624
0.7183853219669575 0.7643440120883535
0.2644706340041971 0.034280166643102294
0.7780694142567975 0.22486375561533645
0.062200523848370604 0.2573962776502231
0.9239620029266513 0.24676345363312546
0.8862163397080381 0.711121302862088
0.6785667007818157 0.18565894605702238
0.9371516450956006 0.4312824903362621
0.21204003738049104 0.9917807182219817
0.022979707232036684 0.7073166096812988
0.36679365104648365 0.4623493053298725
0.3263033879582764 0.5973715194311323
0.5903921152857509 0.10180794907896995
0.11242657604486928 0.6263537691444055
0.4200875243507721 0.09385002992984293
0.3696929912040463 0.9760350121526835
0.30393328580317136 0.2573416484525768
0.5308041809653921 0.4851188357877698
0.9662714819556338 0.7576545447473279
0.36230555294188116 0.8172085869886639
0.22948959414534298 0.7755879434699731
0.8291559510790196 0.22590589732421762
0.18929360212381674 0.2979727843523532
0.24227219291489255 0.4488090118775767
0.9073467122385228 0.6872151640500841
0.27916738575841704 0.39596819610573375
0.33297390794885706 0.7114499247554605
0.5312778123894165 0.46339590568253186
0.9947343748359907 0.2726402676855665
0.07629970325173507 0.49851696025913084
0.11301546734216239 0.15687181174436593
0.1998346050738531 0.6719843403746647
0.1764031815044017 0.7492551131872649
0.7978672159688474 0.7690743610268119
0.6974360008024159 0.8052636783484786
0.1800775358306883 0.7039145760563698
0.8174501051124606 0.05099894683788153
0.963714867158497 0.3810866142386816
0.6655760935901142 0.5967880324529172
0.4987379033622854 0.3816851497787255
0.8935484104266082 0.8916833191152639
0.7971521438771353 0.33470357539209916
0.6058402765681173 0.22084813575075524
0.2529516134158031 0.24965557263510174
0.9837390014458786 0.5534756985744986
0.533799540172037 0.5326312113443776
0.2623273331013434 0.8858033797382249
0.9015579434117037 0.8855250572510007
0.3609388042230698 0.09194806810444278
0.8760038375335389 0.7969629628185965
0.39050602922126054 0.6947025403573567
0.5945454175906268 0.8734931650736754
0.46532282382477796 0.8990966583891696
0.4404786224081477 0.8308964179801328
0.7320924530849575 0.6934416118715583
0.5133009088592169 0.5680089669449288
0.2957358472558832 0.8157391112405413
0.2968258682431061 0.37924136343874504
0.7692852577919903 0.9077519259071241
0.4443180872407829 0.02701474792166969
0.5042902894400092 0.23469545860038532
0.9445955159442269 0.09162587880277318
0.16851507554517364 0.9354253531037275
0.05902178559679394 0.7435907529700808
0.2293063403460588 0.8861588000965536
0.32653857474377757 0.8423061015560328
0.07386447917490235 0.9101823454609551
0.6223640970512836 0.05490678843113661
0.9517505750762195 0.24666247473327174
0.7257103867875833 0.5104864252415166
0.6603143194289158 0.903589475262899
0.10284894614752138 0.35738748135713294
0.9103292818630908 0.763049408434386
0.6440804044525756 0.47505622710905726
0.6069731940266995 0.08143238513005968
0.9066409556196051 0.5069970041663836
0.8603930795732585 0.3328503361623628
0.0103043413929933 0.32764922510939354
0.4004460631449531 0.18095064861838717
0.7084151049391716 0.03354973143961992
0.21180858047606888 0.7324768411019718
0.3143153219979449 0.5579319701737234
0.6284981936386145 0.1253407464873505
0.10160335269716947 0.04795297158137457
0.8309536475231856 0.9346356935646702
0.5163900914242134 0.21502746190248034
0.6741707372365086 0.8419331886702895
0.040694473111729246 0.9712882029169843
0.0419924712842602 0.5063705289601659
0.828346560709728 0.7989803563495127
0.4705044155887572 0.600450322345065
0.2982433606784636 0.4646367706839759
0.6125867252116558 0.5291372655347911
0.714528860890289 0.8861699849933982
0.22602705861147354 0.4377510573039354
0.4092461352106178 0.18855658624718052
0.759198838115039 0.7323195172900014
0.7102365308022603 0.24257718419550012
0.28116192349129077 0.48546837101784557
0.8255370256139214 0.27111597126085474
0.45714400759723006 0.7815900526033445
0.905253408996789 0.42881154911726627
0.5057122800249325 0.2669463535852743
0.25286374462317307 0.6133906889182532
0.5905468815734175 0.9135248892413383
0.19013314502090528 0.15080511884695758
0.8975791971069513 0.2798828561265041
0.39329707207508635 0.4113309234101231
0.7273592410524821 0.35787590492325205
0.6128973102729995 0.860078905542633
0.29286841092161553 0.4310837503048206
0.5656313812961723 0.5229037803459846
0.5545951253925995 0.23890845726767973
0.44380219667358134 0.35748823708867294
0.3475425465503986 0.1397353617244027
0.9264320124446997 0.5594182108206999
0.2589392787244498 0.897210257359349
0.795830782547717 0.40435354213950647
0.20077502803646685 0.17560136055789421
0.26438581760357793 0.8299381628481951
0.3878855748210396 0.8233775809861241
0.8985661253234062 0.5948825693995657
0.48016195606819967 0.5485498898424562
0.5906113700590687 0.517690393458258
0.9765613810638518 0.6449851884435145
0.37310223575919665 0.9937903347370061
0.5589480126516576 0.01581784809664033
0.9975847676814013 0.7173731549602091
0.9753941537058802 0.8582462977269677
0.10564893917446128 0.2930231232563413
0.2254230072101583 0.023418039641656452
0.5093373216765206 0.21227200240485578
0.26377678387480863 0.2457686169308111
0.5674866219334416 0.4914926834653419
0.17464474350126447 0.14809574420092764
0.8955816790232325 0.12008903260607151
0.7848874128221841 0.17181283282818383
0.6789275549209965 0.3517270077165696
0.9826451719666341 0.3562406799318255
0.6724222898853653 0.7863917048958653
0.5868205711379736 0.19645988182578933
0.5649396252059371 0.13734375410250976
0.47327542494864827 0.646161023222187
0.7623066118510196 0.5545875316225408
0.8051854274915767 0.7000930947940062
0.8000891005746589 0.3852528604468679
0.6378463641131413 0.8901253774491216
0.5358731932565225 0.29133093012683997
0.8723276663425578 0.4596015047132831
0.9904582804826952 0.7164941000971863
0.5177207963056931 0.9425789293496123
0.2083532882174821 0.796268412446963
0.48833105585365233 0.3677106694076785
0.790194754964451 0.9396165548444432
0.7100135773988747 0.33094051221486986
0.8131815570286886 0.4750284715425849
0.13895517329524687 0.7368471567454373
0.7003479238830633 0.9505054044975002
0.40655590191893964 0.09538606204930089
0.22547270572093325 0.9043623030358581
0.19566529701982238 0.8789429179175973
0.24764971412748715 0.18256309039444807
0.12627997565761007 0.5940255062810135
0.9580201325265576 0.16834157969848806
0.8829109248449799 0.9025859718459983
0.3908951247870086 0.6111504982478758
0.5511803318045456 0.33987869782459545
0.7024726080273517 0.0945197976624832
0.6478090396822491 0.9189233953636874
0.25257932184344933 0.5661947631206974
0.12600809956485504 0.1860571584116032
0.8383456602336458 0.7689630912086999
0.7173883512822973 0.09772310927432115
0.523447158280422 0.8568697517114934
0.33185446344549574 0.4255574004516891
0.3825234753013772 0.9590569084509148
0.8785509851110289 0.2650004921864595
0.13761166978654782 0.9622556235803256
0.7937794210092458 0.6220724497787765
0.1019079180807494 0.3229949886619279
0.7659074821487448 0.9836163792845769
0.06589756351302689 0.29188354884572454
0.6326422784457678 0.23822776322830164
0.7618706694677809 0.5348565343705273
0.19264182649600947 0.30825226186584986
0.32506619790840885 0.7700720957425157
0.7212900439125162 0.3776474704959366
0.7331649729936527 0.7041781307345307
0.3095622826220089 0.6561693863655771
0.550577974233406 0.2479611197020254
0.7552600164339742 0.20725763341271508
0.42995287586444153 0.7189264617809261
0.6274947069849847 0.48515766555783824
0.7305487346361447 0.4971499728181368
0.29815270796022997 0.8762325787468407
0.30160474745879207 0.3907782493584553
0.1881742425203956 0.7200807951804444
0.9485562140505669 0.7888456045904155
0.21183147832976612 0.9979903345654304
0.35092669972579493 0.5316134122395995
0.4187918893630398 0.1194238984527185
0.23295271611528445 0.31242752926996864
0.1316050579903738 0.011643919170467587
0.40147278934816877 0.3401281021853102
0.45535212106910794 0.02324975645903149
0.8603406489714647 0.9373352679521579
0.8965492860690026 0.9893142369707326
0.5865976335635968 0.7274733536391224
0.9699977044282752 0.173970043724181
0.7108666068493092 0.07218496507035144
0.09512415668806962 0.7057111142371513
0.7829062673552514 0.4608260560180566
0.7874581230998012 0.5513377536134088
0.5229908195662244 0.6250211823156042
0.1362426277789095 0.03638866868758328
0.9607571346746753 0.25379821623494814
0.8257777557121635 0.4130669870139818
0.14538770800030376 0.3186101300521965
0.5059472331358253 0.0010812105723634335
0.6744743634052227 0.18259081063767424
0.14648011180264675 0.9824865795037795
0.1336342261011929 0.8646808831463065
0.11985101901664719 0.018525951163004706
0.16492611824947878 0.056798678287658055
0.1493243134893173 0.47463352439697304
0.2893420031734393 0.7510203271876812
0.9314986597687427 0.18917884297524634
0.7971246522576375 0.6237723151788651
0.19681020820819017 0.4021926445204965
0.9893894678054955 0.6453285384837782
0.20680448985322386 0.6722297009689858
0.8055046202122603 0.7354432969911515
0.20358806944002006 0.3526887457828811
0.4029105110718638 0.6697405896753998
0.12472320988874819 0.47332278749524637
0.5695360121938738 0.8565190931216341
0.975929620936813 0.6783374446188275
0.9436955649077449 0.049921178879488104
0.6143099370324306 0.20938944981697405
0.8923276074411546 0.5429539176315528
0.3364160209975219 0.789960805513542
0.5556616756354216 0.892638126362167
0.5883255882872647 0.6669985682907227
0.004877582501641831 0.7696016555237796
0.31899969876521705 0.9963743904721447
0.6790475453992874 0.09572126330756958
0.9835438274693138 0.220631485992406
0.2686272408419538 0.23595717471231692
0.9695956865457759 0.08065159586785331
0.9949900693346859 0.6443128386419241
0.26791613811877635 0.42728746844681975
0.7989741328349957 0.028892263264614915
0.5373592432628334 0.05467172207205817
0.2961383337768917 0.7973154841906972
0.32475090291089803 0.3638258948575349
0.4824011814936494 0.27129245012398717
0.09180553970890792 0.7833580610819255
0.08096149157668953 0.9179444229218123
0.8740629102898033 0.5234516988834425
0.10987746447024205 0.6355009563435352
0.8509280740475764 0.42001194835974565
0.7194068151050077 0.9522898040905505
0.8412495190585085 0.3377499101812632
0.5991873794499936 0.8504759828847964
0.7554716999853194 0.8441495334862384
0.2875640226380991 0.8097954700595414
0.3332498345929623 0.6406758967166889
0.5288443128443182 0.5815677235735578
0.07451682430920137 0.5432471338856472
0.4189921861563052 0.1495607613157668
0.13234288154421558 0.6409074645372728
0.45624487581050444 0.3118211677050178
0.07753084247352404 0.6298014121347727
0.7703655770182164 0.3263708821470246
0.8677412980599213 0.21896481151270852
0.7427203266925513 0.10371104363783656
0.05804304855665021 0.9351109042154516
0.9490945265752679 0.5003630071944815
0.27513667795029906 0.6155050654303207
0.8581409831393634 0.37021519883725584
0.2440994533495855 0.3711849380569535
5.77650738002089E-4 0.1642335246838892
0.20435281015827889 0.8271972166868897
0.3877303547537915 0.03413256654115049
0.380653530830679 0.0021862685621257816
0.8027417167247124 0.5918931867701637
0.2852630388165103 0.2765838853919942
0.21374471757233449 0.7045519623551313
0.019049244831642942 0.516813505716664
0.9655252402333805 0.9624762258995729
0.41212810500965935 0.5723362174117292
0.5946749878888596 0.7493781217208809
0.7987527710300241 0.0430300121526237
0.08296242654374819 0.1636098127434602
0.45651058176596904 0.4263080287930199
0.1146264453588034 0.39282106510164927
0.2564887966867494 0.49654493698362023
0.43552310420617835 0.5278498624536871
0.8689223155505724 0.04379557505377407
0.725533334260564 0.21675501556457633
0.9479379250225882 0.9044531740415392
0.49036557029795413 0.0061897212559136605
0.07936084422350098 0.5534091318343202
0.354863795992999 0.6948533206822181
0.9171515062364083 0.3954401572013657
0.7971581523658612 0.5325478369884478
0.8568915102086818 0.29296254732853544
0.8014720797293533 0.6384054022672657
0.7988397589573936 0.797957796636216
0.1271258323409964 0.5831405954254945
0.03843087375841836 0.01778724356275385
0.8922537897803352 0.6827222082145786
0.08868985431139143 0.03777805728504535
0.9529783112393547 0.1846467761698234
0.28688840582996744 0.34787670028099094
0.12226070680473322 0.19303612290929273
0.36687001265807095 0.7763299543838955
0.6173755395591711 0.8750696832938167
0.7888221027116119 0.020267831449346296
0.25093130649874074 0.2188018775303514
0.5098757859901591 0.981226728113475
0.7875873380577293 0.3712033523598508
0.051764502725940575 0.7630652657863815
0.5770931329227694 0.37530461787389857
0.17587500073453288 0.3703890541703224
0.04400275383900265 0.946608941153037
0.21137551455753623 0.8575151723003319
0.8653936790881427 0.7814811867381385
0.09870739238539983 0.9211707766428642
0.7001461415132914 0.7740076088997297
0.5085780979485293 0.7045344708765966
0.14681537316890403 0.43286123297952095
0.975695339654122 0.8858932956710989
0.2018555771073145 0.7359962669763074
0.8468329902423787 0.9621019124341713
0.8659316284349372 0.6385340478196642
0.9844218413246242 0.00519493980902741
0.7032802294074731 0.45799220040782895
0.5897090187082403 0.06991727847640339
0.09755963722801875 0.4010476436553242
0.21363207644371507 0.860601463019141
0.6673528254059677 0.567313084722106
0.008904931355960266 0.22773484927860566
0.8054664721962267 0.8681460877095338
0.5434146239800383 0.5577240632733116
0.5883934396517108 0.4322982707989207
0.042879248921153024 0.14377742779081049
0.3657846295937469 0.23525161322680022
0.7598189731536243 0.18149099563417304
0.18450085593442878 0.8853781230502507
0.2762441526867876 0.11963713555342737
0.8277934064981424 0.7275974832975802
0.9390649758866662 0.7148191991430772
0.6573878428626041 0.6839971569113612
0.30007994807364335 0.288069483770923
0.6347220455864528 0.5409180182562144
0.3865011333478112 0.3621321370485845
0.8673165545107463 0.713297515109467
0.8633260069073525 0.07008643665238623
0.7772313149936729 0.8696020672113443
0.665467494700462 0.4691299940300906
0.5207900624205168 0.18446880436130486
0.47540476554729083 0.16775542464951232
0.6022293749385877 0.40121599937686403
0.5012196949489293 0.4802185864127422
0.7186568336282266 0.33267095862618934
0.3702347637414223 0.6591096894247452
0.7496785613876128 0.9063026820269493
0.5950701707632503 0.6250033152927584
0.46228369161665095 0.36843591959789634
0.9917892492382938 0.01157726835739803
0.9400489458921967 0.8023625281937934
0.6339029992201302 0.2752541683920203
0.9654541568200683 0.6864544950881394
0.41135622126157767 0.08033376945249016
0.5850752199140479 0.8209228797659164
0.030218539901849972 0.16374822722091864
0.8696479941531113 0.5856549384936263
0.33665663904403365 0.40798610289909487
0.4444731278521914 0.15660209967832317
0.17786391550866643 0.9063958865339965
0.710358379904598 0.004479081008236796
0.6229765716687402 0.39199272992486467
0.8012714233914131 0.727074601599471
0.25860611492357555 0.5190570116893788
0.23210292524886267 0.025262671531019132
0.44646990365575867 0.13622720031275626
0.8784159831680293 0.42284275122206816
0.8847032844983879 0.8704532036436222
0.3997848420558854 0.151625748480965
0.549787603510077 0.053090949008559596
0.4693020598231189 0.4757224859608534
0.11263107345637324 0.2625826579632987
0.20406031688938708 0.6127796910186791
0.22018996850332284 0.5325815494905416
0.004891002965352831 0.32494825188825205
0.6131198599507437 0.5800435417157863
0.6083687290514748 0.1986569154469373
0.9102979944661217 0.24472289351871246
0.5300677057850397 0.6098040972604759
0.03265926918881756 0.6996724714781279
0.23528141348455622 0.3797696184210859
0.6616401721048822 0.8917634874844433
0.31189508348977946 0.1676866332236735
0.8316263242511931 0.10190403867817455
0.6398257161478175 0.7157038531162441
0.7411509405762715 0.4765488506902046
0.05242169974231481 0.1665066041951494
0.1341932610361638 0.8752579282539689
0.2674404375597531 0.8061548854968464
0.15077706258025791 0.4034747347713763
0.9286988845238737 0.7503349051691295
0.3751715491243818 0.5553595842961679
0.4442186894177268 0.28841058622206217
0.9203481144520816 0.9784269931277062
0.9326636458681067 0.8271996170787361
0.7789479488283237 0.4899009165053966
0.9970947442737882 0.6351886041669547
0.3438674225692573 0.12411455880604838
0.23354336871162695 0.877940053925845
0.9556693026837582 0.670947097986876
0.3516309404306287 0.7567338908284016
0.5693796917080323 0.37720178438504914
0.5354390130881878 0.9150242810517757
0.14983209281344623 0.22599600036828627
0.20506091656309733 0.6610827313775723
0.2025714704008884 0.483646237224966
0.6527424994387008 0.9702362547226828
0.9264329334290511 0.00919602619056259
0.12224551390064053 0.6763995461541793
0.8342608255893836 0.15864844950244572
0.7760450305170337 0.7401387071264718
0.32983638007877636 0.9841291751302259
0.6521973448046059 0.9892925960125567
0.6519323939756609 0.8276196940417042
0.1511923282364338 0.26821836653935993
0.8005164260723842 0.33956509655236944
0.8128307455553831 0.5030150117769766
0.5454741749163424 0.4145739500858092
0.14414294634064795 0.792619450494396
0.38482752379873175 0.5295927041825804
0.041592776907197426 0.26945742277728757
0.36727209070110267 0.4943505994060846
0.9142863152474202 0.13837170133508803
0.022961836643602518 0.679535381068399
0.9596321168853951 0.9988380906322233
0.25681885042299324 0.3750739051346297
0.1688762850676674 0.28301952038464684
0.9502487454874841 0.04905625376104694
0.54716150193346 0.40099735224269084
0.1899931507333953 0.9272554635406832
0.7212368007962704 0.974557970925092
0.4969527715986892 0.49385952663512667
0.5776704640270514 0.36220204719438565
0.16316551872067064 0.2259460611154357
0.8253956321399732 0.5305824222835658
0.8217264688926916 0.11739433292527868
0.40864438494074806 0.21136660687217312
0.6722871654815161 0.32234310483427975
0.5098028143300727 0.19755755306603817
0.3638741866027517 0.5539672796620135
0.476446130997056 0.5795968604651952
0.3971178054468054 0.7112597971907788
0.3827894914173888 0.6991124932863287
0.049583232980964564 0.5746698823153877
0.09301646084671478 0.6069628700866914
0.25074913040588587 0.3108623952346994
0.6324240940686827 0.8522679202881768
0.5372785124381576 0.9575272376920909
0.39204970057785726 0.5004068874403969
0.20457982623589077 0.021081911472901727
0.19342141670214186 0.3805015827344793
0.03725693577377076 0.8132741830486785
0.5223005881304182 0.6966930199289885
0.5488983816957798 0.17710618608350015
0.30376138442006717 0.30255844754104055
0.4907579366744692 0.808164954690391
0.4356788334674082 0.13430449747076423
0.4992302254921782 0.46435885966544344
0.9236734694571548 0.5259118173690819
0.14362619296694523 0.9752230485037098
0.8677874529416407 0.38819503106248165
0.3086053143168599 0.11137151125005229
0.739643018611283 0.5237813825858573
0.799722952858883 0.05533706472409328
0.35856128274849897 0.6713002810144086
0.2959021641705588 0.42695490220079735
0.7260958760582932 0.22461483097910484
0.2892420721041248 0.5596091276283318
0.4106617820573931 0.9567160823577051
0.4504249468618553 0.9980760452132704
0.48741754066593124 0.4929390312887444
0.9370871846777552 0.9943619083221281
0.13328437425030293 0.7244491994810314
0.5228697408533693 0.11484682297479676
0.8529628771299911 0.8304870487631019
0.06646604584191396 0.9402106401466631
0.969034787037344 0.08664711593546681
0.7628361634632357 0.2390308384427371
0.44771295532395283 0.17650731427687572
0.8228584925397965 0.9266062666334638
0.3515303940085929 0.2952132349616654
0.7130406598586071 0.582474631082859
0.21123497012993064 0.9361612722733504
0.853514156856203 0.29325616368539764
0.39138292153456145 0.8857133782801425
0.7203876534974201 0.1118692332216723
0.08760182359280544 0.6159154490884623
0.6276362359210608 0.47982837474743234
0.938218709839072 0.9614801747654548
0.07405501971968365 0.5462488043511339
0.3589272248078089 0.6948346319976727
0.4324074763460234 0.435345912403697
0.6163928698051795 0.37182142771084536
0.9307497816707202 0.16363208657161876
0.34517292663633625 0.6106819589822216
0.3300148330327647 0.08867719182435119
0.6820536062942802 0.7882386425221828
0.43729055731284583 0.4832134264621447
0.4428840366166418 0.9897326021051353
0.6108287592773941 0.07152897813544545
0.7992126844606048 0.9325622431320214
0.7106729025770784 0.1395091885201324
0.7255089541089692 0.49920691154878916
0.5278936550648374 0.13534793548702206
0.08247876432664869 0.46090936839996743
0.5857738931468448 0.5148659701835614
0.5779599529981563 0.9512294722363981
0.34788545282935046 0.9535371226397348
0.004109349133743168 0.25737075443843793
0.2908518887596019 0.9467370619759953
0.08807064161830103 0.537220409475814
0.003692964432558399 0.2503938134178815
0.01303790136996319 0.1413328101968333
0.46099827700375573 0.5761329741914664
0.16760686311491335 0.32162485165561994
0.883778767469512 0.4481745472648726
0.9635324158819598 0.24234135499030784
0.1496968052206692 0.15365279403466148
0.6254869326330104 0.3738872962138331
0.5434763366105388 0.2736940788216724
0.7011414600805301 0.546412894338161
0.7486473645443686 0.3695021424793342
0.6658674839739371 0.1675765857435293
0.37337926514460773 0.01586407961017111
0.4035840675040604 0.36770001455674095
0.9760099762497669 0.5239043382981912
0.5337515895191746 0.12556818830163696
0.5099792004755969 0.3755782681926072
0.5242398449269422 0.7494170779456908
0.34322546446240776 0.6043107694951788
0.28077483746804455 0.44018983896250286
0.5237084206935716 0.09934962072332088
0.4358952545940048 0.047932284922364454
0.7605691986998974 0.08581692313122391
0.8738259780335137 0.5472366927900921
0.6695435940160741 0.8381067331447289
0.12240270743954507 0.2039326500216938
0.19159377189983773 0.021190215335385343
0.11915832183190511 0.8827625007558423
0.73532662586979 0.9225546814699989
0.5159082277063204 0.45456783145646407
0.5166172879770731 0.2369157968209903
0.12464807742762352 0.801552847017325
0.7729592918697875 0.9965074141514085
0.32730454088992655 0.4904792941000522
0.015413117114481567 0.7016667960736759
0.2728558187192859 0.7861867430178969
0.24762737520217726 0.6995973731541577
0.4675652038628918 0.31162103615922954
0.1292577555772212 0.38360509357452355
0.9275477236137792 0.32559292229629866
0.3902111035249384 0.8407688636445569
0.4076165620486849 0.28577789001250653
0.41249274511221035 0.16291884335604923
0.34633209667180154 0.0920069452018687
0.7880376858491441 0.7539614724093873
0.07440338346796693 0.16368799256006872
0.8337569385454632 0.6160031705303597
0.5220682567556644 0.29523542015142723
0.4991324688438502 0.777389481220651
0.1308047533616079 0.05467548771484598
0.8370455360256378 0.7376900450204046
0.9257034290227837 0.3431337262949795
0.22512481850068566 0.04782388073631294
0.7370561611691852 0.6166996316976716
0.8227520667677094 0.9179339016946646
0.37319417840325153 0.1872032089501663
0.32796516464502 0.05128304290995778
0.14133426670993676 0.9647267437456827
0.9588493160620314 0.7393589698833005
0.48916858269846253 0.9822143742336431
0.7256091577675562 0.6215382328168724
0.697160553016369 0.05133112074285362
0.48236594609740246 0.41207457700230155
0.4899852875584142 0.9387621064033803
0.951825502323093 0.3278405021572166
0.15527995778671866 0.5234313211289124
0.9013145048896001 0.9121650076618472
0.25884591714613847 0.49765941198832153
0.9152834830255298 0.4432747951665009
0.32767098147911333 0.30906766092404947
0.7572275942157365 0.14025968379651865
0.9356168709881743 0.20507558755952537
0.14307657692250642 0.9351479507550701
0.4713432820572444 0.4381278115134052
0.8584579728022884 0.6665903589522848
0.49401683925850526 0.9173254865825803
0.5438383242409419 0.16881655826667774
0.9895792171574919 0.8509262153688797
0.1443992986119288 0.8789412040266088
0.028826297962874725 0.21421574495251394
0.9756068135339615 0.26636095579708063
0.29827539584137996 0.1985437250645089
0.5907832492241082 0.5998983807390497
0.7257753684249628 0.14985449908995674
0.15359373805363985 0.3115117531458327
0.9550406038457554 0.8888338597657853
0.8162098508143868 0.48980501738160964
0.7367658182536 0.7198305977608116
0.6830148184643041 0.8422350118800122
0.3987063954625659 0.8820017641742044
0.3000667621780423 0.8018281905767831
0.43308417678837086 0.6736688936522539
0.2521371688412142 0.322382367725518
0.8969064551903094 0.9896621225463798
0.3719940388291534 0.30554368603152404
0.7592615261359419 0.5514674743062823
0.2707004383222671 0.5338123395233747
0.5493810893442568 0.6812824182428152
0.38305056320493625 0.44544547729121686
0.6602366502218263 0.0736233513884198
0.4888676257325095 0.08038910251610176
0.44466298802042237 0.6519176796669676
0.7187384201373755 0.05078533040341826
0.8044786766646255 0.2625528031689105
0.3818620344706538 0.44526491804752466
0.31780071445793245 0.6551428124770442
0.5640412471597358 0.16314960015532265
0.07572533510391322 0.9253125837202092
0.33544628732912507 0.2928525048916609
0.3067759802383787 0.3550892177247146
0.580633293295408 0.7981788418615592
0.5559932871637704 0.3760281564552056
0.9174001442083172 0.9568936709539319
0.6552710367069379 0.20149154993401974
0.9064149104228766 0.7078369094854999
0.9725165995290715 0.5270354858849455
0.7701529604401969 0.3060303340981383
0.4594422932079081 0.5816507857834365
0.13753099479742192 0.4596354099398463
0.8312697780636267 0.7276423440546147
0.909727178504647 0.4282841539849037
0.8063567681909249 0.7532203142211499
0.2030286914192102 0.3992202961083835
0.7097314866013448 0.9794154941731944
0.46614917514142673 0.8258512687534736
0.901747148504382 0.31172095790616894
0.2923103647383273 0.312726148059703
0.4315451522726861 0.40690005807284235
0.15048355116733525 0.061618127464574735
0.03474212998754278 0.19669115251759972
0.2455383346509209 0.8553050814569778
0.09573294607601779 0.11267719904540952
0.9836473275624881 0.04880474077286967
0.4772279264365792 0.4903787079147742
0.06714749303571721 0.06223604870142452
0.18311915429162395 0.7956664937473714
0.07215999357426117 0.4251416909239979
0.6654976424077639 0.5128803851411269
0.47262205391591716 0.5090210322292837
0.21261924318347258 0.7615791619734884
0.46598610137081 0.702987052181387
0.26184412126157086 0.9676353034725871
0.6286927536614144 0.9368742754795641
0.6700509082579705 0.20442838642944094
0.38362609222239896 0.13678951062375844
0.9437532991870374 0.14117871697718165
0.49711068726111474 0.4100107752808966
0.1821235073823565 0.8880030775682697
0.3396121903034788 0.49930388657257674
0.018353549950272496 0.4110623759522932
0.4421540598273952 0.3211405015497132
0.1582616400407425 0.6062112187633204
0.9595651310501341 0.20796538584327084
0.20977787974311068 0.5658474241104015
0.012024061714226653 0.8115742774754509
0.37291978612051313 0.05119912453077802
0.5179682397908727 0.49282879053005535
0.21709483685540587 0.6910764715628447
0.0542862879720265 0.42234773393093183
0.2110437143530305 0.9681527843273964
0.48381512677427985 0.5474789080675996
0.8904645559627115 0.6251309062311423
0.575513619948124 0.042769725769037814
0.5493351342170978 0.7256876022847651
0.6092869853202856 0.8543182434102139
0.1231761519301271 0.23887962924999484
0.005287161119258865 0.4728011394560895
0.49597591982731914 0.6807328022632664
0.3466161690005021 0.12563862285373428
0.8072226966595433 0.043025597366468604
0.7747112865260248 0.16567062126408072
0.4614679698338767 0.9668166968283557
0.6282917589028958 0.5518826374832243
0.45007013544209773 0.8770563653500653
0.3695991073230377 0.9671333715390168
0.2832450542076028 0.5846590224770946
0.29576399805192877 0.2985011802862617
0.30027605596810747 0.6837048847583098
0.26848461098041476 0.9177791393867325
0.37671285349790173 0.9239767110809215
0.7118031326760798 0.4428137272258903
0.0796151507440287 0.6228268191277833
0.4256176519904755 0.43479595817421324
0.13537359359146028 0.09540933712549216
0.341669723658394 0.7922769285078476
0.6693669954960666 0.028600535077687783
0.20909818027511928 0.43959555502211844
0.052691295294789664 0.7014703350420943
0.3382518710044251 0.2755683913041481
0.34842276824314955 0.9639562007592217
0.9543058001914047 0.24770698213710884
0.2883539002075046 0.9254304124759825
0.41632607938709043 0.8478916001472422
0.43086716491823995 0.37614009898378975
0.5427811292871727 0.28734430630213226
0.6515889255087328 0.06703930594020191
0.5510980942218953 0.10190829746328622
0.4006914582178619 0.10732041509997159
0.6667148485385621 0.9630551204401052
0.2241882758242123 0.9039922823485058
0.28617950500947187 0.02570444182209719
0.8912943355384293 0.2641408379202719
0.6892011590904178 0.2308558253278531
0.09589896165401446 0.5080472870067749
0.6861567955761768 0.5991962377356831
0.10742652973447897 0.7001280624042228
0.26041139567041094 0.7012598120763979
0.9348357176069013 0.3946994619315094
0.21890889872001418 0.17038233223117705
0.5372354836766213 0.6148596739598919
0.09984456385193508 0.3366051267538043
0.3655718452381609 0.13531889782189954
0.10282948040721096 0.8028484112597484
0.05206647212624527 0.5237984807186262
0.604810543886016 0.059087650909127265
0.37756457921073294 0.810658082783723
0.9041103165005167 0.03593047743183275
0.7416761611344702 0.10269958738056773
0.19530266122207474 0.8359061335045119
0.23657108550963168 0.9346351868030589
0.4192420393186185 0.7489431389978023
0.08251524454921821 0.6604963887444832
0.55541547819649 0.05792518997037366
0.6217115766939936 0.7272994439023899
0.12788811781884313 0.07087903510222504
0.2867360111780288 0.24457206709208634
0.18146439525009106 0.2782627156494214
0.960835481553402 0.8658851062532076
0.7512890416065328 0.5269857197802541
0.9295812065190087 0.6323223170549752
0.8969631173192035 0.6272078069927073
0.18684720630688156 0.09285971808763438
0.7013522074848162 0.8636262116806825
0.20281070570921045 0.712915978991916
0.2446152235840897 0.4698756154217253
0.3876475364699229 0.3098735338604631
0.45558417327435907 0.24282953943478525
0.39182187731509466 0.01315968448420346
0.9154762314955338 0.12300501115290485
0.07234711967038232 0.03651592536167414
0.1430216195324221 0.7479374524025811
0.42412004285566063 0.37137260638096037
0.6254422219000614 0.697305891680454
0.026408085989199748 0.3627852371523864
0.8763168419852013 0.391753529858087
0.5867953512671544 0.013177931092172357
0.09922155774557107 0.38176179614706107
0.9783700598422607 0.7741782106957792
0.6151344207765869 0.06860104460971417
0.7606622124296195 0.5331168996921566
0.0719455173187119 0.736294444231573
0.5508171936740555 0.47830533969839584
0.5960151799199556 0.1416957768644752
0.7687176015136178 0.5359919386737135
0.4685744713533301 0.809196389774381
0.21824176967430298 0.11193829938510913
0.6138636285707176 0.6072398884629906
0.6865744304214503 0.9418450621917895
0.1712558198420896 0.14573784897608622
0.24446136486664038 0.9573958643772202
0.6902152135730714 0.026643433273575767
0.2125263055317862 0.20847770155844758
0.034789580283114296 0.00435422866630375
0.8222453120450639 0.04717427163245935
0.913439612151587 0.6682793978055594
0.4448998158679648 0.9754183598948122
0.06035840198729736 0.3468204219287585
0.8878068931136744 0.7857286293808736
0.4860363122446896 0.5501788105772102
0.6643507826575888 0.8832442700535276
0.8876778162217401 0.41881813580921046
0.3328176157036039 0.9673114551752394
0.2641786720977565 0.3250718962548105
0.9687604728426419 0.5721631929470746
0.01572317644000265 0.9873025940638432
0.5865995700384213 0.3187743702952812
0.3246628630750935 0.19918183544999546
0.858388244760651 0.113761899473935
0.41218962736584763 0.5510747828171079
0.7911522988782803 0.9462397563306498
0.3444177904509579 0.3261770689389937
0.11893678501832028 0.3798272720122704
0.42184105799226046 0.09096547032794589
0.04167054259255609 0.31454803610349324
0.8277322396766974 0.36768865503682213
0.6001861738101587 0.10214647181555847
0.1339045635269437 0.17603739970138155
0.4152086439907229 0.6383871686887369
0.4663557377649482 0.1617987157476204
0.7378530792645576 0.6271923094455316
0.6186666172152274 0.49221163987524874
0.7601485337547635 0.8140105049806444
0.16762895260486443 0.6909065176770806
0.9163311765088101 0.6196001975216305
0.6934269778826926 0.10972467998355595
0.46912687993718605 0.27044937749693787
0.5358003806196444 0.7903778731508682
0.019969427311657517 0.21834275586709673
0.12796695881154496 0.055822244975676116
0.7080781659057473 0.36912635480221223
0.8416851232285847 0.2893849663185367
0.7705438615094342 0.3995085302873017
0.4496879869354876 0.009096112119058586
0.8240497048820521 0.23077585461688888
0.7658222715569263 0.5253419544107035
0.6985797866470419 0.549590857807532
0.7585768171968088 0.18187040545354993
0.9044447370569373 0.11857799383937695
0.4502871245388217 0.4233432030598292
0.8461800744904062 0.5031933321552516
0.2121537855358504 0.7070432976477349
0.7103501613221949 0.7564120938762074
0.644314379877074 0.5820102881633329
0.5490162794782898 0.5490579395669588
0.090559981068834 0.09579067828176802
0.45660496564515574 0.21113608458625766
0.9788886049613635 0.057153706777970714
0.8951383942323103 0.15832226655059767
0.6019401456073045 0.582537740358851
0.16126555794839925 0.21779803896931382
0.6554582836708076 0.7846559883177545
0.7082598407308436 0.43891194654119015
0.8382768905025242 0.42360496211343923
0.5371243520937558 0.0766860446521892
0.08392960460153576 0.8339821559949202
0.1531738077394642 0.5699745608161305
0.5418331358256261 0.4659347115898137
0.6479378480857688 0.501122815665999
0.25509633879919 0.933723879598932
0.3109570786181892 0.7202613468723255
0.5923584885267295 0.5523045412771704
0.8020204046315907 0.0449110195998087
0.8826619948887758 0.9605835601256782
0.3216177953743027 0.20436284767523505
0.37521614420885874 0.5794336312428617
0.4058600400300286 0.9883358353829675
0.6000103687137743 0.3332047395059079
0.9418432956304461 0.8807049816418674
0.4405864091394819 0.2753884704016817
0.7504123775703261 0.811630917947021
0.746881189467002 0.5022546661631293
0.6155043417168835 0.04521134639281599
0.11390313656286566 0.012694271615734887
0.9527291235674612 0.6348138901387408
0.5311064355327444 0.9781659088389232
0.4045718860082048 0.3245385714115211
0.9676793303982534 0.2235580388994277
0.5255772314674517 0.25279779890548615
0.6005641635836833 0.5879425886455677
0.37810265446047586 0.322790346381327
0.3148781433318414 0.23360973027005416
0.29770501348957534 0.6446847082785022
0.3105058488352367 0.902438024926382
0.30694995323941787 0.025617096800711003
0.13398555964046088 0.5805677548934833
0.6574116289104788 0.08614753089924032
0.2214134616026412 0.025509700159811022
0.7618557047241421 0.21560682188854707
0.08594098230436009 0.13423515120787322
0.3420758304774745 0.2438066803962382
0.6125425537348791 0.1864579744092102
0.962580110326444 0.4028737609059728
0.5330819625929302 0.5842323195964672
0.24630055451818866 0.8805075196977772
0.0463077663352931 0.8271547451269959
0.9757252369828241 0.024751334229300204
0.7202593289336727 0.11187308097549165
0.9713294672018601 0.05040485231172476
0.2686666970668671 0.1252682518471212
0.10890858948311322 0.9184948853617075
0.5282790799081225 0.31258995721995575
0.08839179174913214 0.9127609606490038
0.9806586204083997 0.14499036313557379
0.5989430623504188 0.3209013184186621
0.45982694800773516 0.6853148859998234
0.3386314172869276 0.543363147849454
0.26625434933683756 0.05667246337647036
0.9416795942065883 0.8987512690335223
0.7680324683800303 0.2552220482603226
0.24227694942137568 0.37246716052665474
0.711673217711935 0.11677650773144255
0.4611684489513297 0.5639803891282079
0.8878281388230346 0.14623841742183574
0.8397086510713183 0.12817285867240813
0.5013237028065048 0.3495470126725989
0.9657958862734422 0.07748579327731775
0.5802604084007699 0.1697289395011311
0.5370785536557531 0.41413810035552023
0.025523779017136095 0.12181055787734107
0.5890518701508122 0.6954740757472323
0.44990855032440347 0.7457620351857682
0.2791400969596721 0.30053737881893283
0.7851573061318049 0.05230917038234484
0.16258564491285443 0.3622571173019319
0.7455676572829097 0.7233620275896316
0.5219434660129474 0.557171321170872
0.6284227890584168 0.9469733397705405
0.7192049690830851 0.20340174067978234
0.6043521501439864 0.9161547008114878
0.728052990757301 0.40763322119561984
0.6048305814227055 0.7015414301691721
0.9734755460028622 0.323139813812627
0.14937573273526839 0.4198120342309739
0.3569426054726573 0.9334390656568635
0.9716048773901077 0.36293152840541376
0.8775768065324309 0.15994470322924537
0.10116451890271183 0.027702593335396153
0.5732258454966248 0.5070271893663226
0.13764676528571607 0.7907718756994365
0.6000701432460523 0.904180609659293
0.8129591229951575 0.3111536741658111
0.14537671348453052 0.8825336384110011
0.5802146203117037 0.6104963320233313
0.5252362655074156 0.7317307702361673
0.8900622835097554 0.18073165982402306
0.2575973041478894 0.8232499356053079
0.01947789386948484 0.3994110279563663
0.12063739486250169 0.8575109922596894
0.8033880569164186 0.9949464402598154
0.20748872088440606 0.3946689475817827
0.3861008226551652 0.2971383625923393
0.7705609030808716 0.662774748786208
0.15736893532915197 0.5327866741550111
0.21218155321700194 0.30202562954305834
0.3670120926838051 0.481844852506791
0.923000581669127 0.40011592102740245
0.5223772603185485 0.39649166216729526
0.7955819343649051 0.9012384290451805
0.5645168696523389 0.20365875937184286
0.14783175030674334 0.23007555938642332
0.9918168022455616 0.6609664091847197
0.4793897533380992 0.7621580279773711
0.5539072084449334 0.31668402357816594
0.9538363557751207 0.5932589641794858
0.8740411977858128 0.8362458907229796
0.750544854613654 0.9130291966577745
0.3747274841586258 0.5010165879140374
0.4622346339085017 0.17186925670587705
0.17925527148673304 0.459415034061159
0.5277579413462659 0.14507261057362486
0.24085059668270437 0.6161694672976363
0.28437912105915186 0.9445635852523008
0.8115553603320932 0.8823904217974541
0.5997820077209499 0.006092277025506965
0.5045216582648973 0.8773125666561519
0.2012676695618395 0.0885385315752909
0.6262653451590551 0.07196996765024988
0.7580809493449863 0.3620151763349867
0.1595251321646689 0.7957340574332681
0.4925315740649755 0.7327506165784602
0.7627239640099164 0.4885571607819258
0.5965511549353203 0.6552693385699895
0.4186317965505638 0.07492880072853902
0.012554904419905255 0.8161783589696036
0.9126804018363226 0.35996564418302857
0.20095278035258468 0.23890646125830461
0.15048165820409054 0.9037207244077677
0.36138162138229046 0.5550321357917126
0.43445373908870033 0.9167107308447673
0.20070661999665151 0.4153754753081069
0.21105925724230856 0.3378250519698328
0.7480663547502364 0.27281794843563223
0.4730130822453328 0.4051938691266288
0.9057130456468823 0.05885321675993915
0.9549174054652254 0.7112566721108875
0.3941254574460058 0.5971614994906073
0.4961341301771829 0.9451866833988106
0.5008490395206954 0.9500384104233691
0.4613058665953941 0.2689910757625986
0.5747441928142308 0.27729884050264475
0.9067887088302439 0.5480202213866587
0.5207998586888428 0.2023154135954094
0.2603608794547829 0.46228388877502824
0.6453968251056599 0.12613961601732704
0.6419236316185504 0.8618862503636447
0.07788123096114619 0.40819372474823734
0.5945120546980533 0.5980553152621166
0.6515352096490278 0.8408094545496458
0.9177846804021503 0.46065668810548677
0.5655087311397913 0.3849297128338831
0.5002628963246035 0.7837459295623017
0.3690027346364728 0.7055775244069128
0.5319424742251042 0.7426270645282115
0.8099702750068369 0.6482365944451656
0.24550091979496946 0.35904972205030206
0.8728295314000561 0.431075663446283
0.382176206952326 0.7555907928267585
0.8931580446669087 0.9929892411404144
0.9074939532500681 0.25593093361014574
0.9820652314100995 0.6337151826493349
0.11237143238446656 0.5146501832898266
0.11891613278902058 0.8098295983020989
0.12672870541758297 0.9783309043804366
0.17830567116063656 0.7092077451446626
0.04558840698087496 0.6291705837267921
0.8456603609295283 0.01657952880489799
0.32174774711972254 0.14297091278839769
0.8455695624023724 0.10409647271498801
0.8144569974064849 0.3052836318364628
0.1579260453900958 0.7333667958081093
0.9001414742543891 0.7726576402656149
0.9291816406471555 0.23920356966104062
0.34905449166930913 0.040346308927300956
0.5995003967606757 0.08037081168341564
0.25085093839366823 0.783497215310278
0.36131839136074406 0.5889006086081284
0.1324226712416754 0.5757616983624945
0.4407956171740298 0.7270941728667116
0.5529380756187737 0.35742434562897407
0.8508724867882594 0.6701079990956513
0.8838802370627286 0.9245679071715103
0.20311895673869718 0.07206642138049302
0.6859793612963907 0.1414523653629588
0.8852925022156869 0.9449295525674789
0.08028676055081652 0.5402010467509274
0.4124959496391263 0.18188613477189863
0.7772393245580002 0.4650510712104101
0.04205394775426752 0.8908285975482174
0.9754148411191521 0.942839140878118
0.8057032329309111 0.8685076138495548
0.1707801662539693 0.01705797328391434
0.9574177001634052 0.7422519088005806
0.027586082529824196 0.3697325812890909
0.461166952453011 0.5336785158334695
0.8536634298562503 0.6735296482501729
0.5501325488017643 0.6576075242692732
0.8957278005475484 0.26592772337258475
0.5773833153470863 0.6594345309377742
0.6244005129738542 0.4179391707684694
0.347737709254184 0.3155029296734425
0.41400615618461634 0.6817898606299134
0.8715171371436365 0.07355756175926953
0.5388076783823018 0.5451260500045635
0.013121668546798526 0.19414970690484867
0.20519229172230813 0.8937317308683973
0.8208350695649435 0.36890339173286313
0.4184223447806352 0.5904049080068722
0.4189936997857253 0.03784086532348596
0.8429176331868051 0.8145537406238177
0.2196294389608927 0.10550535418091944
0.4566364279359032 0.6752390063466386
0.8679241493613922 0.2644073022850957
0.722974556485255 0.0098024258581767
0.7742890760538722 0.6743600254705144
0.20770341557115435 0.21088495466649915
0.30560982710328255 0.3175594108266262
0.0538188267491877 0.38655307465788147
0.7091733872837857 0.9518014016515498
0.4937751627236894 0.1514149683094672
0.625020878198654 0.21802028829466136
0.6264297473206134 0.871023067231535
0.6059459068683483 0.1233695895403003
0.015124651345351126 0.237522747902424
0.40908504257691347 0.8173566159969378
0.27368467379715977 0.6414218812841962
0.9490235277156399 0.30608052377541306
0.69871115535702 0.9225192214062664
0.7095658966400424 0.5084135221009384
0.17940383702216078 0.7324442361109047
0.09979771735930698 0.8480025843487398
0.07024373455412869 0.9219247057945389
0.7097911991075935 0.3962598331358129
0.44722181006108896 0.07781262896013608
0.6722840586144194 0.43404693161182517
0.18489989345613322 0.5780632296838005
0.36888752607471686 0.1835497357489677
0.5894419430298531 0.3072752378210849
0.5328560411447656 0.3768770681819841
0.9018548144066957 0.4810657752432307
0.3951774884150936 0.2742071572160266
0.8460299443541612 0.8644658837696961
0.8967197938168768 0.7218446012109823
0.5377782468866736 0.03768833716891529
0.14639588799058756 0.8493391620269904
0.4939028056656011 0.26203182586166407
0.24378572128446885 0.04485706461754113
0.18445470821583154 0.9293511919718699
0.3043808748314937 0.9192847848060033
0.5566695394862806 0.5404360742567418
0.026593265292015222 0.07208393283107495
0.22568354861414774 0.6508056553448516
0.42189657350790444 0.6057050380940084
0.5749795767303921 0.24684012122244892
0.39294529803352163 0.5004074828600042
0.8386150796910142 0.5708344600866929
0.6892430843938785 0.15762099953944275
0.34763561354950967 0.5004735745358436
0.3959081370872183 0.6475244797698609
0.5146789989582394 0.20639217391024445
0.5183106633210611 0.4553056350698643
0.8036267023959183 0.9608968388006089
0.41383351789888567 0.8106049177014351
0.8852611529729558 0.6515916778539477
0.7917336500473139 0.005936076325147144
0.41523796704885185 0.765563098230118
0.7530588933141428 0.46241423109843505
0.3872854304998896 0.35294320657951306
0.8748009564875823 0.6849123293001042
0.8123933399749669 0.7530857836666333
0.6559420608562834 0.6638050369115557
0.5538563589125166 0.6722520085286267
0.737779199222621 0.7267486630905947
0.5083874409976072 0.5386181424657527
0.18688670331682855 0.3214848448001688
0.9651192324754624 0.928580940956646
0.7863043857125537 0.7194441548798766
0.8971627497770289 0.2577504756180685
0.7190146570908664 0.16996590785723997
0.1444935766956722 0.8606844228946577
0.24749912534997687 0.6062383196842945
0.9322886157592323 0.04533201091443961
0.9941416502865387 0.6066033156025581
0.9354365464167079 0.7013194575608291
0.20947079049184691 0.9486583829514517
0.1477980271275735 0.5656231776925196
0.9787123026890039 0.7586278817494929
0.14389227791053638 0.3048408103740997
0.6618474868461507 0.9547642660909857
0.9310386749642221 0.16018472297971897
