0.6954079947579895 0.8403392549600744
0.08486004776555356 0.6581207788227087
0.33066909432171243 0.4610584358537806
0.3163189345043802 0.14759713778473083
0.26043437267465197 0.9198142362412833
0.5339813867885161 0.4713227140917785
0.13156818315998253 0.44784925595576053
0.6645574149102702 0.12857487443433524
0.03032501478472882 0.13170713926532618
0.5023976600303378 0.35544090117685745
0.4750964441278428 0.2717493872557548
0.34405989266818326 0.9322410016313789
0.3865914790176471 0.600162419204553
0.1647772632888419 0.15868466121977154
0.06697470792287086 0.37166923995312773
0.5524346729169777 0.588587588651837
0.40796361958653093 0.6301986278468871
0.5687617976623972 0.7966406932730005
0.5176126801883458 0.27605452842386236
0.9428023740875582 0.6616365465510575
0.7064885615514006 0.9106663424585971
0.5183212547366907 0.3937231030145061
0.30616775226943305 0.8197910267208272
0.6746620741688361 0.8076681222499981
0.10646353653531271 0.8710760307487988
0.5196701387723532 0.14978205411555934
0.29251658570106565 0.5481818728610425
0.013646504218901345 0.12306125986209937
0.6388599400209863 0.8212016184046443
0.8249009522044439 0.6232772380702322
0.37479526064520785 0.06190404704832242
0.6403228737572474 0.09815188537107877
0.5738941564390884 0.7523662297460275
0.858491191368024 0.3724226749448989
0.14016489980756697 0.3068499523503805
0.0781951117364793 0.24351569603585455
0.464401521548506 0.9293163075530222
0.5618401222986353 0.14570891419654364
0.6064582674787966 0.06276062612122557
0.9010642045868936 0.7050813541706933
0.422669959246997 0.6515904112515243
0.4409916250829452 0.06320890214905694
0.40236423287851697 0.13455660754548504
0.6299025863957141 0.43448055491808224
0.1033891929259686 0.8132887877516077
0.35269923504733836 0.48007381624431933
0.9838059178221589 2.7289273793451585E-4
0.47939904664753374 0.7310412625431881
0.11537198655138836 0.14015014078393606
0.31398982572191536 0.47362509540434927
0.734169052810509 0.9195040400277733
0.3643300882360071 0.22183001117270285
0.834703576354901 0.23284181968860707
0.8703820544170932 0.14544888466492845
0.04603663723344653 0.7562659090149877
0.8259145066471457 0.5961500934981551
0.8419755918549602 0.7953695182256475
0.8079157247776265 0.17989916066988465
0.7320861372151014 0.020180073676602683
0.7883068175504574 0.6609012874973311
0.4562607984554018 0.6775129651318565
0.2441486714389839 0.35041588284631386
0.3628056669692161 0.8798871919444864
0.30538632605002514 0.5332078031328539
0.08848453565817715 0.6101936597403107
0.383276866665479 0.9150642356842478
0.37868511152045925 0.1525957669132778
0.7079977107009229 0.036720479061169486
0.3868497568323761 0.7626811120354864
0.4705346446677384 0.0927013590951119
0.07453873351801665 0.523672291527462
0.8117996249704235 0.6179996505406745
0.3969712093001314 0.5005435138004458
0.7310306913248374 0.06117675893234886
0.8036152890524382 0.500179174653258
0.09587733081042693 0.3493846515170045
0.20937550421934337 0.9732494417900713
0.3281764640406897 0.16897271269216774
0.9991520238387102 0.8522667458581498
0.0122758744711432 0.8347565732398936
0.8170231887185213 0.4103267058513075
0.6268630992419545 0.30169075071908513
0.8610288056445288 0.5463254015275966
0.836609871376524 0.08460019023556375
0.15550889176084626 0.2549844586366614
0.2965431667732422 0.5947906843964089
0.8051784737541043 0.42380430140046377
0.7199061941246391 0.6767715344280187
0.5485960808758459 0.5141049704045606
0.03937335104862516 0.9339882988992358
0.023409937017951687 0.1296028793183862
0.8518357421922009 0.7693773039046864
0.03174246398288305 0.9535113867184946
0.978574410764651 0.9347179212197919
0.7513000938284151 0.043941286697960935
0.8954908183744322 0.782172236942494
0.2762724169826556 0.017417447855449186
0.9921649664204465 0.3420663312199749
0.09181071069061442 0.2216159952680804
0.10386397016451299 0.812880928362466
0.08685262780310299 0.6009657634070377
0.5272245510286941 0.042583891144801544
0.49228684681861967 0.5925472363748447
0.7781849030601907 0.10485012197137844
0.6949271215090795 0.05476053892745336
0.6798432257717091 0.12937963702309974
0.2224927304585418 0.9275237508877267
0.9782713016500457 0.13243779969636837
0.3207681179325085 0.05030134066106673
0.5759131140300131 0.7119060360257957
0.45134154770847945 0.3230519516925209
0.6450504262373179 0.1205455109529665
0.7267988491794766 0.1852238622590172
0.3379186116452493 0.4118401755598784
0.7699752954061664 0.20921498025533103
0.5454070898857888 0.06469976366354813
0.7348445575029852 0.4572541379565914
0.17288146876044208 0.7364671701247756
0.25885104709555184 0.1344485729786128
0.6995145930729799 0.5680891514346724
0.9299679275576844 0.9857824268910577
0.36661665918383757 0.7709725144563236
0.446489731489094 0.8311394796038454
0.20080489883799735 0.06196331398178523
0.02354540449330722 0.6099628479533017
0.2194558361163591 0.881049101929839
0.7575437947887402 0.31595301410572474
0.5887341562227061 0.22579981671388905
0.5982402719235204 0.24224523572209067
0.20859401451742876 0.36722567400037465
0.2978399729422456 0.028795711300448223
0.1844999368499486 0.6736455010520714
0.20752915729374355 0.10624542353418198
0.9122163907079002 0.2623225016080596
0.07405344834025396 0.26431966216240366
0.049866314789235644 0.22303833924043204
0.052437771629430974 0.2378599548525263
0.48056078302266025 0.7134410568760212
0.9956694605686017 0.3998744638189301
0.4792531023995573 0.3129160248483326
0.708142692749397 0.8785319579770023
0.6890727605738382 0.6398931556538232
0.25688896609623413 0.6738132901622368
0.185245647971226 0.38691777230676594
0.6230947530565198 0.6395738797861308
0.8588090109924043 0.6084768135216595
0.9461341855451953 0.5180590563010516
0.5876810086674988 0.3084854300178993
0.36332098255143697 0.5664537912024605
0.17924569383413091 0.1175041691483647
0.9808107302806295 0.6988372498463101
0.8664673441721451 0.12416991099400854
0.8245607799402751 0.4819512208403972
0.21864762109034264 0.7309883078365501
0.7149820501097076 0.7694814246051992
0.6882923221919672 0.7415498278758216
0.8848929570082242 0.23708884954955645
0.6571549891376843 0.754394838336825
0.8176130502896091 0.5892178030179953
0.7673768075257323 0.3381678668999115
0.22050967930728582 0.7487465215013106
0.5277433471051441 0.3933648844010579
0.2690384631712792 0.9118349158567866
0.6704305124676153 0.5678916610052862
0.2572936726585232 0.952863301034585
0.5002136824547503 0.5868153367060591
0.5733128897343197 0.2981449713896779
0.5259652916607424 0.8811051660353928
0.4808548749793363 0.0521345002951491
0.9933681522919868 0.9558228850566057
0.5340981633949563 0.8561428899801491
0.5481226921137118 0.5251368159379445
0.5776827762762196 0.6871093547303937
0.1505285274668633 0.5596979819729957
0.19174483958373134 0.562769286543234
0.5351719704869025 0.0413308707007225
0.13007082747920007 0.9095959510988746
0.963552751321812 0.4006549520982481
0.7692234262219655 0.1711838509182484
0.7528346593702241 0.32516789764963205
0.8374690342985451 0.08727945013506466
0.08050662799328356 0.868484599695811
0.7245623597593094 0.9574550435012876
0.8625921405282806 0.5658410457163261
0.4869209156142613 0.11845999246175343
0.08214637739934272 0.566635476518832
0.25744823014272156 0.8105727722640607
0.805132358988664 0.6316938819383208
0.1452413821632268 0.585816531056217
0.2623684534219445 0.2111101399701082
0.8676451476204852 0.41968975243543993
0.7990918155743841 0.7179265019529816
0.29559140956067653 0.728102583981822
0.1977829659132203 0.5435824669762264
0.8128889857195973 0.5624985651495853
0.8652494560438919 0.32297585511165794
0.8911060390691415 0.3586807243858945
0.6415669316711023 0.4501425993641668
0.5639130431228562 0.74864973635741
0.5363283187682176 0.8699766905015391
0.5482317515149114 0.109801242681972
0.526753359737487 0.7270754297016897
0.6042613281705563 0.7221179640639549
0.6625613132395233 0.539709220963704
0.3524298148203505 0.6315321629957183
0.11411294005665096 0.1850791363345542
0.17254576284395962 0.576422120662245
0.4731775203318126 0.13143996354900023
0.9989011513632361 0.6242460264408797
0.5697839012628638 0.03332978834059508
0.7948032491851289 0.4866055251268423
0.30396499172732594 0.01806189075312903
0.24098994402963614 0.8335701688191418
0.5078070227017496 0.7347985067819676
0.70460934949571 0.31188293885211693
0.6510667896066527 0.5119400156964433
0.8689212813023396 0.3867067621270388
0.28272129939911517 0.7742272849319703
0.49860439660937883 0.5728599379828413
0.46116570012370295 0.20786897027293072
0.6915298441845154 0.09902849064700259
0.06737728233469986 0.03016966328511539
0.6250885099090554 0.5572316599145133
0.818214786446667 0.11954854297169626
0.24363537488486964 0.6298565705899597
0.001123615086307872 0.6925027867099469
0.5533416984620535 0.5578665544592731
0.43686937134829573 0.6759835342297393
0.19172138617159618 0.6163270064183057
0.9435235880361011 0.9168166595736691
0.7213253257785899 0.497181757375207
0.6227770265307638 0.8942142610977896
0.6605734697195748 0.16425157674982727
0.6187576111841232 0.6570873273637615
0.6094211995232078 0.4417161861414818
0.6098816280550268 0.29478374870303137
0.9535331929715384 0.3248795845324327
0.18586803188006173 0.36803982298738114
0.5378643446177038 0.7608076702032979
0.43489795820238497 0.3763480818515117
0.3890239949917268 0.4364668718408419
0.5200023698816748 0.5186073753057338
0.03552616264936581 0.9332802379208464
0.7591128162806184 0.715836110716254
0.22600537630655126 0.459558111633356
0.7398115525130774 0.10789308316266244
0.8777036709446615 0.2560480289084526
0.29766918575763157 0.010564559270778373
0.9010114877369855 0.684888794863469
0.7661589913633188 0.6250402767931525
0.14057144226580176 0.9585418869428632
0.7664894276855515 0.6287151550971467
0.04943043556894655 0.4428129923396671
0.9472969864408981 0.14441770281577737
0.8699524674815374 0.4768649903681521
0.506993980742993 0.4845796280625544
0.03368065393554309 0.693163391684567
0.03566675371006367 0.4975260899709093
0.2120639884749087 0.8915837018360728
0.1987717092217891 0.30497920394416844
0.9509403860859714 0.6244496217315122
0.05147813724145167 0.7130320455442067
0.10389475460730524 0.783059957056428
0.3203580738120959 0.6032645075514609
0.3430866924701613 0.6413011784452618
0.8182253838592949 0.16633563847152488
0.8708698021556195 0.008231426550348364
0.2682775719859729 0.9273024343705094
0.08150019867730829 0.3690613297833425
0.20529530228807813 0.1300778947362422
0.32945926219591615 0.15274553911305566
0.2945065706792853 0.1978559425324189
0.14939177018939287 0.5544380826166996
0.36282368549197186 0.6669946579127001
0.24238699087659388 0.6623539958597698
0.6725127024005467 0.20376327197627075
0.29430742384537245 0.9911184773675072
0.48395692170694804 0.056522660487135834
0.22409577342362508 0.9074736325933374
0.7520272976438374 0.5703226692686234
0.7734677896370182 0.8492526883635468
0.8796742481758163 0.19656443017316017
0.4441250522830398 0.6848199389922788
0.8127069129757067 0.7672889386854574
0.6645981272582753 0.037713800686241195
0.4013275358331809 0.6718181227223197
0.7260574762578236 0.9100199193722741
0.8768402265075192 0.9728880991842639
0.4649055016017627 0.4780398085669797
0.4960545730406185 0.4300785105660233
0.8896905712216853 0.5051097914065013
0.8912567550039243 0.8602562816076538
0.9508590694702297 0.418964041384948
0.43022196920927513 0.25791539015272746
0.434089762211636 0.7348245428339729
0.9385932545569764 0.6227092575048974
0.521429776222777 0.17044007803335892
0.466054369116501 0.49713571927304523
0.9091789953277741 0.4955849692011566
0.38807450494574636 0.8042488009679961
0.49744601812068867 0.8860677654892317
0.02660573367527097 0.693435814291899
0.5735251966927963 0.3110889667968647
0.14596427255572297 0.7517120289995359
0.09972102520030279 0.2728260670774886
0.13422919169849556 0.11864944919380582
0.1859727945478885 0.03841283048556832
0.41584315942842776 0.7549701080734404
0.07860854278950336 0.357019557430192
0.6577017772105151 0.35799864084582944
0.02878466839738636 0.538529233741574
0.6288692599754129 0.19158258416458007
0.21764311038764905 0.6853444013904002
0.1531601172636261 0.40375311884648246
0.5099456842236342 0.8151479162606995
0.45417790824396953 0.2423133737310701
0.1839208380226861 0.589980298585339
0.33400340716367416 0.9467045267576327
0.9422849636175947 0.3757853168676334
0.0495769513587776 0.9939150678059832
0.4478773438837079 0.39661440228171974
0.45491995412940023 0.8068620608928538
0.3470733960239262 0.8189695570752238
0.9626936755646339 0.9955872663073438
0.24511883529909895 0.7043038209077718
0.14519346982738257 0.6947754071947598
0.3797524003850481 0.9014868416505266
0.34272950011952186 0.5855156617783575
0.8029627062858794 0.11608262889843235
0.4764454449613238 0.7448914067032805
0.7254503783276866 0.589575644290959
0.3729790646520601 0.5538979100417054
0.304343760400259 0.04921976428026609
0.2999697491046235 0.5123506901270288
0.5619428577258408 0.8479749459310603
0.08426950485762863 0.958862582296765
0.3117425140714045 0.5040340451263583
0.1388158709113726 0.37463043634823623
0.9377129401470139 0.17073264791404863
0.9594764899931445 0.16168733300113403
0.6237916518955234 0.9201726897483362
0.16977674072903326 0.529439651835596
0.16276792435578102 0.10768056910970847
0.98927324172788 0.3977227792309954
0.7872170369182069 0.4992591629738312
0.08043788602406698 0.030273073641429393
0.5598686225239886 0.29048203745408363
0.08926851921442813 0.44942799489370133
0.7367693399315527 0.622817396478206
0.8364435412688103 0.5510300408034503
0.17382745738849692 0.7121587457628366
0.03869018481798059 0.23792442096091815
0.2858026833634306 0.2443775275160277
0.6441365744595685 0.8211046230920569
0.28653176014821 0.2640026215234257
0.35077043222557003 0.39947362570913436
0.44015656495108746 0.38467061380304357
0.643728023277581 0.9223530166473
0.835348260483759 0.7837793730673802
0.7349887772833806 0.16328603651083706
0.757997181104971 0.10881746144355908
0.11815272308321856 0.8893448605249046
0.08256534495377488 0.11912958848769573
0.06132930306571249 0.09706627832883641
0.22827443750671472 0.6144187777848156
0.2527673040428041 0.3043042676286595
0.13352902299705138 0.9600741018566934
0.9867083712824118 0.5367015922565311
0.390451131925607 0.3094520915670711
0.7310464807848729 0.8281472314991298
0.15112910973931093 0.444529361548335
0.6537288817464199 0.7664996919629131
0.6681600380039471 0.008882257370211422
0.7014344259753259 0.8590213588982002
0.3642916169879371 0.7907394779674339
0.12191752297625158 0.26638198749271946
0.13944582948102546 0.6288915306179776
0.9005070096472589 0.7597543884937286
0.21813388396512823 0.4605309611612356
0.4416011627102814 0.5924388546554961
0.21624738734161386 0.007635560754058468
0.9676013156953128 0.3456174828367198
0.2634384913168999 0.607296430735036
0.5305785457361666 0.707252767695274
0.9557772877976762 0.7314314006098459
0.23606876126270904 0.573809955100976
0.6331021844745874 0.8126136289222796
0.26374390229769995 0.8263958617159101
0.9764545127780816 0.09528406584261295
0.536307939858174 0.6260712464142796
0.20321640869981938 0.365405907472092
0.4358181650958457 0.09750806292876191
0.20104648793103586 0.576657556199401
0.7957335958873041 0.8258266289865495
0.786435078392586 0.5875504968529509
0.5073445397072824 0.6783619583169761
0.8996769890029148 0.4513968501336316
0.47083775457802235 0.0812728755471217
0.9552864884671779 0.9598407805895142
0.29410450641681674 0.030320833355702348
0.7553559098395053 0.430707045300052
0.09649948203990977 0.7958102436367245
0.3430852362447774 0.05220874167027367
0.010110305382994733 0.49359589292032047
0.9246874403239158 0.448095776475418
0.487699396294608 0.4372266054843661
0.5201003538623232 0.5121140646133803
0.32433051212449937 0.46070923558302435
0.3164123867268467 0.9751853889043279
0.37879523265371917 0.20704054140128325
0.792636301957392 0.6150058440614671
0.3413046583891123 0.7145684697699799
0.56044159256541 0.49530088685890516
0.5355146364354697 0.501409249773909
0.5226825850444622 0.13076333133875295
0.665803274424829 0.7475594749241742
0.39003603598399816 0.01374005345535112
0.6248215981552686 0.10500771160840017
0.8157885275835963 0.5100220796231878
0.9616897472991623 0.12806344201533504
0.4097903456865556 0.7336319924840694
0.377812562620397 0.30928522347900167
0.6748194852469667 0.6442913454722143
0.6651398273938383 0.23080458478332744
0.47207563180871515 0.276290182822576
0.8307986047122179 0.39650561017291774
0.9672505460965214 0.7037694575321958
0.7623755278982083 0.897434514495374
0.1345982023958029 0.07496654205705744
0.6797299789576249 0.18097755125893522
0.8036540930357664 0.8067630325218266
0.79206922707684 0.843759766461057
0.921730099128074 0.8209125675300488
0.03311905569350804 0.5488808336835663
0.1750375430192781 0.5246166077585445
0.4825746808817074 0.8800186871522826
0.3622679559039579 0.09065377576861133
0.09861818189395388 0.18809534460156807
0.9466872991067967 0.47605860757116303
0.6841406886292156 0.2606137752913954
0.026276270384869238 0.533383918292416
0.5884084273098952 0.9494384153789297
0.5561754916158365 0.5148702054171628
0.5062641118619046 0.7297059167226222
0.033671495254815054 0.24738497868927367
0.8785558210461503 0.5307174278327315
0.013185373096306963 0.26478308100424774
0.8203381604784163 0.07907668838641868
0.7572029573419664 0.2243792873964875
0.20749088276337802 0.42500343520699946
0.0488119061281822 0.005512462871249735
0.5377525195917016 0.2846648657380948
0.6924871380152966 0.9907201688575014
0.4487681206851105 0.32453222466122067
0.5119936843371903 0.1638318059052768
0.32360110453918167 0.5381837485145466
0.7177512708493891 0.8243269434021587
0.2432615315653902 0.4216391474653467
0.3607325244638856 0.9135949503578044
0.6561542931763212 0.740224969803894
0.21594287192690498 0.17627103379617204
0.5259523054105961 0.29813386800647135
0.8457566985177237 0.6386125663220211
0.39225138562442596 0.2712556789933319
0.7818610470131038 0.17591917017147118
0.7324651351894323 0.344521231141139
0.7342845387322705 0.2622886035742591
0.24876965631638204 0.10691483060522333
0.4869661090155192 0.34853985468716364
0.220509311972926 0.9004746746699498
0.6715441384840075 0.6979235432912381
0.8603266202290809 0.59401511941945
0.9245237001404737 0.9242796086239984
0.691380819473889 0.5579682449073897
0.027705844637961885 0.9235900746884079
0.3233710362306391 0.45365674837746683
0.5077395572787619 0.36741500679987205
0.6466817201864014 0.3184736942776146
0.8278834805494591 0.4354879707393755
0.3868196643119285 0.8278592641922744
0.7435412714943779 0.004786791041271554
0.16541312905115813 0.5456285028422772
0.6128607046125846 0.08368422560595523
0.6993955902031684 0.43611760990684745
0.4546633664131313 0.8823225369847698
0.5365979103850426 0.9047816528684172
0.32819868945381236 0.5441446095406411
0.7738243369329736 0.158288904996718
0.17269169620774139 0.22855377106269592
0.5325894163525116 0.7308229163861157
0.5893815192108058 0.9309630093648436
0.578044284635764 0.6102159010935777
0.17472362953728282 0.1540340193976788
0.35822254427818667 0.515702104864323
0.9206552143233657 0.30269479224107465
0.9135874468015783 0.5284935568703685
0.8863002660067327 0.46556413994560053
0.5609633342206881 0.45704451034113824
0.8152170271456913 0.06670041928139481
0.9912868486027144 0.030785030342015407
0.623266860931851 0.7241306969053403
0.4372132723483976 0.2592688008724373
0.7144110891702845 0.5354055541608851
0.864466980174331 0.0680929882298893
0.8952175783152715 0.9254643173307143
0.7199247227028627 0.6286136815915121
0.253586539082599 0.1383838709267149
0.6297732352073104 0.6353930149318889
0.7431811128974852 0.4321237368089266
0.5826836156376252 0.15347932347329685
0.3722745924163764 0.044169052040730405
0.5557967704776112 0.5570348791852008
0.8342033384414977 0.03601200475435817
0.24541558455018797 0.5114901765696497
0.13634062987470785 0.19570171145955617
0.5496511958593103 0.9133181950944659
0.28548296432129616 0.28023102556858936
0.7168721336803208 0.19468502824823297
0.36976775763618086 0.013318247880195089
0.621657016355504 0.42464871990015096
0.4407168716629687 0.4191808689625778
0.459052484700033 0.19424097535552642
0.44372787945824754 0.26918701277783175
0.2582902282436851 0.3596813557732751
0.07131102915222665 0.6458098245262104
0.008718005243381288 0.33613711868245
0.8205965476326594 0.8870988356167273
0.8635514602563449 0.7838562097699981
0.7251135032949781 0.46492161148941225
0.8411550235636335 0.2091646114002298
0.20056810199168307 0.6715176261370381
0.6789116372103217 0.21473406980486676
0.19532558990457438 0.3414460391349944
0.011342552486342972 0.8766890859118196
0.36852692443568413 0.21979744789793454
0.8419905793573867 5.374496105464699E-4
0.33224742514018557 0.0025791786301360142
0.35768079390108465 0.8135716959057407
0.08883154914879565 0.5214725056861683
0.4941249097503617 0.9883032848713537
0.6705144530472141 0.02269951310003715
0.30343726733536913 0.7596553121477138
0.6456673889180309 0.9985259864850499
0.09698109430139068 0.2980538879838338
0.5944806683399473 0.5699662086670233
0.5410662475889719 0.43122165431152737
0.8766246463592028 0.9905442338658885
0.3683704264109161 0.2693921020706672
0.01440521254303484 0.44350565290367316
0.1345580196960685 0.2818260389455519
0.7971576547527506 0.9386623817613685
0.4974216988875948 0.8969270903377953
0.7760984433976675 0.7800928132051828
0.8249741949869561 0.7539157866466604
0.163581703202773 0.7722078157242062
0.5492682334766736 0.320936917467885
0.27668357136130384 0.059233256055733374
0.5743254102522382 0.7126384246455826
0.5722637174822389 0.25194750567417656
0.21940512247576816 0.18967408346854453
0.00913058660385091 0.2855525361562695
0.6329472887028025 0.0032464356806130024
0.942663112047997 0.27384573469904505
0.34787324099685457 0.959720695659628
0.008218026436761061 0.47739869953090486
0.6655315435220154 0.3235039964597006
0.48187892381823283 0.38723829026423395
0.8534262643330314 0.45079874631404826
0.4205794928424659 0.8405646319311061
0.7209678121308181 0.8525027024570011
0.4783596251523823 0.03132927731831203
0.9978365858871854 0.22144262122069003
0.6714907606132531 0.25603619782054854
0.08115293059879425 0.32729220663166003
0.5224316148674407 0.24391720824500396
0.14049685440885784 0.5819394333437118
0.9510539610839128 0.9606725063790196
0.27392376531311824 0.5087319716027825
0.0013030305998362746 0.8462560448610662
0.39347318245863894 0.3109438374602541
0.9924348533306138 0.5497245254797489
0.7852696780391002 0.22797047265029025
0.9661987099834538 0.35795794426827765
0.8371660966458733 0.39217315091883764
0.36480966036975393 0.6800984471337652
0.2559812406731401 0.45495811813084797
0.7192828917989118 0.14584371903501647
0.20673576584674358 0.3375896226649855
0.753677623790278 0.10326977948649863
0.19789097034800096 0.08040017252449516
0.7180256857303572 0.5606472643267713
0.20944765990490266 0.9134755192141598
0.9511955084840481 0.9067546657177779
0.5148629023568891 0.3525557028320062
0.6446697156203639 0.06548025303370231
0.8830948248444324 0.3358076387505502
0.5291903524687879 0.09304454649146998
0.3636866597975431 0.16028912411125662
0.7384529276062974 0.6099632844593745
0.6556530239548457 0.25133739141837963
0.41750659661064204 0.8749104651402378
0.14003281505107834 0.603780431927846
0.7382443033048584 0.7539299738832944
0.016325117042429227 0.07078257269652688
0.8603441053077082 0.31598325889153367
0.6246253137554972 0.5443002132205152
0.03324807454739587 0.29460978858176035
0.9581308750535745 0.47053746711203315
0.47324305647938814 0.19551582356159214
0.5747875701240958 0.07445602254550732
0.8694333064925732 0.4011963038841745
0.6021982819894317 0.1293069248955504
0.3733719958560807 0.2262338067822527
0.29651833954480555 0.10031622265099338
0.7093447361916202 0.5107069754219684
0.6639129460006278 0.016071294703460137
0.6057755033006406 0.004180969341438745
0.9822535079241235 0.476817228145199
0.09295110013340369 0.4890404678479411
0.671081589624995 0.7957880710765581
0.3382374904846418 0.3194653536352844
0.8494704327028894 0.38786109312495876
0.5971875456497084 0.8111383290871556
0.09426596538557208 0.16923650646068167
0.5474164807933237 0.7068125658679631
0.3652904013128595 0.912508986647565
0.7418478456178977 0.7641565363071315
0.7994432784705311 0.21341169465968723
0.1689091515525789 0.36483252706404656
0.09223631138791366 0.9686772361423172
0.9394833019139883 0.9275538740318362
0.4831499022965471 0.03887415947931849
0.9338982882861836 0.822905783462609
0.9403011161471008 0.07574202653702
0.8369639005911184 0.4340027972470778
2.6376087210877586E-4 0.33046123936553407
0.3650414981518577 0.9845957090061651
0.8604835953709783 0.6274591297220341
0.6463585371812168 0.7650295089538072
0.7445825437418967 0.5877665774673186
0.6542569440230614 0.42649287675817216
0.26494779260057355 0.6166046552695779
0.3127903444814303 0.08528918068841473
0.4923532987920797 0.13179385146535294
0.39506218559479667 0.08139770099418386
0.7089620456810722 0.0027433534930777492
0.6169231291098308 0.3693827250915608
0.36891012911340393 0.19419119415759722
0.39212257524483374 0.6847478875707087
0.6197741673463989 0.16453067783110442
0.5597358209098906 0.8251212353091416
0.8485759042803716 0.655472327384457
0.020665376985019246 0.6131965484477016
0.10757893393479301 0.12795460864946573
0.6272403230900575 0.36714455246099553
0.9479844514730634 0.24863082303168038
0.8584158252660862 0.9942476297274483
0.14373402914961364 0.5119237956232859
0.7827997640354658 0.14479997910340103
0.022979442273708295 0.29455359565004247
0.5627114335316536 0.21585463574564334
0.6413808170223126 0.3826081474525106
0.28470294846004707 0.37818765207503624
0.8292460754861022 0.2856401074851943
0.2154507618342586 0.21488894840013262
0.22362615804703467 0.45793801629073316
0.6766515245483389 0.006278376585616252
0.7568320623826248 0.8840332041922132
0.6085328565515549 0.17338413403505315
0.7144414563792701 0.35366844091691074
0.5488158957232536 0.901010829817646
0.3987138433636027 0.1508682035892649
0.19244381738468608 0.5014622166908769
0.6374352936290497 0.8124144693699942
0.9171162074245899 0.6512737347348313
0.8635647286982802 0.07294614827433465
0.6606463694008391 0.2358485112037657
0.2576559041963318 0.10706404742778242
0.3183848324153221 0.17067968139958734
0.49288060175950466 0.7032377327007278
0.39242912626998216 0.23288098751416608
0.9515795124029456 0.05997442659479946
0.9690663050208375 0.633036636077441
0.8926201530928716 0.48162398689865027
0.22687138520489258 0.7849204541942434
0.9404411365460292 0.369358719541537
0.5851111650710621 0.48942349505580185
0.43951521667720705 0.5522800113717332
0.29058001309460757 0.5390680615453085
0.6720637683686145 0.18426850450579646
0.7107199227209641 0.5707758650159295
0.6722079457491361 0.1441081508296157
0.8518545996165309 0.8470959577894205
0.3863425256217202 0.1195788905316344
0.6535932845444107 0.52988841943499
0.22737083913287182 0.3306265064046787
0.4239368482214595 0.9254977402673471
0.6495396936641846 0.15238231013509684
0.37434508304486547 0.12673982659251637
0.23096594566603623 0.7357195390924948
0.5900009991749546 0.4545646767281015
0.8925469930042773 0.09119723520540801
0.9277339978238385 0.11104691903313091
0.30479942902600665 0.0016565076018902891
0.272540979877839 0.49539422686352563
0.2382716667321575 0.5593980901813786
0.30337033918722156 0.7059539733999718
0.5985278727016596 0.08578433689199605
0.4198109350882119 0.8537366082051399
0.15330200204089883 0.6842725955646046
0.7635542730030661 0.9467634799180422
0.5072724254586195 0.7023010852652765
0.3319750930380857 0.2695864059233093
0.709009170357793 0.9331127934574774
0.025901556425257488 0.37861471002617764
0.9849971893946271 0.47551610710501035
0.09962353811064995 0.06142479928259048
0.4872411418446818 0.7877460999462862
0.8884132154507082 0.8670164092827843
0.6138078838779095 0.6210033696988603
0.877309734312556 0.10401889020324862
0.4157653129198716 0.19891234544479086
0.14464515196813876 0.5251394099539864
0.8393272545203915 0.22105408829222684
0.9647664521636149 0.26868463800538356
0.06861574412141114 0.011893572501639582
0.8866342826294211 0.011776153511004916
0.03230352124895053 0.4108349068450269
0.9184560698981736 0.7049191481781749
0.2165016097113821 0.8048021722073982
0.5432372344544554 0.7038726566750864
0.2866076715248832 0.04165782588849565
0.166111640830239 0.5923090949221675
0.6624328382973718 0.8309342255621154
0.2515377599163011 0.4975396355653231
0.11377645156832916 0.6377683806271319
0.846924913843453 0.24162104765885017
0.6477191807923273 0.006593906610670608
0.4089793956064347 0.24144885057890375
0.44425691379188614 0.7130579354062624
0.850037602000442 0.6739803843978981
0.36349934809063367 0.13579543372721925
0.5038794303693032 0.05652094697488097
0.5955087847042918 0.7641066647455667
0.27399206388089914 0.05704461431039942
0.3529558959880701 0.8132485227135312
0.5719804462357277 0.04581102515435043
0.11712123419472731 0.5059632882247171
0.7797977895004725 0.6270778147501765
0.8393725518775526 0.6970339994558878
0.8766956545065202 0.14849825286102913
0.6730996920604275 0.16706792825579841
0.5602697734634311 0.9758319678186193
0.2651900407279253 0.09237544384894958
0.6607045212838613 0.14188580544919138
0.37147974717356824 0.9097242101827249
0.8982952193552447 0.8311418644622388
0.5772167099969391 0.03791344077487224
0.06655446521755115 0.04531708136450263
0.2014235888856014 0.6925270705998683
0.5366845760716648 0.7101395623640345
0.04315012274438779 0.33588824279085805
0.5739254570398087 0.429914858964319
0.4879558547016548 0.14115214746095472
0.3322634320468265 0.07399462603362794
0.6345660452564102 0.21763774068838482
0.5512131322923727 0.38804951318634606
0.5244947387039396 0.24391352334424843
0.9168612755275422 0.8630867239531222
0.2615309015893825 0.5858162560046581
0.7690873883806163 0.16644226528823025
0.7933348447771694 0.9384954942794025
0.3378535947022405 0.5415163566982273
0.3939939648822145 0.024741133605914012
0.9736818612915893 0.7168101131581974
0.4342379296875807 0.9062651578537394
0.9009132885788196 0.0298603728479927
0.8551157378250854 0.02027268567602125
0.8670715287821806 0.6679584526722168
0.8712877891005573 0.14057163456437083
0.6876279741785768 0.15507830737301043
0.8216884419561453 0.08063433857014113
0.09269370871444771 0.47322768742051513
0.7581655135448355 0.10543847026475972
0.47063913858874107 0.4964759087427878
0.3168051352294431 0.699578809538374
0.07336937896933715 0.7372001725550466
0.6520015834751329 0.5510552944424559
0.9989595500774189 0.7566319266950535
0.7299336829994103 0.3533068742065094
0.7995808699268077 0.9755735293104231
0.07596062065923981 0.3024750512086094
0.876125212089604 0.03619462376524507
0.14955157287394127 0.9725445890717107
0.9156619842256497 0.3121068473132633
0.8807154662070956 0.5879231236051524
0.5038379241507757 0.6414541644753292
0.5434981934621685 0.5811857459670884
0.7015571386833943 0.8665457888807241
0.06496669304053271 0.7231243328341265
0.8137548750577663 0.3035970547075586
0.07220054511723417 0.042905325895445934
0.7978055160343837 0.8374330602691068
0.46516356001953496 0.21805452789581947
0.7600814888456158 0.9385490608337972
0.06992883133680039 0.10715037900886382
0.7714066052995556 0.5337102119192406
0.9745832233288511 0.6225224566675436
0.7956236881397727 0.3263127289719566
0.4792379212733435 0.19591476123607854
0.8702232153035641 0.859017404022888
0.2019237280530719 0.6769887158661054
0.8039558624375851 0.33870568807101464
0.7737513182814886 0.6227036551454223
0.5635786158242688 0.0025970324016464374
0.7295677818085259 0.5850275528821887
0.2103609219952779 0.594406222274606
0.6544434386899133 0.18509431299586177
0.7167034066024776 0.3407075604499531
0.3816728110083597 0.47383811576402124
0.24419847899519986 0.6702121696047886
0.05457688787914494 0.3222993742469943
0.49668905926961915 0.8024540854330138
0.1622442345739341 0.3592111851088695
0.575357454713152 0.2474193567444921
0.23845057510567913 0.2791386068846732
0.3576038441799366 0.20394145590004087
0.7733478058461893 0.18135782767753938
0.7974495641425111 0.8222260963468307
0.029115287098520404 0.9678258793185374
0.7024277519287543 0.3046563865472369
0.8736172497049528 0.7280059980398454
0.4803996564199965 0.859069651175981
0.4502125991214765 0.4689771898563748
0.06946236741256684 0.5899850056890954
0.4872137385538404 0.5111715504179704
0.7650892805534057 0.5158011393537433
0.3170938850883369 0.3632460166192114
0.9408722242561174 0.03377166327426895
0.22339308400143498 0.9140097540909005
0.7227097900722945 0.31960510539145326
0.5623749105434964 0.33499262701533994
0.5210136794186001 0.34482574007837774
0.21683734435858604 0.17415364786699106
0.9514810953316071 0.42256989600523565
0.3310831798770869 0.739393125349442
0.08220767934196083 0.4512822785594297
0.9489065385179993 0.0199454983511983
0.13339245904561614 0.315815192054136
0.13055351413659722 0.07439472122282498
0.7256125096074961 0.22672295994138836
0.35996727809466966 0.02596745164487413
0.5236214661339229 0.13108297716015405
0.5702285018128227 0.5489235709956329
0.6548531453328833 0.7119635236830402
0.9129542244601629 0.004277978480787481
0.5952874665993284 0.9086980484805554
0.4765199471626358 0.18875108637118598
0.3100628844939095 0.33641401233666735
0.518320534348788 0.9977598522539792
0.3121957491791937 0.46080443214787126
0.4178878019842265 0.17142535294595096
0.9599940527663866 0.8929179603054198
0.48053407238659473 0.6919864313144677
0.7522287668418459 0.7087839802113168
0.9252922807242102 0.3316737837532958
0.599853767546323 0.26997681264634277
0.8762749358230496 0.31201212654344546
0.05404039619816481 0.6237632657258777
0.9431760546141851 0.02868295774053542
0.2525209015433282 0.19526604260524438
0.02449110706922808 0.3204934754016945
0.9097098573737078 0.14911520928498834
0.29613241098065013 0.8166624760125781
0.020800896706994476 0.49434868033565205
0.9584681593019849 0.48354703874798644
0.07601126896093202 0.7338614418843431
0.20641555071954987 0.610098525011359
0.4883742038027816 0.6184931759734575
0.060069420956009756 0.12075032554936105
0.6269551889253877 0.35588190446798884
0.14744970729147966 0.28510368889172655
0.31709493134192457 0.4455013318712444
0.2663027702323877 0.6056921331444001
0.920258376855761 0.16383784550643044
0.56849267163295 0.9082692441553526
0.13829576975453195 0.6074527875796402
0.5083704132915094 0.43347827721339216
0.5003980315740938 0.11671430717596909
0.27561075651703304 0.03442618823068799
0.08575566275168744 0.849272246865102
0.293357645895596 0.42159933008450523
0.4109067618478017 0.24988870107325734
0.5041207326047251 0.7647210338948587
0.5679861204023682 0.17202575898812877
0.5887173023459706 0.8605663340792804
0.6385644920657516 0.4466312883628085
0.9676554493453817 0.506412926699328
0.12749278743202275 0.7648521764760793
0.41970555620421646 0.6807208179539216
0.662143642576406 0.8439442174455105
0.4190092466622668 0.6257983035597366
0.48466825812617154 0.9794361686698158
0.8399259182033836 0.9516253290088529
0.32836376419855784 0.2516450905080717
0.5079192968868648 0.43566895676774864
0.11397259488367861 0.8509289505312563
0.18513713309128788 0.28044098028637354
0.5277118548439491 0.2136014363699692
0.9709393777587698 0.20871029528002127
0.9500575790559621 0.9192231134416347
0.770481664349871 0.9256978901527554
0.3927847240268143 0.5900223068569858
0.43856201478912504 0.15824568989387044
0.07149114366621012 0.3544875461141995
0.4412908336111149 0.6928649168270626
0.9918094916386111 0.7897132921615185
0.3947455608596505 0.5777332992839757
0.4597381433047407 0.6408689888133406
0.6376227449199348 0.9281251090454251
0.7399986389170423 0.031201090462360526
0.07400226311394253 0.5804214795765352
0.1810536202219294 0.3222663207625859
0.8826895002487986 0.17676286564111188
0.001395765042857322 0.2616340241216848
0.3312035050334714 0.1305693756008911
0.5889451167956125 0.5640838184596523
0.855329724655789 0.3225691581739085
0.6038682512266996 0.612364660083675
0.7692587878450239 0.3076383718119393
0.39485987301942727 0.534869656144346
0.4566828851391136 0.2746711297641128
0.23990326139097173 0.5201207852314995
0.6598243336782101 0.994861261793668
0.704753526244221 0.8617460127973673
0.5312212800187476 0.5181922081978148
0.9758630801433062 0.8926710656904283
0.4421977479599122 0.43359504530513626
0.3691963082811808 0.6635367216396871
0.15229650327318112 0.09514909861283916
0.3423562693006794 0.9478914992727568
0.8355550481473895 0.3348634741717571
0.24467318573546515 0.9154991915890007
0.6323561041997632 0.8319917118756295
0.7283808448264328 0.6051391167122069
0.8496861759119506 0.4894961575034492
0.21373397593189214 0.14956642488421756
0.6679868966493245 0.8801926100252901
0.05189548605266037 0.5578389291247607
0.2293852626220041 0.06826972914433282
0.06164993645552619 0.7440054803548795
0.2799413013052464 0.8862918237293893
0.9294754037333216 0.40619064439882135
0.11765195150191354 0.053457910187275304
0.5572328979216252 0.30639886964814167
0.4583028101792075 0.3578035560725127
0.8177088713499573 0.47890109779759404
0.9728600239637273 0.4931965431526665
0.3354731623263053 0.9038548410094378
0.6729467556281006 0.04139105230526663
0.8489906811369187 0.22284900143296593
0.025049655839950336 0.5200696632549308
0.42965267617664094 0.14435285166494516
0.6594529722532495 0.3797156357846575
0.3343688943264371 0.2895878908385552
0.8064991412324942 0.3253231676438919
0.5505894101789154 0.3631307570966803
0.14062601989635892 0.3633663461957397
0.15610097571708914 0.6975938062459807
0.5417330728076476 0.5301120809892739
0.4606693429250287 0.41801954887176385
0.3937799360729365 0.3442765006604256
0.5225758087258567 0.6991638624635046
0.4321225107783986 0.6451877622286162
0.04032244974235655 0.8476322065695846
0.823943178607039 0.6270331444367698
0.8082574798616602 0.23087187988265234
0.1202337047208557 0.5604313712218515
0.8945984757488771 0.39631274133756444
0.9531402276191847 0.9044860321895883
0.451307470341594 0.07648743167763528
0.8690818615909981 0.2556396942636662
0.5974994381712451 0.15975179545357676
0.48590618563411403 0.8540619500735327
0.13154112143600338 0.12126454677840781
0.24144553316128015 0.1739697440544381
0.9217244656042725 0.8551749871844289
0.36119058418992234 0.4611910419612203
0.7013751081211774 0.32650617781302493
0.3143987048391902 0.9494482405314527
0.6514834647840817 0.9700101790539468
0.9508063557356368 0.8862510022116068
0.5924215417566387 0.3033110237774178
0.714216106933223 0.4299522764024841
0.8260361836782875 0.7929401940861991
0.8145807826957869 0.9414358802675864
0.6703855779268358 0.6144084515498066
0.0068084950522395715 0.18706748985027744
0.5116121854394129 0.5812467781577872
0.6723640919164013 0.493955173213492
0.7609223513298937 0.1829882922723819
0.22884389009025075 0.9542298470843452
0.44936883101612113 0.3683524894869339
0.5030523946122671 0.3619697951192895
0.3191096891701367 0.437431308871538
0.5947110848983438 0.6845574391649997
0.1770428371225301 0.16546663376825965
0.9307809157013693 0.519671232601487
0.9651927453120025 0.07084699898058044
0.6644817880753994 0.16977846283125841
0.4719520081712931 0.5612411883735018
0.30844392207370386 0.6779099911398152
0.8592569246956772 0.5443245369867722
0.50802739160435 0.41166146938258064
0.21300341667586886 0.97334363133919
0.15869767365998888 0.556779365908219
0.13748526262380933 0.7128036610276727
0.6504469786347898 0.18735468464542238
0.00936404213179598 0.05585210447146982
0.8826022331527656 0.41656140906901495
0.8826563676493143 0.2024710478883106
0.833962371874171 0.5000398656763766
0.19345028444342904 0.016379923146638165
0.8960591064459228 0.663440687704503
0.35153974087413886 0.4185892423944688
0.8814369804494265 0.8563075642881142
0.02589262267626924 0.8468351378090627
0.6042001100608819 0.5963924435645643
0.4318437831768699 0.31266352779142903
0.19667419354719218 0.5616598069422746
0.21013166383799442 0.7217216307538276
0.873884534483025 0.6116513821038828
0.551373712960995 0.28785382605519294
0.6866519669357591 0.4755464724996532
0.06430163640148556 0.06788802689048312
0.914460171039956 0.4311671133914593
0.5120550263166621 0.8715372008900478
0.14084965615073164 0.9173414891305461
0.948057834043273 0.05963062640375982
0.7269449359690491 0.17145283744450124
0.9714788802721367 0.03392762767639568
0.35282330286326835 0.6646654671517239
0.7920042207728929 0.5430564368419478
0.5317850094831652 0.31923327421761616
0.5446258133387699 0.2816590576081308
0.5191859125006203 0.2354604793109637
0.8273772037376775 0.6436128925284137
0.8353460819209588 0.930298095523267
0.7484238785518696 0.9052382242166486
0.701148430448943 0.8952238213524473
0.8636421946604027 0.5606902270682455
0.04529351303194418 0.6179672986986695
0.26179752125490086 0.009273152465543943
0.38377837959119077 0.08080642713105257
0.7116588395344463 0.3032028558775003
0.7950181678461004 0.14757454832709282
0.22386337368695686 0.20438400487759845
0.4181317845536838 0.18218274875710372
0.6000715598856211 0.37005603998084935
0.38726360851831265 0.703374888575842
0.5429293805773123 0.08970218762520987
0.8814149803357072 0.8735978728971556
0.6825811883677895 0.6294040613452242
0.01711148755381564 0.14428294931642793
0.43895327134480944 0.9048640008685764
0.6403323553788249 0.43549842294205576
0.9837544388589721 0.9006060543353909
0.6844809633659688 0.8148480858421099
0.6921168750622718 0.9804054491767843
0.6527765149915612 0.7586534428509552
0.38102701617679735 0.9927860588351793
0.9562984545813041 0.7278725082930889
0.3201723012342804 0.8654637885109547
0.29301695243903425 0.9718713131936106
0.47055705342594134 0.20390305964068756
0.9884942618483381 0.18507871394466568
0.6572164154932806 0.2616928651888544
0.23554337833706795 0.8847192602780978
0.4145846597446625 0.5342377043290564
0.4679818594750219 0.15223250943664368
0.05654978972454483 0.1422977264525751
0.6827202650469435 0.6866515610403435
0.1179542143090172 0.11820172497945447
0.38477652721235567 0.9551278541429017
0.6902762651523201 0.6850953717941766
0.9714085257423188 0.5939525500971802
0.3314554948356647 0.6283764206737453
0.7944093256747173 0.11283981920999664
0.16829970277845385 0.8985074897393428
0.8437108028880922 0.385900926520101
0.5296398070552691 0.6556862336040532
0.9807927355371413 0.3746517519026913
0.9493736499238952 0.06939156495620935
0.9169966061777006 0.021561503984322328
0.6607676280805023 0.31961402158386154
0.6796941800669385 0.2770630515439769
0.7668608623428149 0.41161677408411834
0.13836326057857107 0.7786106410800129
0.11654366937033389 0.6123639629323129
0.27297375858047 0.7872838478531591
0.5418581796917432 0.5442905261582338
0.2586894484245976 0.6056015177920351
0.5192959243686762 0.23087849536266658
0.11374231352492015 0.8496225930888075
0.5063435969659182 0.6785423118939372
0.6114370454350418 0.6290757706065414
0.1742547033766183 0.9006155750218726
0.39259634504039587 0.901173119570458
0.5090015139729862 0.6417708741691251
0.7313577887295685 0.006927480887418791
0.28458815368109136 0.4449923220360903
0.2050855306237488 0.6732071516341257
0.7263824168603776 0.11826102869220423
0.5982610951170059 0.5694257533094395
0.276850200443975 0.10440143556665804
0.7305696692232505 0.8446786969356481
0.2520532941414655 0.7350762738537744
0.5409990685386417 0.9393024824881406
0.834497533034356 0.8587067651063087
0.6826209638477122 0.36424646261910787
0.28639510829205694 0.8721336603108277
0.08682499259190057 0.07231106030555434
0.48713147545040114 0.7571239367323983
0.44112787342330995 0.5072206393079699
0.8997033049873567 0.32536693264158234
0.2912817567971493 0.4096627040281925
0.8531213729641373 0.5093926371137786
0.5262569620717678 0.9838401909855999
0.5912480014259219 0.20188436146571653
0.3337761921585092 0.08374632907976587
0.8832656093070818 0.842146506142147
0.32442892438909754 0.6652870309757033
0.11694978365667918 0.676027479533797
0.4139957721320018 0.8685385199051711
0.7031461638236982 0.37438718883043987
0.226464939227065 0.7438431699352861
0.3083274935852054 0.4852368049045399
0.23432370670597213 0.8161095451399637
0.9018336946285511 0.01596848989852062
0.5880597764257395 0.3935973278293876
0.8553742112468249 0.29463109998982573
0.6034090719716312 0.7706319183677904
0.3645986176098788 0.14299724874395636
0.17273772704291035 0.24810690953566983
0.27601783537446456 0.309206271937849
0.9460477570195001 0.20129759224102928
0.9972850555567488 0.05405660254665068
0.9874477591769886 0.26142196270798346
0.5448221623750159 0.7625599192419391
0.7545307587808908 0.04555014568607696
0.9400033433193542 0.46115872459170415
0.670954036984398 0.7688771740091908
0.10358517221595143 0.16104830804826797
0.2666160462344609 0.5040380594191156
0.11779794092787055 0.019332370283144162
0.845178167735174 0.8140580827581054
0.22649041388536229 0.4122815371808217
0.9052801148150426 0.9786955810548291
0.22594640332653115 0.1487522508776694
0.08964923255138701 0.058348052388572436
0.9624678636510373 0.2168633400807245
0.26540583242439564 0.5953571781763517
0.49754626609892016 0.6533159473906613
0.4492181668377849 0.8394617540824529
0.12742046915671745 0.35228193087880433
0.6825621390875399 0.002311924186728098
0.8510453840824319 0.8895750196251592
0.6351923299824346 0.19537209785530618
0.06897287924101525 0.7278577244002984
0.6690327157443763 0.38620415058629487
0.26537278341357284 0.4899261941394032
0.33004691229314176 0.9200361642908622
0.1763980882293943 0.3396546278932321
0.7522491618685117 0.896686494429423
0.4803255415503118 0.8939691445426136
0.25586919011078535 0.9673268412350751
0.358378785157342 0.5042609205438836
0.5007853131152582 0.9212316671544538
0.36986843543819004 0.19193697890260553
0.9166919119868954 0.7695762923405562
0.9612593080384839 3.459491842908724E-4
0.7730688570889107 0.9015090213862013
0.5860023566541357 0.03410585079736217
0.17487211743925235 0.2871374327809594
0.8504446285573238 0.996899051135984
0.4739663643412123 0.6327326069833026
0.3208578835174051 0.6100896672331347
0.07167167862342017 0.8553697103894654
0.6276025280706803 0.897056716528064
0.35439836207768827 0.2373863682466988
0.28467018036494995 0.9519263621152537
0.5521955609601853 0.14545561341010005
0.20632523383530732 0.47642458729832315
0.6391400833960216 0.2547331810121042
0.2472914426172792 0.0648619841657041
0.004844547542228961 0.805453674124813
0.21890692221493446 0.9448000742475322
0.5179648250069541 0.5375138062258416
0.7408972589977906 0.6397386879940375
0.7754381029850422 0.5979949632397532
0.9768928436941495 0.8102023458177815
0.785285628218271 0.8972420340438091
0.7715430573775766 0.3508930634801909
0.06616396508321576 0.10102843451173849
0.9580571246528717 0.6741155817237079
0.16345191065855058 0.6895023111197929
0.6372269087511313 0.9934708698240385
0.8795107434341437 0.28802230076286917
0.04246471015619646 0.3368517608197594
0.0948570093903971 0.7806559090560521
0.20011478875973876 0.9640646764754777
0.9173395993002128 0.5540268231160241
0.9702741525360699 0.8419395990386456
0.03801300211951497 0.5873622917608421
0.2105849959510625 0.8385803506400011
0.595251367827901 0.004005433828869753
0.7439373582200874 0.3384453181882565
0.5527491322277936 0.1303213597061904
0.5307472972004946 0.0512388712218147
0.5824052490489225 0.06984007374802004
0.9474525430984572 0.8901319433985888
0.7096900925780524 0.293643429996268
0.35509373045078263 0.9286196845709386
0.5269455405405512 0.7724170910662707
0.20532666534661614 0.6103632793925369
0.6091700840366802 0.7312527419983794
0.7759367469542015 0.5826517317190588
0.8771924860161965 0.19519996238415727
0.25390369775324806 0.7516586598750584
0.04473944755420489 0.11173086315917513
0.29129149651391917 0.41645847422927873
0.9587534817553646 0.9856951008023747
0.3477145688869353 0.6288047766767679
0.5964196888924777 0.6430064925632668
0.10285788575475763 0.2469633538183399
0.7177109759143986 0.9512170194968858
0.9735056641424172 0.5044311672342037
0.6888632254519313 0.06829749296446552
0.30175922037058023 0.2981614987864031
0.7900432951765529 0.06535889943642192
0.09460164894446155 0.8159549145341823
0.3995743820927533 0.5747117010008864
0.2896933817534718 0.5689643135786331
0.8074346816287283 0.4515752096738118
0.39825897615909855 0.37280165219454797
0.05234739170872604 0.305912726303752
0.03315273055375234 0.3295231444932889
0.09963055825658662 0.1602821979028437
0.26866639878376897 0.40280834685234257
0.8810782031190599 0.4202568049233977
0.9983694251834715 0.7499380543635348
0.20349462632033843 0.8058827879533893
0.458248782910911 0.5767146748602237
0.29910590419103256 0.8858072977619226
0.8646415655014604 0.9152581301956726
0.8389239247616306 0.3801219775879734
0.6799302961673777 0.3896489497498945
0.5592401827791511 0.4536326386656686
0.3636975723989071 0.7306797216694605
0.2617777172963468 0.8081792211184577
0.5930133187782726 0.5285149778791164
0.8396312219895187 0.5007944644280011
0.8427538484450813 0.4708484011838653
0.153977268666325 0.06390364433686024
0.9053294430302405 0.1041858955786179
0.04063787866041335 0.6844317239049948
0.39892288444301716 0.97717133392656
0.46093186161474153 0.9105987029388485
0.5643185283031894 0.8774116408869512
0.8278509215473745 0.5983473867357886
0.6826275797610966 0.757046258432445
0.8364478999913301 0.5837624821112188
0.2596923637099947 0.8573457779134842
0.7064271110485777 0.8735037351347277
0.7176782036828614 0.48891292419389687
0.605277306368953 0.9821896151625469
0.7103389725683892 0.9015984386762875
0.16189065108963208 0.41383270278486495
0.33566811581828815 0.6870338349885358
0.40346102394699024 0.18384144355141574
0.4581239542823963 0.19672118241149184
0.15255816008203393 0.7087672964540043
0.07234475477523694 0.5299101072343115
0.9066244197189314 0.352890403641989
0.1412450096162179 0.7480304552444876
0.4887433711994419 0.41390054201111326
0.623611811968634 0.10623879284880133
0.3063804955371817 0.35434500177101214
0.46979588847574427 0.2576754129666391
0.8838979994586514 0.6411780426183561
0.2088190625131967 0.5823180198149008
0.44499735387518335 0.6426616386274935
0.3761961818520766 0.01985691646775689
0.7128447250791148 0.6500305684248303
0.4389961053533854 0.04480615836876989
0.7684858770739229 0.2407494284623105
0.06314301077771634 0.7121034253150956
0.7622588870700735 0.8808527878889997
0.537686000288655 0.022741194648862928
0.5082643425444102 0.8757743709865384
0.9217408923887818 0.21151035315996303
0.5085547843650887 0.522234418494876
0.012035583038910391 0.9427265867771298
0.7515556719428799 0.5881691630367809
0.5424662010223523 0.8148490947504445
0.7083331561012922 0.05335010815461827
0.1217980809297905 0.021189971475731095
0.31067401443855613 0.38025467259017254
0.29162227347430425 0.49145187844939786
0.33654590972649856 0.45291428780969967
0.7439046538804932 0.34762073542003347
0.5513567420703449 0.7208796378788129
0.17594143478570723 0.04777875089376871
0.15753428855189022 0.01610713515995499
0.4802611612765987 0.16269299079458366
0.5902979836175877 0.9724845322299173
0.9679903885639162 0.33257291474960804
0.46409704662231566 0.9708779719890486
0.10642608650660912 0.5851799319999222
0.5220402145654941 0.056996149930862994
0.8150349576337846 0.8615108230563896
0.7697442935306916 0.3350324808848324
0.7088262103173057 0.2915660161193885
0.5853798135235537 0.9269588611959968
0.8040206413768768 0.49025294564120225
0.48929409113860756 0.7055097732504918
0.10816604672302643 0.9022631601606158
0.4294433187443789 0.6583090691826397
0.20532496810352274 0.014801901669062478
0.892967144454662 0.9212556273497252
0.41668743145828946 0.07833701770125656
0.8895900492321198 0.23119885438605858
0.3679383695859152 0.8280737024465645
0.8691366015773996 0.7910981592498498
0.8269353735664152 0.5826501314506662
0.9332978017361635 0.31527530210793897
0.48872925062328865 0.011588910303823807
0.2808886849339909 0.32803231246130893
0.979686612267634 0.809327391057734
0.6861876680988658 0.6258215653833508
0.728449869008669 0.49118946512251194
0.9515507291372689 0.18131915346598826
0.5086969524464301 0.5354508087434264
0.6983442744710966 0.667166032400874
0.39713931716642537 0.13568769376229528
0.5643426680672284 0.2078063961857215
0.6099237091429008 0.8988895114748102
0.8610876582277023 0.9297657923619063
0.181579453420309 0.9273537531423756
0.011308419839734185 0.37387641825487306
0.7328795057512338 0.8561710458377063
0.6343530617449217 0.8573706570551104
0.6374606329547576 0.5831476124485114
0.9766831154109934 0.42942787177341357
0.7417737041560187 0.6243006468333823
0.4948349259270848 0.1506740587518941
0.4189128703623125 0.25560207109137933
0.7898528653497009 0.04529732276773024
0.14409755504730182 0.8604344698988868
0.7650511912812797 0.22385694013784918
0.9680591720812158 0.19226265711633195
0.8330627944585743 0.3555270443873275
0.23430968192122847 0.5833129083852112
0.2334844054941515 0.8804309941389442
0.637246990991003 0.48259116346073305
0.03903012073357315 0.09588530120711469
0.25027760702757096 0.09036068869687774
0.22595563355081028 0.5247875109184298
0.46661420619403093 0.27123859970370123
0.26361807539774573 0.7800451677070482
0.8901321786401456 0.3743595151498509
0.038387483085497554 0.47585794403409154
0.08964575161410948 0.06659423474805626
0.5687271797276771 0.6048285535749518
0.7871906451643206 0.7935997555856951
0.8911127550940494 0.19929262439516293
0.48937731879191937 0.02351653043104074
0.7005600404879294 0.025921143628155785
0.7906048256756848 0.9994174687900987
0.8148845037065837 0.5245637563602745
0.577902205354319 0.329152678756515
0.2984160083280962 0.19546493245036
0.14939083020923682 0.37502278046594784
0.12874417161263974 0.16339899795588175
0.8218376674819999 0.07075257999810025
0.6191717193968299 0.7029345011236157
0.9474960864891678 0.48952621428287346
0.41990380090403834 0.09595187131525851
0.3864070341171062 0.21438386260725795
0.8126040954954616 0.31070305305015744
0.3875605362005311 0.32106885809358854
0.18579869535504623 0.6411151339541419
0.5207936357614735 0.5734538790333312
0.03271171126686567 0.625704780927077
0.7710275265248722 0.2529628302779031
0.5484667201696265 0.27738364755576006
0.15742317068555423 0.8959452411366302
0.9201910813904436 0.8985996787261153
0.27226150591027465 0.09674829138318597
0.7014105481601346 0.5306726588144934
0.9478304347388111 0.44927083675216894
0.24122396254339717 0.3918469609596309
0.854327952940345 0.646073190350679
0.9990990309366612 0.4954979768568333
0.2077667023055213 0.7316547942275883
0.7177317835149092 0.008093434053024207
0.9240923268976265 0.5153019532435272
0.8492639370161564 0.8059241331522428
0.4942042582914786 0.18894561216435346
0.33425387192810596 0.12028322797383051
0.5742941468888026 0.26675956453625427
0.8181485260031781 0.12268704568549016
0.7868940036070861 0.06576755610731388
0.6566052556802969 0.7948946443418959
0.5102522207173732 0.08051701791354693
0.6088637611671457 0.4528969529280902
0.4971325669771024 0.769916815083192
0.947470565995331 0.8497110581620732
0.008857689164714189 0.4706245195828527
0.823008964844068 0.8687284895577125
0.7763951957198215 0.3789084675790282
0.11409030448630364 0.4375314431393328
0.5075108696122979 0.8016988308305867
0.6657126370312397 0.44150355770448513
0.8474905379509825 0.16758054869547168
0.7731954721312347 0.09722739066250519
0.6706580505759232 0.6097707528468423
0.004250114943006089 0.45757369430969674
0.33089376021854455 0.2856615884409077
0.9683471876383984 0.46355225947177237
0.03158480968060273 0.9812991181966597
0.4403940993698934 0.23240789384963123
0.7889139714625921 0.9642076372298316
0.3248371515428933 0.07710925904089894
0.5571218650859212 0.49425761233771137
0.3066542264203058 0.08929234114087825
0.9603525090652137 0.879815349717136
0.6773055611593933 0.9858843644596439
0.732919757219033 0.47520045428633395
0.7465621947748249 0.3190480954362397
0.4083081845444896 0.5555170610753332
0.4552323699855708 0.07975044116424723
0.01694866139775497 0.5762135057009234
0.2891585152736029 0.18717326248396227
0.5537856646778206 0.927264240581865
0.3614585786375185 0.3493488423798834
0.7588794568375692 0.9256567704293978
0.5778371470977267 0.30481552439606285
0.3177633910825408 0.4549057111089402
0.12889335405411306 0.5107545670503304
0.9330025835929897 0.3566047271298748
0.1637042289260754 0.9299816012513794
0.8443772810942679 0.4065666096011167
0.390563462885972 0.6873316359995211
0.2823405372556269 0.4668905091653338
0.5236074002965458 0.015389834654079726
0.02787623299132569 0.19533446968248824
0.9481614044018141 0.0901843345159673
0.7216105702123058 0.5146605606459218
0.7129916011782044 0.06937198288552271
0.8160059987806579 0.8971588261617888
0.974248095528523 0.8886111206657568
0.09669376966053689 0.4033456114563202
0.31373788223614174 0.14623057433239584
0.5124775146487929 0.3288702978941779
0.9332667392268855 0.7119670784931109
0.6482666714027646 0.2599544883831253
0.5871413149612649 0.5324581994016673
0.5511758276101847 0.3152256307244079
0.25652395978730025 0.47434148444620516
0.7772516317707553 0.3605970000604275
0.9921844372892566 0.9452247523291505
0.4647662225465501 0.023884828333491037
0.0562944562678207 0.46345643324246644
0.9597426009892888 0.4071418540549995
0.4792621525175813 0.30953904034512114
0.020353367794563537 0.4972266962513726
0.4142054290221808 0.8851928754442092
0.9090618572288411 0.4089163131958553
0.21951470340928236 0.43049092806597744
0.7448499419144965 0.7599090237152769
0.029056993287262634 0.30515048234540554
0.33260463522906825 0.673353527117849
0.6799247808534833 0.12698035261899687
0.31271119309651485 0.1310795572728799
0.25923506574565547 0.6786473700654836
0.8811275142165814 0.6594937618363361
0.2043349791894037 0.6433393252151175
0.5186912009332237 0.6201442515802936
0.8448725431519925 0.9105659717910795
0.138136761391343 0.6982460668195947
0.5105419779387663 0.4052533515343425
0.8082775527854967 0.5349987203260193
0.8449154303020684 0.13645145514008628
0.7470332631149793 0.8333162820010624
0.7636235800970227 0.43638831958347224
0.5884603907346927 0.6816294695884021
0.574249952500262 0.16626877242324978
0.02366987499688633 0.2867079614509931
0.13565493457420774 0.00212923523669839
0.7914922358744912 0.7839909483164531
0.576046944725817 0.782224629018945
0.6519777112527164 0.30270206399552035
0.011970229398043486 0.2968370999879224
0.41429476200229 0.0030646778666051366
0.9144797985226649 0.8320607184067039
0.3103174802026062 0.3742221886684106
0.254125937400943 0.24102999075037002
0.006168739198877837 0.6840069348695234
0.32297214705463595 0.30922430790945354
0.32621221492037733 0.10549107862362317
0.1797219531575982 0.7048947181887478
0.32746365463245464 0.7102907650718007
0.993131636405965 0.8613226205475806
0.707117543153975 0.2148850149317647
0.16923715738021994 0.7245354586956423
0.6518626871833287 0.09374918240626584
0.03952600082184188 0.4182670001972356
0.14488583807779465 0.43189212936236376
0.06003498012831188 0.527365207506184
0.4349401020189064 0.6794253383863172
0.9254576335067217 0.881513491720508
0.8415805355581927 0.29208105640937365
0.7376959535254635 0.4330467237341603
0.3216464958461459 0.09413604669143227
0.38489281852108015 0.06580563699536734
0.25429657951322227 0.08398597601357216
0.5848329967033963 0.9463890308904357
0.7153786534972846 0.3176550962397764
0.6257023294843889 0.33482611106242555
0.10664379513795064 0.4518145640968141
0.6975460287849786 0.6086056444779628
0.3812902139858144 0.5054221788215175
0.8493689422268081 0.6221632302844109
0.2645487864979498 0.4078847757019358
0.029671704780506403 0.42334091059921164
0.8064992137845186 0.9416842594695424
0.3723187384607257 0.77899871086625
0.32403215081173553 0.7586969853038472
0.8749851905839303 0.9238707091266819
0.2898488172212532 0.25197505917898644
0.8840320828907644 0.43992282139035777
0.008616926299714112 0.19854766985593086
0.34750951117300766 0.19788362970084816
0.9838775774157681 0.25383929188775933
0.6270906367433275 0.8482831512528376
0.7240247306442835 0.5745907195530303
0.7700892466390251 0.43624907527187795
0.36165547059802683 0.07470786922186223
0.5343167297185591 0.3324735484371272
0.8678155888950351 0.07725283754662782
0.13138459443781303 0.82217828969076
0.831141771559838 0.4158299475078766
0.6081611627731456 0.3745690089265342
0.7416280941282181 0.35990922535220315
0.021442043496472385 0.8271849205283812
0.4697212738505766 0.09116869365809355
0.07749586059438252 0.46271310844510194
0.1636756240229299 0.8417256352047632
0.7059980734483072 0.23025085285786417
0.10157491501822868 0.22016644326498847
0.1169675728338041 0.16866419841250413
0.12915551743351694 0.6975733213786598
0.24967187876122565 0.4266040965420579
0.19054115404434602 0.7032857773332202
0.16406882689396174 0.14190633840421918
0.11622668825148685 0.28892294937594654
0.8482036129884859 0.8425147086306568
0.2711243028351741 0.8592329285933404
0.11908236858955135 0.9617317159939052
0.8852126774939678 0.03962367462442262
0.7798941752587948 0.522514840504841
0.8903060173565089 0.35276917210746206
0.9630555691479592 0.038700161190776905
0.8686858965834947 0.01047390407503368
0.6364030714875372 0.20544967368487643
0.2828165004518347 0.7920173040150666
0.5789605952861695 0.006882647909938977
0.500089429456809 0.6764896170636506
0.7430602904697573 0.45576487945315447
0.25252113764355877 0.6241686172600415
0.8111970965005862 0.29829463555763347
0.07855285427260916 0.6607768258821192
0.9288485857756386 0.6664372991528807
0.9825791701109599 0.20849718757448255
0.048593332966583414 0.8409254800676836
0.017557923364713734 0.4289142535892806
0.05621264750148669 0.9999548602945038
0.7470308190486615 0.19558758636551088
0.8660621033035621 0.07177049017741266
0.5751108229808978 0.19775242952724426
0.9708507873871627 0.5837521794609358
0.7464685789801568 0.5916820663708358
0.5100676563726525 0.7062715528055112
0.41307693341024887 0.5625356898555449
0.7816461801465133 0.5265078000884283
0.5404493699016761 0.13705376141240866
0.2630599687145786 0.9555726723521353
0.5833342820480827 0.5962530973039514
0.6308932621700036 0.5717097321809933
0.7993037650198254 0.8773119088609966
0.9720325345419218 0.13299684697260938
0.7884024817191938 0.4251246258955277
0.3649759057630071 0.45489501106723373
0.34799820164732576 0.05654555418463225
0.27635990833227075 0.8411502317642432
0.014202549596356251 0.5341287813029061
0.7656534245643739 0.2809701434231513
0.7247068316045332 0.7112117834466735
0.3200712884975223 0.1810600640717015
0.8826046747063341 0.3064781292492429
0.25211081224189347 0.4880181204168911
0.7267491794613928 0.5936749505770095
0.9837164492310488 0.674752516917274
0.32141973914224875 0.5509487014511409
0.2139293669668214 0.21399859052750858
0.6665494379530603 0.3043029080292442
0.9209800780399978 0.8426767843981289
0.3994908041577926 0.020969699360944616
0.3851339622030566 0.1327474008849432
0.31027441081945006 0.7610267150979727
0.9352010719335972 0.627381527803995
0.424541133671939 0.17937968127252923
0.9194732280718451 0.07568163029670316
0.7218055822246582 0.38526991446536984
0.4809527231148639 0.10485006825374432
0.651434675786996 0.7127555561904433
0.07708889637701666 0.0056164494683189625
0.4847020920385182 0.6331536947890141
0.32584019068439574 0.17490055146186434
0.19850547799110296 0.5492204731689759
0.6827306257056969 0.159100028440616
0.02481064002862199 0.7508842608681624
0.6576717479971884 0.17205720966297378
0.019612202517179878 0.38363716048900887
0.7656722989191767 0.4236728640037676
0.006178599056165801 0.8832284237265979
0.17215936026555256 0.588299117668724
0.029573837549816684 0.9640925128065805
0.041486459626172034 0.26645754594550275
0.022926650896593848 0.9139840227219063
0.9263057749530648 0.3490927096462708
0.7306432699410126 0.6435801371032142
0.14583278309560876 0.7804854466521373
0.05973703851388734 0.6673510057547891
0.9926336124974038 0.33411408851420965
0.9376744351466432 0.9507867822318082
0.7804168980238742 0.6651663156669033
0.44361388997050144 0.349109831842335
0.19941303640997943 0.08406764041431902
0.4496398218032728 0.1838891170189807
0.18127607301186266 0.2073074499887566
0.25957177485702243 0.35651316368988717
0.4920442875023252 0.8850070383090691
0.7651540243054498 0.28126696798218165
0.5695475849778568 0.5790881609458179
0.45290858334510053 0.8357971792493006
0.7007511620982657 0.671565005602209
0.18966021766064756 0.4730392357533043
0.49487641002144 0.019396215877209078
0.0907193879366297 0.6162187604708727
0.7497418605428594 0.44049791638180924
0.9319352107290887 0.46732895144439823
0.23161821042667452 0.7149323703382097
0.5053069980331184 0.3995248509838363
0.5929932784165473 0.11595168513945853
0.03756981056458297 0.1751635504861836
0.6379941018575508 0.4474890357631457
0.29214590465112666 0.3337601738574737
0.4118151742160896 0.057854985312090546
0.25708029552464584 0.22791650480000258
0.13835321168684267 0.32380968258867504
0.385055675585002 0.3503196533318057
0.859350323163623 0.6548463165553629
0.1963077820200947 0.7911969198251327
0.73869946035731 0.15443506102478266
0.6812400289562102 0.8931514261961075
0.3871669046409063 0.6931408781386779
0.34676115591251955 0.42909303609641947
0.23563877788206222 0.297942384990735
0.938847965825461 0.9190174498058814
0.9390995979885357 0.44274365661205994
0.8435603012757592 0.02267598112383129
0.028902911711538026 0.03698386687711164
0.9197130035424096 0.29771706342531434
0.5474952243852651 0.6524150353122659
0.0486355284977793 0.9966700018415409
0.19760617963494986 0.8025308753110325
0.9999269128608727 0.9911803832259798
0.6170196107128888 0.8947950134833765
0.3068397928780524 0.3581955159275526
0.7503913909988723 0.8127298428153777
0.7209043506716329 0.6403376103351308
0.9311816844851757 0.9530923649309896
0.47262944923464323 0.3014911452062553
0.20962113344862954 0.9427763072978288
0.0035941729825789137 0.4386703201510581
0.6667310957667012 0.19074508475558238
0.05497054345803176 0.38252097257737316
0.9397708794431612 0.8922131472053022
0.9984941701755393 0.421351237001954
0.9510855614245827 0.09545811880803667
0.07812596184278453 0.5173732825412405
0.8801797148682486 0.9660595507417952
0.7941252848410462 0.5488785996186593
0.7479443691999939 0.4390249255785713
0.005980625398620654 0.30835722792955
0.5923154643737483 0.036176682127669
0.4566214060198702 0.21411149483786385
0.10624409538143331 0.7443389918219446
0.3275601319283694 0.451703183722601
0.7817101871230661 0.49927645863851944
0.12309129934146401 0.05161212344510646
0.057612846906753834 0.0010013226389502528
0.6513998915133358 0.23077371484993447
0.7047222289846532 0.29797955786385
0.12140864022828612 0.17820159164098215
0.6974793126439246 0.8209306159129345
0.40642022524879484 0.34869071768970616
0.1202813785484641 0.32132919558356954
0.3390865382927877 0.2436353783044164
0.2349928974246298 0.4753820747661358
0.4969643909137452 0.6042856249107817
0.6967728585117388 0.7511665180310485
0.3138929149768068 0.9203045574463559
0.04691099261267839 0.5047810836468327
0.5096552065833193 0.16527833023045257
0.034217169203628606 0.17077409678668887
0.7688625786677692 0.7108691718968922
0.02060993245281062 0.8427780816917129
0.3197269154930137 0.4425915513684029
0.7119011209122578 0.5021938543584826
0.5643628883326604 0.20273003878484486
0.7213756974324549 0.6459309409308368
0.19448841764855485 0.8197066826505974
0.02161718354244513 0.0886254691092585
0.28986854443036636 0.1482451667859842
0.16913063823054053 0.27042105631973723
0.7415739079935344 0.7409672520466943
0.2966667510380022 0.4883115354330265
0.9681023161869604 0.9995970135448549
0.2597523932446282 0.08720925400035229
0.2996376352244965 0.9127366077893556
0.9967838754021259 0.7963159525232153
0.594197668677625 0.7772169644120571
0.11614157874426745 0.07703801534797716
0.6191484857894861 0.6213156438852562
0.9591356712468279 0.5606014376556007
0.48253962941321293 0.4006730299339475
0.9041940148599119 0.3966860561507062
0.9309411891161238 0.4215272269190685
0.47555567003344046 0.6088128086920743
0.6439401037442924 0.8609273295011327
0.8988340888070406 0.3578816616210023
0.7501798411546389 0.6998732005154481
0.10616627278107382 0.35217193917863165
0.6658038968242962 0.8628694554502635
0.835265443237913 0.5102809432457377
0.013390490127861199 0.8661704733981029
0.3895466027568071 0.3828907848745682
0.817941852610294 0.8170317262319601
0.8305951813386719 0.7699172468109858
0.39621877214624557 0.17757240268710073
0.8596020931890038 0.4315088246705181
0.3566869578610763 0.30939316054685373
0.41098775421248024 0.7845280340701042
0.9095687668852239 0.4488816132950484
0.029291925253019047 5.609645550367359E-4
0.2499701568871966 0.42817787558877096
0.4295050276402095 0.977165504644289
0.12177963467766573 0.15306062152548772
0.2513706439201078 0.24098231464258668
0.7960118069690442 0.5765543464162753
0.9097885372971747 0.9594970347549816
0.6044959593495816 0.6658463515800795
0.6163002382821544 0.8876560145824981
0.8582850210086965 0.6501419671990705
0.10074036246220841 0.25620197504879205
0.4498883208989469 0.6583750993424349
0.2974886637657481 0.32051037580073216
0.6894073265205235 0.708230703159968
0.2773586943527919 0.5318706978498012
0.9568800446975243 0.8917238458806496
0.004011651641765979 0.06757159785040523
0.566616865174549 0.5176207433455019
0.0728844620673128 0.7618125031551355
0.8340367183707834 0.9172743483765313
0.4509733138574107 0.3163783347734822
0.7114891224132884 0.597987682275572
0.37741530833500425 0.03817838546738184
0.5167744155852205 0.43680624619970354
0.007662351343964535 0.25016416758392224
0.21655074663219487 0.6476800884511339
0.08814304708663556 0.9528050100094183
0.4465431806452711 0.32622551297702496
0.9336599028184267 0.27521469835893886
0.9514466933135898 0.4788552187383158
0.24637087269476754 0.7481860866797425
0.40964164607389175 0.5768342763086738
0.8630552834387505 0.45580483776091885
0.671316530897896 0.8408596248492722
0.34646671366696535 0.6779774977444513
0.2833194786400389 0.6580484030365608
0.4469258216942027 0.7231232324446625
0.800036866488365 0.7607604481910564
0.8519087249692975 0.26844240487686044
0.7868234738530526 0.05546922189370607
0.3142372301550762 0.6745895755358405
0.6109854226993114 0.2799338736313399
0.20357946822570683 0.42224234136362837
0.08504386772730621 0.9882153418559921
0.7613205321987625 0.029971292149916118
0.7779834778748893 0.7156170227400009
0.8554647218165204 0.5559810589807545
0.3424169615086111 0.5594210795859564
0.8300819877869964 0.06070576782051995
0.5190728044854492 0.8263293919769586
0.12291350737458395 0.2129067851810309
0.5747403822965759 0.8438075958510677
0.6851020627630208 0.5588344106408512
0.8057831995303214 0.5100702579463083
0.8786152076470627 0.8421795483376077
0.3965570678038306 0.6662330233381527
0.44977995179871033 0.16195481184464044
0.3605472111406428 0.9141981775388751
0.38145033986965593 0.6861096960718276
0.5117645142531538 0.07512787201093063
0.9116795877016919 0.10059712426689293
0.41491777523146267 0.08589886352221032
0.7733711352927451 0.9667738844303815
0.04510524899353907 0.7647219720805809
0.7572337738723699 0.6844311096754635
0.451245656969386 0.5421476453565356
0.02946803452080793 0.8134146554893579
0.06219499978101595 0.94996909917527
0.24596227576334984 0.09371001166658433
0.40047235875092757 0.3880728479497203
0.396378599481907 0.6220299780077877
0.8757445446570054 0.448075623734949
0.4843604410759397 0.29235732513578716
0.0186951733909978 0.8626263353827036
0.6041948399298755 0.7885591145774156
0.9856318857333736 0.9705395154818645
0.7096144453165434 0.12910310330507924
0.4151602751846901 0.4404674405597363
0.38702544784542914 0.007070765208205598
0.7504806637617429 0.879605620309998
0.24329948657846878 0.9430757168556219
0.9543405200912131 0.8689663564514988
0.09736897489172747 0.5743600221596666
0.13840101721196885 0.9130439502258102
0.025217003820221517 0.24025541557412777
0.004753780647910766 0.7692336792720509
0.44945430472958536 0.3923600934080853
0.15454961485062269 0.6311568366282816
0.8875275181772865 0.25719598704183777
0.2571783154998585 0.6800818141792178
0.6767047012170159 0.609775500923106
0.7931644620473641 0.589921367185657
0.9793349555116359 0.4784207659167433
0.5849213642314306 0.6738248965864662
0.6384816278361115 0.0943424205711022
0.6117313066575917 0.49417326207069234
0.0018789528784139975 0.4238991169745626
0.6687972662196484 0.9228234388647748
0.6612646119213679 0.17712292197284296
0.2749374607760885 0.8347386619658745
0.16449134239016594 0.27300987642713515
0.8594711079311909 0.845679573211591
0.14942329687838996 0.36023908060670284
0.6660695736374125 0.7634197675335755
0.021473009684256805 0.141397658616906
0.9998246667694546 0.7119897337647271
0.2507382316385669 0.9294531914936982
0.4135114774315505 0.20974076550970955
0.6000474173313933 0.07712871377183916
0.18000027591393353 0.8345604922760966
0.11182619036136954 0.6630006006479797
0.9299983656391029 0.4933603163919782
0.4795469978414798 0.09255214706188464
0.64777929630192 0.7279941296528238
0.5086268174990146 0.07808113775990555
0.3122835672155524 0.936056807913278
0.7319888779680696 0.7982730430803074
0.3469513342848578 0.8625500972648804
0.8871062198717958 0.9064154353273265
0.698874228382945 0.22719244810567718
0.8841957738891962 0.4556437604764181
0.8063303174146439 0.8921884958413671
0.09933442752869837 0.7402724827806558
0.9334919790940218 0.5465628417297893
0.3116186903292012 0.5141792926625032
0.35207400647646236 0.4857020909330434
0.3700923971956581 0.040374738070260485
0.6319150672904857 0.6985378780057955
0.7240175090684994 0.9503034138069097
0.8659626613426789 0.1398428363010309
0.2791652193157623 0.9470867056774877
0.9998579858663763 0.7614005063657135
0.6531557646297725 0.9738315581901476
0.562293774040504 0.6033493124505829
0.7944774036494315 0.5862936089916707
0.9995450233041715 0.005789444230004381
0.10266572984043754 0.9185968019586749
0.5060485046515667 0.7907812975390082
0.6412270310987451 0.8113763118835873
0.712633949159106 0.08615214765895474
0.7702402655220686 0.3836250518154233
0.8449864875669486 0.3150677810190914
0.5421742220408595 0.5726884394148782
0.9971458406762306 0.7591142900476024
0.5023075048525589 0.9412659661439211
0.9783250683989122 0.017674436081422495
0.11424117822125934 0.3559424560109312
0.7860577460034406 0.6326720424617398
0.8913448341022803 0.9786855715440396
0.13465924419210407 0.1252971667307835
0.4565790324249501 0.380910524376864
0.6252141232297729 0.7001133039262141
0.17598802422318804 0.48912695871518774
0.0817786429069467 0.9119876636036164
0.7152585618106606 0.5018466129114701
0.2982132962267825 0.6625741082078351
0.8540923102682595 0.8793453857434326
0.9410376136523242 0.9956173533937233
0.15974046851273738 0.001036054878373105
0.6359253061065544 0.29413673538371965
0.668901220966145 0.10962377784759714
0.32893490520130775 0.647586011269349
0.5562819034161917 0.7168786918131225
0.8582974216259027 0.3533754641647391
0.8784795903499745 0.732775286916939
0.2985589819152834 0.7446812497854443
0.8734350633694512 0.19791213970160693
0.046103396777669725 0.7952562026922559
0.9685669635471293 0.6485386540263053
0.8035554024561637 0.24199507171787127
0.6047944110804048 0.8241811390451635
0.5902929400643531 0.28729665648413627
0.21900771687021325 0.6397730159096207
0.6572723029614665 0.2958039610936727
0.24414881734687255 0.08735928147859773
0.7165973868374259 0.28389277205931995
0.7839141117666137 0.006858367964185597
0.20974040261135984 0.4153183198645546
0.6981944819630922 0.4710296179488772
0.43304807645048116 0.1627179733559072
0.19571832709540504 0.8667076765661285
0.21514384893394 0.27220814918079794
0.6719653427352884 0.6225299866352992
0.4980635522694342 0.17710148826558747
0.45327017357672394 0.9327971140398073
0.6124378364901031 0.046810507041268434
0.3121368811019788 0.7577697220810846
0.2567619149245641 0.22829184281511283
0.10413619960623977 0.8426206847329908
0.1917695472522728 0.43992560402383396
0.6433598475275689 0.4904236805747477
0.4431543350889148 0.7115119469775136
0.9812569593350791 0.3489753057586793
0.3693586368909919 0.7291074190491506
0.5827799567259223 0.5269099973820348
0.29587642124628744 0.9397117676873705
0.5041181894607271 0.9414828269222313
0.5434932713912546 0.4983551529897403
0.5678997406063289 0.918557831241746
0.5851131879630264 0.898925258912002
0.7045926432775237 0.7147549118336283
0.7542982883898742 0.9201119459697058
0.08293924229790961 0.8123711764501071
0.3983743722808908 0.33913728358255946
0.3876083209816986 0.5496075552961851
0.619931524908669 0.7184767663850731
0.6188511952524994 0.8917953034208103
0.782775851195797 0.45456724939095217
0.08679994163710825 0.9237308087942484
0.7718645804009536 0.19253618806275008
0.8521473484302996 0.9488916919785523
0.5914838407844972 0.6572753348176286
0.7252991946309442 0.9182206307322256
0.26190437716108683 0.9287218220270609
0.0776921403618902 0.27932807042725327
0.13197781620849658 0.19799785603278008
0.14182074268544598 0.23637855990735512
0.6636116454535304 0.0811000224342956
0.1806198540996713 0.8415895364094965
0.4637886766950785 0.6381177627947019
0.8921995962112742 0.30118588299939986
0.8407726134547812 0.34849987901339563
0.6825314931052239 0.37181712672920764
0.44336805747183905 0.4266768065373002
0.9865366895075453 0.7478583149346414
0.6055802156291523 0.027385869704054544
0.6471278006583049 0.8956801474302442
0.8637454394144728 0.08633516760480064
0.47210834564941007 0.8778873637184571
0.7391810623788561 0.769381416798353
0.48043452127293595 0.3286884748407214
0.2866289658347858 0.7621855244099036
0.022196333908306887 0.890975016992047
0.0972442238190454 0.9223495638150148
0.9107761404417831 0.1063508334019384
0.4146064458053301 0.1373268820868644
0.9409944971184134 0.9612675717303031
0.7732084057943973 0.5839369791594997
0.6836545513715774 0.03558576018063209
0.10110262481098553 0.9691053445814193
0.2447483026571423 0.47429496866490883
0.5418635188338248 0.7464877049646973
0.7566886093592912 0.808791105421231
0.345749135068659 0.749927304211228
0.7292836297293305 0.9910221606548147
0.05592297229074439 0.1622325814939538
0.029770985218915524 0.8719786374758037
0.8728232286571707 0.24655189736262706
0.18408081134683907 0.7554183475969578
0.518242955135808 0.8076610858761628
0.8955987179928111 0.5883795940177943
0.14041165364442842 0.9217684760288467
0.16305054916702055 0.8119506741545965
0.802344923890814 0.07598123988316918
0.14573334936625293 0.888927919240593
0.8779558285080289 0.492365817195615
0.972167473712609 0.04940833465483507
0.2438976113247716 0.07657443727792701
0.017347196481336535 0.8510270214964535
0.49983469738812647 0.12729884213104448
0.7841181394998445 0.7374636590809696
0.5758146795432869 0.6703508975977241
0.4158118765368626 0.8970065452076467
0.9926413097099985 0.03995960483862737
0.04011919034448341 0.37237619156645485
0.7296243981474692 0.11991244043872118
0.5982854089023697 0.5536754012872929
0.12380963337501982 0.47845829937849316
0.549062432218442 0.8982460149411582
0.4757675381487506 0.4834285031729564
0.8534540900893188 0.9643770507128648
0.0692475929034101 0.36782088885356234
0.9441425265749851 0.6202228021232759
0.12547978035943197 0.1311318949983873
0.9625853108454065 0.5949536803705733
0.807632819375725 0.1080095304488432
0.40712410857043024 0.3760765275326142
0.7669146575819943 0.013340381616473884
0.47704781618881575 0.8250251987584026
0.8790271408093585 0.28167181072463887
0.8204041399578261 0.7825363416703532
0.7581638136047263 0.5589103177663921
0.09745537648270353 0.36598942989568883
0.35546620295947895 0.2755255243454571
0.7570259956067749 0.6228037283055071
0.4498301289401322 0.3330288465934784
0.6895903331138327 0.6971498279077758
0.12118058445679236 0.06928466026810043
0.9688014883056256 0.6916462313463645
0.3598104888630871 0.8332505627060254
0.7222630241285495 0.9613768298633241
0.8101041927745293 0.696033350922472
0.28269699552408256 0.6644779974969934
0.27294439188571695 0.052685090842805704
0.1622637694568524 0.011709087376421845
0.9983268488294301 0.12795379858586176
0.06563998965000428 0.8068333696230273
0.9881842280022362 0.6892418718862163
0.11156311560394738 0.5503010298271956
0.499146705148095 0.5913143011848995
0.6679022620383045 0.5906398290808822
0.6859440134365838 0.12983822816380897
0.7219169374836504 0.5511227389427534
0.8583792340401195 0.5646239654206431
0.5052161200339932 0.533696514484042
0.1382825825894488 0.5884770966306465
0.17203276037470505 0.4078186099438982
0.39757855736925174 0.9638600729887973
0.6897795269322999 0.8287644586983682
0.23457740551933237 0.027100703040927265
0.7424531024622517 0.49813084605466806
0.4028279363203793 0.2686745015260166
0.37030696322681833 0.5786750770138757
0.5453454414361728 0.7381262155240303
0.2733125064193215 0.1062943286353698
0.3067550362913888 0.5934853821211236
0.19128167363481074 0.7038627279099656
0.8968671741904396 0.7175699114437427
0.5401243063597487 0.8948086787681606
0.9614287927582865 0.9573601938565213
0.5315659813930624 0.8387280805272322
0.17927017318099403 0.20766597791220875
0.33275346334125255 0.36699420901803903
0.3497937540129453 0.2565967677912745
0.43252572919419763 0.7832380879110941
0.8607283629175285 0.037886025351947406
0.27273167221227 0.011737782363975158
0.33329824233412664 0.6939080953773332
0.37582505887026785 0.32616923308514056
0.9304332180010109 0.6432659932710211
0.6540709761237448 0.07183474803181866
0.28337273848236344 0.6681175999848872
0.3210479393708132 0.5063999289758306
0.24299322322013905 0.888946162566252
0.8427322330604867 0.127333470412616
0.6944145107043906 0.37827074417658646
0.6633026029881439 0.6286585380807581
0.4869178527801338 0.07983094606899133
0.019904484448788784 0.9352884345334588
0.1259347962801587 0.6460694451420983
0.020965098211364608 0.60013324307941
0.24984208798691054 0.7842746410349132
0.30425180116291695 0.2173283921104312
0.07152507088817905 0.7105355509123464
0.013718216019439011 0.4043499288048258
0.9031482116906973 0.35069904788253625
0.5382834707226443 0.33644556890368127
0.6022980805228854 0.9988095144887789
0.44104222896281386 0.778724388731473
0.2786405039313662 0.24604971257665398
0.2740041382573476 0.05441244955824909
0.8824604618124037 0.1269905408587485
0.5213133496666119 0.41219520266225884
0.3599296292436108 0.594996734214276
0.7429998618863857 0.8112321979035778
0.9046729458453808 0.6349245600991921
0.10166648966594594 0.22934320388922447
0.46118266043920364 0.5487863513168807
0.8461164641232791 0.21802896812502126
0.042854203945462355 0.20884617487982193
0.998778336965071 0.5774042624904517
0.6158951046413698 0.3626497773778019
0.4478865348341814 0.7047844851552393
0.2700850532083874 0.39578086851278826
0.8807272065710564 0.3825812657848231
0.14834107755418824 0.3106753725086804
0.5108610426750699 0.5143270230389239
0.13926890887693766 0.06361365911293193
0.35008566004195396 0.5920616128252358
0.650358118401928 0.8170504205681285
0.8550021862096255 0.4839791372670057
0.8742047468832929 0.11073059777429428
0.13840235575072435 0.46814661804196944
0.8361224711462627 0.4325788295845333
0.5772932702688766 0.30627016807507634
0.1687289777240889 0.1791392143706153
0.5722293717740574 0.5508989397511329
0.9975716447912377 0.5353809130974417
0.41672238031560915 0.21012022087946214
0.5415825471517971 0.37497427163258545
0.7208510980288992 0.3557143913869866
0.033129921921742245 0.884681592581193
0.5997956776275202 0.2539012608660747
0.3446591209553368 0.25029490875784055
0.885871021522208 0.1222241841178402
0.2723934867243264 0.4065932009269827
0.9517368123906335 0.6717821694665068
0.7722911237989547 0.5500796469651736
0.34281271740358965 0.18093410026535495
0.5694312663192109 0.8407991898941222
0.30852855318843864 0.9647635860010128
0.4692294223370598 0.47832540530417866
0.4948913920380765 0.7540066983410122
0.38735773196923684 0.1270449438584199
0.514952958614918 0.6778090320455533
0.5849732959141762 0.48715667875683333
0.8491117319951552 0.25659281815157964
0.8468338359509869 0.6603419804167056
0.5437864800695651 0.05447835786938182
0.37210655212292787 0.8428513175148816
0.4748490384706573 0.4151186879530159
0.9611525914241488 0.7937917774283257
0.521305837174822 0.010470030852094303
0.6762964230786377 0.47268893280965063
0.8550692445754275 0.7689348201482538
0.5305652550175141 0.21793548470089197
0.6942613901501635 0.11747823817139469
0.9156111816398406 0.8465284948380333
0.29034457894054544 0.37173297515656356
0.4185044332031681 0.09553575245052925
0.623474036847773 0.5387713013187545
0.39681298677342336 0.8970210066002413
0.2658206146340456 0.7591374321040013
0.18236064587196976 0.08069694219448498
0.1392117254846862 0.10789733748131647
0.06628184513962732 0.23236376703899442
0.4412915338941388 0.4988768832155449
0.2814680348825268 0.6012300639650564
0.8435021546687309 0.99192388141406
0.04322745886594681 0.14550239786839358
0.17453929551981484 0.8899430340962313
0.3349560862728931 0.03316831062192449
0.1945377741048807 0.630617231477221
0.5328447050241274 0.17368684200834017
0.7380933491593139 0.6271424726510582
0.1521231209624163 0.6463400919453978
0.4583292179950966 0.8929680620996328
0.9670693454159449 0.21228758996913577
0.639566993119281 0.4974474939501886
0.5079881767638051 0.44990519341849367
0.06276354528859407 0.6424694910260745
0.4705899580511278 0.43677851346547814
0.7057265803508341 0.42455300258277107
