0.3710919487491178 0.1767257071455851
0.4882473944750707 0.3823287747161488
0.6988199129255858 0.5916403559835286
0.4502595655213648 0.8528840140028713
0.9884093104441695 0.9591992270805184
0.6070448705417296 0.8217605964994811
0.7196824520778347 0.280931391603903
0.13625760279545795 0.492259699359053
0.6396839130406431 0.5865385588727452
0.7859791233798754 0.7303698724021246
0.3913223764694004 0.9519883010786288
0.28043310528108933 0.9834267647062332
0.9290160432370659 0.8819803325274467
0.7802976391238056 0.6995139002637356
0.4091162385746492 0.9762502120504492
0.7694710607550245 0.24568171032254982
0.4313602899238639 0.08921346930172858
0.69424948366852 0.0037265051731243393
0.4773317629607883 0.5137424941363912
0.9162260907011324 0.5341849160478417
0.14288201018765523 0.07240750026530374
0.056823381861770716 0.44236307999685864
0.29369443579815946 0.3833017779317337
0.6092214426185106 0.8546345797829966
0.5866482906991582 0.9826107622895817
0.7725466377707391 0.2189046220212184
0.8943668317806489 0.4323735535346205
0.8235369783520803 0.480052270841519
0.0463096324240071 0.01942414852715657
0.9825014564447977 0.5493266187894617
0.9569968114006054 0.16028907804782144
0.6532428473896205 0.3860866609030793
0.6504286201233881 0.16685733096535849
0.12071469487929887 0.9409390422730024
0.9094906507421467 0.5989270735418956
0.2755345394167058 0.6712414626022947
0.2801117524297264 0.032273050159472794
0.7010775504477809 0.33310395265897585
0.9421676763215021 0.7046674441251578
0.5067259231171295 0.2784340714472776
0.522600850426525 0.16732630777290736
0.6199510282430206 0.5412365462096965
0.27095244478652836 0.7655423520436722
0.8602566584142698 0.5842909485517819
0.14348007895655912 0.4998042283932642
0.009614060672773705 0.6954964986537719
0.249260734530243 0.5774914716747399
0.26686970252189257 0.6725859493028405
0.8001549911369437 0.7552731505801145
0.9277097705733409 0.6155750883870907
0.17623566470199448 0.39362752874690754
0.8671156024736514 0.3582283134505587
0.9692598165697935 0.9974390935930437
0.41784683314318927 0.31298512230680064
0.8989902608251766 0.9004181911413237
0.5363398830956465 0.2782058139367999
0.31064917275899606 0.666127794677316
0.7265116738289267 0.06225933482101098
0.5565124025254968 0.724690858191723
0.05230924706524376 0.6158899960162646
0.9406305617828453 0.7417907539283691
0.7114480774862483 0.7324637836684336
0.06288876315134917 0.225366452090769
0.0656334548140608 0.27510933926282843
0.33709374977667217 0.915443191039844
0.7266602365207955 0.320432442081921
0.17750387795597722 0.5738282740322989
0.2831387573805152 0.5703969238373499
0.8491934881327676 0.8929406564301667
0.5191955674623863 0.8771293246656002
0.2598704663352396 0.37683264709538744
0.5243492805832625 0.7498183367522656
0.03424156221302421 0.21250001478786995
0.9228638228664602 0.2685440708480783
0.056747390659821706 0.3458670881248087
0.5612324943912391 0.9167867496864746
0.2944647233391392 0.20437144667312568
0.3840480307840688 0.4625277479645118
0.11920144425093382 0.7668626039539441
0.9013652180157056 0.16727083703060086
0.5362844675040657 0.971567625799931
0.6047644517959315 0.2829746413678258
0.6972693286865955 0.7741661745996793
0.9246761232366483 0.008802100637688492
0.82477506010736 0.5205560843370662
0.8381269144885322 0.8227565328515518
0.2098757969207098 0.6826798027085023
0.033921328049966504 0.3776876946425113
0.25595612033540127 0.4208213932388487
0.6213725182020998 0.9568158233804375
0.6376645980735093 0.8820722142350855
0.7290489760925801 0.8208351752635207
0.5195757994106808 0.6222031624932169
0.9816042948964498 0.6468232936061417
0.43639811841919174 0.046969746094759346
0.7656093566789796 0.6585952167965503
0.8750410376944924 0.3089160934173979
0.3994077817116227 0.9788073722542279
0.818582168164811 0.6670322300996753
0.8073666769731914 0.1950286218567514
0.5131509423178015 0.9191585721764336
0.06549701411291231 0.1251606537057075
0.5009721736246899 0.1508206547892268
0.23326858664426386 0.29200407685981133
0.5262897926763646 0.7092156864775275
0.21554680924083358 0.6724301250774098
0.26561690400945837 0.007362362310462833
0.008930050816986612 0.8735324965111915
0.959735588805009 0.49096334088000504
0.5783672144340715 0.0062974327202997005
0.9320959849833985 0.8593203756945454
0.7827876493142047 0.17674462436127247
0.6667406872200453 0.42167933032210514
0.22257647645589884 0.6951552237569264
0.5886076932876521 0.2916729787634368
0.6170802349007704 0.8159177406457243
0.9400406404104007 0.9750677865340772
0.33692893538332713 0.06368600433583049
0.17956290460336055 0.789809629922806
0.013812959848064965 0.9759582413265374
0.14244744929031605 0.4724034902381512
0.7294537740063854 0.3978496768839658
0.7973417858098419 0.27094995047352977
0.14586004473559122 0.3017456638815491
0.8091836204656799 0.8027017559996975
0.08056116825782222 0.47268595216580156
0.27586921557058164 0.962791339706555
0.45336317214869803 0.2997451249235795
0.9446132152750989 0.2108206135981434
0.23527191108165513 0.34433810390396635
0.9336653828411114 0.6332921883814969
0.01558157209293265 0.31829379735107366
0.4860259173793272 0.2824013727615736
0.06972689879867311 0.5977039413951348
0.5640277483972317 0.4254963397112881
0.3583498547696373 0.4229681909456878
0.15713092425834807 0.5045537214388757
0.7171325598278954 0.49112075844865977
0.020000513503841577 0.8013054490782849
0.6073001567221837 0.7334379907785885
0.18391616039850345 0.031191839334128613
0.1882986520749942 0.689489903113654
0.9917879670873524 0.3481053013860812
0.14700458894223933 0.03821328439612692
0.5955298037934814 0.53192747571142
0.671924516297268 0.5272478233795717
0.8242680417964617 0.4521523572928259
0.19619441138442395 0.7536907458821404
0.0828398247072345 0.2534265551511762
0.04979015960210653 0.9925893897781856
0.4722620256311679 0.09262692250641857
0.959212138545592 0.5439056897239333
0.637328103639543 0.6721353273214173
0.41200842775188784 0.8743498955865938
0.9412170948009323 0.2602588016054497
0.26385268018213104 0.1673957339425407
0.4429752521253906 0.36728245308166596
0.6074942902549625 0.7629521986608268
0.8109574580296742 0.7544323297551577
0.8457500272953155 0.3675827097428461
0.7437922637246127 0.9930631398404705
0.11480789179643502 0.8468247723003351
0.6901606960121202 0.36267632340730427
0.6894655800075271 0.8730787136063478
0.6596556925276891 0.4789116961325304
0.7685272375262052 0.6956973601409292
0.6992156450327373 0.6764457613968546
0.08643424747977202 0.8243227975211148
0.17310201714756335 0.8367687598974147
0.12630684538301562 0.4721803973572224
0.32911747712919737 0.04710107280048903
0.3199249603856855 0.1929545434490164
0.7597378204681379 0.20424936926018544
0.5117789258759604 0.26303417046583066
0.2740570187155974 0.43599150769370787
0.1371712716070409 0.010330607942829473
0.38492204661635276 0.0026181377464973288
0.018452938214465697 0.4715342877923141
0.0853598929921574 0.16254874284303555
0.4188289613374363 0.4715905798708597
0.8393763023268246 0.3384778144911955
0.009769822437874609 0.4623396340587871
0.7444321629781723 0.8042970271067351
0.7059162850062695 0.2316785426354826
0.6363797696397594 0.028077513724724112
0.9004675387466096 0.9002688968674463
0.5023684851780322 0.7526859515253114
0.4943934747358736 0.4597261846543408
0.9432047641563397 0.8731468121399794
0.2544136995959845 0.474392114208425
0.5838792346502524 0.1786524394478579
0.45753772133978854 0.4682043784818275
0.26944930462662386 0.06716190156637425
0.48406173949012365 0.9488434127236075
0.6031925444340984 0.4118177511028833
0.006269673880337168 0.9832486029530134
0.884922899457513 0.8609502414229078
0.6866869817317672 0.7317611846891376
0.7895878467636213 0.9872261799160578
0.8475879892672827 0.37256530009100064
0.18974178925595098 0.8665397866182951
0.40255862238232487 0.40376188089883647
0.3702169260789123 0.8635313914457086
0.45126794656399705 0.3973249658429555
0.5092899329513012 0.6281590044019557
0.33020407264434426 0.8973538536757758
0.7078688849998763 0.5665368661716677
0.5849805169218848 0.3044481052609078
0.03670190955684027 0.3392941954181695
0.2839218512841102 0.2686973303366761
0.04133513012988321 0.2619964491623641
0.32798803046936187 0.3256907825151407
0.8955242093788262 0.834710071696877
0.9286991181292532 0.25311685447882937
0.9260307863051743 0.011581564713313286
0.22357291303252036 0.8999355759812949
0.5452107216546324 0.23633992056891973
0.07769050964565982 0.045772372271759676
0.7225286536079663 0.7159210617289917
0.48035535834229615 0.18509436331520623
0.0021092128033710633 0.8819518511315788
0.5874139131431476 0.998895353277389
0.7306620338027414 0.49862016598486214
0.3826565799686268 0.6760292459455006
0.5985945948199168 0.4154969083598268
0.1358201460880023 0.17699595161756665
0.8168526522723764 0.5351645273932818
0.3200636949009279 0.994897702621838
0.25300559173123816 0.16804579735830782
0.4183920951154527 0.9614478279807268
0.6323198754537276 0.5806160097734101
0.09635239872763846 0.1703283634052163
0.47304061109652895 0.20822008480584908
0.5474301098568269 0.14585637751621527
0.7698276659161638 0.700006010083173
0.42792401332538665 0.9718335607934525
0.5652696594380469 0.6910243444160367
0.6896795861540764 0.21361720017488262
0.456625229213503 0.95533293226166
0.7919127317343967 0.11586504191767089
0.7734179819242792 0.3839853444336566
0.22745706438983448 0.7390705361927467
0.6312378319057474 0.05306974420104038
0.03411964858127248 0.40991884204072315
0.3180780342243452 0.49950487065040505
0.9784312617934325 0.10365825740716006
0.501763960947912 0.20608832495276086
0.3969296763972586 0.15109581505207947
0.5605059064395109 0.2123317688696068
0.25921486526214255 0.9684894872795744
0.9333351175778247 0.7139061954109881
0.8773676009169868 0.3455240521581139
0.7631585015569208 0.49106022498643986
0.827923928241163 0.1947212391486608
0.26239434884496793 0.015162615249536548
0.07544960667380962 0.5650492299769055
0.16962759578200248 0.12256003797675963
0.990860556640584 0.15316018284078037
0.38545002597907785 0.21622964680582535
0.9429862950087287 0.5075992905998357
0.37662723965684275 0.05824521105702485
0.40847551126601267 0.614491817402857
0.2199608162783776 0.3498648930166268
0.0929938908874689 0.577629830105225
0.220690530463441 0.46108729431125206
0.38576674701722136 0.6615434655584486
0.8850083651667418 0.8678119943868856
0.5798693253665802 0.053056158502038375
0.6522321775662373 0.08227952837602037
0.6822704343751127 0.31498712178291177
0.19941383626534537 0.12125494389585834
0.3104859124548587 0.6550784448418056
0.31963301785269127 0.846458080918421
0.12680017795755993 0.8138884131362617
0.344954401444999 0.8330328785165629
0.49636561268477397 0.5873062457529084
0.8360027017606316 0.7743868352799058
0.5720913725451884 0.7425082039385221
0.79233626828898 0.8155212646917519
0.8070842668640674 0.3605885256615813
0.9512769529203134 0.6220115536343526
0.9745064337093975 0.4447627532488806
0.8375801357668833 0.4380858607709188
0.13506584447627257 0.9699555936136456
0.10230548033887066 0.8647901348036214
0.6339571952431778 0.4177487550677669
0.34647568790104677 0.5980156345218732
0.13192233606948212 0.2400789532026143
0.0635868790998767 0.9062049306399526
0.8792011418495979 0.6257397439178755
0.5547609491708472 0.19884102617197208
0.9264950435294685 0.4056556022768971
0.67130672516557 0.6393633717319004
0.7336670912856788 0.9260598306448011
0.021683238096290025 0.3899436680373203
0.6847540093351931 0.24312287578929104
0.8433352375073601 0.7405933357297327
0.3469672104833714 0.048241094631116366
0.08459746078980657 0.07136379473283327
0.9217114504515184 0.3201100629876812
0.3678405417888183 0.32393932278247706
0.22725107670290035 0.8178710815522974
0.41225850326942204 0.41771183500108633
0.7255056920879998 0.17903307857465134
0.1831739460796713 0.8354657298215067
0.559558407469868 0.5665362783829115
0.5044635611797537 0.4250899795685875
0.3038116830454082 0.5212385158924783
0.1216835384964825 0.31627365326130275
0.14532662483680048 0.919268201045989
0.2357008155367165 0.734930581145849
0.5127345059224724 0.7081032500024995
0.3401121223677698 0.4131371318726721
0.7482092146188559 0.40089806327153765
0.7904608072324576 0.23865702451769977
0.2783420458608812 0.14549579205545748
0.9092358956767913 0.7656653562566045
0.8813616645425654 0.5527264608914477
0.5878666134425905 0.21707376637802356
0.07099292562722781 0.36800583849329394
0.28540019585355225 0.648897077049016
0.321350770593973 0.5009142264012622
0.04327902221005808 0.018391592637296617
0.8426162804918702 0.8893479259063531
0.6366083515908151 2.332688979836961E-4
0.8838437453277589 0.16800065704805855
0.2645332777342738 0.5287943234705318
0.0870993540435201 0.1353459256591094
0.24582010431669765 0.20961446860823407
0.24623335700796545 0.5689556065510468
0.030463138154454672 0.9394533640112928
0.9339392872338569 0.025904132646188405
0.46411566335038434 0.3018490307590036
0.8523554215832023 0.8831712786356788
0.6493690493237904 0.5638962192006733
0.4353152382531734 0.022371481126119197
0.9363818499229523 0.3899984435185546
0.18445480931172475 0.2438004285547103
0.5450862434185909 0.7096351546300717
0.45673736199354165 0.706705170985809
0.07217632703461274 0.5287261044236544
0.9375561017747467 0.4358468480299168
0.6683092306029299 0.8579626061743905
0.8314283471162484 0.20883973819427892
0.9844263926821143 0.3465156615943997
0.8813954559741527 0.9444146684245482
0.08082897688066204 0.6558190657690773
0.6885945386688923 0.04866800926084336
0.3686184153839899 0.08566522329514648
0.4450697441977476 0.04452255874589983
0.31033870736411284 0.47364021749099117
0.11574214310321407 0.2090400405114985
0.04513447149378458 0.9289637871810853
0.3095590718627901 0.8738890031107973
0.32346511237905573 0.5330891183517323
0.5651952232640848 0.5061865043504434
0.13739179384236733 0.7419559462720651
0.543279271012171 0.6800952483634347
0.21468061996379328 0.8585800713035542
0.6649716433023999 0.5739726009687575
0.1084421052895238 0.6097012453449454
0.06582028540946827 0.6835316966964291
0.9587534302255718 0.5565000817240401
0.3441730526841117 0.028388637292191654
0.12868643927535472 0.7969345055564017
0.47502690334620834 0.24753446062440188
0.8243913401905937 0.17603443312095446
0.43304540452427653 0.6286839104236435
0.4973619770592921 0.010533140810174535
0.522578074482531 0.297117907315014
0.29673571933473086 0.1555024595879685
0.14786604526428393 0.5015497318984671
0.09045719664125296 0.09319799974752674
0.7732208570526546 0.17770985747270207
0.6063617612887522 0.6081098942904747
0.12081375916243631 0.7447580586448348
0.05771128935803849 0.5272536004127053
0.23281561173594945 0.3952952434282998
0.21244128994877975 0.9510238491604506
0.8849779759793993 0.976662036353881
0.24135462343723602 0.37747464164945954
0.9803483022605015 0.9293748841792103
0.8377246403665605 0.1316768870359709
0.974663309261854 0.6479644517652645
0.039245770917475276 0.5518441739926755
0.08906636257778133 0.06014542790247612
0.9029973636590444 0.4552063978865223
0.05114595398083732 0.18216064544204125
0.6850621826911036 0.50915048547453
0.3718945047653608 0.9013066353976709
0.45866844767520953 0.26693533057778673
0.7140377011461692 0.2610618442875813
0.1681999610229048 0.7923285395946418
0.7362863239992665 0.07990246476389384
0.9611460932322701 0.9938007376862064
0.9084143738249333 0.8218054877301617
0.26603962803641 0.016452193859176623
0.18366835042439178 0.2546020190090822
0.491657283173788 0.29863647538964155
0.08786456884528215 0.5817584397727461
0.41123374930336065 0.19028365453657292
0.7386326203313953 0.4138267647418572
0.26516756404143804 0.3512158826450814
0.5436150094246329 0.1577197129876452
0.3666727075308417 0.5002862097703307
0.8430339768842525 0.14513013579818468
0.5270570615461084 0.469961206362814
0.5598888921924227 0.09582846999369876
0.9307851485833187 0.9360067786529159
1.4837397256339813E-4 0.31723577349087206
0.18520915708066654 0.6382256489420809
0.3056533773842993 0.3785842339694796
0.14582897015100416 0.3857340725320646
0.7040486840054275 0.8661409122149549
0.775168032724588 0.6490544099968485
0.6229124194134023 0.22538476826635345
0.7318293529500426 0.08133913712153629
0.939353694625121 0.6266906480069337
0.6060212065089738 0.8823311425291068
0.1217013622670885 0.25298856412547743
0.7188200251409076 0.521204094039343
0.7865072049393196 0.4010300085728471
0.1846635112613132 0.9682156514859449
0.24193941497837357 0.31230777654218067
0.5000439990801782 0.25014557467402165
0.9177430180088135 0.7053393463163038
0.26609872075490293 0.8407795753327767
0.1922961708501224 0.5679379586859421
0.7787699487403462 0.12523910458623178
0.01889212179126598 0.8862599952332024
0.1274347921945449 0.9357460201400004
0.9262287103643523 0.6368308596025047
0.1313806978808213 0.9464505066631513
0.4221886673912465 0.5484158547652932
0.9132295620627793 0.536239313120758
0.5653453098936527 0.8525166281557591
0.15938984574375215 0.5809807227939836
0.4852304482212251 0.48443765521479354
0.14984242477402165 0.5204514635152679
0.9302519310686337 0.971281531473744
0.4530428289944788 0.9602302638450817
0.5012506602871124 0.5488957093732453
0.7764488237102825 0.015131177384431371
0.08903810151427693 0.8867074190976865
0.8391588564621665 0.5782895759442915
0.1758567440605775 0.1675477038011487
0.29037362797821864 0.7088020812634106
0.08355798182948837 0.1689793763745583
0.6358695907173417 0.37086146579779666
0.9553928571837312 0.4233077590946537
0.8543993676444271 0.8286159788861399
0.24366323697330783 0.49536759712639356
0.886911258911041 0.10352198480777386
0.742082173349179 0.9103426792764951
0.4637060787915658 0.034747833184366805
0.7495438273070417 0.28828988188394034
0.7981261935721625 0.6482258327577564
0.7811051319179362 0.7977022231444792
0.5200986342946627 0.7362383201239292
0.35233271905758246 0.1273609183777643
0.8488299418953499 0.7769628074938844
0.7547700198827241 0.7938890420432255
0.4111778571747836 0.5821904901196732
0.4131314564656279 0.7518346835191494
0.3007005626141842 0.3514711453021012
0.3689320479920448 0.953774930627958
0.9421118512229623 0.1322266741643573
0.6706118875789084 0.7198460267063665
0.07684598822169475 0.03791455408095823
0.9668172802908096 0.5192695640772721
0.7176636296847266 0.9601117904333426
0.3973512020209711 0.040858034458975734
0.23370594497309505 0.9254284934374425
0.9554076012446601 0.23514779462896307
0.8221312755324509 0.6944496280846657
0.8550558632682723 0.3477209605442517
0.4984445841042352 0.6774427198723282
0.07954275932879418 0.8314420310731331
0.39485712389779604 0.7503578393332
0.20883115418187392 0.4247494631594291
0.5944900261280347 0.09468571823769101
0.8288963343501056 0.6138056772191137
0.9489618500141844 0.7560284921899884
0.3106522088991358 0.15822398548792083
0.3278772473138686 0.21877746393838127
0.5129811085899069 0.3532541157175175
0.5309599755933099 0.9280798478902226
0.01219300396254086 0.22572276042288564
0.6570502494418499 0.35531718759195685
0.789340666684302 0.9166893101115049
0.06891301226175739 0.8996060887410839
0.9171696809799476 0.09069073026171537
0.21878017290498064 0.6453714168777205
0.6800833227276674 0.329614444443352
0.5067764793102519 0.7548309658867272
0.7333539807894066 0.11865122886546553
0.0328552420970496 0.06426980920497005
0.3619143874030226 0.21244462113634466
0.5725968281170938 0.27427171274200846
0.6344135265012892 0.8814674546942802
0.35819892748776616 0.9766137742596211
0.2648234622206185 0.7818201035333076
0.27821497988487975 0.6443195139672071
0.29173508556815 0.9660590234192898
0.9230727125119107 0.6264051988936381
0.26458252779936176 0.858328235570502
0.49813227808406735 0.1351425702615363
0.4863867361417872 0.8539806955772573
0.002019365386249583 0.19120069809952556
0.004211520722985029 0.5720402194943995
0.2251953312744842 0.5008184288273044
0.46137568626611436 0.6882689479480634
0.06220340945480052 0.27919823514773723
0.6295673670712598 0.7072692491785114
0.35075595748027155 0.10560122490174872
0.4243576786158839 0.9939630296358887
0.951804684725618 0.9981619295100288
0.4742127126727409 0.8779558446716562
0.06696250462368858 0.030230854385692174
0.8609541854374949 0.6687064025021815
0.853121433429359 0.9750917391844167
0.4787208471705654 0.9750872059098101
0.23883876564384654 0.6621894472945634
0.568834034207083 0.8098351994806905
0.47303901832964024 0.9555436646814174
0.3795728011774734 0.5775561257491172
0.34380668084941335 0.5238121844126711
0.5727150651650945 0.19435956316974567
0.19352075876951025 0.8615074816621932
0.9528030316551849 0.2678664367143996
0.8263091727912281 0.34215822175704547
0.3304428859256372 0.4782444162756815
0.15477691122765824 0.43674755263073217
0.8475498759599789 0.04409068808293359
0.96518937325909 0.6145481170312256
0.8903021082529738 0.4313958019740688
0.49376804840068966 0.8585134340980469
0.7946670183262534 0.26948654341009515
0.6014824312264706 0.17367408146885166
0.9097171098517081 0.7747589657830362
0.21069931807050168 0.9445262394024475
0.2255522460874615 0.8511782582183139
0.32427601978638054 0.5061891457736328
0.6954979223298652 0.43593453308218666
0.38616158990393235 0.8341472575370417
0.5863498660660712 0.5893091393600709
0.9622962449922027 0.8286816604131015
0.6757879827076145 0.2897190209266157
0.7215757851792001 0.27263482542141715
0.8826826635511732 0.888071606546701
0.4788745754578222 0.1749412264233038
0.9638696700058018 0.69997595633315
0.6255967477635952 0.8773959614192404
0.24007007976918915 0.27002088421360493
0.6179525924884122 0.9984224397289319
0.9239840886155537 0.42924371302844044
0.31913280977591074 0.015138779890469634
0.5151886914319795 0.38507863873982706
0.8987805297734951 0.04381265689476077
0.8993211317418344 0.7324864654959026
0.6816373432028453 0.16883205301888338
0.24313104986961542 0.45563277545712
0.8069658436200926 0.49160987474024953
0.5123364132820862 0.7013944691686838
0.8113284881557722 0.9233781110669776
0.4558194774221731 0.3491397924228379
0.27952819253951755 0.6296173266139413
0.197550870464834 0.1756399538469402
0.521993475696975 0.9489055739588016
0.15673088604839802 0.7196356446214573
0.8316170448138788 0.555260641890363
0.8769897224669347 0.7874946529220916
0.24903347515142382 0.6105876359562089
0.48708868683437345 0.909561731635908
0.9225480618878543 0.6626341044308328
0.9384167735988659 0.9562156205647818
0.08740561480119136 0.08389276140754254
0.8686785333628746 0.553311940101768
0.4088145879705113 0.9181821769458443
0.9265202619889966 0.8986052477005066
0.934118098428001 0.10417361019177862
0.6584436025480955 0.07390718262215201
0.1817305948584057 0.1789224619219828
0.6072068458532619 0.9721518681593173
0.9579348356330092 0.7295006559563753
0.10001604413771903 0.5142036997324761
0.3373610174839684 0.05711649701904342
0.3151595184992517 0.9171571265938785
0.8689457989719572 0.7456466510479787
0.6073406824666286 0.39404111210750925
0.47639617937769807 0.0852944885450806
0.7448161410086841 0.8142565070028722
0.7106593395702785 0.5921281851673964
0.6655471918822997 0.5347368993818278
0.9816261168882976 0.18554031385983316
0.5949244210001748 0.8237391711022846
0.1472727413115229 0.9382107673194694
0.8842271498011334 0.04233307670924802
0.37067137468940425 0.6969430229741249
0.7268300636691778 0.02307325951240602
0.46877725271426596 0.28778331301080595
0.9882721515628689 0.8910018571910596
0.07162629748388827 0.46512116274510373
0.7466537074401706 0.9090430806745656
0.7865537946344748 0.24200877173981394
0.7814289961615654 0.7980159148364432
0.2192713084779826 0.7477260123738889
0.17151381001221422 0.38090440752065324
0.14211569466721086 0.29865660536863803
0.36772874541847944 0.33169011814128246
0.31951013248099336 0.9398301355618744
0.589950553240579 0.27096401623680944
0.5016546240328973 0.31702388967434325
0.1659451813875893 0.443700594817912
0.8796885063569182 0.37310733058168
0.47670820830704586 0.7389898138042049
0.859045990964484 0.02735090613114466
0.5022396359224451 0.8671874240673071
0.35245029743081957 0.6927105549823483
0.5720313797988652 0.09685777061467726
0.9199701228429321 0.21363763114257373
0.816147963064259 0.07204740552212252
0.9907877439396324 0.5657535709086559
0.9856316835298904 0.8798420122947266
0.08980528993167125 0.44876736975499165
0.7650659501770768 0.7188229404817662
0.4619415369645782 0.7253030889198108
0.4354811335406361 0.2309540560676402
0.7379490743208093 0.5108438144114718
0.7623897208009095 0.8025933330068835
0.3178073759784783 0.6037872829472745
0.28158847273581467 0.9147377916564066
0.961224233789293 0.8596476491175892
0.7344670451690559 0.9282748370670808
0.669505097424749 0.0597270295938892
0.26491452143042293 0.526926154804286
0.3190250948092219 0.8021190615345278
0.13151586549133298 0.4087356455505562
0.6637666880864045 0.9516963628122342
0.11158314334138242 0.7163658624477013
0.2628611384905769 0.2257724398332348
0.47766661505112074 0.1271320206695945
0.6087993348159159 0.5634178489638836
0.41254365742664645 0.4856166270048905
0.2329537019318536 0.028949311351227025
0.9952839602151038 0.35487187332930403
0.8472798000325098 0.13389976817825888
0.43884136216400116 0.8866307345272489
0.644542168202222 0.6268161351619089
0.08872493928438607 0.9666121474557455
0.7241365055257535 0.9965209336726194
0.802652037924378 0.6779195457378325
0.2365558281910225 0.16201270012420044
0.7226891794399267 0.743695921970058
0.2467753979051721 0.08096943145485624
0.12423695247087241 0.7596130356719485
0.5053078397042814 0.2988579267868485
0.9803175920162669 0.7074359365820194
0.285405896278359 0.7819417453699823
0.1149745556132531 0.45281868507514555
0.1958673552853507 0.7300187278576743
0.33619605437094224 0.6736504317379081
0.4111231817618407 0.44850837854863157
0.7366250080695453 0.9396858914275947
0.07376596846787176 0.7745489118766448
0.4294200539004568 0.4698576587188107
0.7194031368577347 0.9980520711400096
0.346983916828987 0.43058220529959035
0.4496951683363557 0.6962035240326988
0.3718764224906018 0.5065354345119845
0.23666615704756344 0.4086852394776711
0.9920815040243297 0.8747876567647124
0.1798505125183274 0.6209356907196038
0.8768989490652819 0.6438518217799366
0.7575658818659374 0.09405253539488967
0.2550833059362989 0.2811133807178309
0.11457918613158258 0.1824815629364479
0.7434534993327291 0.5452732861980858
0.21065947758740555 0.4144248751665126
0.3220489942166359 0.9648508430773961
0.2179869771854709 0.2749400451484362
0.4810092888322399 0.9594563891339289
0.9001154964374452 0.827991410488774
0.17470519988569855 0.2874577947628094
0.831160881474338 0.5412534039024928
0.11025243756921299 0.6218297479181858
0.22111537076618093 0.4362552619827348
0.07038871612420627 0.7053874118885111
0.8016638964532621 0.47649492872327615
0.424797997856206 0.7172718075907865
0.6966053345056088 0.9274397335019826
0.7193165341098104 0.19446660750454792
0.4519578222534466 0.2748699705521125
0.2490569487262413 0.095291417142493
0.43305434606117443 0.1718107904773588
0.8193386632349843 0.3662300999851271
0.6094106516791453 0.799336716518963
0.4774138344460146 0.6791167317832792
0.3428749465195141 0.9728225280299247
0.858330063297042 0.8426160967350512
0.17054465791612616 0.3027527208361296
0.9298722632015559 0.7600993970053567
0.7311626794772719 0.7279914940413216
0.3443782136914866 0.7054302155684401
0.9221814712209047 0.7794536772636848
0.3093233548881297 0.11883966263184143
0.09441077540480092 0.0034063619447365356
0.8739220288013074 0.08698358438602338
0.5921402905736592 0.07617040078126447
0.7955943615275035 0.16443912184862897
0.22885612173043646 0.2757789748878241
0.6979989053837475 0.21831158504321757
0.3521457078285718 0.14119071998304733
0.06143322724720712 0.5332869990819528
0.9961128862830212 0.34594321877789047
0.6967559315221282 0.5013794279044288
0.24560117858579722 0.04067185294978859
0.7455853353188521 0.838786525257002
0.34374991213591577 0.17770803643333344
0.9223813500402535 0.4216807175019921
0.26288444595545324 0.6210103778966646
0.6681189020941305 0.5134273317506556
0.428468214237276 0.16597043685461899
0.12061280513588402 0.3676353969608651
0.036821167504668906 0.9461751105804734
0.32315512377453115 0.9346104537277699
0.9395349566401485 0.08799514711491063
0.8909785023837052 0.6731932688603887
0.3809931484156329 0.888910037017853
0.4341593495888765 0.27563191142698185
0.9701297862317478 0.2417670812586018
0.3959274606869905 0.45004924922623357
0.14353718527651993 0.5047127848614155
0.6069494692711052 0.7732313036232734
0.03426028175508178 0.5253226553096761
0.7790052172963836 0.025876798193007366
0.09909085647801008 0.0674954616104918
0.3655780640838865 0.35311149359196503
0.07690231206589815 0.46096648785659433
0.7022312017279042 0.054985557370769045
0.8515415989134073 0.8958336931806752
0.10624405479507448 0.8048358739554499
0.5750218165489602 0.4182795376673767
0.6628339683352463 0.6178096598076669
0.970235310097524 0.3487104749420198
0.7543905374136195 0.9475092534844345
0.0771341369127525 0.5398250315370625
0.9995006747318278 0.8756327649336902
0.8323005099285316 0.619660676200663
0.16014496477503826 0.47764859146467586
0.7790573015279133 0.12345834557992608
0.7482968244543065 0.09695626202600838
0.8937446215829138 0.2082229666959211
0.5172576718790659 0.44065013679104015
0.9835152648686273 0.46514720061921067
0.7584129218333417 0.12191659772333874
0.3619784281194601 0.19760476021846685
0.34069540225849126 0.517258817420265
0.5412475851786598 0.41620832743617864
0.7278937519895149 0.5811584468013002
0.4924249737097939 0.717467130186153
0.7880456768196037 0.5664463702890251
0.6212816993834592 0.1588668954760154
0.06950694137076463 0.4355694954716801
0.9818692119405349 0.22073541894296123
0.35988861027919217 0.11610452671525884
0.4080240026985269 0.954044912926449
0.766907040740474 0.653283310548408
0.18120463285168442 0.4533419666264179
0.2642921134960706 0.7429591696946508
0.5728260633188346 0.8652849439206853
0.6312510931285723 0.09035660763555142
0.10023317860691539 0.24580734447062935
0.9805870495691666 0.5331121729910002
0.6176821572877474 0.7127152986264597
0.6184221745239448 0.8915270415028371
0.4271743739865492 0.5055660043002163
0.8075782149449242 0.06461677137714339
0.43871441667733 0.7609629600164162
0.11701714549199671 0.9774577498476262
0.035540555293610776 0.03894315376539437
0.4313478251647651 0.6034929260560014
0.7071018581348777 0.8949204850380019
0.36725472151605587 0.4348751535884581
0.7010337885876139 0.08168829968690472
0.7978073988471011 0.4545888251910646
0.9151094135641995 0.2872733153414434
0.42096031631329445 0.8760057904036744
0.0011211298684703497 0.6669726043371643
0.8251544438631611 0.6586949314218197
0.18487341626100995 0.8116933702055397
0.30278365416514696 0.08371901993636588
0.619944302412915 0.2097555938838911
0.7413902043795736 0.47731667904053
0.18759956741340533 0.7056055281831967
0.2828056725681325 0.5087812507192808
0.5312201235108733 0.9364278795348353
0.08205468646245351 0.35651206134251856
0.7708299480454938 0.2364331606790776
0.4206907932014404 0.4356284899880377
0.7817880165744853 0.038635929798768065
0.6333352283665136 0.31120039709088176
0.14143488524831616 0.3752287353854289
0.7915407770433853 0.8830630676019561
0.8484604416783113 0.6801952936310425
0.8557047959510491 0.9213487326746195
0.7019863197325141 0.731596137076195
0.053606606711541716 0.5562809105577529
0.7908331392969795 0.23599833523061642
0.5732464705119904 0.38144158030524133
0.888168744317202 0.25381053742096393
0.26801450009995187 0.41663571850431924
0.6727109234412526 0.39182305162020814
0.9638199741957435 0.29464106722902716
0.6048839506075672 0.44804245386828134
0.13066222271673655 0.6855462155781499
0.9748054197698721 0.9839487432038303
0.13522696105433818 0.1530427567157432
0.10870592914713817 0.12059198572206287
0.026442242379757785 0.34895255329615593
0.9713611479798331 0.7074853841048535
0.8225309859628257 0.6954343573620251
0.4343420783408577 0.8970394725798728
0.5659476329033423 0.4787285390143351
0.29336596407283655 0.07232232091781798
0.9916885143799973 0.5839628273393892
0.7127570152808348 0.022219002841054825
0.5148172331808112 0.9374553847094189
0.15100229905347362 0.23560300511610877
0.3846472055483324 0.09111657603502032
0.9786152406284632 0.19492099510173888
0.27587619926382345 0.282963807054162
0.9379952767121165 0.5896318869376143
0.29106782466366643 0.7384288434100053
0.3146989432341981 0.44122981075813517
0.334228180171797 0.9390502554997834
0.19051425880677797 0.23411960229578
0.0818257558401646 0.07830840072961465
0.43095701038416356 0.28040310492287535
0.32545547109925144 0.9487737491589329
0.1232835650207883 0.711672751901528
0.28944874707257606 0.06040407767339673
0.025841879532171874 0.6871987473159438
0.6370831735886611 0.8767395834904332
0.2155591320773873 0.6354347245184206
0.27064685157077417 0.6739092371279427
0.5275899472290364 0.6045559531797322
0.7034640814151104 0.6767760374018833
0.5696271648618864 0.08778352826041269
0.7360908762935886 0.8072122779869951
0.0631023424711169 0.010536388824536336
0.4042397927591199 0.5914104684312412
0.014480806325019024 0.9189929551946995
0.6825956820365494 0.5162997268460132
0.7520818174328792 0.7934320781185421
0.22653513249238155 0.39955084466708957
0.17733148251516162 0.3247635274467453
0.512864400031386 0.1433180808722525
0.6740824510466982 0.9389458074733942
0.10104145220799898 0.5787792873332127
0.9956108824578186 0.3315292147938713
0.3779501701822241 0.9767003294381231
0.106128030153398 0.7833507140783654
0.07214555654384469 0.19866347153151376
0.3921199237562504 0.06844621548229468
0.027591100817873193 0.39426393519707303
0.8785556323234041 0.33653504550685964
0.212260084200948 0.6114924963218065
0.08598089459963465 0.9549703639487062
0.703575286053146 0.6806861649368575
0.9467404613365124 0.9288384699744647
0.4405119953479817 0.25684327279818175
0.7620491901078654 0.18292886858540813
0.8612917072984744 0.9607630218982195
0.5263583923649294 0.6855860520321575
0.1559450012643392 0.14638372096552055
0.07144061763254461 0.12199312949461683
0.7546234303276657 0.939858258489708
0.3898423001993294 0.5832263400291028
0.8453926698692577 0.845318995439207
0.18583083050429927 0.5274586448447552
0.16933945343429035 0.3929485348221452
0.17168845619922457 0.09097964287574567
0.07617794613193118 0.0168871127279987
0.8781828126919173 0.6792381820796324
0.840141133798804 0.5936708965196655
0.7802693578800434 0.6519028008806066
0.533795753954843 0.8463100734632395
0.3525590111163367 0.8309747664857231
0.33651988287302004 0.12477919602437981
0.2638090905536953 0.5072768038629623
0.014734619690939699 0.9106068597849507
0.2956740604367234 0.5981804324004415
0.45258197594765337 0.7614152061684969
0.7281775178797911 0.6182232558410165
0.5345938125235192 0.31067445340205047
0.8728445703918021 0.1643070585986247
0.38599695064271045 0.36860107258269503
0.15415969131694174 0.6884562704657424
0.9616521579362947 0.13204312787736827
0.6409920024700619 0.43365576213134494
0.24122580456489662 0.004359159188381034
0.2118564102528545 0.5420757145436137
0.8360445799182518 0.5507124810296699
0.6013552773553555 0.5100306431630411
0.6421852508049805 0.6698655533630195
0.4198726282764552 0.360308316763181
0.2847031018254651 0.15047403632026335
0.8645687003372576 0.1300437797641828
0.4895041595628963 0.3980436054011338
0.24694945110623867 0.5311027154309045
0.19221793686139887 0.2681271547878865
0.6507623751239238 0.9299769448304934
0.14752869044268635 0.6220035974968107
0.0036963992863359163 0.11548476116552031
0.03777549495540489 0.4329940491465417
0.5973402834648834 0.6751070111411697
0.5962319978359037 0.014734760408114056
0.6220800164406268 0.1845794538301595
0.058329153067780415 0.21714052985126975
0.5970933574837006 0.8304008818055725
0.3331852300024155 0.24145624711930358
0.6703249076005182 0.5312053602649172
0.6481592506226492 0.06270849081336638
0.6393028636889662 0.10148623410799473
0.06074556270619358 0.3160327526700407
0.2008839365972297 0.5099483316833454
0.15497846257083336 0.90276647399739
0.37649101578162314 0.8248044429912018
0.44361798056445456 0.5028615012261849
0.27913309333950076 0.009620255536862299
0.48273881061830326 0.6420844919448168
0.3894746940206345 0.3358520094412515
0.4719466289241224 0.9556366248374926
0.2904481846506556 0.8120094744460312
0.1612967109915321 0.8142395741165628
0.37337871887841634 0.6944163459242318
0.21509247177571478 0.5343972153725639
0.3733187179249067 0.8408288379707027
0.7930919839992161 0.9814579404277484
0.7172646536055939 0.39571271352399917
0.0012529369575982052 0.49226536464899484
0.5761559152099974 0.054767773948816045
0.036997454729685186 0.6936003796256301
0.2000319336137909 0.9463280660740059
0.30808030651245344 0.9732803922926913
0.5854505622521926 0.9885547549577818
0.5394950924952073 0.07269687744511022
0.775246783205949 0.433878484173593
0.8994548389227004 0.5127353900797892
0.12293757795665072 0.19593601763702162
0.4733351171968351 0.3394368412247484
0.6675559932343712 0.46928603633822363
0.9935688967989862 0.9814227218793931
0.3594227182265439 0.09847726060287643
0.5938343256948011 0.848021092577557
0.2533412213816588 0.13058166821764527
0.4974783126176442 0.6651941385639972
0.9429285306019605 0.9940942606508423
0.9729696118726963 0.4457820120524074
0.44827022554306584 0.7871401582971326
0.5932775268515497 0.42124234817147954
0.48881514502530654 0.22921870829325375
0.8214234326693359 0.22397791052277927
0.5744014594152403 0.933253435541995
0.21105409779092887 0.10250994655469292
0.629532592471149 0.7885056121093067
0.058736962798550674 0.9761680335904245
0.9294980756914281 0.4099485432696611
0.17377970599441273 0.6916319155031908
0.9716605869445055 0.8059883866910234
0.5417275190674523 0.9305743109935797
0.531207624407076 0.6439565670612639
0.04929311110586354 0.8358182715759485
0.5578921869140387 0.7515880556184406
0.11132637699302128 0.5728362796590403
0.758763782408554 0.7827385055232358
0.99453175929417 0.7240827522546501
0.6816176218614515 0.2968825426865922
0.8679932253514416 0.6255652104313438
0.8648662301255805 0.8544746773823203
0.12716822175785603 0.49822398109537125
0.15176440944089542 0.1140426839832408
0.33586352292105925 0.5011038596677952
0.5803950935764547 0.3319237107797328
0.20980757395583371 0.6389654380724835
0.3555500414791094 0.11184073287425556
0.42578508500977696 0.7938980619970968
0.2846160305337787 0.7290574474775575
0.6819020971718212 0.018660103097903336
0.71680361017926 0.8626381022543008
0.35739997776324595 0.628886339561154
0.4635323117245479 0.10937784509601589
0.32453964304175287 0.5619666129995744
0.39751240689003986 0.22425828748308352
0.9504281447022164 0.9323137663895655
0.4290401771579684 0.6348223814580474
0.09326148385815991 0.7059026136777898
0.3402500361663521 0.4106511257689589
0.9453089701452769 0.9413765985024911
0.5215435725857194 0.5341641261162241
0.904066503370909 0.10068193165640582
0.9991419210209416 0.015255162434588354
0.26335688359037834 0.5191035731152814
0.26868467284789044 0.11981254355418536
0.4077575583488572 0.24274165652948765
0.3570248687531723 0.7409636316259361
0.36658747048169427 0.0908802161772102
0.2228463939668588 0.7319214986114179
0.03778621742129984 0.9813653487385046
0.07645653600141022 0.840601008163816
0.12737026049043765 0.2690226204112347
0.4500830101696943 0.7387107297892437
0.8667526685886661 0.09030887396254883
0.8822313953499823 0.5218158243637859
0.8680643383612221 0.48180669781100127
0.8931354427798045 0.9719067319956199
0.05671616000573165 0.34583463897244016
0.5230592433028495 0.820296432852123
0.48079316451942256 0.1733593315091173
0.0811870316846045 0.22620978377318934
0.9384732497145409 0.8025610953096386
0.910062516678838 0.6952156252705123
0.7875148622498337 0.39081739372000357
0.9090165574856007 0.7016929190071531
0.004959132072762773 0.20853317388212023
0.27974874781320813 0.3508105569291837
0.5505440233659545 0.8251613601451522
0.4582041685754784 0.5180393024859267
0.3539290706855105 0.7509202709689778
0.479114388367502 0.0380042672807418
0.7936815350493563 0.6221292863784295
0.08304707810613199 0.6795243085000461
0.3650756749729276 0.5737479330136399
0.7205362352749037 0.8399747917890042
0.34410863624065546 0.5296176457312501
0.23384079685093617 0.11964841167499873
0.6467385658938333 0.759069480717859
0.4041065470620204 0.19557837113193344
0.7552010729621962 0.19797529320416007
0.7401823571432636 0.7043271817728674
0.5373625777396598 0.7129837868715896
0.8550685385597337 0.16453295447865168
0.020420373067253084 0.6995967048473685
0.5269518824904156 0.322544856736907
0.6968606615393664 0.14790545588148685
0.07400796226442152 0.6882680333930471
0.7384375957057941 0.5842207497861857
0.9856284737572305 0.44337716731575727
0.5730378232540764 0.1024939249069492
0.8474574420104555 0.35034748739169974
0.6396465238475494 0.03634128571493722
0.4735969527830547 0.7682904612361141
0.7782325677759266 0.6906471608717318
0.8165696024914025 0.39037120203715314
0.6342221543413304 0.9511359468940215
0.664101397073434 0.8576226586995316
0.6613315039070428 0.5209668085361809
0.35151526541006484 0.9752620735390346
0.791880865255474 0.9953190801775526
0.7195021777935661 0.860152692291408
0.6103140805220268 0.9781006799649519
0.32926313577439403 0.9818444364155319
0.9134985247602894 0.9693252949638049
0.5104921739345525 0.724664626179499
0.8704831612439372 0.8073689711886849
0.1623967797328395 0.7946203717255382
0.6047426605270632 0.03722993277318987
0.3539288525277444 0.522412489291821
0.9135379682528927 0.6940803869671437
0.6766258762597108 0.8726498057641012
0.011875155070175558 0.640812423157078
0.9919384465717709 0.759392471836707
0.6426454676357265 0.7789444625947429
0.6846471790056627 0.0894411324029708
0.6298816232597853 0.16416910731368262
0.7849480190272875 0.8073283633926833
0.9686666896429224 0.3009863605135189
0.35401205886517684 0.09975805290204465
0.8430834978473817 0.665281592971865
0.3413023523491925 0.8322765019513191
0.5426939296013878 0.8093702891134367
0.7166565627650457 0.23724944832989203
0.10838949332172398 0.24094685684062578
0.05612134015263981 0.8497568944516816
0.6800553302998761 0.6355379481449583
0.91775028553103 0.6968079858697357
0.9413423770799165 0.8414754934612727
0.2820544256018229 0.7853161597913565
0.7609429629589658 0.5670681257720247
0.0515204448221086 0.0055642965008141365
0.11511745746081936 0.6015642597048019
0.10458832191140544 0.669429126216023
0.6428207213378964 0.9146637250305036
0.6817071952191724 0.03642225396815102
0.7326288740877366 0.0037491572892903724
0.9445639858548649 0.3456448905347339
0.8697682280465536 0.4136724713801293
0.3943066236116475 0.06804240859748956
0.08190018202396743 0.44084535902203137
0.460559668265494 0.3208836718739896
0.7139170154608387 0.6515476014667257
0.9802574992217971 0.6451791431213237
0.43485526303409905 0.9937801689871437
0.47379558774123054 0.6367911242345278
0.3341352324637812 0.9626547773321583
0.09572827256425687 0.2432782240931728
0.19968589899243283 0.49122540433977335
0.8882170142861588 0.8910556135494684
0.5871172213670136 0.9818312803196484
0.49766019551487495 0.9912408301460912
0.08695227169942155 0.16743511325613936
0.8284118231899134 0.7875954736850252
0.2760340299704549 0.2981040641880204
0.20222330265556954 0.9562602761871462
0.19957270179576836 0.48469545628479416
0.46801871728196154 0.8445219482480997
0.8719012850712066 0.899972773836581
0.16384099940940755 0.7446378053564954
0.20685861536358252 0.9367922707675795
0.2712824237311561 0.13878428874958448
0.9928204849289273 0.3536636758548486
0.32243994497855233 0.42248364549105866
0.012751296773400811 0.8999032722355207
0.6204121305827577 0.21640324497891494
0.1762502040539159 0.9057614343132797
0.11658111716031361 0.010209515656898316
0.5784166473344712 0.847320613613812
0.05139944685157849 0.5471992765776642
0.7294633050780726 0.9516242086226324
0.8101285905917586 0.05471887634785044
0.8093538154031101 0.4944103463592068
0.5709519650989312 0.15292144599623936
0.6933464201069669 0.5609889845263724
0.23011216136727353 0.03320128027787794
0.6671745210035577 0.6902149588493821
0.7771988667742277 0.2876836272952764
0.20469789317073295 0.0021728907252422935
0.7634399099952809 0.5924369012978459
0.9162089182644025 0.12210518597029829
0.756824880216909 0.2996139686240523
0.7921806473376953 0.45627703221879035
0.7101173944320477 0.8775175313089686
0.16509430463493824 0.14988745148564397
0.9812883535967173 0.052624131078801595
0.39108598184393084 0.3627990473483965
0.34062915537685445 0.45389042817743186
0.11350321308851796 0.3357730104745137
0.6747805051966326 0.5372041598168688
0.11206466594512299 0.08806056944930252
0.255139233017043 0.5766311480602465
0.16416656297791887 0.4866152949824405
0.376581292941517 0.5491497261964224
0.04898171482352265 0.8578558522502475
0.8921667871891444 0.8108514992776787
0.8103488602352013 0.27482147801786727
0.6704685855971814 0.5651277234775319
0.6610506405616692 0.14572794109389453
0.2843929315487397 0.2571491907265666
0.4589310257235234 0.7543446472804686
0.30383703866781253 0.1939862619503372
0.5144040627045825 0.958278388346327
0.409255343101829 0.8860051704088387
0.5992574922561096 0.338162819820246
0.1691823068846121 0.8327158134359128
0.4182564192680164 0.7089170515309917
0.7319865565246895 0.7350348470899333
0.4779037078833791 0.05365088354000325
0.8706075402059686 0.4059673796622062
0.24081526783371432 0.6214579055001448
0.7887524822732537 0.9729997196526549
0.6895202761814991 0.1422521065220571
0.8480079814865297 0.31803397997523075
0.9400973720746721 0.8549676083448513
0.9075471994700195 0.08448548050129878
0.3439100574078834 0.31985497971682386
0.2815900390407886 0.9962018618791192
0.5948057429763837 0.7912722978711794
0.4145003763050108 0.6791528121077749
0.7194943345970314 0.2642819669189138
0.24938103223816355 0.654377573403024
0.4704241802743625 0.17652985753253936
0.9232534806975062 0.6794672038248812
0.5633245249244226 0.1462963224491436
0.8603860951138929 0.15589705491931127
0.4056850735919826 0.058272927480132464
0.5550612457137668 0.8908141347183309
0.44779535414734306 0.2705332449942952
0.3360480561531126 0.10442335879761111
0.05456719506344532 0.7093295494441723
0.18727424701367246 0.20790550995842572
0.8442162501218422 0.142761550374773
0.2626669654969572 0.5418386404291109
0.7689793993881096 0.9800275779246101
0.07785927288833772 0.9613841510083974
0.8233964783239284 0.5298821987472122
0.4874352739925626 0.8820374089852664
0.15728670233067021 0.7700888746861014
0.4636135006238091 0.15853210049043953
0.5434011255514841 0.3290698515616113
0.38074501496084656 0.9595265696866034
0.6038348696802598 0.5616197990155504
0.9797286754651736 0.6219891768880021
0.9346334174821092 0.3124637863294596
0.4374231942696237 0.32173916398940383
0.2846297418137982 0.20460406289103694
0.9983617455004385 0.2803882030670445
0.24240005158028022 0.06381435197301433
0.4395516129260586 0.1439673767188484
0.4643276270423423 0.3963043666629159
0.2338680220786401 0.11481269557430596
0.3371158133399935 0.6734912406581328
0.6535275140405281 0.3958218134139586
0.10969298143517947 0.5459788769453087
0.21235329672980063 0.5149838782795473
0.9523033750453204 0.008259855738362964
0.7840210921113847 0.13812259456116882
0.10467968594867338 0.9663190442751672
0.4532008724424822 0.0490827849680785
0.26054492501465065 0.6222319548551503
0.6574862788344306 0.07912896450806561
0.6022919522900947 0.5830146508737759
0.4602301414322315 0.9011138003604655
0.44754166807208606 0.6253968254701207
0.8578810296511097 0.769013520527671
0.2983813993114406 0.603852697826579
0.8701425853002795 0.47971609706972707
0.19443742052866342 0.07613944754578261
0.7872532793700703 0.061487350042873756
0.6625363984187009 0.8387562529841983
0.35591179246288673 0.9523290423014322
0.2285627501988038 0.7141514908686721
0.873848858131328 0.721482203833126
0.411219924317773 0.6121693995139522
0.13277343580592216 0.7086177859378495
0.3527555941620242 0.10014183269928367
0.9003977074110353 0.30779613479404233
0.7583121064400288 0.4591946522738992
0.1644716340817134 0.0070654092853632555
0.6134149612574983 0.47875242089106984
0.6752345308738982 0.7096086928191148
0.22821408244718566 0.04688909369742622
0.41741794547656175 0.3086378535768889
0.5174436743732481 0.9310862799215602
0.5189101229136941 0.965772112824761
0.06666873076029545 0.012125439898212464
0.7604192604037662 0.05142774673818051
0.45823661795651893 0.6332531795040783
0.288949681052288 0.24578448963037325
0.5344553827014031 0.6574242812330088
0.3576305364767446 0.8701836380824076
0.7608704979611847 0.2873399494876222
0.9154144716974723 0.12135142886864592
0.6191139943351414 0.6961637750872881
0.6523892760164491 0.5146306327820236
0.006651721219766982 0.04121122148370837
0.6699227754504113 0.5074423241000463
0.9498554241133969 0.48857307237411063
0.2895872643645684 0.970488734616625
0.5471782896972073 0.4635469774307164
0.6407866826286992 0.9017473991294157
0.9508141830294049 0.4599155543455822
0.57423629799336 0.5370953582324042
0.36807210054713635 0.3905231996245945
0.1369207918556783 0.8014420754804972
0.5177993720618335 0.6422684368787325
0.31388400927947324 0.8655379245311225
0.7125379721108752 0.7105418608654333
0.9931791961175102 0.42616457305838185
0.7537008069145652 0.5313047070764824
0.14253604754602855 0.21120303767710769
0.12490554091075301 0.4034163778854122
0.999776861292716 0.12611313259231427
0.5477057989635769 0.6994837481798506
0.6737407902955383 0.4046484777151692
0.8243103572285551 0.40041901257678825
0.9284518635120601 0.10416919257194257
0.033483510460239674 0.8570569529081961
0.08049297089780494 0.29470405280252066
0.5686703317712677 0.08159629203136531
0.87802440408898 0.33095272300493994
0.21149271798088964 0.30229449495913163
0.9496123743036405 0.6677078356202436
0.41911386846551435 0.47675865623863145
0.9120092099394691 0.7817157581364395
0.2705693433784444 0.9523396109389687
0.5082538603886738 0.8967837758133186
0.06501597744388055 0.4865507844336149
0.21093736489148496 0.3739807849436251
0.3939500407113341 0.3960963910919756
0.5702050676637636 0.8250672502776619
0.6197984126918774 0.6900087567875798
0.2120437551196941 0.23482982838024535
0.08488810154797477 0.6605577812765975
0.7996278557906079 0.6367844015821608
0.047650314683258754 0.5550101373541653
0.4589767030968497 0.17675085293148862
0.2970179149679867 0.631979518885437
0.13989992159545794 0.7200919083005332
0.6313254844288275 0.11802351494369634
0.13418566782380947 0.5109472543987612
0.9046240732950331 0.3233067126077259
0.5052126842724254 0.7755831642008744
0.14117262770541272 0.44956358038769273
0.49664335476149 0.5770173371462912
0.2979717100597701 0.4292589749956015
0.08258192662335695 0.6743672194950746
0.6155545841314463 0.47175791178785365
0.6975587465261159 0.6179094240692262
0.1388539451609443 0.8604805122591116
0.8419271017612524 0.8196267963720953
0.9128132002307868 0.9444319857957987
0.6967370028902896 0.879059084733216
0.5615130162725505 0.19816153473668086
0.1018757846736158 0.015561426543483026
0.4449357195901865 0.686118415154491
0.25224251018323984 0.060614955959597205
0.35409105342147196 0.26053693798054545
0.2489495878546517 0.09762217948730434
0.753079088481728 0.34639675918426904
0.20602157252515996 0.5016589474021713
0.905766993827127 0.22266874456375685
0.9577875659172784 0.8279442302845538
0.8351084747387222 0.2959702129182149
0.5381406301082218 0.7253275224565328
0.9547357652909014 0.9809185769232294
0.5100634358444505 0.8098832365453191
0.38530612258491126 0.45088518629366225
0.9122966683225286 0.22373992900432482
0.4221859148519218 0.7035161372553713
0.059752973066890314 0.4255620489902394
0.35640701256882135 0.09730045908418072
0.6852556060820477 0.6116399734758328
0.867432176075401 0.7586303000549
0.9424078131691723 0.05033409026298674
0.5041171587304658 0.03321170691200093
0.6028753942040095 0.5276573095908379
0.34935893562327225 0.4613487858627995
0.3760915947281668 0.04806918893183032
0.8242714368353381 0.5935378828595447
0.6553696345485562 0.9120946638977895
0.7293310701216001 0.33097282064834765
0.15163532128629686 0.30116862793910704
0.04278650013141294 0.37497576411008104
0.8144683390134183 0.540147185538057
0.7007282406343582 0.8000330399638125
0.15986748308284549 0.279215395622333
0.5685655200019023 0.7270286340461157
0.6251317955525939 0.9394601411896395
0.08025909340631765 0.5664326623171336
0.8534757494905414 0.9001659887838477
0.5695107773560615 0.32561571470933637
0.8744739293458104 0.07093123947464686
0.14621132752476507 0.03012457088080167
0.9911560931556236 0.6879897484821444
0.08180047705234406 0.395668312600142
0.8105514466627097 0.40166388774131345
0.05879420482266817 0.5057282013223788
0.26170595562293997 0.9806625921118407
0.3125858782514258 0.39911900214793494
0.6336748738770561 0.24897761335079505
0.6477295297282292 0.1524926290057148
0.6357172930925379 0.19242057855305683
0.5462651651474602 0.25469029411794286
0.23289789093361246 0.524381617103384
0.10224735400848017 0.8130121780313958
0.5425261642433631 0.38418029661702846
0.3144901733268276 0.40588864389917156
0.3903410493712459 0.25641827953025953
0.34864287369611624 0.2021005653858695
0.22007475092459317 0.6460318637460085
0.7400623887521599 0.3036104183026097
0.926006311457812 0.5212823865197319
0.1505504378710918 0.13723022304274868
0.8353423767926724 0.04571084719145002
0.21487413345522788 0.11976593658460799
0.5057384632874715 0.6601224405186819
0.21709115893792075 0.7519425654165794
0.22300148174979895 0.14695573654413252
0.822051615706792 0.7583277200368121
0.0849898458465741 0.9119304421763433
0.8540504389509745 0.8836358524631547
0.33995509491018927 0.3516564826280997
0.16245590030803603 0.4802094011337039
0.21104453885514618 0.8409262777031316
0.9432412534282082 0.07713672130046345
0.7834117714004541 0.5697012904256168
0.4956977987688508 0.7083814787331891
0.6563581359163148 0.1873429552506337
0.28520996169102464 0.8954615672577813
0.9701544239616988 0.9704269202746927
0.35582347262506575 0.829629990341679
0.10566968536495913 0.020518967146495704
0.590440582028256 0.47917425700892236
0.8246592456276808 0.819579647753474
0.051826488889574196 0.05936468281987484
0.8695417937868901 0.3232041181478711
0.6542138015330705 0.5457462131361291
0.07372107249025395 0.6556924866703422
0.7131428452179688 0.6858825662761874
0.8469850568179175 0.38598488048032553
0.5002770984950393 0.27032510691146017
0.49524115185843054 0.3097852220769952
0.7902852327748547 0.2604934697769036
0.2098234623946158 0.6407356381776069
0.5284820311293368 0.7393186680287278
0.7188339702960957 0.5222935506273377
0.17077254029139777 0.5499135208729352
0.5314565659877005 0.8120020975560119
0.9515452120863361 0.9181995425990448
0.42590903978948147 0.16113330150475713
0.3205112323787205 0.3173330409123929
0.3326749563299548 0.5152231443823713
0.0560890001718356 0.3249377155936106
0.046883991055628904 0.2948062662086074
0.11078438952087 0.24856486009520473
0.2671852358527128 0.6806971190955805
0.07311818285201532 0.850466391793892
0.3031855353446188 0.6244537966869915
0.24100515457067795 0.5896797156023786
0.41950062456090564 0.4321992451261152
0.6930890013483261 0.41758820161012
0.1916938465346778 0.02876437973170265
0.4173904551286214 0.31253434187535445
0.4378536425286771 0.2991558911008142
0.5107266503353798 0.41972714154051594
0.25928749856764277 0.22564138437531334
0.6977113368460758 0.8745992516541726
0.4747869722949922 0.891282543538401
0.9347477009045889 0.13093340620481397
0.2651443684628614 0.8045374807789183
0.6622763805300937 0.8894918690039701
0.15807878497789285 0.4145910292619953
0.34764340744327316 0.5285465291750735
0.5784553791866905 0.13336168148136118
0.32130408360568585 0.27462146904614515
0.06465871334321094 0.6576729758927935
0.5506803396413977 0.21992372876702482
0.9092069471010867 0.8938654215420627
0.9188408352749301 0.6923523232311821
0.4201710164167122 0.3271652061133643
0.7792745908483057 0.4146392857968787
0.2196887027946448 0.24941391902092447
0.0433803733794661 0.35109099077941697
0.9968407537970344 0.8613034952711912
0.8238957283201281 0.13356149928955274
0.9143822829643553 0.8990489715571057
0.7053412703493139 0.48270440099589296
0.43229947700548776 0.10047106601374389
0.041656863240102315 0.09621318870427586
0.6558880229217567 0.5217496316558214
0.2915586119160569 0.06267443611758927
0.44202671051549947 0.4436478993484222
0.2937467899856455 0.9778222216083005
0.40454531013884976 0.3647967450816073
0.5569459465867496 0.5893959350706552
0.6480634392251257 0.3696671240599445
0.09386102700983101 0.977468281233842
0.5294030186255179 0.9801478173189417
0.06348394522807199 0.9890236713337386
0.9966535844427701 0.45218491405581407
0.5027871947210536 0.8887318834623983
0.08819646255665503 0.3627283638620221
0.7266921393297366 0.9622752327356218
0.9874702588442388 0.24726992460443475
0.5543018682023336 0.11425240156395089
0.6239867450483612 0.9945460826347177
0.37973946949150994 0.33959539363615887
0.18708256640443244 0.6825185852778023
0.2475343327034668 0.31560063884862555
0.07611912676592159 0.5485339074449466
0.5153506609033689 0.26108885516466085
0.7493193428810339 0.8266026307406293
0.3909541785817954 0.6398729832297937
0.6531563275158343 0.25602837763204933
0.6156639263951548 0.24762701101994855
0.9151862659551662 0.16815489662518857
0.83313848399977 0.7144126913067735
0.7654433631528575 0.19178955417475818
0.7301967083514398 0.47953554745099525
0.7149923506267686 0.7828997690843119
0.8654751122731462 0.8510650602946318
0.3649597638991193 0.9804686417468522
0.2120755784661601 0.8492686615822489
0.3453421472109546 0.017934605834471817
0.8319582819599189 0.1513724600923363
0.2901158881649678 0.6784295693398421
0.7726866564554413 0.604476460833395
0.9436499034022623 0.5720681671040981
0.2312326907146779 0.45411551443018505
0.46314903640757343 0.8348309497100922
0.26490237613052636 0.6478715883679723
0.732832104610607 0.10112241155195678
0.8460423882513906 0.3166069025766607
0.037776235579155104 0.9858743945982436
0.8550415187427779 0.8103015702653767
0.7588342144515915 0.7271041351549999
0.6852406719887152 0.4711436011590584
0.8447593912502601 0.08612571773705402
0.4937182004416333 0.6634327281849883
0.6936484393769164 0.08015218973232352
0.773517401886527 0.44802425364487475
0.7330393426838425 0.6308150994530672
0.8457363239755512 0.6884524288884406
0.4264781977665162 0.7521670794796088
0.07399961316698678 0.3065376882039802
0.6540950767391153 0.4730223797997758
0.0891856508634058 0.8671954771358636
0.41570599080829096 0.2910287690382316
0.07888211400148137 0.6653288468154691
0.5871841664943441 0.5896540979200767
0.24389589240765797 0.012101088045991526
0.02432070566434852 0.11430918109844723
0.8532440884177933 0.47354839220836986
0.6531210108425226 0.3001180645960714
0.9394048342157295 0.40140681913067366
0.3114605341595681 0.971385671546256
0.56720789231993 0.21419229275301221
0.014248695079936091 0.6916020484311065
0.7825969149526504 0.5359853243989751
0.0027280813837783358 0.8328613566563253
0.8015964279534217 0.48103765934281484
0.4082610710932981 0.25486269789823546
0.7351685049594039 0.08423069072101208
0.6119334674637558 0.33619924344224705
0.16224538156606216 0.12058082890948496
0.4135311677381094 0.9844309891273514
0.16107605959087934 0.3314000623845206
0.9369220043469145 0.16647552357644624
0.9881263743207772 0.380384423096811
0.7936022245401169 0.44714032911575474
0.4541234450619237 0.6998174406941697
0.4021426755359877 0.0011590937497277798
0.18843746767278702 0.7552390414599116
0.51849752636775 0.5728837904989191
0.40584463400714055 0.1563451037762993
0.9706134418230269 0.8978230577635492
0.49381721482877816 0.4725463698691872
0.31050532475683146 0.1715065852144777
0.723838120696993 0.5735298091105756
0.5979397872265338 0.25369459522217075
0.656838453631092 0.8083296689596422
0.8120951799976303 0.42973988811774433
0.36070918606063584 0.3608291121925338
0.4510429081596642 0.7159495705159623
0.3869381293421926 0.6752778645112778
0.7236218234010404 0.8920826021695305
0.5637764593155773 0.9323249116944391
0.3642534310420912 0.6716578571810846
0.054939484233454405 0.17422977829593111
0.5084729260080192 0.6795370793970249
0.8056986306831164 0.8273297258917877
0.2554271135375361 0.19628589288785447
0.45232267148553007 0.05050429659316513
0.5133169253131283 0.9501049794665632
0.006178112166944527 0.5502925797548811
0.4747389883242582 0.5896626860121736
0.14040024206305113 0.24648320117510159
0.6011072143099288 0.8549497941591162
0.7048974189174683 0.4464101490338259
0.3088116520718701 0.8783152600511067
0.1745536291261477 0.991852556820348
0.6444989263854587 0.49413206312513125
0.09584476268543984 0.17934998858232987
0.11283455341254589 0.9130801368165982
0.238686892377021 0.12290910448542802
0.47733456821747877 0.6258235037357525
0.08318509927402906 0.6274916924143203
0.7933300645363698 0.9408968670201571
0.47505409277321864 0.5723378298653514
0.1518547863557821 0.13290659449711284
0.7688327415133129 0.26509240295682557
0.6142229443297367 0.7796899782145003
0.5446162992355241 0.22086695530605382
0.5992903780802185 0.5008653952604698
0.03188201063431462 0.3447828969727532
0.548869104346422 0.9752455349694968
0.7030847840466248 0.5522066216578908
0.041492003580085424 0.8108744044651998
0.1100519109066983 0.44780038994552485
0.6507002631784882 0.568988584390858
0.9278064160190505 0.8026775750881436
0.7512537622016007 0.0019912291968404716
0.3433013376701547 0.2183646067741679
0.16514034836258396 0.35556773401297914
0.38064759206171106 0.5469359689795263
0.008986709828496031 0.4063595628233926
0.4897708110741643 0.3486029699981795
0.3554504325544776 0.7591530979214742
0.7420329918950064 0.9112006331855559
0.35339890482554226 0.8113286408728421
0.27420729781023767 0.13043149065366566
0.2651578470405447 0.7073538655873914
0.20129535498280404 0.8553890176273229
0.47383797765365976 0.5523955432552445
0.07902803119493118 0.14079736944226517
0.8897261624615023 0.13166176652155204
0.1384925122771966 0.215568184854265
0.341952476310296 0.3908764166347827
0.9381797652278708 0.876689736852167
0.480122223709495 0.9733266628792604
0.7828480283065256 0.44812678288200025
0.4303284520903021 0.18021291799991712
0.2439498274684968 0.40632472617724635
0.9509361614640223 0.8235704909697615
0.3829714403334229 0.267074678403626
0.11575730685299213 0.5748203034143263
0.8268848773645383 0.35291100259982455
0.6157110665167128 0.5770459402628888
0.6740148598952916 0.6158761295334764
0.6147912098284244 0.2853830681159848
0.31897399564625417 0.7774022626580407
0.7221384058126288 0.7274458151757941
0.6769215285732041 0.6652229919152288
0.04924244042471537 0.634504822717398
0.9602521082769956 0.7766426111965067
0.5097752628610758 0.1841696842990418
0.11492310075221934 0.7781540683213524
0.48928280860723217 0.4166182148167934
0.25898005019916115 0.8633115163857468
0.762939921027857 0.7389538890048284
0.9824416550010324 0.6339268944101109
0.07179930814579971 0.3160615286192223
0.16555754803758094 0.4440740487434154
0.08144189471369079 0.5613711212158362
0.051552722546217566 0.952048257031629
0.5416626385885053 0.3872278389325984
0.670325464252306 0.9623430525887333
0.34180263635808494 0.3521059477512908
0.35116565484394313 0.5078696557928482
0.813564237168177 0.3506934042916906
0.9854133062313551 0.5220595593601628
0.07162327014254666 0.032912379270018666
0.9040774920645517 0.3811538180083647
0.4020786129623113 0.7092310638163878
0.7207884843764275 0.058897159905186514
0.7097555430795204 0.10215988357881689
0.2570566023388162 0.6290189471335551
0.817607049195619 0.937615464118284
0.7146634195296818 0.37529724866923997
0.9749322027998986 0.03487405308464153
0.5891123355376561 0.8246662709145981
0.27585883270661493 0.2501255902892585
0.4284168869370406 0.6057409835525331
0.8155131342865313 0.3561780653886053
0.4331071178963132 0.15329796423256803
0.31852624783077443 0.6996518072657103
0.06618568964554183 0.928664211260137
0.6630035170206423 0.26704134796596635
0.29586683637400124 0.0066308564140185045
0.1928098588001318 0.6123126695352831
0.8292831006842601 0.5914219097192258
0.9620000442159345 0.9512415337760354
0.7119462147315123 0.2674128862265214
0.08745002733919827 0.611488698029161
0.9656000402664483 0.5647079727057607
0.19922184558690437 0.9424462007025697
0.5162050972730151 0.7253480794100287
0.572920988391401 0.7351784343208339
0.524145628528099 0.39283704471669456
0.9042819094569848 0.18032026560174352
0.37035211126653556 0.3158364829713013
0.8434438702401752 0.4005840082273162
0.9748829831830297 0.05629420887824366
0.3448556531036219 0.6345658015297451
0.8286117804515427 0.1229353898858151
0.6084747807932336 0.21983144697733248
0.10401670144401343 0.9129591390687569
0.8889026085092546 0.6257999030579305
0.4776714935929063 0.3379479084547802
0.7313242196342764 0.9207329247895485
0.8448883500754749 0.034410720212405876
0.25659759674382177 0.22217739059932828
0.9360644526437151 0.6150452770169068
0.9625640642705365 0.876496471598006
0.954636037848827 0.5037185765588723
0.13462764872040978 0.3406644480409984
0.7481449523221547 0.5153290304166198
0.36587847213680846 0.998289825677779
0.6967743719142239 0.49112760876280226
0.8755109188897942 0.4318691575915963
0.457812123115518 0.9807395157859021
0.2840148499268076 0.9945645375038746
0.9398511331301262 0.1740417933136923
0.2545937527579414 0.8773355849321913
0.39713860127525313 0.029216647974631305
0.9424911498561244 0.2510464806051772
0.3323368303034252 0.8177137549119057
0.5073823261555769 0.4782074903383955
0.9750600566504475 0.11251964805575054
0.03871581579097094 0.8352992716272282
0.4639034609309386 0.5830458363502635
0.1198648904840166 0.664167864376439
0.5012821238800396 0.8281113050628487
0.9141764674836323 0.3797664945953191
0.17324863094444576 0.8779095266741987
0.09448104931694712 0.3015605352045998
0.8305608242533482 0.926513824761458
0.15735384701449595 0.8471994178562073
0.4126212790936885 0.31838909883978395
0.6643943017480299 0.2296003664575913
0.36251283749469754 0.8055419769749973
0.7350169443182163 0.4323759273265768
0.3292055086467913 0.6163557141455952
0.6787240021925314 0.903577823358736
0.18211167352882296 0.9328197633510592
0.9995558631467949 0.10401758059339006
0.4735183324582748 0.9597785226605582
0.13139300928575615 0.773964627203207
0.3760262748461918 0.8879873825219995
0.17000844120467606 0.5408102596250953
0.29497807995327385 0.702178711449931
0.5562474343568088 0.2803263578135503
0.8099580473708577 0.9660040216415283
0.13443696974180408 0.4654354085952217
0.3347991305171035 0.42763288826054136
0.26110445664665527 0.5889486570555442
0.9021327684935984 0.5329533481088087
0.67131137651703 0.630517550644162
0.7763700273125892 0.7077320728423969
0.6233846977053948 0.45308279615806457
0.17810340742585584 0.5757575210344078
0.4375547629323947 0.9603947348045505
0.26327024113353137 0.11690240789630602
0.9199853531057157 0.8247173865848766
0.6420204182959403 0.1372063503904447
0.3209081435384201 0.6026178527851953
0.14508270537194812 0.322494077891462
0.41405019392783093 0.09678194504796223
0.24952529527385603 0.5777073712452163
0.004269898731320443 0.8930852756732951
0.5611578908963638 0.3160444508850826
0.671292926725513 0.10468917436668934
0.0174242705211749 0.8551635727833553
0.8396669155021361 0.4887189514155774
0.022485774508988587 0.10212180492818845
0.3285297785593637 0.26612149939907626
0.5552976685808366 0.26438475067747624
0.37951303881741405 0.17158831628053972
0.40183196896795403 0.4111558106518022
0.7870782204900325 0.4879687868046857
0.05420182035504062 0.3274388425327541
0.16281154772111284 0.0783881686130109
0.49229427138490334 0.25266124337636164
0.5536772118297792 0.719323018833399
0.017619415364558688 0.776349326729101
0.6039577928274193 0.3591767910279897
0.5444359650393272 0.37526086537063286
0.20158591579799834 0.27943641031534894
0.26981460684176684 0.8195452157457365
0.08179786737854722 0.5192806407183311
0.4421518557484604 0.9499138696465261
0.17451690217845306 0.33954919353167934
0.026749217737301767 0.13346967213875727
0.5766002308481665 0.9482716332529162
0.427423564098646 0.042756250599196854
0.9060600202140315 0.18749309075483223
0.06471620573044934 0.2707535472884992
0.45259601570350505 0.3899237046183256
0.5341202707438201 0.6939591874050307
0.9772531137989693 0.15397728773389696
0.27184662356446043 0.4263600871541362
0.23374437751322275 0.35705426709872035
0.14100107099857273 0.6690116788270212
0.28495624649208673 0.32946229461437193
0.11764644886373876 0.7531073063179864
0.4703793268192592 0.7451575641219143
0.3040751880855036 0.19883383571510982
0.4436850645186031 0.4505289173498064
0.8257193185884216 0.6679735965541336
0.04439408258478983 0.14873541300647197
0.7784764322323279 0.2751269580922838
0.8935602260543972 0.5846477484464149
0.28483177325129394 0.8405938386136368
0.5106192142731344 0.6342322438802707
0.8900080879232221 0.3173666764541334
0.4370285175096945 0.4922560052173589
0.983476710776432 0.8053511885801654
0.32205108175633457 0.9734801546733558
0.6665142961249022 0.27784542573369475
0.17701233923689164 0.7950476235766889
0.5030919904006431 0.3884717106307828
0.03658637072166426 0.5915607190921761
0.8892345980796631 0.5011703750970875
0.07914363586491513 0.3293830555700328
0.35508973003490574 0.3915273926341666
0.8529194190393047 0.7329892451262868
0.9742974020120644 0.9046234172979005
0.6307384991994084 0.31372485003537465
0.19685318533281038 0.22275433644137832
0.07325828822164138 0.6001283476544759
0.8445089871874295 0.29578894587506266
0.31916889887075284 0.20900557634971972
0.7118569401477233 0.4175919945775961
0.34051598486477097 0.46773659975662774
0.20159417174729355 0.8938561952855061
0.9022874035907705 0.40083374597189747
0.6890669613495443 0.2398499099137974
0.7476329575660285 0.027558612208218425
0.8590448489780311 0.37100187970693954
0.6935615195634667 0.08244486543200202
0.08677677667400385 0.8049080907971254
0.1666873412633496 0.46686314767936354
0.04573267489999289 0.9802599577561036
0.33457381438446354 0.9673028656957896
0.11603578468298847 0.41635745586718664
0.3954488733246012 0.0348349411124792
0.8404422086909319 0.5862841918025992
0.7775438196751329 0.7102590192027922
0.6288261864768349 0.057486309673655644
0.9690329309809527 0.10072692965802443
0.1474806919734989 0.6654102322661137
0.4505283501726578 0.16617408869536465
0.3461447494027615 0.22901935037766297
0.7343111583248071 0.9576789585231575
0.8735207014253614 0.5914230073358469
0.8279561505656441 0.8649100815299466
0.7111454230137984 0.5745154016203402
0.5347342905507548 0.8761092563308417
0.21583206190740423 0.7734363645667944
0.8791533513343174 0.33159803159059154
0.40249948690896165 0.9848299153555808
0.6032241577501302 0.16058485810294099
0.22205906830405053 0.4622901859981502
0.11751586095176625 0.13108765350481932
0.7931290495433584 0.12304892201813045
0.5107906622021502 0.2140773663223915
0.03169939582057868 0.29187243733854507
0.2229849745395901 0.7654856563602973
0.8894703913744522 0.5613002289549046
0.7685300781728647 0.863510116429276
0.4594409629983133 0.8717712760058337
0.46048255730241006 0.8036884945671783
0.5364233663139472 0.9708483274238111
0.43066096735379467 0.45050318935995604
0.8305128962245679 0.9976643283888629
0.3669617177561538 0.8718160673931185
0.9231430046742335 0.05687938278268101
0.29625399189626633 0.4412223896381505
0.22820694195460134 0.2958507752089897
0.42972973885650434 0.3834525694989005
0.6748298221514942 0.1793821944778795
0.5573117468099621 0.5592384304614384
0.5637254977742087 0.3683329902703377
0.7286989808767478 0.13860068362671518
0.0656747172640958 0.8515318208301647
0.9908550352427258 0.6953027199635603
0.12851263087195253 0.7548535428399109
0.765222442185023 0.17025535502193212
0.13811501394242753 0.5569817477767872
0.04267159665143805 0.09794581873263819
0.5392242177967487 0.2782941077808776
0.9501699674416927 0.4675035995107344
0.7635577477556478 0.577471005994755
0.40038388274435033 0.5988049106116271
0.2354933729041383 0.5898425034620781
0.4739013795849023 0.4540562197359963
0.92972658110815 0.7721526147531544
0.9034917347425007 0.8765866325325987
0.9406478134570219 0.9803338725758446
0.530792964709304 0.35111815714526273
0.7897883192313356 0.5000492577305535
0.888046504686537 0.013571255233883028
0.745534859397608 0.7741726207679597
0.12097322112756292 0.8035031977710166
0.2584156283703437 0.12704287461918384
0.31361282451385886 0.8485646425680549
0.7256106934046125 0.8722410760577771
0.9019246071934254 0.3978998264523177
0.1899420397500341 0.8088039619932156
0.27017409624582467 0.8802043910317234
0.2514501529471648 0.2602011337750434
0.812607012911454 0.952193984790902
0.4237652819263288 0.49106730451572667
0.7126381677802575 0.7245259588269225
0.4028329572431403 0.5485954236861503
0.4427596228569822 0.7047553561274733
0.23215567330772124 0.3186599225111001
0.5205993197830595 0.3806955511635096
0.14656303571414742 0.8611538989579066
0.37003711149823093 0.7825931787004332
0.955625401386219 0.8946879197245469
0.23101288661313835 0.8088155189583064
0.18817686829546842 0.6377121824658841
0.9376367266854304 0.5772880538105898
0.8610150553840815 0.08128803964723064
0.04143873363200179 0.5737089407828404
0.657697362632151 0.16814823319709837
0.19507212044250544 0.9076057427035115
0.5074537976491632 0.28335066638275486
0.9315096977653862 0.5585894506892273
0.03958933498174255 0.923742960448923
0.9747507137941621 0.09769947114712874
0.1553492350314195 0.4066201156863931
2.8159364788926666E-4 0.002522437873667349
0.007072903788027163 0.002371758355931397
0.32701020889477794 0.3498067577679934
0.003563412826287582 0.9315785870743734
0.3671206165464852 0.36558406078670713
0.07095100430728807 0.2539327002052727
0.7862710128401902 0.040347232969733304
0.2899309701657584 0.7945201516258179
0.23378473694331536 0.7756244475189005
0.20310737050435845 0.9024177317729248
0.1909606111118769 0.818327412343048
0.5402759613992396 0.017220915406654047
0.9553551340404709 0.06054075766121658
0.8448311851494035 0.7310332215396227
0.02986617074689002 0.6349591223587817
0.5010833897956043 0.2766115766759024
0.21767388308754632 0.6199671852739872
0.9601245878705035 0.14677630387635066
0.5375714782382575 0.08339722187845466
0.540981756942851 0.8558587179693342
0.6689445174893894 0.6402873769980644
0.0441493538516895 0.6908726205495572
0.011634857337664117 0.6775035035383015
0.5561929647494116 0.6682609990668418
0.6031510472954752 0.40687603946817563
0.24696902978905066 0.8114824703306875
0.07416383648900171 0.9485425302999088
0.6651057020601794 0.29536659938909304
0.5429524350079387 0.717475739053372
0.02274271313469234 0.9650811285223843
0.8504430546024043 0.48871591124389013
0.22712866024187606 0.2307180385769111
0.8197082369695654 0.650615228500299
0.9645266345812951 0.36291980229356746
0.28727189760367866 0.32044124128626694
0.9709796873990855 0.7706307610518532
0.49829180777174564 0.19297547486753963
0.7348400948955038 0.9289732593072282
0.0836674082450084 0.22028187361786766
0.26756735223544437 0.2434115313550438
0.24434751355117057 0.4796097456785028
0.25215165528257544 0.28578078179766064
0.9565896098123552 0.8764338166016383
0.8326210346718996 0.5184232272284108
0.981647882228698 0.6509239947363303
0.5434420802364487 0.8345861185025165
0.21434483836949936 0.00867605058804799
0.3942256193557482 0.9864018313662228
0.4372071738120705 0.5803235543510087
0.9230000885198593 0.2461832579697626
0.8603234567643397 0.8296904595259333
0.11041746796591534 0.45243238016442644
0.9218075595862331 0.9764328895122184
0.40760740377808347 0.9288739117117624
0.6997285508657796 0.476657620674903
0.7719975452825126 0.6329895586369748
0.9435941474437726 0.613793996075015
0.5282690635733828 0.28994306133998293
0.17195140756210892 0.29203469945070826
0.07571808435348559 0.198449766881873
0.5023950496298101 0.6959503996575503
0.9486455453989611 0.8570588679344824
0.8812501887246972 0.08242184917189488
0.5029990606071642 0.5524804143213532
0.16242285681373547 0.6048224192743125
0.5503426163054416 0.5760030668136817
0.04838827867074025 0.7344230274630161
0.5893306739790137 0.7897130361309102
0.2510136626080509 0.5402802724244861
0.8952155764573838 0.8511382726184431
0.3558881456341686 0.8164079494576848
0.6195182206601061 0.5231063233577352
0.7810600396996187 0.8038211848478086
0.2248437063953005 0.14501829552422008
0.9095572618336893 0.045080947995715936
0.03392530766644897 0.522405296064829
0.9447939254490626 0.7302567612925595
0.4073314318585014 0.20354779663775202
0.28894230262667564 0.7457632895942827
0.08087202280469297 0.3551028972658494
0.27657609379509995 0.5213167879586393
0.4915924555284805 0.22309746534845598
0.9093676552478163 0.6852951857739157
0.5003441100909014 0.4713104977572927
0.8323479552527187 0.4850759241260506
0.7792730491732067 0.5259810988450515
0.1682148972054961 0.90646359403385
0.2741693087124857 0.4239430159183589
0.9834024736006834 0.43510928226838375
0.5744706735956483 0.5607006548088621
0.0980989544598515 0.4428621896185839
0.7278173749765695 0.16562543315774403
0.6721299633990274 0.25328325730407364
0.021404276329083705 0.29336563514258995
0.49959774101650434 0.04308968432653859
0.5189798782796589 0.6137267145515138
0.22739540046982143 0.8700879693634779
0.6901925760435605 0.30669319212097
0.7761910720163055 0.28319282134861845
0.2980858807599479 0.9249274608658853
0.0872032255487144 0.166417360349576
0.8208964675392185 0.17299475602855674
0.9440655401963817 0.6962602447393049
0.07591007595487886 0.17072738346545624
0.026305967766732996 0.5507033459232471
0.38598180413677197 0.9175560003541438
0.539440976439463 0.7980734309470496
0.5834293694654121 0.35529904005942015
0.7364130779517646 0.21531011534498545
0.38135883290190176 0.6388159957611335
0.3960756238710412 0.13772106727111644
0.15908432048743426 0.9670940643473368
0.8566561270458616 0.32609518196968856
0.006154681074881818 0.6017519293191019
0.5156053556486916 0.7520830125175734
0.9486014942669865 0.5056080667466742
0.8019663647470168 0.6490428819456082
0.6413747146567738 0.3708757245036146
0.5033738498362703 0.6530902470733264
0.4525332113949645 0.6747102529991792
0.9870213971685765 0.3678770952774496
0.7876096816135771 0.7992485584699284
0.292409714608997 0.22666673160405726
0.7066707663497154 0.18394469034693073
0.29341685196507294 0.09655910287154756
0.37194421478050754 0.9399199026802777
0.12820670977232884 0.6722599168710858
0.6304875341479567 0.3492085900723003
0.8777193948368677 0.34057706315046155
0.08422328655282585 0.19619701633515563
0.03696363153534321 0.861865637608504
0.32876792575373415 0.9342144392351257
0.6680573160396789 0.9109330889101448
0.6528330472621591 0.27715122811564485
0.24993976065237744 0.2474540509992138
0.3815788718761648 0.9241421625146057
0.1469049837561568 0.044734475062253254
0.22015181231028824 0.7747673603703028
0.3065823440160911 0.6957026581650221
0.4077395201341997 0.17288730507361694
0.2677174351096453 0.23629508028649138
0.22782781622386172 0.42914241518681717
0.8090823152895077 0.3789426296251701
0.4369461604952789 0.1153118122337311
0.6030712899185846 0.032653256773370054
0.472039819076973 0.39813988393251987
0.05101447879103982 0.10122488292038145
0.8757076839865033 0.9859033745268914
0.07196825052111211 0.2974125173467854
0.23889711638983568 0.09790579225339324
0.99271832496715 0.6884119172899704
0.1022487162450667 0.23524983195564086
0.8439573951200597 0.6968112521904106
0.6801345536627572 0.4306528942697194
0.30607606674510424 0.3212019057531582
0.9755361704908266 0.08573459857727994
0.26773271424241674 0.41192761741208106
0.8392594915344154 0.4661191354085895
0.46134355101040614 0.9399911165373644
0.7935854152640219 0.41785980240952314
0.9218618667954613 0.3309260045277145
0.9883066430986043 0.8931066709515534
0.07869092507401287 0.10048079912617247
0.48620276263591367 0.4286027664969042
0.13530255315956385 0.22525117584604415
0.18535702156329703 0.8075077460021391
0.01710892844075962 0.9089352848725689
0.07732006245342238 0.7532127720046591
0.5753628021748299 0.6636765567920898
0.2129772401611586 0.653223627093978
0.9233370862470622 0.9159968786566131
0.7020778028517363 0.991853781333403
0.7507613384935901 0.6681125689849727
0.3077356334633533 0.3823828091878755
0.21347026327519503 0.0979643436872002
0.7138131507964735 0.8324996821417163
0.527444140891387 0.3650816962736736
0.34095112163081565 0.1512648149384358
0.7098995941418915 0.30444099551132775
0.6661089082062792 0.2114882145576974
0.004813886999690986 0.1367660855899515
0.3608313687112146 0.11833586213264413
0.40624415171101624 0.8012585144265358
0.2050597950657005 0.20313989659743725
0.3500279703699002 0.02553436737144532
0.6561562831756513 0.16080254481765865
0.0829296151972162 0.7875831256592802
0.15691222134373228 0.5798480132139237
0.43802180768359733 0.39585350486475435
0.7516631212306767 0.5760898263719615
0.7460701286469462 0.016109906327620327
0.34623389207265365 0.23404621496233202
0.39491333808545737 0.10749236451210009
0.9952896657827616 0.08464951238886065
0.1123096485166799 0.8952519803096922
0.9297695042600951 0.9034596054406931
0.39244532069506977 0.70392285398427
0.6474313765123589 0.7005058667049401
0.6122790380899252 0.7022303674869259
0.2811385745151509 0.8910459603494427
0.29112123541652035 0.3698252232058965
0.6323691552980428 0.2859438008349736
0.6353250807929868 0.7859710771201261
0.7115319168318001 0.7210330392852314
0.9796914750583833 0.6616034568921588
0.36202349578799453 0.856746858939443
0.988167737206319 0.8887156216093086
0.5615629062679945 0.9224583723421778
0.5086457605428404 0.2648173762947035
0.292191847623834 0.9543904509379175
0.7901419593924436 0.9652509368983802
0.4494296977863933 0.3816176539992959
0.3653683107543829 0.28243725201599956
0.12142491196000427 0.6515969821997301
0.27768002225882615 0.12866556377839167
0.7105448116665815 0.9548282530271529
0.48861166155391145 0.8078276424474727
0.7926985125191929 0.007659144538491369
0.24069105065513563 0.6015375473592288
0.31378824730417154 0.28291371012216493
0.86994567295927 0.7863663416470227
0.7080369301903479 0.03993742834601244
0.06349367957153751 0.8014609909198559
0.7895402760363088 0.9988158586614571
0.839837954294156 0.41960487553978176
0.8162443975638409 0.5279381727462372
0.5929581014543521 0.9398171311889107
0.9546504845909056 0.7697404924407616
0.3860218365245094 0.6158767655338504
0.48390051475046314 0.21637859358436884
0.30651401170043535 0.7626963422745443
0.46949879511603565 0.8652430742272468
0.10180803962793761 0.24125982707151206
0.30977621582358006 0.23364462184405277
0.5026803859716454 0.31287718116446117
0.5123053537617801 0.19266055055078368
0.6119967528111439 0.17479858064662934
0.2928263974084211 0.7920483573862475
0.4867735035332069 0.8417689192679589
0.10584499141921055 0.991295729312638
0.5740457613308568 0.421893392986017
0.013915354470088848 0.48629081414045494
0.974449485533462 0.2502235909645355
0.88172272390571 0.6267602036787107
0.6021513600849704 0.7897621502540076
0.7414315148038768 0.7565366796855553
0.18573756126314422 0.6871241004884099
0.3173666732041507 0.17688233099037642
0.7118980081043564 0.8788810437251026
0.6209474459161255 0.332507055923559
0.3522202791576008 0.18465420204668914
0.7308943480539056 0.75058633211643
0.13313314373709395 0.39431066466469933
0.35908161834862373 0.7249964343969467
0.6100168681295167 0.4591571105673624
0.5690089262715369 0.731148893319322
0.5887233456235769 0.030813444970400505
0.061718040695819765 0.08122053605458013
0.501226301271695 0.25648855052427677
0.7730812610322972 0.3852393882132553
0.3868480282862442 0.435668990491184
0.13674009390565345 0.9704004867058927
0.5564857236250633 0.8707707990695976
0.25857458876641537 0.5291501093379061
0.9244870436969101 0.003093395731006754
0.42143470246501735 0.9159905912676954
0.6813012505368756 0.715453821493552
0.7929673107240156 0.1936226343759202
0.44975841489834134 0.5041686919733469
0.9447232073135603 0.7409550066799495
0.3188066418420883 0.07558977957047619
0.8073309525225102 0.4786767090873697
0.180762297371576 0.8061890167221573
0.98437517494439 0.04250015191175116
0.6116067168318469 0.42022713747083584
0.9267189494017972 0.03984771983525415
0.12858762519363143 0.1853293212196101
0.32936132127087214 0.36266902665180734
0.0353613058147072 0.9038307277546265
0.25452269839943076 0.8972391899292972
0.22213761963347955 0.9865431964855227
0.9075019262791151 0.8712033904855568
0.22676631266188385 0.9356339350705967
0.6959513372843795 0.5087963950138649
0.5824303564606192 0.6345959699149725
0.1885667019784989 0.6270803690339897
0.9785877959008566 0.9458290993063816
0.8557910581621909 0.2992075689801572
0.04403066647166942 0.25013919839357457
0.022982884550610483 0.7351296996266364
0.6244058588154682 0.7275028099040505
0.29560066145933694 0.08583856466050399
0.2712696772680222 0.37473308994653964
0.8263072226363011 0.9641376390913993
0.28572387613723105 0.9832219025135122
0.18549926995826616 0.09310767175291235
0.0669081441301107 0.5587226744071822
0.26961849110019365 0.6428439772016951
0.7040999893470086 0.9551765242244773
0.6357026776229409 0.4967065083877622
0.7208999897800379 0.8158745158913175
0.8859866268954539 0.9002385434420297
0.6309567036455946 0.26778683105806256
0.24296430504044775 0.6890734131133148
0.49691205931709137 0.1986797056068299
0.25317487049899023 0.5665629726296413
0.9977249002141644 0.3616790804617065
0.6370774820876208 0.7075254548776078
0.6042565026673095 0.9982297862238196
0.6627308381765438 0.30142455663758627
0.33897874502363345 0.147937675037902
0.06259473907562174 0.5164555101351412
0.25289214100891044 0.3225714133898381
0.43562334813208947 0.765428029713292
0.1912173682296442 0.7615393747358313
0.28092070032154504 0.08500032349025477
0.639150700523529 0.057446666385936984
0.2945805905248805 0.9017316899548563
0.439949951874408 0.5428758537567985
0.32793496920515175 0.4515863064794028
0.9598446201123605 0.4633244484295932
0.45328630794636693 0.6439340844187283
0.837740107382702 0.6262708715566089
0.9123006822383849 0.21675873013390778
0.8024123089765753 0.912629985477783
0.3325902990466376 0.6166975635635032
0.16586612841918547 0.764398345954499
0.48961567999931455 0.1557010286724958
0.5087572254249763 0.5210780353996202
0.06388905508584697 0.6455147760412716
0.762253186858851 0.2675075604788655
0.2975620842168756 0.8918502648459647
0.3604372712064525 0.6770166599096404
0.18983325188220912 0.14202472991622295
0.388333632754679 0.18636174180533072
0.8872105359540498 0.8230150346990369
0.6828602692331753 0.7226871189770809
0.22251810809769834 0.6812840368365279
0.6574919205397277 0.11779624686797296
0.9356357558937854 0.741402033635096
0.21614219035544002 0.2913069561690763
0.96931287784762 0.3374003601199689
0.4977501956878593 0.26180266255448725
0.37499906327711774 0.8389575839006065
0.3502842323302279 0.053881707983247984
0.7864857642466727 0.5939336460264415
0.37135083310233263 0.6090450054120395
0.123254730564618 0.03943038262781451
0.07232487275200983 0.8796521193630946
0.17078048462476592 0.895471898407476
0.22389222222678662 0.38771433172515846
0.9516358625247002 0.8485616438926604
0.7231234833756027 0.6640826933324329
0.3491007963769517 0.15678729207273845
0.3856740081914557 0.14862790813952786
0.2740765650612065 0.16380893117940531
0.9114312476199902 0.3282981216661661
0.7764590577185455 0.7959793180084335
0.8979080765385636 0.1174794394575377
0.8937260999343761 0.7350100548745758
0.18290621455207856 0.7438736555016332
0.7023454228824361 0.10801077813931348
0.9864515131914775 0.6931460790963613
0.9917119024463313 0.21739289159747555
0.2917283130956877 0.5868857169386515
0.21567342565469316 0.04504331531863304
0.6557177899586639 0.22095924782564158
0.8933071209922825 0.008337954475284182
0.17247066057584426 0.37512908620399066
0.4284586625441853 0.7199783483918172
0.6254223103794837 0.41984478510987633
0.3966593245805844 0.3092994594112838
0.9598836375441921 0.19240673446039214
0.7083866200549556 0.1996099564571544
0.08281894618247654 0.0922390339894904
0.6992364619059421 0.10429138117810433
0.6542475936090087 0.8537987783969009
0.12042575386004162 0.4037956045210205
0.9730831999742722 0.9956871065320055
0.20714633809928884 0.9963447435734304
0.2799508573813173 0.5158166341312089
0.48764248274367783 0.1770515005401061
0.8004989150024213 0.005029550807682637
0.7624859535089521 0.0933422127869672
0.6349490121181333 0.9853486006916118
0.7313738996367594 0.8489782599813175
0.16310417506086639 0.9440835397611778
0.0738767396686344 0.3846366330968769
0.9787616109854336 0.2313033454900537
0.4009146316445088 0.8499234816273067
0.49345315891915065 0.7157250190004254
0.3853422677748233 0.2998592387683586
0.2566631056351728 0.8528572761847015
0.5528742995917376 0.1982874546506843
0.7281498233120841 0.6092780009295132
0.6686842040588342 0.3913242036243252
0.7077234989172605 0.5082122340906182
0.3903614501910968 0.9258780269901669
0.8788099031994842 0.9141171814764433
0.874513482256875 0.3314355974369755
0.9543555773772129 0.5577696350980117
0.3221504486126129 0.7577212052289984
0.7271072895972229 0.2183901637000898
0.027092027979078837 0.66650309023525
0.9210245994388397 0.4256274411025608
0.35198759944067637 0.612733434052512
0.11656116193049171 0.02176565079176429
0.1981421467419252 0.018372466226389106
0.17977697454771469 0.4333060506543943
0.9581925442125205 0.7416620584299461
0.5637201959808342 0.5411137660958288
0.6447792606422861 0.6752774150864507
0.5702439209335006 0.10960948437964335
0.8737115238993259 0.5687000134549279
0.16139975499128023 0.8380246018944456
0.6467243976323581 0.763318818780199
0.19177649570584432 0.23052808054101281
0.4267782937536674 0.553181088527548
0.9966288990911968 0.6470715643628373
0.8279529453881642 0.43997763658677336
0.11536829041571783 0.0930889645325842
0.3523394353466305 0.637762131187402
0.5559627704278959 0.5337255195825986
0.997935395728053 0.8010677182502558
0.4130218952242779 0.777060410817746
0.23439992027353984 0.09949811259743169
0.8408171519137144 0.26082610685375773
0.7976268076407147 0.44253493850419146
0.3522155067675067 0.398416666579271
0.9894454095813056 0.8702166658570991
0.16548121146102412 0.49251638065532
0.6853610203529475 0.8685086178107302
0.8531258350127692 0.6084690203143075
0.051097404166650984 0.6425981011011129
0.8604647304249827 0.21454712514325114
0.04780591981359861 0.1870117194209907
0.556263632041487 0.8425698560066581
0.16615766314300318 0.32836736700121083
0.3538359696875186 0.4998569950850509
0.4711358719803006 0.7847360334664775
0.09817815451625678 0.07229558786782342
0.962197938370083 0.68500389557199
0.353206613663392 0.4983349239774236
0.45757787215458723 0.9222883539004106
0.4428865623916458 0.06501483629957217
0.6968513452864294 0.17737591165699984
0.10101987860659667 0.7796706626735528
0.12248735238865571 0.4413143879900221
0.36668479659499265 0.4047481945549316
0.8489617833173427 0.39070521105131295
0.9257981435415612 0.40820019474028946
0.657110054648327 0.024906158309519366
0.443995960588187 0.7782256859800407
0.4617473162165504 0.5612688470757579
0.5620061976479932 0.37865192912466594
0.5921862023281158 0.7026992867574815
0.131912636778048 0.2800482389620159
0.39813417148323904 0.041243766811933424
0.9611866188860182 0.29169994696346724
0.1475532064396088 0.5420667326616734
0.8010892446426611 0.7408594210263038
0.918417231959852 0.7641009336707347
0.5670232510305875 0.3982307917111366
0.2029031465196407 0.7168147262945314
0.8106407597825834 0.33243363254880187
0.24040359679591194 0.026954821041317856
0.27698913743961195 0.39122977394594605
0.6748512402277262 0.39478747731288755
0.9747040274241495 0.953587172889574
0.9921950774326852 0.15627482114381575
0.5632353183090533 0.5741930788640308
0.33547178754839935 0.135786898634084
0.018317952330882625 0.1508181484454426
0.71776634735498 0.8733647891088575
0.47537646975981895 0.28497228112056805
0.35745734908249815 0.7412133217650178
0.870278657089213 0.5775818067916405
0.8454946038143134 0.4260167225148199
0.4978298138614332 0.7039569217283501
0.12105793491569139 0.74683397308749
0.8906263154076028 0.2461071993545768
0.7797971994994201 0.8027452657924427
0.4843634940041678 0.4255019379375474
0.06795619451628454 8.474753214304798E-5
0.38041910419476554 0.07566171953299639
0.026033378029817755 0.5960086597481238
0.14251067336125234 0.4215057870714243
0.6372348700605381 0.013312309914681686
0.9714513908380138 0.4911696496775886
0.508826474390856 0.3308232055951388
0.7905056328092339 0.2760459434830952
0.5685926750008922 0.03436203801492088
0.7435719645258734 0.07609085406438987
0.49396275143886625 0.3251766476772616
0.3593980440917178 0.8199774680470544
0.10796516574913217 0.025918785518289633
0.16725830299832434 0.5334661014493232
0.7740232112430963 0.39864738781183806
0.8630017169463027 0.5444015156150795
0.9007065224207315 0.9950058820427878
0.21910392781576982 0.459035027679351
0.027904381029695835 0.9956353899222078
0.8083341524421346 0.4219094873008228
0.6074885755444074 0.3640495346355397
0.2678741764284186 0.6803332442993257
0.5143847626717237 0.5396111141918185
