0.4272141205828771 0.3265852767137053
0.9447841018722565 0.4432697711475233
0.07135479803924749 0.5735716202023524
0.49249261354654195 0.26761253213283986
0.8095571146465638 0.44219925142796845
0.43641387854622105 0.46979545832294023
0.4187873866111277 0.19774598522993125
0.21950203107439514 0.6522376976198075
0.6705767660916232 0.5017061002493952
0.6921305643343456 0.6644288510370427
0.6130444816943826 0.6911752065025822
0.8596654229900281 0.5729191604753008
0.7825027485598532 0.39331105117519494
0.6084632119249913 0.13400399294761445
0.09491787141489239 0.9568349786695532
0.8446511253208244 0.3296797143165734
0.3559789400447424 0.47257706517940334
0.43414684448897 0.20811268466675548
0.29825182880193435 0.4763568246084253
0.5677281282674195 0.48177650830388075
0.8048728838889527 0.7800314722371975
0.6915636476770888 0.07957772487213521
0.511462984070342 0.2603312353836471
0.9414679326541942 0.12370287050412321
0.29141991839141546 0.850142061957166
0.09824489279625959 0.6075851419436583
0.22447258599813602 0.42318342884126425
0.4418359630584262 0.38830220245476954
0.524358009248239 0.7405692297555249
0.5235905539169796 0.9748810158877674
0.5587079856985988 0.13652826258124917
0.7988280940738226 0.9933996583116371
0.5327095164920174 0.16059997856885078
0.26596208037300295 0.1404398202402356
0.6278288089042205 0.9649102149253591
0.7438089823776919 0.8983583985729964
0.38786614622057625 0.8276706825131248
0.18530519054846128 0.2790099358637358
0.9268347171167147 0.8378351260841231
0.4737082304440565 0.3869661690164786
0.09663349014309763 0.43088415171533834
0.4764585730963463 0.6489430204618815
0.09721072292943167 0.1619994268763698
0.7422308734062886 0.14305891288486994
0.1378911424643412 0.8304277184609397
0.1183049964051649 0.5797132955079574
0.6657663712804999 0.8276234950508322
0.7382379839435683 0.1352872638148157
0.365524953597094 0.3717984873804008
0.28392082421638687 0.5205329948257803
0.6048248637017334 0.11279536575214211
0.16145422197087922 0.3774325008846505
0.25028737297066406 0.443741866321154
0.24688040095659392 0.3414702078842623
0.8114188173012442 0.7397307134744318
0.15565817616090094 0.8806779846387308
0.6832422988645189 0.6588097366950164
0.5688714611491422 0.32847551850530843
0.8531483704663503 0.5868557716291116
0.00951179508629052 0.3642424542988082
0.8134506781075281 0.28544464071767295
0.6037777656989269 0.5637235453867515
0.5783581705625248 0.81061923372991
0.7851853883100671 0.5407813316796921
0.6425530724062332 0.810495889844917
0.6033853354818971 0.6326756137766034
0.4382896038154893 0.3809393031328451
0.28493415993646143 0.04296243437148095
0.34890544159318493 0.7610742027902209
0.9598684775823287 0.8492699701741269
0.6188642587598123 0.2841923451161492
0.01578267299355829 0.3076221617492242
0.5639243829105155 0.16465093389052687
0.3702118032461532 0.4406455831294953
0.3297549908916976 0.8976493156883922
0.06247358713970552 0.9839085489217132
0.07329809897152428 0.2763081649287028
0.9577244999485709 0.3828059941716083
0.8484008555808055 0.2892660558313791
0.028836583777278046 0.6818173937412951
0.6657193856695098 0.4520459074440698
0.6358033025134079 0.8286292693864097
0.1666221204165974 0.4467340204468375
0.4577342159465422 0.12752768062305464
0.10179675621443607 0.2970527407935085
0.24909998609819273 0.31963041881772847
0.33749173580275893 0.6896972997454731
0.3897404257198538 0.04194252864699832
0.4258000745230489 0.4678460212358443
0.277250191060857 0.22288259498331098
0.8701191098967392 0.7690426439084398
0.9707083845125518 0.3088420739561015
0.09289701530870986 0.7571880543572416
0.13631926096100655 0.08450299809380968
0.770003185106154 0.4071683115068975
0.2683836896034214 0.2490542531535329
0.634536299413468 0.34068426925276085
0.3631218068541211 0.8411102984562955
0.07261014814902667 0.2831381172335824
0.7082192370049619 0.06705015848223628
0.8346342974001174 0.31396985383703413
0.2175709548031085 0.08065921307741686
0.9678327932413591 0.716627296644181
0.7885479306362058 0.7863695366094136
0.6392210617054734 0.8993910610625648
0.48821371409409076 0.7940589649913855
0.8629873845090654 0.5545657364479898
0.9852696447958683 0.24028361588914915
0.2722021047011308 0.9510872654389988
0.5361085199383958 0.30898156780171704
0.9820043293826043 0.014385463717133451
0.006208622240318928 0.9341006327600443
0.27989207982048436 0.6373802553033544
0.8622013806970508 0.3472663435869402
0.3484690082602451 0.48777830763227104
0.8052973597857039 0.8455207727645245
0.47697675015350205 0.4293769072897823
0.7333568547731061 0.3973268774295241
0.25016896043959 0.5588700534393607
0.016743543718320097 0.4794467536634558
0.016559468723255644 0.774691408073879
0.6521999370307956 0.842966749663011
0.5328036002399394 0.7407173971161793
0.719336243394764 0.7436560881298981
0.05694823447073405 0.08519338590696224
0.7059253108548629 0.5400099585239622
0.3205128197773103 0.6840338788621402
0.6910472324119602 0.4617416036729233
0.7478398983392309 0.9176882287740381
0.07923018727008924 0.7821529181960872
0.010880734271083714 0.8620509623490714
0.5640841449174918 0.5897260561096458
0.5085574568249627 0.4764357356240343
0.2665267774524207 0.8474434904477476
0.642070665573771 0.9854208923319159
0.5405516568153043 0.4527574514892978
0.820996836021855 0.8164133551542874
0.7685910000313403 0.5667940317077528
0.9797478060673874 0.6510669834669542
0.5788765128181134 0.5682912033601423
0.009939543111408655 0.3762303746646921
0.3088032534480448 0.6059341745509611
0.9214457852777947 0.9788881890033471
0.21115334161022925 0.8721652708964738
0.7333870295320373 0.719599276210602
0.8541378771208157 0.40220994545899336
0.0660331417662462 0.24022371395431008
0.4015667000925167 0.4139745761398591
0.15557356746188367 0.6142702425902766
0.9760574073536237 0.9476351687955678
0.5459363473325881 0.7319842010387501
0.10604653484236404 0.838151181147991
0.025313327387313733 0.8273356338929924
0.3364677078469739 0.8596017067077035
0.46977534883645033 0.40035581279322063
0.4433122856935421 0.21715609862221363
0.13233842113819028 0.2658100371640051
0.333890609738254 0.4306546264533305
0.5730678350866228 0.9679830303398701
0.6374627823159231 0.05318923915883644
0.8642837397231606 0.3413926726595744
0.19500988026027077 0.5987383754799741
0.9246588721077864 0.5685369913991397
0.14226767279000385 0.5148236443667753
0.8369750448722522 0.688317975315077
0.04674710279117211 0.029320689054406435
0.7865316597493779 0.1425751656811416
0.6073166186347871 0.22497032273212336
0.8206766428089118 0.6132009933383888
0.7540235630559246 0.7507999456894818
0.9746559113847255 0.09859879536370564
0.5961830011123471 0.16657988962625525
0.4349546893768501 0.9057835343102701
0.5583643889764154 0.034602583409337084
0.3185302727669096 0.9932144426834061
0.21675757605551027 0.5224873059863244
0.33481243269208394 0.8894875442417418
0.8025012997006689 0.46137668697995027
0.06707446967619834 0.23430563276330185
0.07390926162623013 0.5158058202072096
0.8607537628205054 0.8406816723219291
0.27612999524141046 0.36468802387010846
0.33852827842834754 0.06112116467170192
0.20462844409702596 0.5672766089394466
0.37543120328801527 0.15556779737900395
0.9679788030247882 0.0936246912238421
0.962012673602489 0.3051860564839456
0.9058097103915798 0.33598018407929864
0.7595345723625181 0.8935930590057682
0.25934436691032536 0.7857168229727338
0.3084100309910571 0.6859415557804786
0.6148298022587946 0.4598158306775023
0.7895767692897844 0.5762943407358656
0.8442510471369797 0.5915774970174129
0.9582194181333129 0.6450203527165693
0.2530774102437672 0.06215544852664723
0.37023259304750844 0.3704808301785484
0.9113900328232174 0.5426708669235518
0.30404320223440606 0.9730634196463649
0.6925907140886834 0.3410777715810831
0.8438870860524729 0.03466150664043899
0.37299451510101367 0.5036143062621888
0.43536120899720576 0.7329843536663092
0.2559592057707075 0.8075897328500841
0.8500497797717246 0.25762330780208575
0.1758071236773645 0.9004201653565957
0.9032488484333591 0.2335880707437188
0.40964581356857765 0.9892405242350697
0.45729062686751654 0.26806644599813856
0.9792958929468331 0.16608407012654958
0.21269524001513018 0.05744942232173422
0.06088579630975699 0.6655352605126436
0.5403543619053706 0.8442032291659741
0.736275012602781 0.09492529573700015
0.14017764147577128 0.39695853091237554
0.11831844854159468 0.9515540577045716
0.6251092466183673 0.10222632802037479
0.9610866810248718 0.5470861372914116
0.22414869790771597 0.20243879554853383
0.2265080783277612 0.7961829060452356
0.6739865915797324 0.6925530456847652
0.7205002046317874 0.19459602634360817
0.02609227157396321 0.8962439091212091
0.8345102611605146 0.7113627959881983
0.5345671965413391 0.28275176230460963
0.6324845199157141 0.25040695038995164
0.009804480840651775 0.6567401141443078
0.008639854041801565 0.7987629484711929
0.023971049136131573 0.4560565669810913
0.40801066132714947 0.371806214688326
0.1365562078350917 0.5260800762262156
0.6495968998836191 0.3902847345410426
0.8717064316526704 0.40437668913493197
0.7210402399678767 0.17961305141169015
0.5237929209262933 0.8456742814154906
0.024106675312643433 0.8688023218223387
0.9936349171408367 0.044706763990213005
0.4418560911822096 0.08456495902048355
0.765028660228123 0.7732666719760214
0.7712300939859394 0.48554647646919
0.8197080841819299 0.4378442090119319
0.5188916104897712 0.3623004333238382
0.7585899204634218 0.8855203895060902
0.7935009345695921 0.2405376996449029
0.648132751957159 0.6383199620539913
0.04421474968539296 0.6683439954656211
0.14286585470611868 0.12002012388985062
0.6930458000132703 0.14247479189277956
0.24862033397976835 0.35444891020541813
0.2878230956918517 0.4344999920407491
0.6857213156506382 0.5605971232601729
0.662843314525468 0.41448534481785804
0.1873773132904718 0.04740614833280277
0.735906294563673 0.838061288644636
0.22572842031815732 0.8198832517026577
0.9932787554550747 0.46214427579452355
0.5964923406238859 0.348235329251529
0.41823189305042996 0.2852392501048263
0.012873460322811558 0.023000306341967036
0.6041503061090564 0.6701667188552995
0.3603767720811253 0.9216955499975894
0.05981104638228352 0.6002210169389681
0.5463951043777299 0.6462908091769133
0.26228323847060586 0.34418136512400743
0.9419146172028268 0.15585268595526935
0.8420002764448985 0.36126053834340455
0.2574100669634848 0.7149966268664918
0.39490823419928756 0.363990722410795
0.3209781104807361 0.30632162476307445
0.8081954086315184 0.07520961712569496
0.6339828380393491 0.11379146246994298
0.6589600858223086 0.3647244394862863
0.7679654806991532 0.9740658407444074
0.19927417701313777 0.13189504690573617
0.6362953273449804 0.01407374370638148
0.6764532174664408 0.5122918889808719
0.4250167362635978 0.0456600241778895
0.25394351435584384 0.7297482236586642
0.4995729064142155 0.6719259293853378
0.5960898721589535 0.18954037049322858
0.9175639589516063 0.47492261593576557
0.25914794957104337 0.21409349818872236
0.2724231861363353 0.1006465723092349
0.39125768071856293 0.15952507570002494
0.46887245323424087 0.5348240437616744
0.8856952110840322 0.5195013610346324
0.6882433945882918 0.3717614508717889
0.05457249651766327 0.022297199402640855
0.24022865500735746 0.4185772052424198
0.0942554661572027 0.6576128977590078
0.2173530431505466 0.5484198617841954
0.09912295036652197 0.031616241445312054
0.8694315417619843 0.3188162247130212
0.1468902424992855 0.4418417178810563
0.39750790209220543 0.5050824532083168
0.026572885472187502 0.5879930697050428
0.4302432021636974 0.36376991739097064
0.5092674398451754 0.8903594750301445
0.7904515042515189 0.1374068918944087
0.6722780447664064 0.9744695283173747
0.28545531452092643 0.039336144441168175
0.6787186641022541 0.9987713976463076
0.16216057797704542 0.7162374232276344
0.5875730140931031 0.15154145191099866
0.556227631696331 0.9759631867936577
0.22329500117511836 0.8238880148605043
0.7344405459991612 0.38960466993496934
0.8693849351107523 0.6776306092449802
0.18035455883950957 0.22924462688943936
0.5669775897244935 0.06999925101154003
0.605527305132696 0.08664212323751708
0.09733011806006864 0.07151259348377403
0.7821163014747893 0.43313379912125527
0.30619941544604645 0.619057349103939
0.6873518034599911 0.3273251134062939
0.28844980748201887 0.18310621975670083
0.8263706479706195 0.454684067176627
0.09283405282552748 0.6961745507945301
0.7571231456074199 0.6919390487826294
0.029741283190649392 0.3890312311702281
0.7795418266714127 0.4292213988319734
0.3688082761448558 0.6118421645753813
0.4708871972500829 0.9541826580671768
0.1986407656525695 0.6793400750854024
0.2501625538724196 0.3048550419196707
0.4874942433438343 0.27227686778445903
0.43671611398391375 0.13181301748810081
0.9316141069119069 0.9518305135758707
0.33162545214816264 0.2752331668976564
0.007037764730177254 0.8993009560680347
0.6951858178539729 0.9587380305972079
0.7510116840585139 0.08034486713174227
0.6198003649969468 0.7294491083800838
0.19077893383724287 0.6511622294640239
0.20479707764616173 0.5324631646563328
0.010343722247397436 0.573462305347442
0.6281734865416498 0.5980048847941145
0.9999211928378967 0.08570034048898645
0.17999691075733149 0.14079829762725926
0.06813229290379952 0.889990631859316
0.5731648546010546 0.22373803830328864
0.11360520667144824 0.6572654498601675
0.3794560745097286 0.5217310848467152
0.8504961023631925 0.7276634780822419
0.752280163124828 0.1366181090841092
0.761543849260084 0.6887955607498917
0.6922593721753305 0.060373168786301834
0.7126246518567417 0.8514493455604242
0.9877534646581502 0.36131907666892693
0.40437434069561295 0.5104588614914266
0.6196646980382059 0.6768852609992838
0.7592975190130509 0.27787876165891423
0.8583366517738732 0.13647370246214852
0.5468840548397839 0.7062672464679548
0.5000871816820049 0.4092875761162923
0.034605647260546935 0.8817957127395546
0.6918923849957622 0.17451657552943334
0.21926599896608878 0.6600671886415768
0.5749648103161309 0.945061728948256
0.24103025174029025 0.7419396418996266
0.5414462890954712 0.8410215200954198
0.9115604476334089 0.8423144538289483
0.243161390138795 0.6054504329975814
0.8980360120467265 0.7917642871756126
0.6173550331327422 0.882439935881647
0.9964387398699972 0.5290386290148008
0.10156362043128231 0.5363610443806679
0.10033467449622924 0.5918995504328032
0.8982462129790297 0.5811464226242105
0.9254856399017677 0.8944039175570443
0.6195281190298858 0.10977966944239437
0.28597532445901797 0.29066273989838376
0.8933866740457788 0.46669759680114054
0.7341365908783508 0.6682723151357319
0.5448347928902253 0.7896013808767604
0.6744174887071998 0.08902533930583212
0.7791350662976888 0.9622105785689165
0.6404258818512767 0.8001755373432007
0.38880295118395625 0.9657835959104447
0.2847434996778766 0.7764415497507103
0.3821353363274186 0.5947674369177139
0.772702124512968 0.8211018798228917
0.5882260107501991 0.5107280347035967
0.6941661698453566 0.15394500309484294
0.7319070603307712 0.6487517655709925
0.3114672760177428 0.844504210490811
0.1917815415189822 0.0617983646786846
0.9469882751566348 0.4109197216556121
0.15548900238385044 0.3910234615721865
0.5804955075359619 0.39793547591281064
0.16857256878425564 0.2838790159869443
0.27416976906431456 0.7719516112586515
0.1367922563466426 0.2468383484706811
0.8723879984003287 0.5267178394152641
0.686456410557191 0.6158818938436402
0.5336592782651974 0.9801668976667979
0.41331896091374465 0.5554185744888075
0.043720082155344286 0.8610517808482523
0.9578174660662235 0.25510707643871067
0.5316459134374214 0.43346348798977585
