0.947514356159469 0.43236554710619124
0.3748154341419986 0.1917433988793652
0.19851427902020669 0.13375688790352713
0.11572272942789585 0.17086091674079285
0.689510833622695 0.27200927078817505
0.1493710032438833 0.04903633399355001
0.8077428623156824 0.23868424111764697
0.21494773982668824 0.6404237024895887
0.3482258502965996 0.031066850336228358
0.795184092957667 0.7778272207099597
0.6425770280619256 0.2582350103564227
0.47830806470977216 0.6050792558471857
0.9338280728991655 0.7048611593871366
0.6773286973470666 0.15726859318491804
0.8725006573640325 0.059710815541819895
0.26600847285639984 0.9143966559000002
0.19769559785881563 0.7058408988031232
0.644981790428117 0.6947027810724694
0.6366736073644743 0.7907902341128082
0.9868294487256405 0.4658144690685747
0.8073819261672237 0.14759341174102492
0.9255206641496254 0.3950416249097485
0.4406078235717463 0.02123835285940212
0.7534853681157813 0.7345491007620485
0.5519162976426416 0.9702271358686495
0.2686812993007046 0.9428046940147354
0.28825606852719754 0.7591885695891543
0.7743721150183884 0.7806146557140728
0.050094657246523955 0.5360298019239814
0.37593395723781053 0.9882225454317723
0.14716929544630608 0.09590392542557169
0.6418598302332014 0.5493610932673537
0.6844178129435837 0.5743089683753553
0.9002324075664178 0.47881126816228214
0.5943793995505336 0.4829232704087705
0.9272876185235678 0.5319365437272958
0.7333325734603188 0.6043207853114267
0.551292927515695 0.22782423281787567
0.740663070252218 0.8954992675263558
0.7428158378233696 0.10208029638044747
0.9244324775862077 0.21519342085686455
0.09155925717331681 0.16098770071522184
0.7808433502487677 0.3862337837140045
0.18029283452805112 0.09565252646389832
0.8812743578580324 0.8317514232222056
0.2580098772867697 0.9329263839132189
0.7677851089763569 0.7828176953054783
0.7872918899417296 0.4493071748237797
0.1864666126640453 0.8451471313088322
0.8949638459523545 0.8546851259241043
0.4577404627846774 0.5337806341198028
0.4904749811426792 0.9647140549996008
0.033685898995016283 0.23720550383505923
0.8330415087441789 0.32375302556703867
0.3247006547567516 0.9561573365868906
0.626439307603682 0.5147365195161843
0.6912782763410715 0.07738857676183875
0.2994359386247317 0.1979962854545111
0.09141050849174925 0.3889768150033408
0.9902030750708322 0.25797112519838383
0.2501009849701348 0.5212858221265237
0.8946520683898441 0.8049060256237146
0.37470166330100696 0.006480469427308511
0.06148667430179644 0.6780550704968017
0.3782612988688171 0.1895365808102918
0.42086900691118057 0.5275672320445289
0.29280101060899866 0.29497536675475644
0.8189454853967992 0.5141481948169777
0.055408584427501295 0.05609090940289929
0.09708239017035558 0.15875513267032537
0.1322704272507471 0.44722923016907823
0.8025106464890132 0.8989954842036209
0.509235684775502 0.22471506584443013
0.9461826383274297 0.4645653570277445
0.4222341285998753 0.17831304513143875
0.33399389086774867 0.27097625497416566
0.826846260036946 0.22264781754551544
0.38912544082665823 0.6489839559448247
0.01354977447169281 0.7167975941358217
0.05611291796099738 0.8765466078537365
0.9636439426429348 0.6903139829302054
0.3313510485874025 0.6608036597653743
0.01057977739538496 0.9752105043989663
0.20009332029433535 0.9294810783366416
0.12239978150844133 0.5960012336407762
0.2766079725767604 0.5342925187041895
0.653218998353764 0.1536594874098305
0.24200349459983672 0.7433198597596448
0.7251540651774977 0.3544065907003945
0.2533380030879516 0.20502126643810992
0.49683488470387926 0.2805285705756009
0.8579786113460703 0.40342790479174373
0.45060903499803473 0.47795884303859937
0.5887783948901749 0.4922557368520274
0.48777657065307156 0.444153215955724
0.3384901528192137 0.7950719763519005
0.059668407066572726 0.6398229565970742
0.8159376780885549 0.18932022054942232
0.7821090769601564 0.7193807016378848
0.8718169524653275 0.05392219952861421
0.9817802363558659 0.27749297809215123
0.24860108142092951 0.4533384859273182
0.40522876515787 0.04292211523282341
0.35687426797556676 0.7553839396436179
0.8847391088209264 0.1158796134102299
0.009522184292286684 0.9357584184804513
0.10001651824239188 0.5414018954576616
0.6555568729784345 0.4091667591992689
0.7006042619517565 0.2387984557213293
0.546956717218375 0.3450665933526137
0.9611846168615625 0.06601159165959469
0.44475275197492004 0.07549621179668842
0.8303894929083425 0.587765676586306
0.9246949854182676 0.3830990104714497
0.7034739096074782 0.9376736803920726
0.07818325672075621 0.1693750693020264
0.5001813727498535 0.01700668575638098
0.42074903639307903 0.24635432963640436
0.6613571197852139 0.15662211634590695
0.11822633104337998 0.7693001501298419
0.4913419313674049 0.28358492311779526
0.21985081526261652 0.1337157976432024
0.867904969219741 0.5803054045933643
0.4478787591553791 0.9968408308309119
0.7174520559608435 0.6015560128087534
0.2349177490721296 0.45198801855004045
0.8104708199117607 0.8235188341947776
0.12301400719910538 0.2834857590307477
0.37065186452646526 0.6390544355108976
0.3426416685648146 0.6606550497415146
0.710850923886452 0.8846718463902515
0.37509148642436696 0.5911638126532288
0.6100342748443812 0.08721837362556206
0.5683577246990739 0.947265878037918
0.42757540835114904 0.7520970805684486
0.42447390459142875 0.9028455925076363
0.014748082586502731 0.17985920733421856
0.005349141350961095 0.1748535126367713
0.32798740688091277 0.4943069445751569
0.01450877987039334 0.5496319178565866
0.2744667913856075 0.7927820687620019
0.5037444242279109 0.7927942334219599
0.7277656947160099 0.5881044239169836
0.8265301803321616 0.19073505324960538
0.8398792626172967 0.0016632244385693662
0.41416299409405155 0.652512702436116
0.7455475608874307 0.4884538944664881
0.18593741150255827 0.5127595907252583
0.505858867319558 0.2273910583536336
0.9212656333652036 0.9194399166358783
0.6703079532572911 0.6940187351804843
0.7195063052928894 0.9646886933148356
0.1499667386151703 0.34777662696709655
0.752366004746504 0.5226294191530214
0.18915132371644783 0.8122713936791167
0.8740899445372254 0.09498227377322144
0.09894614233778876 0.4045400890845494
0.2962593552992776 0.8334388440386362
0.07317223197791345 0.37808269374686143
0.45686457330722385 0.3071930752402624
0.8458635120728847 0.7844792576295457
0.4174249253804173 0.5146824128790296
0.16904109795549638 0.4296962685710537
0.607277355871432 0.10050732461581757
0.09055284593941049 0.0037264942670267587
0.5007579895763774 0.731660973972786
0.7939712133203178 0.0959944840959982
0.8608518611297551 0.1116156496803199
0.326019599919233 0.4740003205691776
0.5119879522174963 0.16647559733843076
0.8817235437856615 0.6989622056948435
0.2150078981371255 0.5243210723050634
0.44346015666201655 0.8797579145240277
0.10893881947552242 0.5270313832973627
0.4773051123378427 0.1252545713715989
0.3570516018988006 0.663289925246239
0.07855350376149584 0.045154515900785785
0.08878815025509634 0.4921371477242088
0.4280176961292278 0.47077483412283316
0.46449225349029466 0.8383521546896447
0.6716808800558586 0.4197165276704138
0.7064806961233521 0.2841077385668148
0.3685128433179299 0.2121690103661381
0.2378420391581756 0.7557570572057697
0.4647300612010785 0.5616340762251089
0.6494533167761289 0.31027504160879815
0.34750932417212055 0.4091430021841258
0.07605491207976711 0.06279105484320802
0.9071403336425609 0.24757936310977957
0.7038269267995433 0.5648138414810074
0.6938296262205123 0.6915088781369783
0.5547608135920502 0.8421633707555888
0.1938444035508502 0.08795739802363434
0.39722211237947236 0.7322889311709434
0.9694114811070811 0.034866375273088446
0.6174517379427719 0.12256603772662344
0.9077635506170814 0.7764948721102606
0.15335452389499027 0.18432964348706715
0.10695063805081295 0.5788258526053975
0.13977553229560413 0.7218144968692278
0.9895122658233424 0.3530737389425711
0.7435662583652124 0.31083807106717765
0.07983140055976556 0.9916791237614144
0.7770939383941036 0.9889750773022897
0.506968630929568 0.10871580611337983
0.07044959845591048 0.8771372452453334
0.7020009252333913 0.13542416810652524
0.25546099858431404 0.2618854129153637
0.9473665521322604 0.011624197032827133
0.568719180454323 0.3484655478170825
0.4054435832355766 0.03505014059799716
0.5161781314350843 0.10647431799286078
0.004566455813944992 0.7831884254276723
0.7584890845783923 0.373223439752958
0.09291173344963033 0.4059888808349612
0.37408224552510516 0.6542870511481459
0.08416013415556456 0.002858949594251814
0.736110793368984 0.8663789671645198
0.41356908123780767 0.24363918509958615
0.5997227570514819 0.6046225861966581
0.9990665645975543 0.8707977030309643
0.6377286530923515 0.3844382403316091
0.059202904761375796 0.2288701089099512
0.5855842300061342 0.7076888417702086
0.5782747261979307 0.5072107143712389
0.360708597636886 0.7333870108189681
0.9286612259262601 0.9534094968246084
0.006510616333548769 0.7951822573335722
0.1613893353528837 0.9172690524725265
0.07809694119476795 0.0010098181623743319
0.2581716027910491 0.2190239399641133
0.13448743483656578 0.6746978536700426
0.20163639564613312 5.245448583997003E-4
0.3312649470584964 0.4549926150856053
0.06519728522627077 0.9143966187598361
0.7179379183977901 0.4543762921569383
0.4499843129291887 0.23372617009317054
0.735895926668849 0.9982156183998636
0.50348732870533 0.2236091196366261
0.5856899376698843 0.1141938250285679
0.44303697120987107 0.9059437734517916
0.5864706283983122 0.12264212318362533
0.9769767432921479 0.17013339256699467
0.3857692316134347 0.39030162859590123
0.26735501964013497 0.0349050735196732
0.8944076478547932 0.5532098411300271
0.11019310134253979 0.7502403926888069
0.11917570088158436 0.2888207170942595
0.8228617885322944 0.34345225890789355
0.6450147011460395 0.023130895540526275
0.9228255543245006 0.15973129725266766
0.3787989426306353 0.7954986832591101
0.057989704715077806 0.9250245525003689
0.30840721721809483 0.8720069220932392
0.8061129430447564 0.8678978634427296
0.4536289855436898 0.5976344111472158
0.899223840225454 0.4770728412527825
0.8895505302924737 0.4081650278850836
0.14870672071875246 0.542617974799305
0.7084188879342725 0.8846772531723851
0.8476986062086849 0.23131272660810154
0.05258185284390149 0.22662158686735268
0.7096655743371121 0.08049266611552564
0.898955135365262 0.5439066455097163
0.4655039503510656 0.959722160603701
0.10456812387878611 0.9240793783046838
0.08623723279773943 0.24593102471371997
0.33309222497858815 0.31759858678235986
0.2243573006858074 0.6851899556797006
0.8738564419474909 0.9023649346183438
0.8740844590153071 0.6730889226976265
0.03770763374134978 0.7380852000538503
0.4392973980296825 0.9757215493303744
0.7681727082639974 0.20171185111295376
0.3676110199511079 0.23456808984481947
0.34173353545206453 0.9071136316766774
0.26005643125424494 0.9511079018262999
0.5476252564212536 0.5552967674853797
0.898043923969856 0.03078183191275552
0.5354212923493495 0.43591041016260224
0.9427665952975028 0.3809643179310437
0.5977694740554064 0.10643385557130103
0.1569284272715702 0.5038931515141772
0.5159952426289416 0.11235773469222365
0.8746575084715965 0.5030448994766963
0.7378897235606344 0.4798343369636675
0.10269170392435567 0.43023223943695443
0.5798517724584505 0.11168779407755813
0.07440027369623214 0.44073924835869693
0.8496547236699767 0.14833718533352258
0.297931748301442 0.7950989967065508
0.771460186345173 0.8171013846294655
0.1407551641058108 0.34865756639851986
0.8613027958614166 0.2865171869101153
0.7750876056139685 0.8038571603854271
0.44912132719345865 0.5667170842058734
0.8721785462966456 0.6652103022480818
0.8725131448551988 0.5525768790292279
0.7781471044621046 0.5332261031894997
0.9777405418633418 0.8932573328490194
0.03004555227563044 0.10108870785128143
0.4551193163913202 0.4899282347328383
0.9780485670756056 0.9766767830584181
0.7087708467093834 0.07287740161618417
0.9681447019726223 0.24255261109872372
0.4148213666316174 0.4898706654831054
0.009432499803038619 0.48783771159410594
0.6574829410655001 0.04954389058477471
0.10110092032267104 0.8984314021125878
0.5490526703085579 0.5067713217325094
0.42639976187252016 0.8758176633734854
0.5377180200122732 0.051368670581008025
0.4343827708007525 0.5697447707656923
0.18615782000876924 0.9671543155671963
0.4249321926314593 0.656351002500413
0.06427981832567686 0.46530460413924857
0.6285506250866184 0.6708493046304267
0.5410377895825735 0.5641046738020066
0.9296321580352439 0.21267207273126387
0.6831219636035886 0.7866094147266665
0.3204016726988047 0.38101719438895487
0.1724187321111753 0.8783935488866889
0.892437272263846 0.8700247585071901
0.13948707791960158 0.7094839130804
0.6736682295050945 0.25535334216487837
0.07690033955360953 0.017730935586033225
0.9009662411462238 0.13771373028271716
0.5441538326603729 0.6752906144157624
0.381925465015311 0.9739570229502179
0.2049404995835482 0.7155519663080108
0.4441525526580732 0.6226031313064143
0.8479479563117717 0.4447593949369314
0.596364925407351 0.8582345361489285
0.4339320947816844 0.5807432491094878
0.4328218792164181 0.36796968862988144
0.8846739586436047 0.510585975539502
0.5010898902359495 0.03326894525674562
0.28352825501069945 0.439715313803024
0.8228696115627913 0.6216156404223391
0.39262314637509166 0.4168299928950502
0.5085891707430821 0.3651531266317398
0.908372675548333 0.9622276227437412
0.43869467953113683 0.28714854432345127
0.6748149694423483 0.3015183638507005
0.2980451418503367 0.5521925606515037
0.15339061890156613 0.01237207015874009
0.3445461316462479 0.562333560077342
0.8081271760925017 0.2288606660809439
0.16913265300506575 0.9988839148479943
0.7067975183512413 0.41612164266488927
0.36143836807855345 0.5184248762996646
0.5614714508472477 0.12748250169501874
0.43396490053329195 0.35157580016189227
0.6359808384030332 0.08685012758456068
0.577291580857453 0.6243824036119088
0.4331709746853707 0.40108315695516694
0.819842407482279 0.8247178914685309
0.8414119835342246 0.7002293256383005
0.9479535566393326 0.46987986010241767
0.4676955160540114 0.5279239494921752
0.10546163318999657 0.6966046817585482
0.2137440221709077 0.35990990049316607
0.33675897124936827 0.19101072152559062
0.7619109018401353 0.21555313658925668
0.46323921700335835 0.6035200834770552
0.5292518459217134 0.9453922397893327
0.5902826963717005 0.3525981845504841
0.8209989313974029 0.9271742602084209
0.23040811761214242 0.5111892730643472
0.36877080667417184 0.08349349737660583
0.4979429868367622 0.29101522058951557
0.17420374084428758 0.8460634521531
0.08154225591750097 0.49244370162930484
0.5952900268967106 0.9348169604154405
0.7331112849471834 0.17142132300389956
0.9105613438303172 0.5944425377882778
0.8251652299979728 0.6900059732723156
0.1753570590517447 0.23663030595487777
0.12338432402653976 0.2633219432601328
0.044768110117122784 0.2732137969880133
0.297100104972678 0.09330043203248095
0.3794494412623547 0.29355862987167836
0.847675349588754 0.18835688355803204
0.8733447815113003 0.6389629897636087
0.07321595808331516 0.008195957810257282
0.6464700412048434 0.8574987606289979
0.40778026697228786 0.14422394697844554
0.7312520919695767 0.4846364679894112
0.9742277422103884 0.3485871326152653
0.6475222047562446 0.08816095680572389
0.47207519856080693 0.35864425423217305
0.8091143604452836 0.5402990179323992
0.5852056622353438 0.12871995711545103
0.3341206849476601 0.035644314590301374
0.9390015947105835 0.277275013968154
0.9412071307472126 0.4603784710693827
0.2624501282751416 0.7851686141134565
0.005995150063464738 0.33645221515816703
0.8179953293522537 0.23947661020787625
0.5243653536397267 0.7138033628195158
0.35038874097126793 0.20736916835374264
0.6836420750738978 0.06435372834468567
0.7755156338145522 0.6458397268088371
0.9779681333011342 0.44343989274279116
0.5811516783335134 0.6056168110450314
0.32078145016263293 0.9274977719192871
0.4438307096195745 0.8713790372478847
0.4051564216104939 0.6112345328874378
0.8794812315153672 0.5954325906556727
0.6418744607141343 0.25318562249773
0.8402155981257051 0.42829975332197734
0.36543985374321086 0.9954683962758629
0.04563235821025435 0.12720612660779396
0.6398585650718084 0.4517086742557407
0.4942191850206674 0.13224295756015858
0.9188490712926872 0.8565296153545092
0.03891997869372277 0.14002041879119353
0.019256072277695435 0.9006571830419832
0.13065617831115328 0.2759164376273807
0.35178954013387365 0.3376101329699118
0.834569682035131 0.06856501855483565
0.1198124449390352 0.44110654187632015
0.00598030451213738 0.06401680595294357
0.24475345511514646 0.9167330588387806
0.07652782827426452 0.5820438454602617
0.1058206753016101 0.9270872203120951
0.24569540359794173 0.813349555808956
0.7920457462449337 0.476516778007553
0.998887244699854 0.18398389310303498
0.456287967125779 0.5197446975815555
0.7804601384269328 0.672052963731456
0.5336803984799078 0.808082076027951
0.33858522473174146 0.5518510263301464
0.04110095968639893 0.6675954549479226
0.7285427980362426 0.8618323777508883
0.9096035691677443 0.6155088473236009
0.21202931973851102 0.7453791951158849
0.31834562963499835 0.9642855732500658
0.3222826332247106 0.6971109279844465
0.2963995736902326 0.33724795857025247
0.17830798246961777 0.6625193046770028
0.437938397618043 0.3252579489092222
0.7262136003234119 0.8850029829901402
0.43663593278709634 0.35089533275355345
0.9616417237971852 0.37191380631935933
0.2867244189274648 0.17473439871223773
0.344507033528355 0.8600167088100599
0.4210040214928845 0.3777338182763411
0.5557312826529602 0.20080370308228912
0.7601993839116206 0.5844189870157354
0.4653894420696789 0.1573917784312182
0.633411222594651 0.15344949899746907
0.6826590743526255 0.7072735950886236
0.7960111725012973 0.5553289574443963
0.3401915875134852 0.07897859604202218
0.3191809829817498 0.681428538565355
0.8290000074110233 0.9157416598322873
0.9543974874132576 0.884159014131893
0.044685179031665356 0.15556531478075053
0.6865172196878468 0.635040909454464
0.3317981352061675 0.44460030407010687
0.5807158327376821 0.3055859082723652
0.7203634983980505 0.1595589154965461
0.7013888257959661 0.725317047913848
0.23706522514501893 0.40491404727362856
0.8352219699225832 0.8519189483711072
0.043322001973603586 0.6719263495478136
0.9859911774920862 0.10042391189582622
0.9034574807209 0.19908070858370774
0.12525321041096793 0.6215030844885534
0.018395278494203526 0.4573023782369817
0.4809402806793944 0.09334665453728064
0.5737869685021022 0.5983623305637952
0.7249726992955623 0.3972806393516488
0.4462067451998686 0.15117011935710278
0.7813562125695579 0.8841820102820418
0.38702342664801725 0.7281919042441054
0.6178309821916548 0.8069180460540448
0.6607870215347152 0.013020434260345604
0.30699196604969425 0.893449837184837
0.5534433720707967 0.8401621722903988
0.8469011512538985 0.9659036875709508
0.3854175045175299 0.7493968737290136
0.7165639275583074 0.9728288752323726
0.6655821753882877 0.9996029696703321
0.9082437656800831 0.7950231903595012
0.8043552563756026 0.6607318615737274
0.2264402378299042 0.7097231865737652
0.36764580471941277 0.0676530284738237
0.972457760671331 0.4536184833373049
0.19809548267254118 0.6158807522830171
0.7438433332967801 0.41206530024299026
0.8560381682380639 0.6067327882167733
0.9695736519504347 0.5800367137397171
0.7398278828860702 0.6082598514308946
0.9747229994640786 0.5897625794196268
0.9336605106675174 0.5883242351421311
0.8224454211711468 0.2806753982037252
0.3007430697101434 0.8974947445940112
0.9164558838693235 0.9991926475460513
