0.5606644555602719 0.7575069244703592
0.48509463586190726 0.6760845393303123
0.9635899460088879 0.28935604970670514
0.9253085114919034 0.04610394358232828
0.1915591567241487 0.37926778307902254
0.5843355330131833 0.2993632374078523
0.09687984155568496 0.38993965182525914
0.3411542209864121 0.35580123838781297
0.45341034902519073 0.49728451908559
0.7841329396278628 0.13376132864533696
0.6172144262909879 0.023007556635885607
0.7156525438045707 0.057060660151871945
0.053321094158696236 0.9372201307552785
0.806052626437696 0.5090893098570517
0.6976144122075575 0.9818054006127971
0.550007841347026 0.26326694103725323
0.31135386060570014 0.1552881814584206
0.632542599796204 0.5998483914588408
0.955553852565996 0.6212517382413729
0.04724413789338566 0.030983754878225134
0.46342604359529427 0.4548827151464263
0.8258349752225862 0.2991022794998217
0.3213158063178241 0.02601439949539186
0.03611811448147306 0.5881041759939217
0.682040037261237 0.23207790490115376
0.7844090915576412 0.6925076306385151
0.32926063283657814 0.24065978911939157
0.3189213046313427 0.2266129214232947
0.28750390811821547 0.8789034990498692
0.9721718748101907 0.8239095993894778
0.4296633032210607 0.31578127602737227
0.6033276593173817 0.6763664773954354
0.8722991548420878 0.22330247578998175
0.4055116582128865 0.693908349348851
0.16877559661952724 0.17401258643576967
0.42844272682292606 0.02629770631264272
0.31125164073236844 0.6346770527721232
0.9333818475454979 0.6828031935940669
0.33476979880694124 0.5498328482308169
0.7452109054533613 0.5094511021152265
0.8801619975767727 0.17392926142007847
0.09557066059630526 0.8393202881201914
0.4172198683216294 0.5070694907608635
0.06133664966368613 0.7182545079944594
0.955551713955951 0.41690252300878283
0.5943130392470511 0.7265304764529226
0.9777766352394046 0.2880048950451285
0.31087618443405685 0.06643436584291962
0.018181348269259878 0.8301301606074085
0.6644011642177502 0.7663629485303995
0.7796929457374225 0.49799351267952086
0.858655973527741 0.5639798867255414
0.9329967293424164 0.8277976191848826
0.8769498572213277 0.27412181118274115
0.7738550865578431 0.8794953856839034
0.29967386316564615 0.22156302549610385
0.7281598158658764 0.8888238436971225
0.16197277157316037 0.6244109874323114
0.2889770656252353 0.17943249499879277
0.9636396906442358 0.6508201778336951
0.34582026378930086 0.36296905683990677
0.08492605088626681 0.2398742066675027
0.023613539035411968 0.8637739667334191
0.28481094415487374 0.6769019687338208
0.08728385883088918 0.8448742298244745
0.6623755729640537 0.3441561362123845
0.6876478340097644 0.6832567054341669
0.4472804495959207 0.02969734130133994
0.7252342134042323 0.24493918238596857
0.2519437656173712 0.6704910512665606
0.3909114168263267 0.3441474760247436
0.9658716929873675 0.430138218022347
0.5056640564848166 0.9359452535823262
0.3016926256078466 0.5673250564846776
0.12659094984783648 0.7879526386086458
0.11279849350900928 0.6379910253185694
0.5121720165299326 0.6043287717885757
0.994099009400634 0.19237839773096121
0.9470790854923449 0.8339820569741699
0.350244836937619 0.2775411225934038
0.11528163575605277 0.6850117944353669
0.06977838734429442 0.7365537804206733
0.6799254765427701 0.18867306461757294
0.1790217409663174 0.5075768363550894
0.4794383892275612 0.5086961447310148
0.3661134354347484 0.8690973149402544
0.2815440686845604 0.07558116558682071
0.06345662690547327 0.8520787457453728
0.35034129059870733 0.5405270445525329
0.855943619028114 0.8454180428109472
0.17633301310682825 0.9899433018074658
0.342672195908198 0.7580210169167098
0.5952652528434379 0.33903263151525653
0.22147212030762864 0.9689724778231494
0.1788634811229619 0.3317201481262566
0.2884104108796397 0.6966906933566775
0.21903021212027418 0.11424577116523993
0.2485463309246938 0.3486202275650029
0.8467934429745917 0.9210238106264015
0.7195585002567567 0.8749312553149073
0.8282738164062386 0.013914012719773106
0.5764679412442755 0.14285716682536853
0.3621628790394319 0.6498367710518999
0.8335324283555786 0.8727169440270757
0.7666832772650649 0.5167043004658787
0.5884892722977929 0.7323322506464364
0.28872665697023037 0.7739289222814433
0.16467494963831453 0.7734636796035249
0.39384307462498747 0.5613085351112942
0.4781518297196654 0.5120542969450891
0.8029810586976085 0.5988782471166545
0.8298237437513796 0.6034831651346018
0.23035470152721116 0.2903563215263175
0.7766233308898766 0.24469490843465458
0.246540690012922 0.5641019927757476
0.47120645811405537 0.14698628155176452
0.9418844458163612 0.5380409599181188
0.87618959434066 0.1663939010190687
0.0975214064866382 0.9788043329416319
0.5568185199873061 0.4530420603227425
0.3847958055159484 0.4403652180415718
0.3350574457921174 0.28647335623701997
0.7085861150982302 0.9137466023457441
0.9484400754158875 0.600898465179672
0.18602260191537212 0.7969128893341436
0.998624843610358 0.572466672378679
0.4093093013999206 0.0027468184429452203
0.8974485502726209 0.5400712029032622
0.5798389773295672 0.06305250321554401
0.22237462392213003 0.9618688585124517
0.8205165976978919 0.1578141504756756
0.8785825574986192 0.07160689121946662
0.47418275133974763 0.10147943830883044
0.7315480458277925 0.3920140213612682
0.4782558753726476 0.45182517714257486
0.9218139959456263 0.28692682618345466
0.9691880319037088 0.07200260365799538
0.9027542910774364 0.2894868778617111
0.11505572233672301 0.6726476751261437
0.3524841766729625 0.030657505744004387
0.8005838904202713 0.0884820802597629
0.5026721955095522 0.21047399747633744
0.1961279601147855 0.3026184891220147
0.09986035271866345 0.20385418911601327
0.4306146767613602 0.5218237911270731
0.1690007913001479 0.5734612718163702
0.5581700987972246 0.9272818142202743
0.9842689575838808 0.9740239243257327
0.7591386715975936 0.07793770396069177
0.16881428912120033 0.6756838595374955
0.24842430239588564 0.32729361426695636
0.6429617272844554 0.2083539435768108
0.6775613151325491 0.029565478184228833
0.21947831022434505 0.4347348432956252
0.9116487703036292 0.7573992297624688
0.004871003758153192 0.6965520152639406
0.93825907627223 0.23088409767190854
0.40728339242945677 0.5467386902631624
0.32265809993578687 0.16638959345126902
0.47441038703089145 0.9797048385467173
0.06215017899315767 0.7937916467935322
0.4889518573277084 0.0024961031699224367
0.9120886927173906 0.361943025203162
0.23447714568915468 0.851560689330886
0.2570687789268361 0.554781420928691
0.11117474068159683 0.153006182005892
0.3830455971308907 0.3742583298143418
0.32881241150089924 0.848642709043392
0.5695984269444035 0.711310625932215
0.7333345529565557 0.7657722970854615
0.7662867094272098 0.5223856850408118
0.4338757390954965 0.295598992894349
0.743021390407475 0.2565701333743988
0.2885703111963225 0.7632979139852817
0.5116011503979404 0.9371615724835272
0.480389780873532 0.7221956827478228
0.5040398253311825 0.09156109155257586
0.8683412871795158 0.5851786145931879
0.4630375227446978 0.5446539927687336
0.5347119188273338 0.7183594522625449
0.2509252583667114 0.9433851496702202
0.9656453691772057 0.36519663673672575
0.8156385023649846 0.7640240462794944
0.6001886108936256 0.543675567072711
0.3657524985092059 0.4686542069388614
0.06204848969951404 0.36482384135259804
0.40133814609341456 0.42371039655335985
0.24864889863840633 0.05774766180081903
0.6233742660749884 0.17092609382170054
0.5936814412341207 0.354540003360272
0.9016780488426864 0.6498427944597194
0.24219357150293175 0.7878256625418619
0.4197928898219685 0.011072238735246098
0.5813601374839426 0.8843719552214548
0.8349984421105107 0.7307905916759249
0.5554355924952931 0.20010807856721713
0.7925850542833778 0.8394839881981777
0.45998561975511765 0.6350604122934531
0.41576079147997536 0.2117530399739127
0.45834880954768875 0.4911246672044517
0.4560361642555437 0.029023209060660582
0.8923802012786896 0.2912602846296043
0.6336579478266502 0.7232971930777056
0.5698805201709812 0.465606135225643
0.3236403904662275 0.9376241015736446
0.6027158479514483 0.6281811180702838
0.1501681490895943 0.2977499021297161
0.042484757164445 0.3172467987440444
0.2406226280881114 0.07945190408543001
0.5146910616194509 0.7530736555421867
0.8602090539794377 0.17734993759307227
0.2877319151663591 0.37876654457673264
0.8991388270047312 0.13352508284890807
0.7296126549623233 0.6929687367262972
0.21654824604173195 0.3680667360784654
0.9031515187481266 0.15767840995383764
0.15881060511847478 0.16870712731101656
0.12953842333154564 0.7700750560034656
0.6646262478877089 0.44299187197796697
0.7104641020148612 0.22416790746515214
0.24525071536665055 0.7139742239928497
0.6406371845572069 0.456241765870007
0.7854484020542583 0.3492094618216721
0.06535835221461284 0.7674905387845946
0.5492354043951171 0.552865130497639
0.44192234853862644 0.6478922743688896
0.9942017998662921 0.222051966318064
0.8489701504208446 0.8872935272057739
0.9991801515990923 0.3710192172812413
0.6545152566653287 0.5528355292027292
0.8922537563243383 0.46064729252015457
0.8012193563165276 0.9362680262646128
0.22957462531495576 0.6357094383066062
0.296594564642476 0.6303609508096438
0.6201875579051168 0.5686638771451307
0.10616075407763215 0.4805384528804718
0.01803360564298373 0.33627589274305125
0.5391879013166683 0.27602332941992724
0.8095323761787105 0.5141595864343376
0.38950552047443876 0.6941945540912156
0.7136197032342502 0.4643667611835628
0.5479620547244702 0.19252390052865853
0.9808430517783431 0.6124409869214583
0.5384692820111611 0.2543729228688889
0.6290944223559584 0.3628923902996587
0.44616799991596234 0.6380938467469818
0.4857863510537326 0.18583908326604104
0.004103010463596846 0.05329417558847527
0.6197536583387553 0.32259925725296434
0.1838968335111616 0.9937865671270435
0.34088982462712714 0.5043077571452674
0.49626324831839164 0.293661783930084
0.32150384244416663 0.05516952072781667
0.3488032052130893 0.3410847458564832
0.5506093560929305 0.7607513237360813
0.2313775781975027 0.7838290494585232
0.7708351744329954 0.9217530016627531
0.20345205046501247 0.9912287774843035
0.7673720590712461 0.08498722371373124
0.14316186502435468 0.49914045952976316
0.3793480441141093 0.045837322896943866
0.4844452219262163 0.15767254332111102
0.3862503053824423 0.8502503194529112
0.7164454010821089 0.7258533986781874
0.48548886608762454 0.6893627751379425
0.7484842337357651 0.21307286520755753
0.42192344569552054 0.7761448357092959
0.3542600133339605 0.3540469682241958
0.9561516897322332 0.5209880035452605
0.3005251425439065 0.22221889206429168
0.7655833704958385 0.5819504358193949
0.43835001566452814 0.13592361258457453
0.5608017862989374 0.6554129854785958
0.9891819953474118 0.6923077975713154
0.6694401672511632 0.19418843644362016
0.4932582831012835 0.9759102528711363
0.0907774485010685 0.5926650435279306
0.40453517358231106 0.7319727836197364
0.5564841482814807 0.7623545997364274
0.11414566595121556 0.5689648274257183
0.4464262417157584 0.4362549231678743
0.2635006537283845 0.060469820037870936
0.5031604083539855 0.9867246475294557
0.5684993561878033 0.9534947834148491
0.1647319943408042 0.01910843328430767
0.01791661073641604 0.5584293164003693
0.992612238662741 0.5121387799493343
0.2318866715148502 0.7952935457920443
0.11008878877383554 0.816180313837253
0.9705035111924399 0.30157908936708944
0.7861497722812748 0.3916713952101465
0.26791065175321704 0.46890133638768705
0.30087812879901676 0.77265647710854
0.43385402567244025 0.2688445754912312
0.010599792866824664 0.8740925090690528
0.2125232996776577 0.2527966302047735
0.09450558210109594 0.42665093662090414
0.7176089593557964 0.16623288391145863
0.809193297771337 0.019026646001974012
0.37285327073172436 0.20482418209622522
0.20355320035190416 0.9553035031218606
0.9789755825049993 0.05790672082390491
0.1536466802827109 0.8937159762593162
0.20070371708807877 0.5342664994979147
0.2657038293246009 0.023184688378860896
0.22174422460380594 0.7458546385877598
0.6650933829217073 0.3552935230127008
0.050876993624627054 0.5369642697100138
0.9400937679429616 0.5619140228389473
0.9789599384444488 0.08956344019465579
0.5415215363407301 0.6724730721916542
0.9844821920541367 0.40989260995022847
0.7527496577530064 0.859897833018638
0.4644050309008443 0.7070996315398081
0.9393743388923499 0.49056160177063657
0.5273817711934968 0.5115989392441742
0.16376645660503486 0.5910931093603533
0.22804899100693243 0.7490055361582892
0.4069693396142906 0.8937009003582678
0.5439337040956973 0.8849090796061349
0.5788820278560797 0.6617033986624078
0.6006217834404479 0.6864167189952315
0.21739276130055907 0.5682444079159688
0.6361852535684962 0.10830763144461686
0.2781051914302648 0.003713016542749914
0.4624671497899637 0.3048068628645614
0.6985251232629841 0.3211754343678138
0.7286746105383334 0.7923987910616899
0.4840531629278483 0.6941660281335362
0.12183180374911817 0.3447662747784823
0.9078545463220092 0.4574733030188728
0.7489967526526234 0.28785412456710013
0.04265460872224991 0.029095986992918044
0.33774685714206465 0.48122044147379006
0.24973388787229223 0.7703333733781648
0.5642896905237575 0.4212533990209242
0.4388749510409996 0.43101287298054514
0.772657936618761 0.5824945952504019
0.8827379181986034 0.14814740834711315
0.5837973472492386 0.3252246945531052
0.12011960707752067 0.3188534202488421
0.4099600373514919 0.4406309106138586
0.014776872152091447 0.0521503819306568
0.687665395073473 0.6792899802300256
0.3499718333825911 0.3193009110181121
0.7215933426032457 0.41436425558427736
0.43362272892343956 0.36864003596971373
0.39212621286925664 0.9278227573960703
0.06492135877129313 0.44838118508106806
0.6208563460719813 0.6761630213059685
0.8705040399329198 0.3896755130201508
0.41122929575505796 0.2915235732807221
0.45673978409030036 0.14224035210898
0.4855926027389529 0.004741005974256196
0.04442617166392793 0.926161157810119
0.025273273075556157 0.6388198074334684
0.25315946107253584 0.2660112770800027
0.7869071247501644 0.3144467500538476
0.48487270150362294 0.8072218814561319
0.9160959033144402 0.5335962713845402
0.9195115827548893 0.47967440785826
0.10856896412595851 0.3629367383895439
0.48054451304228607 0.2697762330238128
0.3793781351117007 0.02566233118976513
0.253980264741253 0.5898196650669616
0.5922559168714238 0.3285382626866121
0.7517926343688272 0.9922135204596221
0.07411865510848492 3.6232422555593224E-4
0.09912835723714408 0.7662152985602557
0.09379794243669104 0.19870875484238015
0.6944012689565076 0.7760811925347175
0.7194351235504566 0.15373519595915397
0.1423516553794658 0.7520903635818676
0.585575180945738 0.16099733245231085
0.29237714463269326 0.1296886673650649
0.3988481532942806 0.9096296586735684
0.027917404249866884 0.44703648994722955
0.5902271844945135 0.43791525521340924
0.04740147376451376 0.2575339011053397
0.382204717435913 0.845181297061234
0.2532438182493145 0.4914358581074719
0.6808292374864213 0.2571211006034424
0.5226007023083055 0.20945908354641185
0.6253966612257069 0.44105757248853905
0.5720761759462154 0.7313211224872079
0.33269241955887796 0.8983272308989583
0.34829239300877946 0.19344149344363426
0.35803115995120605 0.2228773222085978
0.8772165304506647 0.6925736818644196
0.6619433382230469 0.008333784593674065
0.7873625023521793 0.30592580344818043
0.4192088655078626 0.6102106382691983
0.7854625591742553 0.44336678969301724
0.8360398941978223 0.6255962650913236
0.20793019539369129 0.1836043219540654
0.2515663374693925 0.03956578944852096
0.3974124663681563 0.47375927083703107
0.19137931203396963 0.6057330118885962
0.0609565400197597 0.330551022148843
0.7137388813576121 0.1777689890091736
0.9547914995517951 0.47134656858500357
0.34315483626239496 0.38937902200302876
0.2104532471173135 0.12461597224048193
0.1213999205368953 0.292143530042109
0.3679569559719519 0.12187508957921889
0.8226170648921346 0.3037920864865181
0.7139478205622951 0.7569862481164136
0.17703349381967082 0.09389466488567288
0.8362376201842096 0.3137261607464046
0.026896342843776733 0.8396176278229288
0.4008612909500814 0.6088195326253202
0.6985956997342938 0.6211060723885171
0.03376378619024922 0.37517596074531334
0.5165426118269993 0.5942186128323966
0.8464547554191546 0.8188567882114607
0.30722167209113216 0.9777544608649789
0.5834444236211247 0.22333744944517753
0.9459384314427812 0.8229764723953845
0.5890011284586121 0.045920169839200775
0.4841342132720061 0.9951486198982374
0.7917474253331703 0.5536907548079908
0.1617422311206428 0.7899695590812872
0.6878380056759076 0.6802023786730291
0.656910304800371 0.1321987908370159
0.8669394586537699 0.44910821205196383
0.2545172767034747 0.3594352900614748
0.9699584402961832 0.007253914023369501
0.22526173337609123 0.18092307892307202
0.09344142469886707 0.03728016429182146
0.5987029866072173 0.5194221860166089
0.5627953332039107 0.07857411854966556
0.6864862381967116 0.5935968588516318
0.6849559213395776 0.0754480697105746
0.1660849083823963 0.7790382439907643
0.5608559457255557 0.29271269029788716
0.2707452463857185 0.4979513975131107
0.289023034614745 0.5913508530950813
0.647919297700779 0.6307015494283821
0.9238628990656585 0.9407876236191586
0.7463244905909888 0.71682820451182
0.36566039968138675 0.959290860525515
0.17086891606796473 0.5187997069076239
0.9540576108014984 0.22032572355543634
0.3050338810477239 0.3586951181431671
0.9127441913759995 0.040225824437633784
0.6419059222299459 0.006164166169503438
0.950322673909769 0.47133248275338213
0.6879027250033898 0.7954303766547242
0.26078693332460323 0.264792907275322
0.00733852572851823 0.07976580688952728
0.8867793447972669 0.6384968917976535
0.9613265987437357 0.09378121146389873
0.9097685994099819 0.788171029786625
0.9611171956171908 0.7870378513406425
0.21351625092824933 0.2134379347718547
0.6038221215796061 0.2169028172768085
0.6306772467112859 0.09568796196268003
0.8875770406384086 0.6442325652517704
0.12710586450007522 0.16089873581914116
0.8135459593853567 0.5623842283305115
0.3044151992390378 0.6880781964082487
0.0737724295452219 0.5082178681647871
0.9085647260999133 0.5827947583334336
0.19673422509220573 0.6531672164735177
0.22072737175799606 0.7252980597915132
0.4765601772955712 0.8531201124285541
0.176413733826136 0.12402232802703761
0.24721837275933356 0.04776453914105394
0.8098077604714975 0.7578040151066145
0.5795875371656757 0.6432193383973765
0.15249493629259492 0.37393347172369296
0.27717431141960314 0.786183779599881
0.0292403545836063 0.9242008115622747
0.12534110844385649 0.24350322771958688
0.28820070541514453 0.7673837231024604
0.7092603808372998 0.9379629510569412
0.8789308307888178 0.2441653826759127
0.7574131456204434 0.05928590582144044
0.8487719583666092 0.7392587307792746
0.8903008632207 0.06872412935837646
0.766685262353904 0.8855528737151157
0.8581413712845144 0.8462980762423409
0.30332132695129854 0.13638637210563687
0.8366712765238937 0.6916515466435178
0.697091914269003 0.5345911386501325
0.11677859237860277 0.8826545410690348
0.6182378171253983 0.14074005160908465
0.5715412665639021 0.02030010520657921
0.5063626169028624 0.24806972268079897
0.6133482741761844 0.4441052995521506
0.8016288643649223 0.20784002901594079
0.9641320662938343 0.5891407513812401
0.6157898417934037 0.4164298567660778
0.4533424982929509 0.2739768081439409
0.29645646916858426 0.7742586420454961
0.2311438998738673 0.5582490188781358
0.026475741040515866 0.7166615472748482
0.23841839204145587 0.9892091991598354
0.07002326624320943 0.738135754826066
0.5105105308487938 0.7685426673003797
0.5279894303944415 0.18391396681116268
0.9082493883849142 0.6138961530613707
0.49746499559220814 0.9666107069040079
0.16763629482101816 0.8639751499502296
0.34360868064911365 0.7807255944110547
0.7386874410526442 0.6817332886183276
0.3869056090343428 0.334077190553689
0.7442726296632284 0.047090635486347066
0.6848024240936772 0.09278012489959997
0.5313926509304815 0.5987816094854533
0.7439310854925375 0.04516678746710523
0.7101897193311096 0.2843473995011485
0.9376101437740066 0.030094573253573342
0.2800863016287831 0.20795207261727355
0.12303861326305576 0.24636815132468715
0.42780009295697186 0.027615124313181028
0.4535746044715152 0.662545780022919
0.8485837528907711 0.7466176456930169
0.663716787921703 0.1801874108638024
0.9898898772410435 0.7682532583201498
0.1678838664912008 0.5686414530837326
0.445763346206026 0.6387590456350292
0.15881359583608612 0.38575642976919977
0.8406143724579495 0.9901757124372077
0.517379242331897 0.32644213804048783
0.9326276297308471 0.8130503540293443
0.7528483758329716 0.6997950716966114
0.33991395556893167 0.33830902261439455
0.3810850702754498 0.025540409012399623
0.24661301962739102 0.488290962302112
0.11792349335907248 0.06183375657647161
0.6815066752835256 0.06884953162931584
0.015916778703274903 0.9290032027350761
0.47830439118781454 0.6175898114925485
0.2048927317975877 0.3776024043549028
0.8246138033315689 0.09772627956469504
0.21022333124385195 0.664184072000094
0.3857106199977888 0.43270838692669245
0.9174421576305696 0.9444922385834422
0.34957441621661667 0.21367574476275653
0.12782059361483566 0.5713110801979709
0.3812573355376143 0.7799687232052759
0.30673968179847744 0.192996568366403
0.397505502679636 0.2723345062678818
0.5651714663941819 0.08875700122846097
0.2766533917630374 0.1891324104234129
0.13431004997305251 0.7480367901093433
0.10416375310043913 0.43775642403491544
0.5943693469357105 0.3038977179070015
0.3207869817878747 0.866657311520835
0.9007907911908771 0.06407995854553572
0.18816511628379817 0.7877601620454008
0.8145810105326603 0.048465430977171486
0.31580783415532054 0.05473769110772975
0.6882260736305889 0.13795399712055856
0.6037186300349873 0.8495136729608654
0.6846052728789846 0.16730265381437814
0.8465516636892013 0.44753450291781605
0.41355427265259725 0.05326708347641418
0.418030648224598 0.8817617600280798
0.6592036058883289 0.8394233143579878
0.9084632324556676 0.6060017373993898
0.3409456261895656 0.3603371236531039
0.3235357099770527 0.9701028505776682
0.10185891245824374 0.08028725973208306
0.46917412677136194 0.5627152711221667
0.9506462668942445 0.5455378283973237
0.4451103003425332 0.2517214470082866
0.196618833405254 0.8041944329379987
0.7488915685356486 0.05811039518213901
0.5119849390776962 0.09396744675724122
0.3524258598454568 0.8359822778390349
0.33167987411472355 0.07570490532010932
0.2547545381862998 0.09953427801775894
0.9581983098648837 0.899346737408243
0.43759704640005836 0.23729262217290037
0.6773682547445566 0.42899098203395614
0.8543134455998351 0.7845196366772115
0.91073174139421 0.025051793304357695
0.06828179325072548 0.38663892701144664
0.9311742111109326 0.38402775048270255
0.42328955918068545 0.5796858197960262
0.9506710088048858 0.07018881419030609
0.17638924838403036 0.5382039299932244
0.45249567244685507 0.5385282815004239
0.8527704965156033 0.4966735837753722
0.4849620022020661 0.6446163159090119
0.19255187829978715 0.6374706528652787
0.2597476631821046 0.8645295626755779
0.45099793468342486 0.8565198920801543
0.8050740240035051 0.7068214314552707
0.4865178588409793 0.9672194708096467
0.6124936902115004 0.08853576847393363
0.02490395535531653 0.5838787285746123
0.18576319086644444 0.7685565750213723
0.7236202967402076 0.13782439196622343
0.15125536594251154 0.284124745388628
0.1765521008192239 0.22249463479415088
0.1215923190082876 0.22014241618021868
0.7974793971319217 0.7382551620558232
0.8176564466327404 0.05592420501792039
0.5996394443049475 0.11333455228917133
0.04886337743668201 0.2803438154313408
0.24909348738873727 0.21419081435474996
0.027557737473991484 0.9438637789697957
0.41121607111852854 0.426785000314596
0.15061864203340158 0.3247245564966498
0.33247575013857855 0.7896516301019952
0.8198387235584841 0.9266091826248256
0.8037779684885635 0.9903201476491156
0.09236708949306593 0.5963875489430676
0.13699258327152863 0.4985551519421183
0.9534827134600481 0.15308482792095535
0.5528897429848748 0.10304756294869155
0.7861921566105106 0.5530062843648061
0.42655968728449045 0.6426029845169268
0.17562116830134777 0.2809908863224643
0.16549337947899223 0.7785373886828566
0.5308969643335881 0.35405431655999
0.10585253538001616 0.24190424087585216
0.13319405519403626 0.05122155191870181
0.7040592742423573 0.10734173050892815
0.125843526955987 0.24213849678032684
0.47368703609476537 0.2947421229489765
0.6508818606699811 0.9770900513294299
0.5717358381080928 0.680610059286741
0.8061419639104607 0.8223427121367792
0.6737270513245326 0.912889874732217
0.3479660806387249 0.27726733662688763
0.7936537756323786 0.26620711211520964
0.09684609297602187 0.4934878507893594
0.002674765785817379 0.6488821717455302
0.8167740534573179 0.43134017931476487
0.5795416118527582 0.17873948447409782
0.9338116533274949 0.5352147792569066
0.9861000864931384 0.5816484163816397
0.8353645279645919 0.9868954302108452
0.20280823730329123 0.03489715398314641
0.64887329137182 0.604796122530193
0.3820656419867724 0.9769141293660212
0.3371102428479471 0.4970360664159579
0.4812492291483902 0.8355162396206467
0.6669968036686622 0.6475834460597003
0.5227033587244425 0.5887765716695212
0.10983372293020521 0.7172358423700635
0.394532756348159 0.5657690655502556
0.013062464405914187 0.4749958612694153
0.653898908700154 0.9188609286553742
0.44715247188705276 0.4404385163554002
0.6236217298595268 0.7548881537731056
0.9759362670037738 0.5139564077988256
0.18324034097983055 0.9994634813746373
0.22469002775294866 0.5993079404562939
0.04728795363192706 0.6868299241813632
0.5274847508557918 0.48168240548781516
0.9963872582721727 0.517087537998264
0.12380882975802254 0.5145353206116858
0.4808751981721374 0.20328465917506267
0.34419007141721614 0.9897361516583864
0.2520163520354918 0.34277906438989747
0.9755214448102225 0.41810974850546534
0.19246664696322768 0.2904390404095918
0.5290213646286411 0.33124197044339043
0.3155001713290041 0.7856674962349587
0.44723616922046594 0.6304585428986604
0.9816136896662929 0.8908971964374671
0.38121871370799776 0.9551761908818704
0.7414748569529502 0.13611864937837082
0.5449935167321491 0.020363226477091656
0.8557818327648854 0.6321667252739666
0.8116460151680543 0.38163606798177974
0.46545333610641326 0.3149055460626221
0.6538493327812847 0.6265579067865406
0.5896701874907633 0.4131160404321911
0.251368836025625 0.5619937689842612
0.6146401933949416 0.6948036788377354
0.08906156013868771 0.5699158500761352
0.7025608048797667 0.03980900526822295
0.1511137155218497 0.9378422362423777
0.5981044526465286 0.41101668629704036
0.38073620959596155 0.6351306813458767
0.6388539527179915 0.3521233606441445
0.41926501077032263 0.7026384752537702
0.3864664332139889 0.7268389251574122
0.7645890467566433 0.15079858801487678
0.1869457159857808 0.5325589480024884
0.3960556278937233 0.019950967501425
0.14125519089376848 0.2709612183116791
0.601479420312192 0.04680749111965343
0.4216041273184118 0.5386424042232365
0.21160783492327684 0.2022174048425417
0.6040924463689049 0.21282570457831695
0.6983721691694714 0.21793985203169597
0.7050001420357743 0.8503339205750057
0.6254803862629862 0.10391879689916761
0.9058594889544344 0.6924364050522596
0.7533840412599909 0.5725947135251999
0.5315494928965646 0.9738430476053421
0.695378326356319 0.23307643876323525
0.7060033236314117 0.07103155844181286
