1 1 1 1 1 1 1 1 850 0
1 1 1 1 1 1 1 1 849 1
1 1 1 1 1 1 1 1 848 2
1 1 1 1 1 1 1 1 847 3
1 1 1 1 1 1 1 1 846 4
1 1 1 1 1 1 1 1 845 5
1 1 1 1 1 1 1 1 844 6
1 1 1 1 1 1 1 1 843 7
1 1 1 1 1 1 1 1 842 8
1 1 1 1 1 1 1 1 841 9
1 1 1 1 1 1 1 1 840 10
1 1 1 1 1 1 1 1 839 11
1 1 1 1 1 1 1 1 838 12
1 1 1 1 1 1 1 1 837 13
1 1 1 1 1 1 1 1 836 14
1 1 1 1 1 1 1 1 835 15
1 1 1 1 1 1 1 1 834 16
1 1 1 1 1 1 1 1 833 17
1 1 1 1 1 1 1 1 832 18
1 1 1 1 1 1 1 1 831 19
1 1 1 1 1 1 1 1 830 20
1 1 1 1 1 1 1 1 829 21
1 1 1 1 1 1 1 1 828 22
1 1 1 1 1 1 1 1 827 23
1 1 1 1 1 1 1 1 826 24
1 1 1 1 1 1 1 1 825 25
1 1 1 1 1 1 1 1 824 26
1 1 1 1 1 1 1 1 823 27
1 1 1 1 1 1 1 1 822 28
1 1 1 1 1 1 1 1 821 29
1 1 1 1 1 1 1 1 820 30
1 1 1 1 1 1 1 1 819 31
1 1 1 1 1 1 1 1 818 32
1 1 1 1 1 1 1 1 817 33
1 1 1 1 1 1 1 1 816 34
1 1 1 1 1 1 1 1 815 35
1 1 1 1 1 1 1 1 814 36
1 1 1 1 1 1 1 1 813 37
1 1 1 1 1 1 1 1 812 38
1 1 1 1 1 1 1 1 811 39
1 1 1 1 1 1 1 1 810 40
1 1 1 1 1 1 1 1 809 41
1 1 1 1 1 1 1 1 808 42
1 1 1 1 1 1 1 1 807 43
1 1 1 1 1 1 1 1 806 44
1 1 1 1 1 1 1 1 805 45
1 1 1 1 1 1 1 1 804 46
1 1 1 1 1 1 1 1 803 47
1 1 1 1 1 1 1 1 802 48
1 1 1 1 1 1 1 1 801 49
1 1 1 1 1 1 1 1 800 50
1 1 1 1 1 1 1 1 799 51
1 1 1 1 1 1 1 1 798 52
1 1 1 1 1 1 1 1 797 53
1 1 1 1 1 1 1 1 796 54
1 1 1 1 1 1 1 1 795 55
1 1 1 1 1 1 1 1 794 56
1 1 1 1 1 1 1 1 793 57
1 1 1 1 1 1 1 1 792 58
1 1 1 1 1 1 1 1 791 59
1 1 1 1 1 1 1 1 790 60
1 1 1 1 1 1 1 1 789 61
1 1 1 1 1 1 1 1 788 62
1 1 1 1 1 1 1 1 787 63
1 1 1 1 1 1 1 1 786 64
1 1 1 1 1 1 1 1 785 65
1 1 1 1 1 1 1 1 784 66
1 1 1 1 1 1 1 1 783 67
1 1 1 1 1 1 1 1 782 68
1 1 1 1 1 1 1 1 781 69
1 1 1 1 1 1 1 1 780 70
1 1 1 1 1 1 1 1 779 71
1 1 1 1 1 1 1 1 778 72
1 1 1 1 1 1 1 1 777 73
1 1 1 1 1 1 1 1 776 74
1 1 1 1 1 1 1 1 775 75
1 1 1 1 1 1 1 1 774 76
1 1 1 1 1 1 1 1 773 77
1 1 1 1 1 1 1 1 772 78
1 1 1 1 1 1 1 1 771 79
1 1 1 1 1 1 1 1 770 80
1 1 1 1 1 1 1 1 769 81
1 1 1 1 1 1 1 1 768 82
1 1 1 1 1 1 1 1 767 83
1 1 1 1 1 1 1 1 766 84
1 1 1 1 1 1 1 1 765 85
1 1 1 1 1 1 1 1 764 86
1 1 1 1 1 1 1 1 763 87
1 1 1 1 1 1 1 1 762 88
1 1 1 1 1 1 1 1 761 89
1 1 1 1 1 1 1 1 760 90
1 1 1 1 1 1 1 1 759 91
1 1 1 1 1 1 1 1 758 92
1 1 1 1 1 1 1 1 757 93
1 1 1 1 1 1 1 1 756 94
1 1 1 1 1 1 1 1 755 95
1 1 1 1 1 1 1 1 754 96
1 1 1 1 1 1 1 1 753 97
1 1 1 1 1 1 1 1 752 98
1 1 1 1 1 1 1 1 751 99
1 1 1 1 1 1 1 1 750 100
1 1 1 1 1 1 1 1 749 101
1 1 1 1 1 1 1 1 748 102
1 1 1 1 1 1 1 1 747 103
1 1 1 1 1 1 1 1 746 104
1 1 1 1 1 1 1 1 745 105
1 1 1 1 1 1 1 1 744 106
1 1 1 1 1 1 1 1 743 107
1 1 1 1 1 1 1 1 742 108
1 1 1 1 1 1 1 1 741 109
1 1 1 1 1 1 1 1 740 110
1 1 1 1 1 1 1 1 739 111
1 1 1 1 1 1 1 1 738 112
1 1 1 1 1 1 1 1 737 113
1 1 1 1 1 1 1 1 736 114
1 1 1 1 1 1 1 1 735 115
1 1 1 1 1 1 1 1 734 116
1 1 1 1 1 1 1 1 733 117
1 1 1 1 1 1 1 1 732 118
1 1 1 1 1 1 1 1 731 119
1 1 1 1 1 1 1 1 730 120
1 1 1 1 1 1 1 1 729 121
1 1 1 1 1 1 1 1 728 122
1 1 1 1 1 1 1 1 727 123
1 1 1 1 1 1 1 1 726 124
1 1 1 1 1 1 1 1 725 125
1 1 1 1 1 1 1 1 724 126
1 1 1 1 1 1 1 1 723 127
1 1 1 1 1 1 1 1 722 128
1 1 1 1 1 1 1 1 721 129
1 1 1 1 1 1 1 1 720 130
1 1 1 1 1 1 1 1 719 131
1 1 1 1 1 1 1 1 718 132
1 1 1 1 1 1 1 1 717 133
1 1 1 1 1 1 1 1 716 134
1 1 1 1 1 1 1 1 715 135
1 1 1 1 1 1 1 1 714 136
1 1 1 1 1 1 1 1 713 137
1 1 1 1 1 1 1 1 712 138
1 1 1 1 1 1 1 1 711 139
1 1 1 1 1 1 1 1 710 140
1 1 1 1 1 1 1 1 709 141
1 1 1 1 1 1 1 1 708 142
1 1 1 1 1 1 1 1 707 143
1 1 1 1 1 1 1 1 706 144
1 1 1 1 1 1 1 1 705 145
1 1 1 1 1 1 1 1 704 146
1 1 1 1 1 1 1 1 703 147
1 1 1 1 1 1 1 1 702 148
1 1 1 1 1 1 1 1 701 149
1 1 1 1 1 1 1 1 700 150
1 1 1 1 1 1 1 1 699 151
1 1 1 1 1 1 1 1 698 152
1 1 1 1 1 1 1 1 697 153
1 1 1 1 1 1 1 1 696 154
1 1 1 1 1 1 1 1 695 155
1 1 1 1 1 1 1 1 694 156
1 1 1 1 1 1 1 1 693 157
1 1 1 1 1 1 1 1 692 158
1 1 1 1 1 1 1 1 691 159
1 1 1 1 1 1 1 1 690 160
1 1 1 1 1 1 1 1 689 161
1 1 1 1 1 1 1 1 688 162
1 1 1 1 1 1 1 1 687 163
1 1 1 1 1 1 1 1 686 164
1 1 1 1 1 1 1 1 685 165
1 1 1 1 1 1 1 1 684 166
1 1 1 1 1 1 1 1 683 167
1 1 1 1 1 1 1 1 682 168
1 1 1 1 1 1 1 1 681 169
1 1 1 1 1 1 1 1 680 170
1 1 1 1 1 1 1 1 679 171
1 1 1 1 1 1 1 1 678 172
1 1 1 1 1 1 1 1 677 173
1 1 1 1 1 1 1 1 676 174
1 1 1 1 1 1 1 1 675 175
1 1 1 1 1 1 1 1 674 176
1 1 1 1 1 1 1 1 673 177
1 1 1 1 1 1 1 1 672 178
1 1 1 1 1 1 1 1 671 179
1 1 1 1 1 1 1 1 670 180
1 1 1 1 1 1 1 1 669 181
1 1 1 1 1 1 1 1 668 182
1 1 1 1 1 1 1 1 667 183
1 1 1 1 1 1 1 1 666 184
1 1 1 1 1 1 1 1 665 185
1 1 1 1 1 1 1 1 664 186
1 1 1 1 1 1 1 1 663 187
1 1 1 1 1 1 1 1 662 188
1 1 1 1 1 1 1 1 661 189
1 1 1 1 1 1 1 1 660 190
1 1 1 1 1 1 1 1 659 191
1 1 1 1 1 1 1 1 658 192
1 1 1 1 1 1 1 1 657 193
1 1 1 1 1 1 1 1 656 194
1 1 1 1 1 1 1 1 655 195
1 1 1 1 1 1 1 1 654 196
1 1 1 1 1 1 1 1 653 197
1 1 1 1 1 1 1 1 652 198
1 1 1 1 1 1 1 1 651 199
1 1 1 1 1 1 1 1 650 200
1 1 1 1 1 1 1 1 649 201
1 1 1 1 1 1 1 1 648 202
1 1 1 1 1 1 1 1 647 203
1 1 1 1 1 1 1 1 646 204
1 1 1 1 1 1 1 1 645 205
1 1 1 1 1 1 1 1 644 206
1 1 1 1 1 1 1 1 643 207
1 1 1 1 1 1 1 1 642 208
1 1 1 1 1 1 1 1 641 209
1 1 1 1 1 1 1 1 640 210
1 1 1 1 1 1 1 1 639 211
1 1 1 1 1 1 1 1 638 212
1 1 1 1 1 1 1 1 637 213
1 1 1 1 1 1 1 1 636 214
1 1 1 1 1 1 1 1 635 215
1 1 1 1 1 1 1 1 634 216
1 1 1 1 1 1 1 1 633 217
1 1 1 1 1 1 1 1 632 218
1 1 1 1 1 1 1 1 631 219
1 1 1 1 1 1 1 1 630 220
1 1 1 1 1 1 1 1 629 221
1 1 1 1 1 1 1 1 628 222
1 1 1 1 1 1 1 1 627 223
1 1 1 1 1 1 1 1 626 224
1 1 1 1 1 1 1 1 625 225
1 1 1 1 1 1 1 1 624 226
1 1 1 1 1 1 1 1 623 227
1 1 1 1 1 1 1 1 622 228
1 1 1 1 1 1 1 1 621 229
1 1 1 1 1 1 1 1 620 230
1 1 1 1 1 1 1 1 619 231
1 1 1 1 1 1 1 1 618 232
1 1 1 1 1 1 1 1 617 233
1 1 1 1 1 1 1 1 616 234
1 1 1 1 1 1 1 1 615 235
1 1 1 1 1 1 1 1 614 236
1 1 1 1 1 1 1 1 613 237
1 1 1 1 1 1 1 1 612 238
1 1 1 1 1 1 1 1 611 239
1 1 1 1 1 1 1 1 610 240
1 1 1 1 1 1 1 1 609 241
1 1 1 1 1 1 1 1 608 242
1 1 1 1 1 1 1 1 607 243
1 1 1 1 1 1 1 1 606 244
1 1 1 1 1 1 1 1 605 245
1 1 1 1 1 1 1 1 604 246
1 1 1 1 1 1 1 1 603 247
1 1 1 1 1 1 1 1 602 248
1 1 1 1 1 1 1 1 601 249
1 1 1 1 1 1 1 1 600 250
1 1 1 1 1 1 1 1 599 251
1 1 1 1 1 1 1 1 598 252
1 1 1 1 1 1 1 1 597 253
1 1 1 1 1 1 1 1 596 254
1 1 1 1 1 1 1 1 595 255
1 1 1 1 1 1 1 1 594 256
1 1 1 1 1 1 1 1 593 257
1 1 1 1 1 1 1 1 592 258
1 1 1 1 1 1 1 1 591 259
1 1 1 1 1 1 1 1 590 260
1 1 1 1 1 1 1 1 589 261
1 1 1 1 1 1 1 1 588 262
1 1 1 1 1 1 1 1 587 263
1 1 1 1 1 1 1 1 586 264
1 1 1 1 1 1 1 1 585 265
1 1 1 1 1 1 1 1 584 266
1 1 1 1 1 1 1 1 583 267
1 1 1 1 1 1 1 1 582 268
1 1 1 1 1 1 1 1 581 269
1 1 1 1 1 1 1 1 580 270
1 1 1 1 1 1 1 1 579 271
1 1 1 1 1 1 1 1 578 272
1 1 1 1 1 1 1 1 577 273
1 1 1 1 1 1 1 1 576 274
1 1 1 1 1 1 1 1 575 275
1 1 1 1 1 1 1 1 574 276
1 1 1 1 1 1 1 1 573 277
1 1 1 1 1 1 1 1 572 278
1 1 1 1 1 1 1 1 571 279
1 1 1 1 1 1 1 1 570 280
1 1 1 1 1 1 1 1 569 281
1 1 1 1 1 1 1 1 568 282
1 1 1 1 1 1 1 1 567 283
1 1 1 1 1 1 1 1 566 284
1 1 1 1 1 1 1 1 565 285
1 1 1 1 1 1 1 1 564 286
1 1 1 1 1 1 1 1 563 287
1 1 1 1 1 1 1 1 562 288
1 1 1 1 1 1 1 1 561 289
1 1 1 1 1 1 1 1 560 290
1 1 1 1 1 1 1 1 559 291
1 1 1 1 1 1 1 1 558 292
1 1 1 1 1 1 1 1 557 293
1 1 1 1 1 1 1 1 556 294
1 1 1 1 1 1 1 1 555 295
1 1 1 1 1 1 1 1 554 296
1 1 1 1 1 1 1 1 553 297
1 1 1 1 1 1 1 1 552 298
1 1 1 1 1 1 1 1 551 299
1 1 1 1 1 1 1 1 550 300
1 1 1 1 1 1 1 1 549 301
1 1 1 1 1 1 1 1 548 302
1 1 1 1 1 1 1 1 547 303
1 1 1 1 1 1 1 1 546 304
1 1 1 1 1 1 1 1 545 305
1 1 1 1 1 1 1 1 544 306
1 1 1 1 1 1 1 1 543 307
1 1 1 1 1 1 1 1 542 308
1 1 1 1 1 1 1 1 541 309
1 1 1 1 1 1 1 1 540 310
1 1 1 1 1 1 1 1 539 311
1 1 1 1 1 1 1 1 538 312
1 1 1 1 1 1 1 1 537 313
1 1 1 1 1 1 1 1 536 314
1 1 1 1 1 1 1 1 535 315
1 1 1 1 1 1 1 1 534 316
1 1 1 1 1 1 1 1 533 317
1 1 1 1 1 1 1 1 532 318
1 1 1 1 1 1 1 1 531 319
1 1 1 1 1 1 1 1 530 320
1 1 1 1 1 1 1 1 529 321
1 1 1 1 1 1 1 1 528 322
1 1 1 1 1 1 1 1 527 323
1 1 1 1 1 1 1 1 526 324
1 1 1 1 1 1 1 1 525 325
1 1 1 1 1 1 1 1 524 326
1 1 1 1 1 1 1 1 523 327
1 1 1 1 1 1 1 1 522 328
1 1 1 1 1 1 1 1 521 329
1 1 1 1 1 1 1 1 520 330
1 1 1 1 1 1 1 1 519 331
1 1 1 1 1 1 1 1 518 332
1 1 1 1 1 1 1 1 517 333
1 1 1 1 1 1 1 1 516 334
1 1 1 1 1 1 1 1 515 335
1 1 1 1 1 1 1 1 514 336
1 1 1 1 1 1 1 1 513 337
1 1 1 1 1 1 1 1 512 338
1 1 1 1 1 1 1 1 511 339
1 1 1 1 1 1 1 1 510 340
1 1 1 1 1 1 1 1 509 341
1 1 1 1 1 1 1 1 508 342
1 1 1 1 1 1 1 1 507 343
1 1 1 1 1 1 1 1 506 344
1 1 1 1 1 1 1 1 505 345
1 1 1 1 1 1 1 1 504 346
1 1 1 1 1 1 1 1 503 347
1 1 1 1 1 1 1 1 502 348
1 1 1 1 1 1 1 1 501 349
1 1 1 1 1 1 1 1 500 350
1 1 1 1 1 1 1 1 499 351
1 1 1 1 1 1 1 1 498 352
1 1 1 1 1 1 1 1 497 353
1 1 1 1 1 1 1 1 496 354
1 1 1 1 1 1 1 1 495 355
1 1 1 1 1 1 1 1 494 356
1 1 1 1 1 1 1 1 493 357
1 1 1 1 1 1 1 1 492 358
1 1 1 1 1 1 1 1 491 359
1 1 1 1 1 1 1 1 490 360
1 1 1 1 1 1 1 1 489 361
1 1 1 1 1 1 1 1 488 362
1 1 1 1 1 1 1 1 487 363
1 1 1 1 1 1 1 1 486 364
1 1 1 1 1 1 1 1 485 365
1 1 1 1 1 1 1 1 484 366
1 1 1 1 1 1 1 1 483 367
1 1 1 1 1 1 1 1 482 368
1 1 1 1 1 1 1 1 481 369
1 1 1 1 1 1 1 1 480 370
1 1 1 1 1 1 1 1 479 371
1 1 1 1 1 1 1 1 478 372
1 1 1 1 1 1 1 1 477 373
1 1 1 1 1 1 1 1 476 374
1 1 1 1 1 1 1 1 475 375
1 1 1 1 1 1 1 1 474 376
1 1 1 1 1 1 1 1 473 377
1 1 1 1 1 1 1 1 472 378
1 1 1 1 1 1 1 1 471 379
1 1 1 1 1 1 1 1 470 380
1 1 1 1 1 1 1 1 469 381
1 1 1 1 1 1 1 1 468 382
1 1 1 1 1 1 1 1 467 383
1 1 1 1 1 1 1 1 466 384
1 1 1 1 1 1 1 1 465 385
1 1 1 1 1 1 1 1 464 386
1 1 1 1 1 1 1 1 463 387
1 1 1 1 1 1 1 1 462 388
1 1 1 1 1 1 1 1 461 389
1 1 1 1 1 1 1 1 460 390
1 1 1 1 1 1 1 1 459 391
1 1 1 1 1 1 1 1 458 392
1 1 1 1 1 1 1 1 457 393
1 1 1 1 1 1 1 1 456 394
1 1 1 1 1 1 1 1 455 395
1 1 1 1 1 1 1 1 454 396
1 1 1 1 1 1 1 1 453 397
1 1 1 1 1 1 1 1 452 398
1 1 1 1 1 1 1 1 451 399
1 1 1 1 1 1 1 1 450 400
1 1 1 1 1 1 1 1 449 401
1 1 1 1 1 1 1 1 448 402
1 1 1 1 1 1 1 1 447 403
1 1 1 1 1 1 1 1 446 404
1 1 1 1 1 1 1 1 445 405
1 1 1 1 1 1 1 1 444 406
1 1 1 1 1 1 1 1 443 407
1 1 1 1 1 1 1 1 442 408
1 1 1 1 1 1 1 1 441 409
1 1 1 1 1 1 1 1 440 410
1 1 1 1 1 1 1 1 439 411
1 1 1 1 1 1 1 1 438 412
1 1 1 1 1 1 1 1 437 413
1 1 1 1 1 1 1 1 436 414
1 1 1 1 1 1 1 1 435 415
1 1 1 1 1 1 1 1 434 416
1 1 1 1 1 1 1 1 433 417
1 1 1 1 1 1 1 1 432 418
1 1 1 1 1 1 1 1 431 419
1 1 1 1 1 1 1 1 430 420
1 1 1 1 1 1 1 1 429 421
1 1 1 1 1 1 1 1 428 422
1 1 1 1 1 1 1 1 427 423
1 1 1 1 1 1 1 1 426 424
1 1 1 1 1 1 1 1 425 425
1 1 1 1 1 1 1 1 424 426
1 1 1 1 1 1 1 1 423 427
1 1 1 1 1 1 1 1 422 428
1 1 1 1 1 1 1 1 421 429
1 1 1 1 1 1 1 1 420 430
1 1 1 1 1 1 1 1 419 431
1 1 1 1 1 1 1 1 418 432
1 1 1 1 1 1 1 1 417 433
1 1 1 1 1 1 1 1 416 434
1 1 1 1 1 1 1 1 415 435
1 1 1 1 1 1 1 1 414 436
1 1 1 1 1 1 1 1 413 437
1 1 1 1 1 1 1 1 412 438
1 1 1 1 1 1 1 1 411 439
1 1 1 1 1 1 1 1 410 440
1 1 1 1 1 1 1 1 409 441
1 1 1 1 1 1 1 1 408 442
1 1 1 1 1 1 1 1 407 443
1 1 1 1 1 1 1 1 406 444
1 1 1 1 1 1 1 1 405 445
1 1 1 1 1 1 1 1 404 446
1 1 1 1 1 1 1 1 403 447
1 1 1 1 1 1 1 1 402 448
1 1 1 1 1 1 1 1 401 449
1 1 1 1 1 1 1 1 400 450
1 1 1 1 1 1 1 1 399 451
1 1 1 1 1 1 1 1 398 452
1 1 1 1 1 1 1 1 397 453
1 1 1 1 1 1 1 1 396 454
1 1 1 1 1 1 1 1 395 455
1 1 1 1 1 1 1 1 394 456
1 1 1 1 1 1 1 1 393 457
1 1 1 1 1 1 1 1 392 458
1 1 1 1 1 1 1 1 391 459
1 1 1 1 1 1 1 1 390 460
1 1 1 1 1 1 1 1 389 461
1 1 1 1 1 1 1 1 388 462
1 1 1 1 1 1 1 1 387 463
1 1 1 1 1 1 1 1 386 464
1 1 1 1 1 1 1 1 385 465
1 1 1 1 1 1 1 1 384 466
1 1 1 1 1 1 1 1 383 467
1 1 1 1 1 1 1 1 382 468
1 1 1 1 1 1 1 1 381 469
1 1 1 1 1 1 1 1 380 470
1 1 1 1 1 1 1 1 379 471
1 1 1 1 1 1 1 1 378 472
1 1 1 1 1 1 1 1 377 473
1 1 1 1 1 1 1 1 376 474
1 1 1 1 1 1 1 1 375 475
1 1 1 1 1 1 1 1 374 476
1 1 1 1 1 1 1 1 373 477
1 1 1 1 1 1 1 1 372 478
1 1 1 1 1 1 1 1 371 479
1 1 1 1 1 1 1 1 370 480
1 1 1 1 1 1 1 1 369 481
1 1 1 1 1 1 1 1 368 482
1 1 1 1 1 1 1 1 367 483
1 1 1 1 1 1 1 1 366 484
1 1 1 1 1 1 1 1 365 485
1 1 1 1 1 1 1 1 364 486
1 1 1 1 1 1 1 1 363 487
1 1 1 1 1 1 1 1 362 488
1 1 1 1 1 1 1 1 361 489
1 1 1 1 1 1 1 1 360 490
1 1 1 1 1 1 1 1 359 491
1 1 1 1 1 1 1 1 358 492
1 1 1 1 1 1 1 1 357 493
1 1 1 1 1 1 1 1 356 494
1 1 1 1 1 1 1 1 355 495
1 1 1 1 1 1 1 1 354 496
1 1 1 1 1 1 1 1 353 497
1 1 1 1 1 1 1 1 352 498
1 1 1 1 1 1 1 1 351 499
1 1 1 1 1 1 1 1 350 500
1 1 1 1 1 1 1 1 349 501
1 1 1 1 1 1 1 1 348 502
1 1 1 1 1 1 1 1 347 503
1 1 1 1 1 1 1 1 346 504
1 1 1 1 1 1 1 1 345 505
1 1 1 1 1 1 1 1 344 506
1 1 1 1 1 1 1 1 343 507
1 1 1 1 1 1 1 1 342 508
1 1 1 1 1 1 1 1 341 509
1 1 1 1 1 1 1 1 340 510
1 1 1 1 1 1 1 1 339 511
1 1 1 1 1 1 1 1 338 512
1 1 1 1 1 1 1 1 337 513
1 1 1 1 1 1 1 1 336 514
1 1 1 1 1 1 1 1 335 515
1 1 1 1 1 1 1 1 334 516
1 1 1 1 1 1 1 1 333 517
1 1 1 1 1 1 1 1 332 518
1 1 1 1 1 1 1 1 331 519
1 1 1 1 1 1 1 1 330 520
1 1 1 1 1 1 1 1 329 521
1 1 1 1 1 1 1 1 328 522
1 1 1 1 1 1 1 1 327 523
1 1 1 1 1 1 1 1 326 524
1 1 1 1 1 1 1 1 325 525
1 1 1 1 1 1 1 1 324 526
1 1 1 1 1 1 1 1 323 527
1 1 1 1 1 1 1 1 322 528
1 1 1 1 1 1 1 1 321 529
1 1 1 1 1 1 1 1 320 530
1 1 1 1 1 1 1 1 319 531
1 1 1 1 1 1 1 1 318 532
1 1 1 1 1 1 1 1 317 533
1 1 1 1 1 1 1 1 316 534
1 1 1 1 1 1 1 1 315 535
1 1 1 1 1 1 1 1 314 536
1 1 1 1 1 1 1 1 313 537
1 1 1 1 1 1 1 1 312 538
1 1 1 1 1 1 1 1 311 539
1 1 1 1 1 1 1 1 310 540
1 1 1 1 1 1 1 1 309 541
1 1 1 1 1 1 1 1 308 542
1 1 1 1 1 1 1 1 307 543
1 1 1 1 1 1 1 1 306 544
1 1 1 1 1 1 1 1 305 545
1 1 1 1 1 1 1 1 304 546
1 1 1 1 1 1 1 1 303 547
1 1 1 1 1 1 1 1 302 548
1 1 1 1 1 1 1 1 301 549
1 1 1 1 1 1 1 1 300 550
1 1 1 1 1 1 1 1 299 551
1 1 1 1 1 1 1 1 298 552
1 1 1 1 1 1 1 1 297 553
1 1 1 1 1 1 1 1 296 554
1 1 1 1 1 1 1 1 295 555
1 1 1 1 1 1 1 1 294 556
1 1 1 1 1 1 1 1 293 557
1 1 1 1 1 1 1 1 292 558
1 1 1 1 1 1 1 1 291 559
1 1 1 1 1 1 1 1 290 560
1 1 1 1 1 1 1 1 289 561
1 1 1 1 1 1 1 1 288 562
1 1 1 1 1 1 1 1 287 563
1 1 1 1 1 1 1 1 286 564
1 1 1 1 1 1 1 1 285 565
1 1 1 1 1 1 1 1 284 566
1 1 1 1 1 1 1 1 283 567
1 1 1 1 1 1 1 1 282 568
1 1 1 1 1 1 1 1 281 569
1 1 1 1 1 1 1 1 280 570
1 1 1 1 1 1 1 1 279 571
1 1 1 1 1 1 1 1 278 572
1 1 1 1 1 1 1 1 277 573
1 1 1 1 1 1 1 1 276 574
1 1 1 1 1 1 1 1 275 575
1 1 1 1 1 1 1 1 274 576
1 1 1 1 1 1 1 1 273 577
1 1 1 1 1 1 1 1 272 578
1 1 1 1 1 1 1 1 271 579
1 1 1 1 1 1 1 1 270 580
1 1 1 1 1 1 1 1 269 581
1 1 1 1 1 1 1 1 268 582
1 1 1 1 1 1 1 1 267 583
1 1 1 1 1 1 1 1 266 584
1 1 1 1 1 1 1 1 265 585
1 1 1 1 1 1 1 1 264 586
1 1 1 1 1 1 1 1 263 587
1 1 1 1 1 1 1 1 262 588
1 1 1 1 1 1 1 1 261 589
1 1 1 1 1 1 1 1 260 590
1 1 1 1 1 1 1 1 259 591
1 1 1 1 1 1 1 1 258 592
1 1 1 1 1 1 1 1 257 593
1 1 1 1 1 1 1 1 256 594
1 1 1 1 1 1 1 1 255 595
1 1 1 1 1 1 1 1 254 596
1 1 1 1 1 1 1 1 253 597
1 1 1 1 1 1 1 1 252 598
1 1 1 1 1 1 1 1 251 599
1 1 1 1 1 1 1 1 250 600
1 1 1 1 1 1 1 1 249 601
1 1 1 1 1 1 1 1 248 602
1 1 1 1 1 1 1 1 247 603
1 1 1 1 1 1 1 1 246 604
1 1 1 1 1 1 1 1 245 605
1 1 1 1 1 1 1 1 244 606
1 1 1 1 1 1 1 1 243 607
1 1 1 1 1 1 1 1 242 608
1 1 1 1 1 1 1 1 241 609
1 1 1 1 1 1 1 1 240 610
1 1 1 1 1 1 1 1 239 611
1 1 1 1 1 1 1 1 238 612
1 1 1 1 1 1 1 1 237 613
1 1 1 1 1 1 1 1 236 614
1 1 1 1 1 1 1 1 235 615
1 1 1 1 1 1 1 1 234 616
1 1 1 1 1 1 1 1 233 617
1 1 1 1 1 1 1 1 232 618
1 1 1 1 1 1 1 1 231 619
1 1 1 1 1 1 1 1 230 620
1 1 1 1 1 1 1 1 229 621
1 1 1 1 1 1 1 1 228 622
1 1 1 1 1 1 1 1 227 623
1 1 1 1 1 1 1 1 226 624
1 1 1 1 1 1 1 1 225 625
1 1 1 1 1 1 1 1 224 626
1 1 1 1 1 1 1 1 223 627
1 1 1 1 1 1 1 1 222 628
1 1 1 1 1 1 1 1 221 629
1 1 1 1 1 1 1 1 220 630
1 1 1 1 1 1 1 1 219 631
1 1 1 1 1 1 1 1 218 632
1 1 1 1 1 1 1 1 217 633
1 1 1 1 1 1 1 1 216 634
1 1 1 1 1 1 1 1 215 635
1 1 1 1 1 1 1 1 214 636
1 1 1 1 1 1 1 1 213 637
1 1 1 1 1 1 1 1 212 638
1 1 1 1 1 1 1 1 211 639
1 1 1 1 1 1 1 1 210 640
1 1 1 1 1 1 1 1 209 641
1 1 1 1 1 1 1 1 208 642
1 1 1 1 1 1 1 1 207 643
1 1 1 1 1 1 1 1 206 644
1 1 1 1 1 1 1 1 205 645
1 1 1 1 1 1 1 1 204 646
1 1 1 1 1 1 1 1 203 647
1 1 1 1 1 1 1 1 202 648
1 1 1 1 1 1 1 1 201 649
1 1 1 1 1 1 1 1 200 650
1 1 1 1 1 1 1 1 199 651
1 1 1 1 1 1 1 1 198 652
1 1 1 1 1 1 1 1 197 653
1 1 1 1 1 1 1 1 196 654
1 1 1 1 1 1 1 1 195 655
1 1 1 1 1 1 1 1 194 656
1 1 1 1 1 1 1 1 193 657
1 1 1 1 1 1 1 1 192 658
1 1 1 1 1 1 1 1 191 659
1 1 1 1 1 1 1 1 190 660
1 1 1 1 1 1 1 1 189 661
1 1 1 1 1 1 1 1 188 662
1 1 1 1 1 1 1 1 187 663
1 1 1 1 1 1 1 1 186 664
1 1 1 1 1 1 1 1 185 665
1 1 1 1 1 1 1 1 184 666
1 1 1 1 1 1 1 1 183 667
1 1 1 1 1 1 1 1 182 668
1 1 1 1 1 1 1 1 181 669
1 1 1 1 1 1 1 1 180 670
1 1 1 1 1 1 1 1 179 671
1 1 1 1 1 1 1 1 178 672
1 1 1 1 1 1 1 1 177 673
1 1 1 1 1 1 1 1 176 674
1 1 1 1 1 1 1 1 175 675
1 1 1 1 1 1 1 1 174 676
1 1 1 1 1 1 1 1 173 677
1 1 1 1 1 1 1 1 172 678
1 1 1 1 1 1 1 1 171 679
1 1 1 1 1 1 1 1 170 680
1 1 1 1 1 1 1 1 169 681
1 1 1 1 1 1 1 1 168 682
1 1 1 1 1 1 1 1 167 683
1 1 1 1 1 1 1 1 166 684
1 1 1 1 1 1 1 1 165 685
1 1 1 1 1 1 1 1 164 686
1 1 1 1 1 1 1 1 163 687
1 1 1 1 1 1 1 1 162 688
1 1 1 1 1 1 1 1 161 689
1 1 1 1 1 1 1 1 160 690
1 1 1 1 1 1 1 1 159 691
1 1 1 1 1 1 1 1 158 692
1 1 1 1 1 1 1 1 157 693
1 1 1 1 1 1 1 1 156 694
1 1 1 1 1 1 1 1 155 695
1 1 1 1 1 1 1 1 154 696
1 1 1 1 1 1 1 1 153 697
1 1 1 1 1 1 1 1 152 698
1 1 1 1 1 1 1 1 151 699
1 1 1 1 1 1 1 1 150 700
1 1 1 1 1 1 1 1 149 701
1 1 1 1 1 1 1 1 148 702
1 1 1 1 1 1 1 1 147 703
1 1 1 1 1 1 1 1 146 704
1 1 1 1 1 1 1 1 145 705
1 1 1 1 1 1 1 1 144 706
1 1 1 1 1 1 1 1 143 707
1 1 1 1 1 1 1 1 142 708
1 1 1 1 1 1 1 1 141 709
1 1 1 1 1 1 1 1 140 710
1 1 1 1 1 1 1 1 139 711
1 1 1 1 1 1 1 1 138 712
1 1 1 1 1 1 1 1 137 713
1 1 1 1 1 1 1 1 136 714
1 1 1 1 1 1 1 1 135 715
1 1 1 1 1 1 1 1 134 716
1 1 1 1 1 1 1 1 133 717
1 1 1 1 1 1 1 1 132 718
1 1 1 1 1 1 1 1 131 719
1 1 1 1 1 1 1 1 130 720
1 1 1 1 1 1 1 1 129 721
1 1 1 1 1 1 1 1 128 722
1 1 1 1 1 1 1 1 127 723
1 1 1 1 1 1 1 1 126 724
1 1 1 1 1 1 1 1 125 725
1 1 1 1 1 1 1 1 124 726
1 1 1 1 1 1 1 1 123 727
1 1 1 1 1 1 1 1 122 728
1 1 1 1 1 1 1 1 121 729
1 1 1 1 1 1 1 1 120 730
1 1 1 1 1 1 1 1 119 731
1 1 1 1 1 1 1 1 118 732
1 1 1 1 1 1 1 1 117 733
1 1 1 1 1 1 1 1 116 734
1 1 1 1 1 1 1 1 115 735
1 1 1 1 1 1 1 1 114 736
1 1 1 1 1 1 1 1 113 737
1 1 1 1 1 1 1 1 112 738
1 1 1 1 1 1 1 1 111 739
1 1 1 1 1 1 1 1 110 740
1 1 1 1 1 1 1 1 109 741
1 1 1 1 1 1 1 1 108 742
1 1 1 1 1 1 1 1 107 743
1 1 1 1 1 1 1 1 106 744
1 1 1 1 1 1 1 1 105 745
1 1 1 1 1 1 1 1 104 746
1 1 1 1 1 1 1 1 103 747
1 1 1 1 1 1 1 1 102 748
1 1 1 1 1 1 1 1 101 749
1 1 1 1 1 1 1 1 100 750
1 1 1 1 1 1 1 1 99 751
1 1 1 1 1 1 1 1 98 752
1 1 1 1 1 1 1 1 97 753
1 1 1 1 1 1 1 1 96 754
1 1 1 1 1 1 1 1 95 755
1 1 1 1 1 1 1 1 94 756
1 1 1 1 1 1 1 1 93 757
1 1 1 1 1 1 1 1 92 758
1 1 1 1 1 1 1 1 91 759
1 1 1 1 1 1 1 1 90 760
1 1 1 1 1 1 1 1 89 761
1 1 1 1 1 1 1 1 88 762
1 1 1 1 1 1 1 1 87 763
1 1 1 1 1 1 1 1 86 764
1 1 1 1 1 1 1 1 85 765
1 1 1 1 1 1 1 1 84 766
1 1 1 1 1 1 1 1 83 767
1 1 1 1 1 1 1 1 82 768
1 1 1 1 1 1 1 1 81 769
1 1 1 1 1 1 1 1 80 770
1 1 1 1 1 1 1 1 79 771
1 1 1 1 1 1 1 1 78 772
1 1 1 1 1 1 1 1 77 773
1 1 1 1 1 1 1 1 76 774
1 1 1 1 1 1 1 1 75 775
1 1 1 1 1 1 1 1 74 776
1 1 1 1 1 1 1 1 73 777
1 1 1 1 1 1 1 1 72 778
1 1 1 1 1 1 1 1 71 779
1 1 1 1 1 1 1 1 70 780
1 1 1 1 1 1 1 1 69 781
1 1 1 1 1 1 1 1 68 782
1 1 1 1 1 1 1 1 67 783
1 1 1 1 1 1 1 1 66 784
1 1 1 1 1 1 1 1 65 785
1 1 1 1 1 1 1 1 64 786
1 1 1 1 1 1 1 1 63 787
1 1 1 1 1 1 1 1 62 788
1 1 1 1 1 1 1 1 61 789
1 1 1 1 1 1 1 1 60 790
1 1 1 1 1 1 1 1 59 791
1 1 1 1 1 1 1 1 58 792
1 1 1 1 1 1 1 1 57 793
1 1 1 1 1 1 1 1 56 794
1 1 1 1 1 1 1 1 55 795
1 1 1 1 1 1 1 1 54 796
1 1 1 1 1 1 1 1 53 797
1 1 1 1 1 1 1 1 52 798
1 1 1 1 1 1 1 1 51 799
1 1 1 1 1 1 1 1 50 800
1 1 1 1 1 1 1 1 49 801
1 1 1 1 1 1 1 1 48 802
1 1 1 1 1 1 1 1 47 803
1 1 1 1 1 1 1 1 46 804
1 1 1 1 1 1 1 1 45 805
1 1 1 1 1 1 1 1 44 806
1 1 1 1 1 1 1 1 43 807
1 1 1 1 1 1 1 1 42 808
1 1 1 1 1 1 1 1 41 809
1 1 1 1 1 1 1 1 40 810
1 1 1 1 1 1 1 1 39 811
1 1 1 1 1 1 1 1 38 812
1 1 1 1 1 1 1 1 37 813
1 1 1 1 1 1 1 1 36 814
1 1 1 1 1 1 1 1 35 815
1 1 1 1 1 1 1 1 34 816
1 1 1 1 1 1 1 1 33 817
1 1 1 1 1 1 1 1 32 818
1 1 1 1 1 1 1 1 31 819
1 1 1 1 1 1 1 1 30 820
1 1 1 1 1 1 1 1 29 821
1 1 1 1 1 1 1 1 28 822
1 1 1 1 1 1 1 1 27 823
1 1 1 1 1 1 1 1 26 824
1 1 1 1 1 1 1 1 25 825
1 1 1 1 1 1 1 1 24 826
1 1 1 1 1 1 1 1 23 827
1 1 1 1 1 1 1 1 22 828
1 1 1 1 1 1 1 1 21 829
1 1 1 1 1 1 1 1 20 830
1 1 1 1 1 1 1 1 19 831
1 1 1 1 1 1 1 1 18 832
1 1 1 1 1 1 1 1 17 833
1 1 1 1 1 1 1 1 16 834
1 1 1 1 1 1 1 1 15 835
1 1 1 1 1 1 1 1 14 836
1 1 1 1 1 1 1 1 13 837
1 1 1 1 1 1 1 1 12 838
1 1 1 1 1 1 1 1 11 839
1 1 1 1 1 1 1 1 10 840
1 1 1 1 1 1 1 1 9 841
1 1 1 1 1 1 1 1 8 842
1 1 1 1 1 1 1 1 7 843
1 1 1 1 1 1 1 1 6 844
1 1 1 1 1 1 1 1 5 845
1 1 1 1 1 1 1 1 4 846
1 1 1 1 1 1 1 1 3 847
1 1 1 1 1 1 1 1 2 848
1 1 1 1 1 1 1 1 1 849
1 1 1 1 1 1 1 1 0 850
1 1 1 1 1 1 1 1 0 849
1 1 1 1 1 1 1 1 0 848
1 1 1 1 1 1 1 1 0 847
1 1 1 1 1 1 1 1 0 846
1 1 1 1 1 1 1 1 0 845
1 1 1 1 1 1 1 1 0 844
1 1 1 1 1 1 1 1 0 843
1 1 1 1 1 1 1 1 0 842
1 1 1 1 1 1 1 1 0 841
1 1 1 1 1 1 1 1 0 840
1 1 1 1 1 1 1 1 0 839
1 1 1 1 1 1 1 1 0 838
1 1 1 1 1 1 1 1 0 837
1 1 1 1 1 1 1 1 0 836
1 1 1 1 1 1 1 1 0 835
1 1 1 1 1 1 1 1 0 834
1 1 1 1 1 1 1 1 0 833
1 1 1 1 1 1 1 1 0 832
1 1 1 1 1 1 1 1 0 831
1 1 1 1 1 1 1 1 0 830
1 1 1 1 1 1 1 1 0 829
1 1 1 1 1 1 1 1 0 828
1 1 1 1 1 1 1 1 0 827
1 1 1 1 1 1 1 1 0 826
1 1 1 1 1 1 1 1 0 825
1 1 1 1 1 1 1 1 0 824
1 1 1 1 1 1 1 1 0 823
1 1 1 1 1 1 1 1 0 822
1 1 1 1 1 1 1 1 0 821
1 1 1 1 1 1 1 1 0 820
1 1 1 1 1 1 1 1 0 819
1 1 1 1 1 1 1 1 0 818
1 1 1 1 1 1 1 1 0 817
1 1 1 1 1 1 1 1 0 816
1 1 1 1 1 1 1 1 0 815
1 1 1 1 1 1 1 1 0 814
1 1 1 1 1 1 1 1 0 813
1 1 1 1 1 1 1 1 0 812
1 1 1 1 1 1 1 1 0 811
1 1 1 1 1 1 1 1 0 810
1 1 1 1 1 1 1 1 0 809
1 1 1 1 1 1 1 1 0 808
1 1 1 1 1 1 1 1 0 807
1 1 1 1 1 1 1 1 0 806
1 1 1 1 1 1 1 1 0 805
1 1 1 1 1 1 1 1 0 804
1 1 1 1 1 1 1 1 0 803
1 1 1 1 1 1 1 1 0 802
1 1 1 1 1 1 1 1 0 801
1 1 1 1 1 1 1 1 0 800
1 1 1 1 1 1 1 1 0 799
1 1 1 1 1 1 1 1 0 798
1 1 1 1 1 1 1 1 0 797
1 1 1 1 1 1 1 1 0 796
1 1 1 1 1 1 1 1 0 795
1 1 1 1 1 1 1 1 0 794
1 1 1 1 1 1 1 1 0 793
1 1 1 1 1 1 1 1 0 792
1 1 1 1 1 1 1 1 0 791
1 1 1 1 1 1 1 1 0 790
1 1 1 1 1 1 1 1 0 789
1 1 1 1 1 1 1 1 0 788
1 1 1 1 1 1 1 1 0 787
1 1 1 1 1 1 1 1 0 786
1 1 1 1 1 1 1 1 0 785
1 1 1 1 1 1 1 1 0 784
1 1 1 1 1 1 1 1 0 783
1 1 1 1 1 1 1 1 0 782
1 1 1 1 1 1 1 1 0 781
1 1 1 1 1 1 1 1 0 780
1 1 1 1 1 1 1 1 0 779
1 1 1 1 1 1 1 1 0 778
1 1 1 1 1 1 1 1 0 777
1 1 1 1 1 1 1 1 0 776
1 1 1 1 1 1 1 1 0 775
1 1 1 1 1 1 1 1 0 774
1 1 1 1 1 1 1 1 0 773
1 1 1 1 1 1 1 1 0 772
1 1 1 1 1 1 1 1 0 771
1 1 1 1 1 1 1 1 0 770
1 1 1 1 1 1 1 1 0 769
1 1 1 1 1 1 1 1 0 768
1 1 1 1 1 1 1 1 0 767
1 1 1 1 1 1 1 1 0 766
1 1 1 1 1 1 1 1 0 765
1 1 1 1 1 1 1 1 0 764
1 1 1 1 1 1 1 1 0 763
1 1 1 1 1 1 1 1 0 762
1 1 1 1 1 1 1 1 0 761
1 1 1 1 1 1 1 1 0 760
1 1 1 1 1 1 1 1 0 759
1 1 1 1 1 1 1 1 0 758
1 1 1 1 1 1 1 1 0 757
1 1 1 1 1 1 1 1 0 756
1 1 1 1 1 1 1 1 0 755
1 1 1 1 1 1 1 1 0 754
1 1 1 1 1 1 1 1 0 753
1 1 1 1 1 1 1 1 0 752
1 1 1 1 1 1 1 1 0 751
1 1 1 1 1 1 1 1 0 750
1 1 1 1 1 1 1 1 0 749
1 1 1 1 1 1 1 1 0 748
1 1 1 1 1 1 1 1 0 747
1 1 1 1 1 1 1 1 0 746
1 1 1 1 1 1 1 1 0 745
1 1 1 1 1 1 1 1 0 744
1 1 1 1 1 1 1 1 0 743
1 1 1 1 1 1 1 1 0 742
1 1 1 1 1 1 1 1 0 741
1 1 1 1 1 1 1 1 0 740
1 1 1 1 1 1 1 1 0 739
1 1 1 1 1 1 1 1 0 738
1 1 1 1 1 1 1 1 0 737
1 1 1 1 1 1 1 1 0 736
1 1 1 1 1 1 1 1 0 735
1 1 1 1 1 1 1 1 0 734
1 1 1 1 1 1 1 1 0 733
1 1 1 1 1 1 1 1 0 732
1 1 1 1 1 1 1 1 0 731
1 1 1 1 1 1 1 1 0 730
1 1 1 1 1 1 1 1 0 729
1 1 1 1 1 1 1 1 0 728
1 1 1 1 1 1 1 1 0 727
1 1 1 1 1 1 1 1 0 726
1 1 1 1 1 1 1 1 0 725
1 1 1 1 1 1 1 1 0 724
1 1 1 1 1 1 1 1 0 723
1 1 1 1 1 1 1 1 0 722
1 1 1 1 1 1 1 1 0 721
1 1 1 1 1 1 1 1 0 720
1 1 1 1 1 1 1 1 0 719
1 1 1 1 1 1 1 1 0 718
1 1 1 1 1 1 1 1 0 717
1 1 1 1 1 1 1 1 0 716
1 1 1 1 1 1 1 1 0 715
1 1 1 1 1 1 1 1 0 714
1 1 1 1 1 1 1 1 0 713
1 1 1 1 1 1 1 1 0 712
1 1 1 1 1 1 1 1 0 711
1 1 1 1 1 1 1 1 0 710
1 1 1 1 1 1 1 1 0 709
1 1 1 1 1 1 1 1 0 708
1 1 1 1 1 1 1 1 0 707
1 1 1 1 1 1 1 1 0 706
1 1 1 1 1 1 1 1 0 705
1 1 1 1 1 1 1 1 0 704
1 1 1 1 1 1 1 1 0 703
1 1 1 1 1 1 1 1 0 702
1 1 1 1 1 1 1 1 0 701
1 1 1 1 1 1 1 1 0 700
1 1 1 1 1 1 1 1 0 699
1 1 1 1 1 1 1 1 0 698
1 1 1 1 1 1 1 1 0 697
1 1 1 1 1 1 1 1 0 696
1 1 1 1 1 1 1 1 0 695
1 1 1 1 1 1 1 1 0 694
1 1 1 1 1 1 1 1 0 693
1 1 1 1 1 1 1 1 0 692
1 1 1 1 1 1 1 1 0 691
1 1 1 1 1 1 1 1 0 690
1 1 1 1 1 1 1 1 0 689
1 1 1 1 1 1 1 1 0 688
1 1 1 1 1 1 1 1 0 687
1 1 1 1 1 1 1 1 0 686
1 1 1 1 1 1 1 1 0 685
1 1 1 1 1 1 1 1 0 684
1 1 1 1 1 1 1 1 0 683
1 1 1 1 1 1 1 1 0 682
1 1 1 1 1 1 1 1 0 681
1 1 1 1 1 1 1 1 0 680
1 1 1 1 1 1 1 1 0 679
1 1 1 1 1 1 1 1 0 678
1 1 1 1 1 1 1 1 0 677
1 1 1 1 1 1 1 1 0 676
1 1 1 1 1 1 1 1 0 675
1 1 1 1 1 1 1 1 0 674
1 1 1 1 1 1 1 1 0 673
1 1 1 1 1 1 1 1 0 672
1 1 1 1 1 1 1 1 0 671
1 1 1 1 1 1 1 1 0 670
1 1 1 1 1 1 1 1 0 669
1 1 1 1 1 1 1 1 0 668
1 1 1 1 1 1 1 1 0 667
1 1 1 1 1 1 1 1 0 666
1 1 1 1 1 1 1 1 0 665
1 1 1 1 1 1 1 1 0 664
1 1 1 1 1 1 1 1 0 663
1 1 1 1 1 1 1 1 0 662
1 1 1 1 1 1 1 1 0 661
1 1 1 1 1 1 1 1 0 660
1 1 1 1 1 1 1 1 0 659
1 1 1 1 1 1 1 1 0 658
1 1 1 1 1 1 1 1 0 657
1 1 1 1 1 1 1 1 0 656
1 1 1 1 1 1 1 1 0 655
1 1 1 1 1 1 1 1 0 654
1 1 1 1 1 1 1 1 0 653
1 1 1 1 1 1 1 1 0 652
1 1 1 1 1 1 1 1 0 651
1 1 1 1 1 1 1 1 0 650
1 1 1 1 1 1 1 1 0 649
1 1 1 1 1 1 1 1 0 648
1 1 1 1 1 1 1 1 0 647
1 1 1 1 1 1 1 1 0 646
1 1 1 1 1 1 1 1 0 645
1 1 1 1 1 1 1 1 0 644
1 1 1 1 1 1 1 1 0 643
1 1 1 1 1 1 1 1 0 642
1 1 1 1 1 1 1 1 0 641
1 1 1 1 1 1 1 1 0 640
1 1 1 1 1 1 1 1 0 639
1 1 1 1 1 1 1 1 0 638
1 1 1 1 1 1 1 1 0 637
1 1 1 1 1 1 1 1 0 636
1 1 1 1 1 1 1 1 0 635
1 1 1 1 1 1 1 1 0 634
1 1 1 1 1 1 1 1 0 633
1 1 1 1 1 1 1 1 0 632
1 1 1 1 1 1 1 1 0 631
1 1 1 1 1 1 1 1 0 630
1 1 1 1 1 1 1 1 0 629
1 1 1 1 1 1 1 1 0 628
1 1 1 1 1 1 1 1 0 627
1 1 1 1 1 1 1 1 0 626
1 1 1 1 1 1 1 1 0 625
1 1 1 1 1 1 1 1 0 624
1 1 1 1 1 1 1 1 0 623
1 1 1 1 1 1 1 1 0 622
1 1 1 1 1 1 1 1 0 621
1 1 1 1 1 1 1 1 0 620
1 1 1 1 1 1 1 1 0 619
1 1 1 1 1 1 1 1 0 618
1 1 1 1 1 1 1 1 0 617
1 1 1 1 1 1 1 1 0 616
1 1 1 1 1 1 1 1 0 615
1 1 1 1 1 1 1 1 0 614
1 1 1 1 1 1 1 1 0 613
1 1 1 1 1 1 1 1 0 612
1 1 1 1 1 1 1 1 0 611
1 1 1 1 1 1 1 1 0 610
1 1 1 1 1 1 1 1 0 609
1 1 1 1 1 1 1 1 0 608
1 1 1 1 1 1 1 1 0 607
1 1 1 1 1 1 1 1 0 606
1 1 1 1 1 1 1 1 0 605
1 1 1 1 1 1 1 1 0 604
1 1 1 1 1 1 1 1 0 603
1 1 1 1 1 1 1 1 0 602
1 1 1 1 1 1 1 1 0 601
1 1 1 1 1 1 1 1 0 600
1 1 1 1 1 1 1 1 0 599
1 1 1 1 1 1 1 1 0 598
1 1 1 1 1 1 1 1 0 597
1 1 1 1 1 1 1 1 0 596
1 1 1 1 1 1 1 1 0 595
1 1 1 1 1 1 1 1 0 594
1 1 1 1 1 1 1 1 0 593
1 1 1 1 1 1 1 1 0 592
1 1 1 1 1 1 1 1 0 591
1 1 1 1 1 1 1 1 0 590
1 1 1 1 1 1 1 1 0 589
1 1 1 1 1 1 1 1 0 588
1 1 1 1 1 1 1 1 0 587
1 1 1 1 1 1 1 1 0 586
1 1 1 1 1 1 1 1 0 585
1 1 1 1 1 1 1 1 0 584
1 1 1 1 1 1 1 1 0 583
1 1 1 1 1 1 1 1 0 582
1 1 1 1 1 1 1 1 0 581
1 1 1 1 1 1 1 1 0 580
1 1 1 1 1 1 1 1 0 579
1 1 1 1 1 1 1 1 0 578
1 1 1 1 1 1 1 1 0 577
1 1 1 1 1 1 1 1 0 576
1 1 1 1 1 1 1 1 0 575
1 1 1 1 1 1 1 1 0 574
1 1 1 1 1 1 1 1 0 573
1 1 1 1 1 1 1 1 0 572
1 1 1 1 1 1 1 1 0 571
1 1 1 1 1 1 1 1 0 570
1 1 1 1 1 1 1 1 0 569
1 1 1 1 1 1 1 1 0 568
1 1 1 1 1 1 1 1 0 567
1 1 1 1 1 1 1 1 0 566
1 1 1 1 1 1 1 1 0 565
1 1 1 1 1 1 1 1 0 564
1 1 1 1 1 1 1 1 0 563
1 1 1 1 1 1 1 1 0 562
1 1 1 1 1 1 1 1 0 561
1 1 1 1 1 1 1 1 0 560
1 1 1 1 1 1 1 1 0 559
1 1 1 1 1 1 1 1 0 558
1 1 1 1 1 1 1 1 0 557
1 1 1 1 1 1 1 1 0 556
1 1 1 1 1 1 1 1 0 555
1 1 1 1 1 1 1 1 0 554
1 1 1 1 1 1 1 1 0 553
1 1 1 1 1 1 1 1 0 552
1 1 1 1 1 1 1 1 0 551
1 1 1 1 1 1 1 1 0 550
1 1 1 1 1 1 1 1 0 549
1 1 1 1 1 1 1 1 0 548
1 1 1 1 1 1 1 1 0 547
1 1 1 1 1 1 1 1 0 546
1 1 1 1 1 1 1 1 0 545
1 1 1 1 1 1 1 1 0 544
1 1 1 1 1 1 1 1 0 543
1 1 1 1 1 1 1 1 0 542
1 1 1 1 1 1 1 1 0 541
1 1 1 1 1 1 1 1 0 540
1 1 1 1 1 1 1 1 0 539
1 1 1 1 1 1 1 1 0 538
1 1 1 1 1 1 1 1 0 537
1 1 1 1 1 1 1 1 0 536
1 1 1 1 1 1 1 1 0 535
1 1 1 1 1 1 1 1 0 534
1 1 1 1 1 1 1 1 0 533
1 1 1 1 1 1 1 1 0 532
1 1 1 1 1 1 1 1 0 531
1 1 1 1 1 1 1 1 0 530
1 1 1 1 1 1 1 1 0 529
1 1 1 1 1 1 1 1 0 528
1 1 1 1 1 1 1 1 0 527
1 1 1 1 1 1 1 1 0 526
1 1 1 1 1 1 1 1 0 525
1 1 1 1 1 1 1 1 0 524
1 1 1 1 1 1 1 1 0 523
1 1 1 1 1 1 1 1 0 522
1 1 1 1 1 1 1 1 0 521
1 1 1 1 1 1 1 1 0 520
1 1 1 1 1 1 1 1 0 519
1 1 1 1 1 1 1 1 0 518
1 1 1 1 1 1 1 1 0 517
1 1 1 1 1 1 1 1 0 516
1 1 1 1 1 1 1 1 0 515
1 1 1 1 1 1 1 1 0 514
1 1 1 1 1 1 1 1 0 513
1 1 1 1 1 1 1 1 0 512
1 1 1 1 1 1 1 1 0 511
1 1 1 1 1 1 1 1 0 510
1 1 1 1 1 1 1 1 0 509
1 1 1 1 1 1 1 1 0 508
1 1 1 1 1 1 1 1 0 507
1 1 1 1 1 1 1 1 0 506
1 1 1 1 1 1 1 1 0 505
1 1 1 1 1 1 1 1 0 504
1 1 1 1 1 1 1 1 0 503
1 1 1 1 1 1 1 1 0 502
1 1 1 1 1 1 1 1 0 501
1 1 1 1 1 1 1 1 0 500
1 1 1 1 1 1 1 1 0 499
1 1 1 1 1 1 1 1 0 498
1 1 1 1 1 1 1 1 0 497
1 1 1 1 1 1 1 1 0 496
1 1 1 1 1 1 1 1 0 495
1 1 1 1 1 1 1 1 0 494
1 1 1 1 1 1 1 1 0 493
1 1 1 1 1 1 1 1 0 492
1 1 1 1 1 1 1 1 0 491
1 1 1 1 1 1 1 1 0 490
1 1 1 1 1 1 1 1 0 489
1 1 1 1 1 1 1 1 0 488
1 1 1 1 1 1 1 1 0 487
1 1 1 1 1 1 1 1 0 486
1 1 1 1 1 1 1 1 0 485
1 1 1 1 1 1 1 1 0 484
1 1 1 1 1 1 1 1 0 483
1 1 1 1 1 1 1 1 0 482
1 1 1 1 1 1 1 1 0 481
1 1 1 1 1 1 1 1 0 480
1 1 1 1 1 1 1 1 0 479
1 1 1 1 1 1 1 1 0 478
1 1 1 1 1 1 1 1 0 477
1 1 1 1 1 1 1 1 0 476
1 1 1 1 1 1 1 1 0 475
1 1 1 1 1 1 1 1 0 474
1 1 1 1 1 1 1 1 0 473
1 1 1 1 1 1 1 1 0 472
1 1 1 1 1 1 1 1 0 471
1 1 1 1 1 1 1 1 0 470
1 1 1 1 1 1 1 1 0 469
1 1 1 1 1 1 1 1 0 468
1 1 1 1 1 1 1 1 0 467
1 1 1 1 1 1 1 1 0 466
1 1 1 1 1 1 1 1 0 465
1 1 1 1 1 1 1 1 0 464
1 1 1 1 1 1 1 1 0 463
1 1 1 1 1 1 1 1 0 462
1 1 1 1 1 1 1 1 0 461
1 1 1 1 1 1 1 1 0 460
1 1 1 1 1 1 1 1 0 459
1 1 1 1 1 1 1 1 0 458
1 1 1 1 1 1 1 1 0 457
1 1 1 1 1 1 1 1 0 456
1 1 1 1 1 1 1 1 0 455
1 1 1 1 1 1 1 1 0 454
1 1 1 1 1 1 1 1 0 453
1 1 1 1 1 1 1 1 0 452
1 1 1 1 1 1 1 1 0 451
1 1 1 1 1 1 1 1 0 450
1 1 1 1 1 1 1 1 0 449
1 1 1 1 1 1 1 1 0 448
1 1 1 1 1 1 1 1 0 447
1 1 1 1 1 1 1 1 0 446
1 1 1 1 1 1 1 1 0 445
1 1 1 1 1 1 1 1 0 444
1 1 1 1 1 1 1 1 0 443
1 1 1 1 1 1 1 1 0 442
1 1 1 1 1 1 1 1 0 441
1 1 1 1 1 1 1 1 0 440
1 1 1 1 1 1 1 1 0 439
1 1 1 1 1 1 1 1 0 438
1 1 1 1 1 1 1 1 0 437
1 1 1 1 1 1 1 1 0 436
1 1 1 1 1 1 1 1 0 435
1 1 1 1 1 1 1 1 0 434
1 1 1 1 1 1 1 1 0 433
1 1 1 1 1 1 1 1 0 432
1 1 1 1 1 1 1 1 0 431
1 1 1 1 1 1 1 1 0 430
1 1 1 1 1 1 1 1 0 429
1 1 1 1 1 1 1 1 0 428
1 1 1 1 1 1 1 1 0 427
1 1 1 1 1 1 1 1 0 426
1 1 1 1 1 1 1 1 0 425
1 1 1 1 1 1 1 1 0 424
1 1 1 1 1 1 1 1 0 423
1 1 1 1 1 1 1 1 0 422
1 1 1 1 1 1 1 1 0 421
1 1 1 1 1 1 1 1 0 420
1 1 1 1 1 1 1 1 0 419
1 1 1 1 1 1 1 1 0 418
1 1 1 1 1 1 1 1 0 417
1 1 1 1 1 1 1 1 0 416
1 1 1 1 1 1 1 1 0 415
1 1 1 1 1 1 1 1 0 414
1 1 1 1 1 1 1 1 0 413
1 1 1 1 1 1 1 1 0 412
1 1 1 1 1 1 1 1 0 411
1 1 1 1 1 1 1 1 0 410
1 1 1 1 1 1 1 1 0 409
1 1 1 1 1 1 1 1 0 408
1 1 1 1 1 1 1 1 0 407
1 1 1 1 1 1 1 1 0 406
1 1 1 1 1 1 1 1 0 405
1 1 1 1 1 1 1 1 0 404
1 1 1 1 1 1 1 1 0 403
1 1 1 1 1 1 1 1 0 402
1 1 1 1 1 1 1 1 0 401
1 1 1 1 1 1 1 1 0 400
1 1 1 1 1 1 1 1 0 399
1 1 1 1 1 1 1 1 0 398
1 1 1 1 1 1 1 1 0 397
1 1 1 1 1 1 1 1 0 396
1 1 1 1 1 1 1 1 0 395
1 1 1 1 1 1 1 1 0 394
1 1 1 1 1 1 1 1 0 393
1 1 1 1 1 1 1 1 0 392
1 1 1 1 1 1 1 1 0 391
1 1 1 1 1 1 1 1 0 390
1 1 1 1 1 1 1 1 0 389
1 1 1 1 1 1 1 1 0 388
1 1 1 1 1 1 1 1 0 387
1 1 1 1 1 1 1 1 0 386
1 1 1 1 1 1 1 1 0 385
1 1 1 1 1 1 1 1 0 384
1 1 1 1 1 1 1 1 0 383
1 1 1 1 1 1 1 1 0 382
1 1 1 1 1 1 1 1 0 381
1 1 1 1 1 1 1 1 0 380
1 1 1 1 1 1 1 1 0 379
1 1 1 1 1 1 1 1 0 378
1 1 1 1 1 1 1 1 0 377
1 1 1 1 1 1 1 1 0 376
1 1 1 1 1 1 1 1 0 375
1 1 1 1 1 1 1 1 0 374
1 1 1 1 1 1 1 1 0 373
1 1 1 1 1 1 1 1 0 372
1 1 1 1 1 1 1 1 0 371
1 1 1 1 1 1 1 1 0 370
1 1 1 1 1 1 1 1 0 369
1 1 1 1 1 1 1 1 0 368
1 1 1 1 1 1 1 1 0 367
1 1 1 1 1 1 1 1 0 366
1 1 1 1 1 1 1 1 0 365
1 1 1 1 1 1 1 1 0 364
1 1 1 1 1 1 1 1 0 363
1 1 1 1 1 1 1 1 0 362
1 1 1 1 1 1 1 1 0 361
1 1 1 1 1 1 1 1 0 360
1 1 1 1 1 1 1 1 0 359
1 1 1 1 1 1 1 1 0 358
1 1 1 1 1 1 1 1 0 357
1 1 1 1 1 1 1 1 0 356
1 1 1 1 1 1 1 1 0 355
1 1 1 1 1 1 1 1 0 354
1 1 1 1 1 1 1 1 0 353
1 1 1 1 1 1 1 1 0 352
1 1 1 1 1 1 1 1 0 351
1 1 1 1 1 1 1 1 0 350
1 1 1 1 1 1 1 1 0 349
1 1 1 1 1 1 1 1 0 348
1 1 1 1 1 1 1 1 0 347
1 1 1 1 1 1 1 1 0 346
1 1 1 1 1 1 1 1 0 345
1 1 1 1 1 1 1 1 0 344
1 1 1 1 1 1 1 1 0 343
1 1 1 1 1 1 1 1 0 342
1 1 1 1 1 1 1 1 0 341
1 1 1 1 1 1 1 1 0 340
1 1 1 1 1 1 1 1 0 339
1 1 1 1 1 1 1 1 0 338
1 1 1 1 1 1 1 1 0 337
1 1 1 1 1 1 1 1 0 336
1 1 1 1 1 1 1 1 0 335
1 1 1 1 1 1 1 1 0 334
1 1 1 1 1 1 1 1 0 333
1 1 1 1 1 1 1 1 0 332
1 1 1 1 1 1 1 1 0 331
1 1 1 1 1 1 1 1 0 330
1 1 1 1 1 1 1 1 0 329
1 1 1 1 1 1 1 1 0 328
1 1 1 1 1 1 1 1 0 327
1 1 1 1 1 1 1 1 0 326
1 1 1 1 1 1 1 1 0 325
1 1 1 1 1 1 1 1 0 324
1 1 1 1 1 1 1 1 0 323
1 1 1 1 1 1 1 1 0 322
1 1 1 1 1 1 1 1 0 321
1 1 1 1 1 1 1 1 0 320
1 1 1 1 1 1 1 1 0 319
1 1 1 1 1 1 1 1 0 318
1 1 1 1 1 1 1 1 0 317
1 1 1 1 1 1 1 1 0 316
1 1 1 1 1 1 1 1 0 315
1 1 1 1 1 1 1 1 0 314
1 1 1 1 1 1 1 1 0 313
1 1 1 1 1 1 1 1 0 312
1 1 1 1 1 1 1 1 0 311
1 1 1 1 1 1 1 1 0 310
1 1 1 1 1 1 1 1 0 309
1 1 1 1 1 1 1 1 0 308
1 1 1 1 1 1 1 1 0 307
1 1 1 1 1 1 1 1 0 306
1 1 1 1 1 1 1 1 0 305
1 1 1 1 1 1 1 1 0 304
1 1 1 1 1 1 1 1 0 303
1 1 1 1 1 1 1 1 0 302
1 1 1 1 1 1 1 1 0 301
1 1 1 1 1 1 1 1 0 300
1 1 1 1 1 1 1 1 0 299
1 1 1 1 1 1 1 1 0 298
1 1 1 1 1 1 1 1 0 297
1 1 1 1 1 1 1 1 0 296
1 1 1 1 1 1 1 1 0 295
1 1 1 1 1 1 1 1 0 294
1 1 1 1 1 1 1 1 0 293
1 1 1 1 1 1 1 1 0 292
1 1 1 1 1 1 1 1 0 291
1 1 1 1 1 1 1 1 0 290
1 1 1 1 1 1 1 1 0 289
1 1 1 1 1 1 1 1 0 288
1 1 1 1 1 1 1 1 0 287
1 1 1 1 1 1 1 1 0 286
1 1 1 1 1 1 1 1 0 285
1 1 1 1 1 1 1 1 0 284
1 1 1 1 1 1 1 1 0 283
1 1 1 1 1 1 1 1 0 282
1 1 1 1 1 1 1 1 0 281
1 1 1 1 1 1 1 1 0 280
1 1 1 1 1 1 1 1 0 279
1 1 1 1 1 1 1 1 0 278
1 1 1 1 1 1 1 1 0 277
1 1 1 1 1 1 1 1 0 276
1 1 1 1 1 1 1 1 0 275
1 1 1 1 1 1 1 1 0 274
1 1 1 1 1 1 1 1 0 273
1 1 1 1 1 1 1 1 0 272
1 1 1 1 1 1 1 1 0 271
1 1 1 1 1 1 1 1 0 270
1 1 1 1 1 1 1 1 0 269
1 1 1 1 1 1 1 1 0 268
1 1 1 1 1 1 1 1 0 267
1 1 1 1 1 1 1 1 0 266
1 1 1 1 1 1 1 1 0 265
1 1 1 1 1 1 1 1 0 264
1 1 1 1 1 1 1 1 0 263
1 1 1 1 1 1 1 1 0 262
1 1 1 1 1 1 1 1 0 261
1 1 1 1 1 1 1 1 0 260
1 1 1 1 1 1 1 1 0 259
1 1 1 1 1 1 1 1 0 258
1 1 1 1 1 1 1 1 0 257
1 1 1 1 1 1 1 1 0 256
1 1 1 1 1 1 1 1 0 255
1 1 1 1 1 1 1 1 0 254
1 1 1 1 1 1 1 1 0 253
1 1 1 1 1 1 1 1 0 252
1 1 1 1 1 1 1 1 0 251
1 1 1 1 1 1 1 1 0 250
1 1 1 1 1 1 1 1 0 249
1 1 1 1 1 1 1 1 0 248
1 1 1 1 1 1 1 1 0 247
1 1 1 1 1 1 1 1 0 246
1 1 1 1 1 1 1 1 0 245
1 1 1 1 1 1 1 1 0 244
1 1 1 1 1 1 1 1 0 243
1 1 1 1 1 1 1 1 0 242
1 1 1 1 1 1 1 1 0 241
1 1 1 1 1 1 1 1 0 240
1 1 1 1 1 1 1 1 0 239
1 1 1 1 1 1 1 1 0 238
1 1 1 1 1 1 1 1 0 237
1 1 1 1 1 1 1 1 0 236
1 1 1 1 1 1 1 1 0 235
1 1 1 1 1 1 1 1 0 234
1 1 1 1 1 1 1 1 0 233
1 1 1 1 1 1 1 1 0 232
1 1 1 1 1 1 1 1 0 231
1 1 1 1 1 1 1 1 0 230
1 1 1 1 1 1 1 1 0 229
1 1 1 1 1 1 1 1 0 228
1 1 1 1 1 1 1 1 0 227
1 1 1 1 1 1 1 1 0 226
1 1 1 1 1 1 1 1 0 225
1 1 1 1 1 1 1 1 0 224
1 1 1 1 1 1 1 1 0 223
1 1 1 1 1 1 1 1 0 222
1 1 1 1 1 1 1 1 0 221
1 1 1 1 1 1 1 1 0 220
1 1 1 1 1 1 1 1 0 219
1 1 1 1 1 1 1 1 0 218
1 1 1 1 1 1 1 1 0 217
1 1 1 1 1 1 1 1 0 216
1 1 1 1 1 1 1 1 0 215
1 1 1 1 1 1 1 1 0 214
1 1 1 1 1 1 1 1 0 213
1 1 1 1 1 1 1 1 0 212
1 1 1 1 1 1 1 1 0 211
1 1 1 1 1 1 1 1 0 210
1 1 1 1 1 1 1 1 0 209
1 1 1 1 1 1 1 1 0 208
1 1 1 1 1 1 1 1 0 207
1 1 1 1 1 1 1 1 0 206
1 1 1 1 1 1 1 1 0 205
1 1 1 1 1 1 1 1 0 204
1 1 1 1 1 1 1 1 0 203
1 1 1 1 1 1 1 1 0 202
1 1 1 1 1 1 1 1 0 201
1 1 1 1 1 1 1 1 0 200
1 1 1 1 1 1 1 1 0 199
1 1 1 1 1 1 1 1 0 198
1 1 1 1 1 1 1 1 0 197
1 1 1 1 1 1 1 1 0 196
1 1 1 1 1 1 1 1 0 195
1 1 1 1 1 1 1 1 0 194
1 1 1 1 1 1 1 1 0 193
1 1 1 1 1 1 1 1 0 192
1 1 1 1 1 1 1 1 0 191
1 1 1 1 1 1 1 1 0 190
1 1 1 1 1 1 1 1 0 189
1 1 1 1 1 1 1 1 0 188
1 1 1 1 1 1 1 1 0 187
1 1 1 1 1 1 1 1 0 186
1 1 1 1 1 1 1 1 0 185
1 1 1 1 1 1 1 1 0 184
1 1 1 1 1 1 1 1 0 183
1 1 1 1 1 1 1 1 0 182
1 1 1 1 1 1 1 1 0 181
1 1 1 1 1 1 1 1 0 180
1 1 1 1 1 1 1 1 0 179
1 1 1 1 1 1 1 1 0 178
1 1 1 1 1 1 1 1 0 177
1 1 1 1 1 1 1 1 0 176
1 1 1 1 1 1 1 1 0 175
1 1 1 1 1 1 1 1 0 174
1 1 1 1 1 1 1 1 0 173
1 1 1 1 1 1 1 1 0 172
1 1 1 1 1 1 1 1 0 171
1 1 1 1 1 1 1 1 0 170
1 1 1 1 1 1 1 1 0 169
1 1 1 1 1 1 1 1 0 168
1 1 1 1 1 1 1 1 0 167
1 1 1 1 1 1 1 1 0 166
1 1 1 1 1 1 1 1 0 165
1 1 1 1 1 1 1 1 0 164
1 1 1 1 1 1 1 1 0 163
1 1 1 1 1 1 1 1 0 162
1 1 1 1 1 1 1 1 0 161
1 1 1 1 1 1 1 1 0 160
1 1 1 1 1 1 1 1 0 159
1 1 1 1 1 1 1 1 0 158
1 1 1 1 1 1 1 1 0 157
1 1 1 1 1 1 1 1 0 156
1 1 1 1 1 1 1 1 0 155
1 1 1 1 1 1 1 1 0 154
1 1 1 1 1 1 1 1 0 153
1 1 1 1 1 1 1 1 0 152
1 1 1 1 1 1 1 1 0 151
1 1 1 1 1 1 1 1 0 150
1 1 1 1 1 1 1 1 0 149
1 1 1 1 1 1 1 1 0 148
1 1 1 1 1 1 1 1 0 147
1 1 1 1 1 1 1 1 0 146
1 1 1 1 1 1 1 1 0 145
1 1 1 1 1 1 1 1 0 144
1 1 1 1 1 1 1 1 0 143
1 1 1 1 1 1 1 1 0 142
1 1 1 1 1 1 1 1 0 141
1 1 1 1 1 1 1 1 0 140
1 1 1 1 1 1 1 1 0 139
1 1 1 1 1 1 1 1 0 138
1 1 1 1 1 1 1 1 0 137
1 1 1 1 1 1 1 1 0 136
1 1 1 1 1 1 1 1 0 135
1 1 1 1 1 1 1 1 0 134
1 1 1 1 1 1 1 1 0 133
1 1 1 1 1 1 1 1 0 132
1 1 1 1 1 1 1 1 0 131
1 1 1 1 1 1 1 1 0 130
1 1 1 1 1 1 1 1 0 129
1 1 1 1 1 1 1 1 0 128
1 1 1 1 1 1 1 1 0 127
1 1 1 1 1 1 1 1 0 126
1 1 1 1 1 1 1 1 0 125
1 1 1 1 1 1 1 1 0 124
1 1 1 1 1 1 1 1 0 123
1 1 1 1 1 1 1 1 0 122
1 1 1 1 1 1 1 1 0 121
1 1 1 1 1 1 1 1 0 120
1 1 1 1 1 1 1 1 0 119
1 1 1 1 1 1 1 1 0 118
1 1 1 1 1 1 1 1 0 117
1 1 1 1 1 1 1 1 0 116
1 1 1 1 1 1 1 1 0 115
1 1 1 1 1 1 1 1 0 114
1 1 1 1 1 1 1 1 0 113
1 1 1 1 1 1 1 1 0 112
1 1 1 1 1 1 1 1 0 111
1 1 1 1 1 1 1 1 0 110
1 1 1 1 1 1 1 1 0 109
1 1 1 1 1 1 1 1 0 108
1 1 1 1 1 1 1 1 0 107
1 1 1 1 1 1 1 1 0 106
1 1 1 1 1 1 1 1 0 105
1 1 1 1 1 1 1 1 0 104
1 1 1 1 1 1 1 1 0 103
1 1 1 1 1 1 1 1 0 102
1 1 1 1 1 1 1 1 0 101
1 1 1 1 1 1 1 1 0 100
1 1 1 1 1 1 1 1 0 99
1 1 1 1 1 1 1 1 0 98
1 1 1 1 1 1 1 1 0 97
1 1 1 1 1 1 1 1 0 96
1 1 1 1 1 1 1 1 0 95
1 1 1 1 1 1 1 1 0 94
1 1 1 1 1 1 1 1 0 93
1 1 1 1 1 1 1 1 0 92
1 1 1 1 1 1 1 1 0 91
1 1 1 1 1 1 1 1 0 90
1 1 1 1 1 1 1 1 0 89
1 1 1 1 1 1 1 1 0 88
1 1 1 1 1 1 1 1 0 87
1 1 1 1 1 1 1 1 0 86
1 1 1 1 1 1 1 1 0 85
1 1 1 1 1 1 1 1 0 84
1 1 1 1 1 1 1 1 0 83
1 1 1 1 1 1 1 1 0 82
1 1 1 1 1 1 1 1 0 81
1 1 1 1 1 1 1 1 0 80
1 1 1 1 1 1 1 1 0 79
1 1 1 1 1 1 1 1 0 78
1 1 1 1 1 1 1 1 0 77
1 1 1 1 1 1 1 1 0 76
1 1 1 1 1 1 1 1 0 75
1 1 1 1 1 1 1 1 0 74
1 1 1 1 1 1 1 1 0 73
1 1 1 1 1 1 1 1 0 72
1 1 1 1 1 1 1 1 0 71
1 1 1 1 1 1 1 1 0 70
1 1 1 1 1 1 1 1 0 69
1 1 1 1 1 1 1 1 0 68
1 1 1 1 1 1 1 1 0 67
1 1 1 1 1 1 1 1 0 66
1 1 1 1 1 1 1 1 0 65
1 1 1 1 1 1 1 1 0 64
1 1 1 1 1 1 1 1 0 63
1 1 1 1 1 1 1 1 0 62
1 1 1 1 1 1 1 1 0 61
1 1 1 1 1 1 1 1 0 60
1 1 1 1 1 1 1 1 0 59
1 1 1 1 1 1 1 1 0 58
1 1 1 1 1 1 1 1 0 57
1 1 1 1 1 1 1 1 0 56
1 1 1 1 1 1 1 1 0 55
1 1 1 1 1 1 1 1 0 54
1 1 1 1 1 1 1 1 0 53
1 1 1 1 1 1 1 1 0 52
1 1 1 1 1 1 1 1 0 51
1 1 1 1 1 1 1 1 0 50
1 1 1 1 1 1 1 1 0 49
1 1 1 1 1 1 1 1 0 48
1 1 1 1 1 1 1 1 0 47
1 1 1 1 1 1 1 1 0 46
1 1 1 1 1 1 1 1 0 45
1 1 1 1 1 1 1 1 0 44
1 1 1 1 1 1 1 1 0 43
1 1 1 1 1 1 1 1 0 42
1 1 1 1 1 1 1 1 0 41
1 1 1 1 1 1 1 1 0 40
1 1 1 1 1 1 1 1 0 39
1 1 1 1 1 1 1 1 0 38
1 1 1 1 1 1 1 1 0 37
1 1 1 1 1 1 1 1 0 36
1 1 1 1 1 1 1 1 0 35
1 1 1 1 1 1 1 1 0 34
1 1 1 1 1 1 1 1 0 33
1 1 1 1 1 1 1 1 0 32
1 1 1 1 1 1 1 1 0 31
1 1 1 1 1 1 1 1 0 30
1 1 1 1 1 1 1 1 0 29
1 1 1 1 1 1 1 1 0 28
1 1 1 1 1 1 1 1 0 27
1 1 1 1 1 1 1 1 0 26
1 1 1 1 1 1 1 1 0 25
1 1 1 1 1 1 1 1 0 24
1 1 1 1 1 1 1 1 0 23
1 1 1 1 1 1 1 1 0 22
1 1 1 1 1 1 1 1 0 21
1 1 1 1 1 1 1 1 0 20
1 1 1 1 1 1 1 1 0 19
1 1 1 1 1 1 1 1 0 18
1 1 1 1 1 1 1 1 0 17
1 1 1 1 1 1 1 1 0 16
1 1 1 1 1 1 1 1 0 15
1 1 1 1 1 1 1 1 0 14
1 1 1 1 1 1 1 1 0 13
1 1 1 1 1 1 1 1 0 12
1 1 1 1 1 1 1 1 0 11
1 1 1 1 1 1 1 1 0 10
1 1 1 1 1 1 1 1 0 9
1 1 1 1 1 1 1 1 0 8
1 1 1 1 1 1 1 1 0 7
1 1 1 1 1 1 1 1 0 6
1 1 1 1 1 1 1 1 0 5
1 1 1 1 1 1 1 1 0 4
1 1 1 1 1 1 1 1 0 3
1 1 1 1 1 1 1 1 0 2
1 1 1 1 1 1 1 1 0 1
