1 1 1 1 1 1 1 1 950 0
1 1 1 1 1 1 1 1 949 1
1 1 1 1 1 1 1 1 948 2
1 1 1 1 1 1 1 1 947 3
1 1 1 1 1 1 1 1 946 4
1 1 1 1 1 1 1 1 945 5
1 1 1 1 1 1 1 1 944 6
1 1 1 1 1 1 1 1 943 7
1 1 1 1 1 1 1 1 942 8
1 1 1 1 1 1 1 1 941 9
1 1 1 1 1 1 1 1 940 10
1 1 1 1 1 1 1 1 939 11
1 1 1 1 1 1 1 1 938 12
1 1 1 1 1 1 1 1 937 13
1 1 1 1 1 1 1 1 936 14
1 1 1 1 1 1 1 1 935 15
1 1 1 1 1 1 1 1 934 16
1 1 1 1 1 1 1 1 933 17
1 1 1 1 1 1 1 1 932 18
1 1 1 1 1 1 1 1 931 19
1 1 1 1 1 1 1 1 930 20
1 1 1 1 1 1 1 1 929 21
1 1 1 1 1 1 1 1 928 22
1 1 1 1 1 1 1 1 927 23
1 1 1 1 1 1 1 1 926 24
1 1 1 1 1 1 1 1 925 25
1 1 1 1 1 1 1 1 924 26
1 1 1 1 1 1 1 1 923 27
1 1 1 1 1 1 1 1 922 28
1 1 1 1 1 1 1 1 921 29
1 1 1 1 1 1 1 1 920 30
1 1 1 1 1 1 1 1 919 31
1 1 1 1 1 1 1 1 918 32
1 1 1 1 1 1 1 1 917 33
1 1 1 1 1 1 1 1 916 34
1 1 1 1 1 1 1 1 915 35
1 1 1 1 1 1 1 1 914 36
1 1 1 1 1 1 1 1 913 37
1 1 1 1 1 1 1 1 912 38
1 1 1 1 1 1 1 1 911 39
1 1 1 1 1 1 1 1 910 40
1 1 1 1 1 1 1 1 909 41
1 1 1 1 1 1 1 1 908 42
1 1 1 1 1 1 1 1 907 43
1 1 1 1 1 1 1 1 906 44
1 1 1 1 1 1 1 1 905 45
1 1 1 1 1 1 1 1 904 46
1 1 1 1 1 1 1 1 903 47
1 1 1 1 1 1 1 1 902 48
1 1 1 1 1 1 1 1 901 49
1 1 1 1 1 1 1 1 900 50
1 1 1 1 1 1 1 1 899 51
1 1 1 1 1 1 1 1 898 52
1 1 1 1 1 1 1 1 897 53
1 1 1 1 1 1 1 1 896 54
1 1 1 1 1 1 1 1 895 55
1 1 1 1 1 1 1 1 894 56
1 1 1 1 1 1 1 1 893 57
1 1 1 1 1 1 1 1 892 58
1 1 1 1 1 1 1 1 891 59
1 1 1 1 1 1 1 1 890 60
1 1 1 1 1 1 1 1 889 61
1 1 1 1 1 1 1 1 888 62
1 1 1 1 1 1 1 1 887 63
1 1 1 1 1 1 1 1 886 64
1 1 1 1 1 1 1 1 885 65
1 1 1 1 1 1 1 1 884 66
1 1 1 1 1 1 1 1 883 67
1 1 1 1 1 1 1 1 882 68
1 1 1 1 1 1 1 1 881 69
1 1 1 1 1 1 1 1 880 70
1 1 1 1 1 1 1 1 879 71
1 1 1 1 1 1 1 1 878 72
1 1 1 1 1 1 1 1 877 73
1 1 1 1 1 1 1 1 876 74
1 1 1 1 1 1 1 1 875 75
1 1 1 1 1 1 1 1 874 76
1 1 1 1 1 1 1 1 873 77
1 1 1 1 1 1 1 1 872 78
1 1 1 1 1 1 1 1 871 79
1 1 1 1 1 1 1 1 870 80
1 1 1 1 1 1 1 1 869 81
1 1 1 1 1 1 1 1 868 82
1 1 1 1 1 1 1 1 867 83
1 1 1 1 1 1 1 1 866 84
1 1 1 1 1 1 1 1 865 85
1 1 1 1 1 1 1 1 864 86
1 1 1 1 1 1 1 1 863 87
1 1 1 1 1 1 1 1 862 88
1 1 1 1 1 1 1 1 861 89
1 1 1 1 1 1 1 1 860 90
1 1 1 1 1 1 1 1 859 91
1 1 1 1 1 1 1 1 858 92
1 1 1 1 1 1 1 1 857 93
1 1 1 1 1 1 1 1 856 94
1 1 1 1 1 1 1 1 855 95
1 1 1 1 1 1 1 1 854 96
1 1 1 1 1 1 1 1 853 97
1 1 1 1 1 1 1 1 852 98
1 1 1 1 1 1 1 1 851 99
1 1 1 1 1 1 1 1 850 100
1 1 1 1 1 1 1 1 849 101
1 1 1 1 1 1 1 1 848 102
1 1 1 1 1 1 1 1 847 103
1 1 1 1 1 1 1 1 846 104
1 1 1 1 1 1 1 1 845 105
1 1 1 1 1 1 1 1 844 106
1 1 1 1 1 1 1 1 843 107
1 1 1 1 1 1 1 1 842 108
1 1 1 1 1 1 1 1 841 109
1 1 1 1 1 1 1 1 840 110
1 1 1 1 1 1 1 1 839 111
1 1 1 1 1 1 1 1 838 112
1 1 1 1 1 1 1 1 837 113
1 1 1 1 1 1 1 1 836 114
1 1 1 1 1 1 1 1 835 115
1 1 1 1 1 1 1 1 834 116
1 1 1 1 1 1 1 1 833 117
1 1 1 1 1 1 1 1 832 118
1 1 1 1 1 1 1 1 831 119
1 1 1 1 1 1 1 1 830 120
1 1 1 1 1 1 1 1 829 121
1 1 1 1 1 1 1 1 828 122
1 1 1 1 1 1 1 1 827 123
1 1 1 1 1 1 1 1 826 124
1 1 1 1 1 1 1 1 825 125
1 1 1 1 1 1 1 1 824 126
1 1 1 1 1 1 1 1 823 127
1 1 1 1 1 1 1 1 822 128
1 1 1 1 1 1 1 1 821 129
1 1 1 1 1 1 1 1 820 130
1 1 1 1 1 1 1 1 819 131
1 1 1 1 1 1 1 1 818 132
1 1 1 1 1 1 1 1 817 133
1 1 1 1 1 1 1 1 816 134
1 1 1 1 1 1 1 1 815 135
1 1 1 1 1 1 1 1 814 136
1 1 1 1 1 1 1 1 813 137
1 1 1 1 1 1 1 1 812 138
1 1 1 1 1 1 1 1 811 139
1 1 1 1 1 1 1 1 810 140
1 1 1 1 1 1 1 1 809 141
1 1 1 1 1 1 1 1 808 142
1 1 1 1 1 1 1 1 807 143
1 1 1 1 1 1 1 1 806 144
1 1 1 1 1 1 1 1 805 145
1 1 1 1 1 1 1 1 804 146
1 1 1 1 1 1 1 1 803 147
1 1 1 1 1 1 1 1 802 148
1 1 1 1 1 1 1 1 801 149
1 1 1 1 1 1 1 1 800 150
1 1 1 1 1 1 1 1 799 151
1 1 1 1 1 1 1 1 798 152
1 1 1 1 1 1 1 1 797 153
1 1 1 1 1 1 1 1 796 154
1 1 1 1 1 1 1 1 795 155
1 1 1 1 1 1 1 1 794 156
1 1 1 1 1 1 1 1 793 157
1 1 1 1 1 1 1 1 792 158
1 1 1 1 1 1 1 1 791 159
1 1 1 1 1 1 1 1 790 160
1 1 1 1 1 1 1 1 789 161
1 1 1 1 1 1 1 1 788 162
1 1 1 1 1 1 1 1 787 163
1 1 1 1 1 1 1 1 786 164
1 1 1 1 1 1 1 1 785 165
1 1 1 1 1 1 1 1 784 166
1 1 1 1 1 1 1 1 783 167
1 1 1 1 1 1 1 1 782 168
1 1 1 1 1 1 1 1 781 169
1 1 1 1 1 1 1 1 780 170
1 1 1 1 1 1 1 1 779 171
1 1 1 1 1 1 1 1 778 172
1 1 1 1 1 1 1 1 777 173
1 1 1 1 1 1 1 1 776 174
1 1 1 1 1 1 1 1 775 175
1 1 1 1 1 1 1 1 774 176
1 1 1 1 1 1 1 1 773 177
1 1 1 1 1 1 1 1 772 178
1 1 1 1 1 1 1 1 771 179
1 1 1 1 1 1 1 1 770 180
1 1 1 1 1 1 1 1 769 181
1 1 1 1 1 1 1 1 768 182
1 1 1 1 1 1 1 1 767 183
1 1 1 1 1 1 1 1 766 184
1 1 1 1 1 1 1 1 765 185
1 1 1 1 1 1 1 1 764 186
1 1 1 1 1 1 1 1 763 187
1 1 1 1 1 1 1 1 762 188
1 1 1 1 1 1 1 1 761 189
1 1 1 1 1 1 1 1 760 190
1 1 1 1 1 1 1 1 759 191
1 1 1 1 1 1 1 1 758 192
1 1 1 1 1 1 1 1 757 193
1 1 1 1 1 1 1 1 756 194
1 1 1 1 1 1 1 1 755 195
1 1 1 1 1 1 1 1 754 196
1 1 1 1 1 1 1 1 753 197
1 1 1 1 1 1 1 1 752 198
1 1 1 1 1 1 1 1 751 199
1 1 1 1 1 1 1 1 750 200
1 1 1 1 1 1 1 1 749 201
1 1 1 1 1 1 1 1 748 202
1 1 1 1 1 1 1 1 747 203
1 1 1 1 1 1 1 1 746 204
1 1 1 1 1 1 1 1 745 205
1 1 1 1 1 1 1 1 744 206
1 1 1 1 1 1 1 1 743 207
1 1 1 1 1 1 1 1 742 208
1 1 1 1 1 1 1 1 741 209
1 1 1 1 1 1 1 1 740 210
1 1 1 1 1 1 1 1 739 211
1 1 1 1 1 1 1 1 738 212
1 1 1 1 1 1 1 1 737 213
1 1 1 1 1 1 1 1 736 214
1 1 1 1 1 1 1 1 735 215
1 1 1 1 1 1 1 1 734 216
1 1 1 1 1 1 1 1 733 217
1 1 1 1 1 1 1 1 732 218
1 1 1 1 1 1 1 1 731 219
1 1 1 1 1 1 1 1 730 220
1 1 1 1 1 1 1 1 729 221
1 1 1 1 1 1 1 1 728 222
1 1 1 1 1 1 1 1 727 223
1 1 1 1 1 1 1 1 726 224
1 1 1 1 1 1 1 1 725 225
1 1 1 1 1 1 1 1 724 226
1 1 1 1 1 1 1 1 723 227
1 1 1 1 1 1 1 1 722 228
1 1 1 1 1 1 1 1 721 229
1 1 1 1 1 1 1 1 720 230
1 1 1 1 1 1 1 1 719 231
1 1 1 1 1 1 1 1 718 232
1 1 1 1 1 1 1 1 717 233
1 1 1 1 1 1 1 1 716 234
1 1 1 1 1 1 1 1 715 235
1 1 1 1 1 1 1 1 714 236
1 1 1 1 1 1 1 1 713 237
1 1 1 1 1 1 1 1 712 238
1 1 1 1 1 1 1 1 711 239
1 1 1 1 1 1 1 1 710 240
1 1 1 1 1 1 1 1 709 241
1 1 1 1 1 1 1 1 708 242
1 1 1 1 1 1 1 1 707 243
1 1 1 1 1 1 1 1 706 244
1 1 1 1 1 1 1 1 705 245
1 1 1 1 1 1 1 1 704 246
1 1 1 1 1 1 1 1 703 247
1 1 1 1 1 1 1 1 702 248
1 1 1 1 1 1 1 1 701 249
1 1 1 1 1 1 1 1 700 250
1 1 1 1 1 1 1 1 699 251
1 1 1 1 1 1 1 1 698 252
1 1 1 1 1 1 1 1 697 253
1 1 1 1 1 1 1 1 696 254
1 1 1 1 1 1 1 1 695 255
1 1 1 1 1 1 1 1 694 256
1 1 1 1 1 1 1 1 693 257
1 1 1 1 1 1 1 1 692 258
1 1 1 1 1 1 1 1 691 259
1 1 1 1 1 1 1 1 690 260
1 1 1 1 1 1 1 1 689 261
1 1 1 1 1 1 1 1 688 262
1 1 1 1 1 1 1 1 687 263
1 1 1 1 1 1 1 1 686 264
1 1 1 1 1 1 1 1 685 265
1 1 1 1 1 1 1 1 684 266
1 1 1 1 1 1 1 1 683 267
1 1 1 1 1 1 1 1 682 268
1 1 1 1 1 1 1 1 681 269
1 1 1 1 1 1 1 1 680 270
1 1 1 1 1 1 1 1 679 271
1 1 1 1 1 1 1 1 678 272
1 1 1 1 1 1 1 1 677 273
1 1 1 1 1 1 1 1 676 274
1 1 1 1 1 1 1 1 675 275
1 1 1 1 1 1 1 1 674 276
1 1 1 1 1 1 1 1 673 277
1 1 1 1 1 1 1 1 672 278
1 1 1 1 1 1 1 1 671 279
1 1 1 1 1 1 1 1 670 280
1 1 1 1 1 1 1 1 669 281
1 1 1 1 1 1 1 1 668 282
1 1 1 1 1 1 1 1 667 283
1 1 1 1 1 1 1 1 666 284
1 1 1 1 1 1 1 1 665 285
1 1 1 1 1 1 1 1 664 286
1 1 1 1 1 1 1 1 663 287
1 1 1 1 1 1 1 1 662 288
1 1 1 1 1 1 1 1 661 289
1 1 1 1 1 1 1 1 660 290
1 1 1 1 1 1 1 1 659 291
1 1 1 1 1 1 1 1 658 292
1 1 1 1 1 1 1 1 657 293
1 1 1 1 1 1 1 1 656 294
1 1 1 1 1 1 1 1 655 295
1 1 1 1 1 1 1 1 654 296
1 1 1 1 1 1 1 1 653 297
1 1 1 1 1 1 1 1 652 298
1 1 1 1 1 1 1 1 651 299
1 1 1 1 1 1 1 1 650 300
1 1 1 1 1 1 1 1 649 301
1 1 1 1 1 1 1 1 648 302
1 1 1 1 1 1 1 1 647 303
1 1 1 1 1 1 1 1 646 304
1 1 1 1 1 1 1 1 645 305
1 1 1 1 1 1 1 1 644 306
1 1 1 1 1 1 1 1 643 307
1 1 1 1 1 1 1 1 642 308
1 1 1 1 1 1 1 1 641 309
1 1 1 1 1 1 1 1 640 310
1 1 1 1 1 1 1 1 639 311
1 1 1 1 1 1 1 1 638 312
1 1 1 1 1 1 1 1 637 313
1 1 1 1 1 1 1 1 636 314
1 1 1 1 1 1 1 1 635 315
1 1 1 1 1 1 1 1 634 316
1 1 1 1 1 1 1 1 633 317
1 1 1 1 1 1 1 1 632 318
1 1 1 1 1 1 1 1 631 319
1 1 1 1 1 1 1 1 630 320
1 1 1 1 1 1 1 1 629 321
1 1 1 1 1 1 1 1 628 322
1 1 1 1 1 1 1 1 627 323
1 1 1 1 1 1 1 1 626 324
1 1 1 1 1 1 1 1 625 325
1 1 1 1 1 1 1 1 624 326
1 1 1 1 1 1 1 1 623 327
1 1 1 1 1 1 1 1 622 328
1 1 1 1 1 1 1 1 621 329
1 1 1 1 1 1 1 1 620 330
1 1 1 1 1 1 1 1 619 331
1 1 1 1 1 1 1 1 618 332
1 1 1 1 1 1 1 1 617 333
1 1 1 1 1 1 1 1 616 334
1 1 1 1 1 1 1 1 615 335
1 1 1 1 1 1 1 1 614 336
1 1 1 1 1 1 1 1 613 337
1 1 1 1 1 1 1 1 612 338
1 1 1 1 1 1 1 1 611 339
1 1 1 1 1 1 1 1 610 340
1 1 1 1 1 1 1 1 609 341
1 1 1 1 1 1 1 1 608 342
1 1 1 1 1 1 1 1 607 343
1 1 1 1 1 1 1 1 606 344
1 1 1 1 1 1 1 1 605 345
1 1 1 1 1 1 1 1 604 346
1 1 1 1 1 1 1 1 603 347
1 1 1 1 1 1 1 1 602 348
1 1 1 1 1 1 1 1 601 349
1 1 1 1 1 1 1 1 600 350
1 1 1 1 1 1 1 1 599 351
1 1 1 1 1 1 1 1 598 352
1 1 1 1 1 1 1 1 597 353
1 1 1 1 1 1 1 1 596 354
1 1 1 1 1 1 1 1 595 355
1 1 1 1 1 1 1 1 594 356
1 1 1 1 1 1 1 1 593 357
1 1 1 1 1 1 1 1 592 358
1 1 1 1 1 1 1 1 591 359
1 1 1 1 1 1 1 1 590 360
1 1 1 1 1 1 1 1 589 361
1 1 1 1 1 1 1 1 588 362
1 1 1 1 1 1 1 1 587 363
1 1 1 1 1 1 1 1 586 364
1 1 1 1 1 1 1 1 585 365
1 1 1 1 1 1 1 1 584 366
1 1 1 1 1 1 1 1 583 367
1 1 1 1 1 1 1 1 582 368
1 1 1 1 1 1 1 1 581 369
1 1 1 1 1 1 1 1 580 370
1 1 1 1 1 1 1 1 579 371
1 1 1 1 1 1 1 1 578 372
1 1 1 1 1 1 1 1 577 373
1 1 1 1 1 1 1 1 576 374
1 1 1 1 1 1 1 1 575 375
1 1 1 1 1 1 1 1 574 376
1 1 1 1 1 1 1 1 573 377
1 1 1 1 1 1 1 1 572 378
1 1 1 1 1 1 1 1 571 379
1 1 1 1 1 1 1 1 570 380
1 1 1 1 1 1 1 1 569 381
1 1 1 1 1 1 1 1 568 382
1 1 1 1 1 1 1 1 567 383
1 1 1 1 1 1 1 1 566 384
1 1 1 1 1 1 1 1 565 385
1 1 1 1 1 1 1 1 564 386
1 1 1 1 1 1 1 1 563 387
1 1 1 1 1 1 1 1 562 388
1 1 1 1 1 1 1 1 561 389
1 1 1 1 1 1 1 1 560 390
1 1 1 1 1 1 1 1 559 391
1 1 1 1 1 1 1 1 558 392
1 1 1 1 1 1 1 1 557 393
1 1 1 1 1 1 1 1 556 394
1 1 1 1 1 1 1 1 555 395
1 1 1 1 1 1 1 1 554 396
1 1 1 1 1 1 1 1 553 397
1 1 1 1 1 1 1 1 552 398
1 1 1 1 1 1 1 1 551 399
1 1 1 1 1 1 1 1 550 400
1 1 1 1 1 1 1 1 549 401
1 1 1 1 1 1 1 1 548 402
1 1 1 1 1 1 1 1 547 403
1 1 1 1 1 1 1 1 546 404
1 1 1 1 1 1 1 1 545 405
1 1 1 1 1 1 1 1 544 406
1 1 1 1 1 1 1 1 543 407
1 1 1 1 1 1 1 1 542 408
1 1 1 1 1 1 1 1 541 409
1 1 1 1 1 1 1 1 540 410
1 1 1 1 1 1 1 1 539 411
1 1 1 1 1 1 1 1 538 412
1 1 1 1 1 1 1 1 537 413
1 1 1 1 1 1 1 1 536 414
1 1 1 1 1 1 1 1 535 415
1 1 1 1 1 1 1 1 534 416
1 1 1 1 1 1 1 1 533 417
1 1 1 1 1 1 1 1 532 418
1 1 1 1 1 1 1 1 531 419
1 1 1 1 1 1 1 1 530 420
1 1 1 1 1 1 1 1 529 421
1 1 1 1 1 1 1 1 528 422
1 1 1 1 1 1 1 1 527 423
1 1 1 1 1 1 1 1 526 424
1 1 1 1 1 1 1 1 525 425
1 1 1 1 1 1 1 1 524 426
1 1 1 1 1 1 1 1 523 427
1 1 1 1 1 1 1 1 522 428
1 1 1 1 1 1 1 1 521 429
1 1 1 1 1 1 1 1 520 430
1 1 1 1 1 1 1 1 519 431
1 1 1 1 1 1 1 1 518 432
1 1 1 1 1 1 1 1 517 433
1 1 1 1 1 1 1 1 516 434
1 1 1 1 1 1 1 1 515 435
1 1 1 1 1 1 1 1 514 436
1 1 1 1 1 1 1 1 513 437
1 1 1 1 1 1 1 1 512 438
1 1 1 1 1 1 1 1 511 439
1 1 1 1 1 1 1 1 510 440
1 1 1 1 1 1 1 1 509 441
1 1 1 1 1 1 1 1 508 442
1 1 1 1 1 1 1 1 507 443
1 1 1 1 1 1 1 1 506 444
1 1 1 1 1 1 1 1 505 445
1 1 1 1 1 1 1 1 504 446
1 1 1 1 1 1 1 1 503 447
1 1 1 1 1 1 1 1 502 448
1 1 1 1 1 1 1 1 501 449
1 1 1 1 1 1 1 1 500 450
1 1 1 1 1 1 1 1 499 451
1 1 1 1 1 1 1 1 498 452
1 1 1 1 1 1 1 1 497 453
1 1 1 1 1 1 1 1 496 454
1 1 1 1 1 1 1 1 495 455
1 1 1 1 1 1 1 1 494 456
1 1 1 1 1 1 1 1 493 457
1 1 1 1 1 1 1 1 492 458
1 1 1 1 1 1 1 1 491 459
1 1 1 1 1 1 1 1 490 460
1 1 1 1 1 1 1 1 489 461
1 1 1 1 1 1 1 1 488 462
1 1 1 1 1 1 1 1 487 463
1 1 1 1 1 1 1 1 486 464
1 1 1 1 1 1 1 1 485 465
1 1 1 1 1 1 1 1 484 466
1 1 1 1 1 1 1 1 483 467
1 1 1 1 1 1 1 1 482 468
1 1 1 1 1 1 1 1 481 469
1 1 1 1 1 1 1 1 480 470
1 1 1 1 1 1 1 1 479 471
1 1 1 1 1 1 1 1 478 472
1 1 1 1 1 1 1 1 477 473
1 1 1 1 1 1 1 1 476 474
1 1 1 1 1 1 1 1 475 475
1 1 1 1 1 1 1 1 474 476
1 1 1 1 1 1 1 1 473 477
1 1 1 1 1 1 1 1 472 478
1 1 1 1 1 1 1 1 471 479
1 1 1 1 1 1 1 1 470 480
1 1 1 1 1 1 1 1 469 481
1 1 1 1 1 1 1 1 468 482
1 1 1 1 1 1 1 1 467 483
1 1 1 1 1 1 1 1 466 484
1 1 1 1 1 1 1 1 465 485
1 1 1 1 1 1 1 1 464 486
1 1 1 1 1 1 1 1 463 487
1 1 1 1 1 1 1 1 462 488
1 1 1 1 1 1 1 1 461 489
1 1 1 1 1 1 1 1 460 490
1 1 1 1 1 1 1 1 459 491
1 1 1 1 1 1 1 1 458 492
1 1 1 1 1 1 1 1 457 493
1 1 1 1 1 1 1 1 456 494
1 1 1 1 1 1 1 1 455 495
1 1 1 1 1 1 1 1 454 496
1 1 1 1 1 1 1 1 453 497
1 1 1 1 1 1 1 1 452 498
1 1 1 1 1 1 1 1 451 499
1 1 1 1 1 1 1 1 450 500
1 1 1 1 1 1 1 1 449 501
1 1 1 1 1 1 1 1 448 502
1 1 1 1 1 1 1 1 447 503
1 1 1 1 1 1 1 1 446 504
1 1 1 1 1 1 1 1 445 505
1 1 1 1 1 1 1 1 444 506
1 1 1 1 1 1 1 1 443 507
1 1 1 1 1 1 1 1 442 508
1 1 1 1 1 1 1 1 441 509
1 1 1 1 1 1 1 1 440 510
1 1 1 1 1 1 1 1 439 511
1 1 1 1 1 1 1 1 438 512
1 1 1 1 1 1 1 1 437 513
1 1 1 1 1 1 1 1 436 514
1 1 1 1 1 1 1 1 435 515
1 1 1 1 1 1 1 1 434 516
1 1 1 1 1 1 1 1 433 517
1 1 1 1 1 1 1 1 432 518
1 1 1 1 1 1 1 1 431 519
1 1 1 1 1 1 1 1 430 520
1 1 1 1 1 1 1 1 429 521
1 1 1 1 1 1 1 1 428 522
1 1 1 1 1 1 1 1 427 523
1 1 1 1 1 1 1 1 426 524
1 1 1 1 1 1 1 1 425 525
1 1 1 1 1 1 1 1 424 526
1 1 1 1 1 1 1 1 423 527
1 1 1 1 1 1 1 1 422 528
1 1 1 1 1 1 1 1 421 529
1 1 1 1 1 1 1 1 420 530
1 1 1 1 1 1 1 1 419 531
1 1 1 1 1 1 1 1 418 532
1 1 1 1 1 1 1 1 417 533
1 1 1 1 1 1 1 1 416 534
1 1 1 1 1 1 1 1 415 535
1 1 1 1 1 1 1 1 414 536
1 1 1 1 1 1 1 1 413 537
1 1 1 1 1 1 1 1 412 538
1 1 1 1 1 1 1 1 411 539
1 1 1 1 1 1 1 1 410 540
1 1 1 1 1 1 1 1 409 541
1 1 1 1 1 1 1 1 408 542
1 1 1 1 1 1 1 1 407 543
1 1 1 1 1 1 1 1 406 544
1 1 1 1 1 1 1 1 405 545
1 1 1 1 1 1 1 1 404 546
1 1 1 1 1 1 1 1 403 547
1 1 1 1 1 1 1 1 402 548
1 1 1 1 1 1 1 1 401 549
1 1 1 1 1 1 1 1 400 550
1 1 1 1 1 1 1 1 399 551
1 1 1 1 1 1 1 1 398 552
1 1 1 1 1 1 1 1 397 553
1 1 1 1 1 1 1 1 396 554
1 1 1 1 1 1 1 1 395 555
1 1 1 1 1 1 1 1 394 556
1 1 1 1 1 1 1 1 393 557
1 1 1 1 1 1 1 1 392 558
1 1 1 1 1 1 1 1 391 559
1 1 1 1 1 1 1 1 390 560
1 1 1 1 1 1 1 1 389 561
1 1 1 1 1 1 1 1 388 562
1 1 1 1 1 1 1 1 387 563
1 1 1 1 1 1 1 1 386 564
1 1 1 1 1 1 1 1 385 565
1 1 1 1 1 1 1 1 384 566
1 1 1 1 1 1 1 1 383 567
1 1 1 1 1 1 1 1 382 568
1 1 1 1 1 1 1 1 381 569
1 1 1 1 1 1 1 1 380 570
1 1 1 1 1 1 1 1 379 571
1 1 1 1 1 1 1 1 378 572
1 1 1 1 1 1 1 1 377 573
1 1 1 1 1 1 1 1 376 574
1 1 1 1 1 1 1 1 375 575
1 1 1 1 1 1 1 1 374 576
1 1 1 1 1 1 1 1 373 577
1 1 1 1 1 1 1 1 372 578
1 1 1 1 1 1 1 1 371 579
1 1 1 1 1 1 1 1 370 580
1 1 1 1 1 1 1 1 369 581
1 1 1 1 1 1 1 1 368 582
1 1 1 1 1 1 1 1 367 583
1 1 1 1 1 1 1 1 366 584
1 1 1 1 1 1 1 1 365 585
1 1 1 1 1 1 1 1 364 586
1 1 1 1 1 1 1 1 363 587
1 1 1 1 1 1 1 1 362 588
1 1 1 1 1 1 1 1 361 589
1 1 1 1 1 1 1 1 360 590
1 1 1 1 1 1 1 1 359 591
1 1 1 1 1 1 1 1 358 592
1 1 1 1 1 1 1 1 357 593
1 1 1 1 1 1 1 1 356 594
1 1 1 1 1 1 1 1 355 595
1 1 1 1 1 1 1 1 354 596
1 1 1 1 1 1 1 1 353 597
1 1 1 1 1 1 1 1 352 598
1 1 1 1 1 1 1 1 351 599
1 1 1 1 1 1 1 1 350 600
1 1 1 1 1 1 1 1 349 601
1 1 1 1 1 1 1 1 348 602
1 1 1 1 1 1 1 1 347 603
1 1 1 1 1 1 1 1 346 604
1 1 1 1 1 1 1 1 345 605
1 1 1 1 1 1 1 1 344 606
1 1 1 1 1 1 1 1 343 607
1 1 1 1 1 1 1 1 342 608
1 1 1 1 1 1 1 1 341 609
1 1 1 1 1 1 1 1 340 610
1 1 1 1 1 1 1 1 339 611
1 1 1 1 1 1 1 1 338 612
1 1 1 1 1 1 1 1 337 613
1 1 1 1 1 1 1 1 336 614
1 1 1 1 1 1 1 1 335 615
1 1 1 1 1 1 1 1 334 616
1 1 1 1 1 1 1 1 333 617
1 1 1 1 1 1 1 1 332 618
1 1 1 1 1 1 1 1 331 619
1 1 1 1 1 1 1 1 330 620
1 1 1 1 1 1 1 1 329 621
1 1 1 1 1 1 1 1 328 622
1 1 1 1 1 1 1 1 327 623
1 1 1 1 1 1 1 1 326 624
1 1 1 1 1 1 1 1 325 625
1 1 1 1 1 1 1 1 324 626
1 1 1 1 1 1 1 1 323 627
1 1 1 1 1 1 1 1 322 628
1 1 1 1 1 1 1 1 321 629
1 1 1 1 1 1 1 1 320 630
1 1 1 1 1 1 1 1 319 631
1 1 1 1 1 1 1 1 318 632
1 1 1 1 1 1 1 1 317 633
1 1 1 1 1 1 1 1 316 634
1 1 1 1 1 1 1 1 315 635
1 1 1 1 1 1 1 1 314 636
1 1 1 1 1 1 1 1 313 637
1 1 1 1 1 1 1 1 312 638
1 1 1 1 1 1 1 1 311 639
1 1 1 1 1 1 1 1 310 640
1 1 1 1 1 1 1 1 309 641
1 1 1 1 1 1 1 1 308 642
1 1 1 1 1 1 1 1 307 643
1 1 1 1 1 1 1 1 306 644
1 1 1 1 1 1 1 1 305 645
1 1 1 1 1 1 1 1 304 646
1 1 1 1 1 1 1 1 303 647
1 1 1 1 1 1 1 1 302 648
1 1 1 1 1 1 1 1 301 649
1 1 1 1 1 1 1 1 300 650
1 1 1 1 1 1 1 1 299 651
1 1 1 1 1 1 1 1 298 652
1 1 1 1 1 1 1 1 297 653
1 1 1 1 1 1 1 1 296 654
1 1 1 1 1 1 1 1 295 655
1 1 1 1 1 1 1 1 294 656
1 1 1 1 1 1 1 1 293 657
1 1 1 1 1 1 1 1 292 658
1 1 1 1 1 1 1 1 291 659
1 1 1 1 1 1 1 1 290 660
1 1 1 1 1 1 1 1 289 661
1 1 1 1 1 1 1 1 288 662
1 1 1 1 1 1 1 1 287 663
1 1 1 1 1 1 1 1 286 664
1 1 1 1 1 1 1 1 285 665
1 1 1 1 1 1 1 1 284 666
1 1 1 1 1 1 1 1 283 667
1 1 1 1 1 1 1 1 282 668
1 1 1 1 1 1 1 1 281 669
1 1 1 1 1 1 1 1 280 670
1 1 1 1 1 1 1 1 279 671
1 1 1 1 1 1 1 1 278 672
1 1 1 1 1 1 1 1 277 673
1 1 1 1 1 1 1 1 276 674
1 1 1 1 1 1 1 1 275 675
1 1 1 1 1 1 1 1 274 676
1 1 1 1 1 1 1 1 273 677
1 1 1 1 1 1 1 1 272 678
1 1 1 1 1 1 1 1 271 679
1 1 1 1 1 1 1 1 270 680
1 1 1 1 1 1 1 1 269 681
1 1 1 1 1 1 1 1 268 682
1 1 1 1 1 1 1 1 267 683
1 1 1 1 1 1 1 1 266 684
1 1 1 1 1 1 1 1 265 685
1 1 1 1 1 1 1 1 264 686
1 1 1 1 1 1 1 1 263 687
1 1 1 1 1 1 1 1 262 688
1 1 1 1 1 1 1 1 261 689
1 1 1 1 1 1 1 1 260 690
1 1 1 1 1 1 1 1 259 691
1 1 1 1 1 1 1 1 258 692
1 1 1 1 1 1 1 1 257 693
1 1 1 1 1 1 1 1 256 694
1 1 1 1 1 1 1 1 255 695
1 1 1 1 1 1 1 1 254 696
1 1 1 1 1 1 1 1 253 697
1 1 1 1 1 1 1 1 252 698
1 1 1 1 1 1 1 1 251 699
1 1 1 1 1 1 1 1 250 700
1 1 1 1 1 1 1 1 249 701
1 1 1 1 1 1 1 1 248 702
1 1 1 1 1 1 1 1 247 703
1 1 1 1 1 1 1 1 246 704
1 1 1 1 1 1 1 1 245 705
1 1 1 1 1 1 1 1 244 706
1 1 1 1 1 1 1 1 243 707
1 1 1 1 1 1 1 1 242 708
1 1 1 1 1 1 1 1 241 709
1 1 1 1 1 1 1 1 240 710
1 1 1 1 1 1 1 1 239 711
1 1 1 1 1 1 1 1 238 712
1 1 1 1 1 1 1 1 237 713
1 1 1 1 1 1 1 1 236 714
1 1 1 1 1 1 1 1 235 715
1 1 1 1 1 1 1 1 234 716
1 1 1 1 1 1 1 1 233 717
1 1 1 1 1 1 1 1 232 718
1 1 1 1 1 1 1 1 231 719
1 1 1 1 1 1 1 1 230 720
1 1 1 1 1 1 1 1 229 721
1 1 1 1 1 1 1 1 228 722
1 1 1 1 1 1 1 1 227 723
1 1 1 1 1 1 1 1 226 724
1 1 1 1 1 1 1 1 225 725
1 1 1 1 1 1 1 1 224 726
1 1 1 1 1 1 1 1 223 727
1 1 1 1 1 1 1 1 222 728
1 1 1 1 1 1 1 1 221 729
1 1 1 1 1 1 1 1 220 730
1 1 1 1 1 1 1 1 219 731
1 1 1 1 1 1 1 1 218 732
1 1 1 1 1 1 1 1 217 733
1 1 1 1 1 1 1 1 216 734
1 1 1 1 1 1 1 1 215 735
1 1 1 1 1 1 1 1 214 736
1 1 1 1 1 1 1 1 213 737
1 1 1 1 1 1 1 1 212 738
1 1 1 1 1 1 1 1 211 739
1 1 1 1 1 1 1 1 210 740
1 1 1 1 1 1 1 1 209 741
1 1 1 1 1 1 1 1 208 742
1 1 1 1 1 1 1 1 207 743
1 1 1 1 1 1 1 1 206 744
1 1 1 1 1 1 1 1 205 745
1 1 1 1 1 1 1 1 204 746
1 1 1 1 1 1 1 1 203 747
1 1 1 1 1 1 1 1 202 748
1 1 1 1 1 1 1 1 201 749
1 1 1 1 1 1 1 1 200 750
1 1 1 1 1 1 1 1 199 751
1 1 1 1 1 1 1 1 198 752
1 1 1 1 1 1 1 1 197 753
1 1 1 1 1 1 1 1 196 754
1 1 1 1 1 1 1 1 195 755
1 1 1 1 1 1 1 1 194 756
1 1 1 1 1 1 1 1 193 757
1 1 1 1 1 1 1 1 192 758
1 1 1 1 1 1 1 1 191 759
1 1 1 1 1 1 1 1 190 760
1 1 1 1 1 1 1 1 189 761
1 1 1 1 1 1 1 1 188 762
1 1 1 1 1 1 1 1 187 763
1 1 1 1 1 1 1 1 186 764
1 1 1 1 1 1 1 1 185 765
1 1 1 1 1 1 1 1 184 766
1 1 1 1 1 1 1 1 183 767
1 1 1 1 1 1 1 1 182 768
1 1 1 1 1 1 1 1 181 769
1 1 1 1 1 1 1 1 180 770
1 1 1 1 1 1 1 1 179 771
1 1 1 1 1 1 1 1 178 772
1 1 1 1 1 1 1 1 177 773
1 1 1 1 1 1 1 1 176 774
1 1 1 1 1 1 1 1 175 775
1 1 1 1 1 1 1 1 174 776
1 1 1 1 1 1 1 1 173 777
1 1 1 1 1 1 1 1 172 778
1 1 1 1 1 1 1 1 171 779
1 1 1 1 1 1 1 1 170 780
1 1 1 1 1 1 1 1 169 781
1 1 1 1 1 1 1 1 168 782
1 1 1 1 1 1 1 1 167 783
1 1 1 1 1 1 1 1 166 784
1 1 1 1 1 1 1 1 165 785
1 1 1 1 1 1 1 1 164 786
1 1 1 1 1 1 1 1 163 787
1 1 1 1 1 1 1 1 162 788
1 1 1 1 1 1 1 1 161 789
1 1 1 1 1 1 1 1 160 790
1 1 1 1 1 1 1 1 159 791
1 1 1 1 1 1 1 1 158 792
1 1 1 1 1 1 1 1 157 793
1 1 1 1 1 1 1 1 156 794
1 1 1 1 1 1 1 1 155 795
1 1 1 1 1 1 1 1 154 796
1 1 1 1 1 1 1 1 153 797
1 1 1 1 1 1 1 1 152 798
1 1 1 1 1 1 1 1 151 799
1 1 1 1 1 1 1 1 150 800
1 1 1 1 1 1 1 1 149 801
1 1 1 1 1 1 1 1 148 802
1 1 1 1 1 1 1 1 147 803
1 1 1 1 1 1 1 1 146 804
1 1 1 1 1 1 1 1 145 805
1 1 1 1 1 1 1 1 144 806
1 1 1 1 1 1 1 1 143 807
1 1 1 1 1 1 1 1 142 808
1 1 1 1 1 1 1 1 141 809
1 1 1 1 1 1 1 1 140 810
1 1 1 1 1 1 1 1 139 811
1 1 1 1 1 1 1 1 138 812
1 1 1 1 1 1 1 1 137 813
1 1 1 1 1 1 1 1 136 814
1 1 1 1 1 1 1 1 135 815
1 1 1 1 1 1 1 1 134 816
1 1 1 1 1 1 1 1 133 817
1 1 1 1 1 1 1 1 132 818
1 1 1 1 1 1 1 1 131 819
1 1 1 1 1 1 1 1 130 820
1 1 1 1 1 1 1 1 129 821
1 1 1 1 1 1 1 1 128 822
1 1 1 1 1 1 1 1 127 823
1 1 1 1 1 1 1 1 126 824
1 1 1 1 1 1 1 1 125 825
1 1 1 1 1 1 1 1 124 826
1 1 1 1 1 1 1 1 123 827
1 1 1 1 1 1 1 1 122 828
1 1 1 1 1 1 1 1 121 829
1 1 1 1 1 1 1 1 120 830
1 1 1 1 1 1 1 1 119 831
1 1 1 1 1 1 1 1 118 832
1 1 1 1 1 1 1 1 117 833
1 1 1 1 1 1 1 1 116 834
1 1 1 1 1 1 1 1 115 835
1 1 1 1 1 1 1 1 114 836
1 1 1 1 1 1 1 1 113 837
1 1 1 1 1 1 1 1 112 838
1 1 1 1 1 1 1 1 111 839
1 1 1 1 1 1 1 1 110 840
1 1 1 1 1 1 1 1 109 841
1 1 1 1 1 1 1 1 108 842
1 1 1 1 1 1 1 1 107 843
1 1 1 1 1 1 1 1 106 844
1 1 1 1 1 1 1 1 105 845
1 1 1 1 1 1 1 1 104 846
1 1 1 1 1 1 1 1 103 847
1 1 1 1 1 1 1 1 102 848
1 1 1 1 1 1 1 1 101 849
1 1 1 1 1 1 1 1 100 850
1 1 1 1 1 1 1 1 99 851
1 1 1 1 1 1 1 1 98 852
1 1 1 1 1 1 1 1 97 853
1 1 1 1 1 1 1 1 96 854
1 1 1 1 1 1 1 1 95 855
1 1 1 1 1 1 1 1 94 856
1 1 1 1 1 1 1 1 93 857
1 1 1 1 1 1 1 1 92 858
1 1 1 1 1 1 1 1 91 859
1 1 1 1 1 1 1 1 90 860
1 1 1 1 1 1 1 1 89 861
1 1 1 1 1 1 1 1 88 862
1 1 1 1 1 1 1 1 87 863
1 1 1 1 1 1 1 1 86 864
1 1 1 1 1 1 1 1 85 865
1 1 1 1 1 1 1 1 84 866
1 1 1 1 1 1 1 1 83 867
1 1 1 1 1 1 1 1 82 868
1 1 1 1 1 1 1 1 81 869
1 1 1 1 1 1 1 1 80 870
1 1 1 1 1 1 1 1 79 871
1 1 1 1 1 1 1 1 78 872
1 1 1 1 1 1 1 1 77 873
1 1 1 1 1 1 1 1 76 874
1 1 1 1 1 1 1 1 75 875
1 1 1 1 1 1 1 1 74 876
1 1 1 1 1 1 1 1 73 877
1 1 1 1 1 1 1 1 72 878
1 1 1 1 1 1 1 1 71 879
1 1 1 1 1 1 1 1 70 880
1 1 1 1 1 1 1 1 69 881
1 1 1 1 1 1 1 1 68 882
1 1 1 1 1 1 1 1 67 883
1 1 1 1 1 1 1 1 66 884
1 1 1 1 1 1 1 1 65 885
1 1 1 1 1 1 1 1 64 886
1 1 1 1 1 1 1 1 63 887
1 1 1 1 1 1 1 1 62 888
1 1 1 1 1 1 1 1 61 889
1 1 1 1 1 1 1 1 60 890
1 1 1 1 1 1 1 1 59 891
1 1 1 1 1 1 1 1 58 892
1 1 1 1 1 1 1 1 57 893
1 1 1 1 1 1 1 1 56 894
1 1 1 1 1 1 1 1 55 895
1 1 1 1 1 1 1 1 54 896
1 1 1 1 1 1 1 1 53 897
1 1 1 1 1 1 1 1 52 898
1 1 1 1 1 1 1 1 51 899
1 1 1 1 1 1 1 1 50 900
1 1 1 1 1 1 1 1 49 901
1 1 1 1 1 1 1 1 48 902
1 1 1 1 1 1 1 1 47 903
1 1 1 1 1 1 1 1 46 904
1 1 1 1 1 1 1 1 45 905
1 1 1 1 1 1 1 1 44 906
1 1 1 1 1 1 1 1 43 907
1 1 1 1 1 1 1 1 42 908
1 1 1 1 1 1 1 1 41 909
1 1 1 1 1 1 1 1 40 910
1 1 1 1 1 1 1 1 39 911
1 1 1 1 1 1 1 1 38 912
1 1 1 1 1 1 1 1 37 913
1 1 1 1 1 1 1 1 36 914
1 1 1 1 1 1 1 1 35 915
1 1 1 1 1 1 1 1 34 916
1 1 1 1 1 1 1 1 33 917
1 1 1 1 1 1 1 1 32 918
1 1 1 1 1 1 1 1 31 919
1 1 1 1 1 1 1 1 30 920
1 1 1 1 1 1 1 1 29 921
1 1 1 1 1 1 1 1 28 922
1 1 1 1 1 1 1 1 27 923
1 1 1 1 1 1 1 1 26 924
1 1 1 1 1 1 1 1 25 925
1 1 1 1 1 1 1 1 24 926
1 1 1 1 1 1 1 1 23 927
1 1 1 1 1 1 1 1 22 928
1 1 1 1 1 1 1 1 21 929
1 1 1 1 1 1 1 1 20 930
1 1 1 1 1 1 1 1 19 931
1 1 1 1 1 1 1 1 18 932
1 1 1 1 1 1 1 1 17 933
1 1 1 1 1 1 1 1 16 934
1 1 1 1 1 1 1 1 15 935
1 1 1 1 1 1 1 1 14 936
1 1 1 1 1 1 1 1 13 937
1 1 1 1 1 1 1 1 12 938
1 1 1 1 1 1 1 1 11 939
1 1 1 1 1 1 1 1 10 940
1 1 1 1 1 1 1 1 9 941
1 1 1 1 1 1 1 1 8 942
1 1 1 1 1 1 1 1 7 943
1 1 1 1 1 1 1 1 6 944
1 1 1 1 1 1 1 1 5 945
1 1 1 1 1 1 1 1 4 946
1 1 1 1 1 1 1 1 3 947
1 1 1 1 1 1 1 1 2 948
1 1 1 1 1 1 1 1 1 949
1 1 1 1 1 1 1 1 0 950
1 1 1 1 1 1 1 1 0 949
1 1 1 1 1 1 1 1 0 948
1 1 1 1 1 1 1 1 0 947
1 1 1 1 1 1 1 1 0 946
1 1 1 1 1 1 1 1 0 945
1 1 1 1 1 1 1 1 0 944
1 1 1 1 1 1 1 1 0 943
1 1 1 1 1 1 1 1 0 942
1 1 1 1 1 1 1 1 0 941
1 1 1 1 1 1 1 1 0 940
1 1 1 1 1 1 1 1 0 939
1 1 1 1 1 1 1 1 0 938
1 1 1 1 1 1 1 1 0 937
1 1 1 1 1 1 1 1 0 936
1 1 1 1 1 1 1 1 0 935
1 1 1 1 1 1 1 1 0 934
1 1 1 1 1 1 1 1 0 933
1 1 1 1 1 1 1 1 0 932
1 1 1 1 1 1 1 1 0 931
1 1 1 1 1 1 1 1 0 930
1 1 1 1 1 1 1 1 0 929
1 1 1 1 1 1 1 1 0 928
1 1 1 1 1 1 1 1 0 927
1 1 1 1 1 1 1 1 0 926
1 1 1 1 1 1 1 1 0 925
1 1 1 1 1 1 1 1 0 924
1 1 1 1 1 1 1 1 0 923
1 1 1 1 1 1 1 1 0 922
1 1 1 1 1 1 1 1 0 921
1 1 1 1 1 1 1 1 0 920
1 1 1 1 1 1 1 1 0 919
1 1 1 1 1 1 1 1 0 918
1 1 1 1 1 1 1 1 0 917
1 1 1 1 1 1 1 1 0 916
1 1 1 1 1 1 1 1 0 915
1 1 1 1 1 1 1 1 0 914
1 1 1 1 1 1 1 1 0 913
1 1 1 1 1 1 1 1 0 912
1 1 1 1 1 1 1 1 0 911
1 1 1 1 1 1 1 1 0 910
1 1 1 1 1 1 1 1 0 909
1 1 1 1 1 1 1 1 0 908
1 1 1 1 1 1 1 1 0 907
1 1 1 1 1 1 1 1 0 906
1 1 1 1 1 1 1 1 0 905
1 1 1 1 1 1 1 1 0 904
1 1 1 1 1 1 1 1 0 903
1 1 1 1 1 1 1 1 0 902
1 1 1 1 1 1 1 1 0 901
1 1 1 1 1 1 1 1 0 900
1 1 1 1 1 1 1 1 0 899
1 1 1 1 1 1 1 1 0 898
1 1 1 1 1 1 1 1 0 897
1 1 1 1 1 1 1 1 0 896
1 1 1 1 1 1 1 1 0 895
1 1 1 1 1 1 1 1 0 894
1 1 1 1 1 1 1 1 0 893
1 1 1 1 1 1 1 1 0 892
1 1 1 1 1 1 1 1 0 891
1 1 1 1 1 1 1 1 0 890
1 1 1 1 1 1 1 1 0 889
1 1 1 1 1 1 1 1 0 888
1 1 1 1 1 1 1 1 0 887
1 1 1 1 1 1 1 1 0 886
1 1 1 1 1 1 1 1 0 885
1 1 1 1 1 1 1 1 0 884
1 1 1 1 1 1 1 1 0 883
1 1 1 1 1 1 1 1 0 882
1 1 1 1 1 1 1 1 0 881
1 1 1 1 1 1 1 1 0 880
1 1 1 1 1 1 1 1 0 879
1 1 1 1 1 1 1 1 0 878
1 1 1 1 1 1 1 1 0 877
1 1 1 1 1 1 1 1 0 876
1 1 1 1 1 1 1 1 0 875
1 1 1 1 1 1 1 1 0 874
1 1 1 1 1 1 1 1 0 873
1 1 1 1 1 1 1 1 0 872
1 1 1 1 1 1 1 1 0 871
1 1 1 1 1 1 1 1 0 870
1 1 1 1 1 1 1 1 0 869
1 1 1 1 1 1 1 1 0 868
1 1 1 1 1 1 1 1 0 867
1 1 1 1 1 1 1 1 0 866
1 1 1 1 1 1 1 1 0 865
1 1 1 1 1 1 1 1 0 864
1 1 1 1 1 1 1 1 0 863
1 1 1 1 1 1 1 1 0 862
1 1 1 1 1 1 1 1 0 861
1 1 1 1 1 1 1 1 0 860
1 1 1 1 1 1 1 1 0 859
1 1 1 1 1 1 1 1 0 858
1 1 1 1 1 1 1 1 0 857
1 1 1 1 1 1 1 1 0 856
1 1 1 1 1 1 1 1 0 855
1 1 1 1 1 1 1 1 0 854
1 1 1 1 1 1 1 1 0 853
1 1 1 1 1 1 1 1 0 852
1 1 1 1 1 1 1 1 0 851
1 1 1 1 1 1 1 1 0 850
1 1 1 1 1 1 1 1 0 849
1 1 1 1 1 1 1 1 0 848
1 1 1 1 1 1 1 1 0 847
1 1 1 1 1 1 1 1 0 846
1 1 1 1 1 1 1 1 0 845
1 1 1 1 1 1 1 1 0 844
1 1 1 1 1 1 1 1 0 843
1 1 1 1 1 1 1 1 0 842
1 1 1 1 1 1 1 1 0 841
1 1 1 1 1 1 1 1 0 840
1 1 1 1 1 1 1 1 0 839
1 1 1 1 1 1 1 1 0 838
1 1 1 1 1 1 1 1 0 837
1 1 1 1 1 1 1 1 0 836
1 1 1 1 1 1 1 1 0 835
1 1 1 1 1 1 1 1 0 834
1 1 1 1 1 1 1 1 0 833
1 1 1 1 1 1 1 1 0 832
1 1 1 1 1 1 1 1 0 831
1 1 1 1 1 1 1 1 0 830
1 1 1 1 1 1 1 1 0 829
1 1 1 1 1 1 1 1 0 828
1 1 1 1 1 1 1 1 0 827
1 1 1 1 1 1 1 1 0 826
1 1 1 1 1 1 1 1 0 825
1 1 1 1 1 1 1 1 0 824
1 1 1 1 1 1 1 1 0 823
1 1 1 1 1 1 1 1 0 822
1 1 1 1 1 1 1 1 0 821
1 1 1 1 1 1 1 1 0 820
1 1 1 1 1 1 1 1 0 819
1 1 1 1 1 1 1 1 0 818
1 1 1 1 1 1 1 1 0 817
1 1 1 1 1 1 1 1 0 816
1 1 1 1 1 1 1 1 0 815
1 1 1 1 1 1 1 1 0 814
1 1 1 1 1 1 1 1 0 813
1 1 1 1 1 1 1 1 0 812
1 1 1 1 1 1 1 1 0 811
1 1 1 1 1 1 1 1 0 810
1 1 1 1 1 1 1 1 0 809
1 1 1 1 1 1 1 1 0 808
1 1 1 1 1 1 1 1 0 807
1 1 1 1 1 1 1 1 0 806
1 1 1 1 1 1 1 1 0 805
1 1 1 1 1 1 1 1 0 804
1 1 1 1 1 1 1 1 0 803
1 1 1 1 1 1 1 1 0 802
1 1 1 1 1 1 1 1 0 801
1 1 1 1 1 1 1 1 0 800
1 1 1 1 1 1 1 1 0 799
1 1 1 1 1 1 1 1 0 798
1 1 1 1 1 1 1 1 0 797
1 1 1 1 1 1 1 1 0 796
1 1 1 1 1 1 1 1 0 795
1 1 1 1 1 1 1 1 0 794
1 1 1 1 1 1 1 1 0 793
1 1 1 1 1 1 1 1 0 792
1 1 1 1 1 1 1 1 0 791
1 1 1 1 1 1 1 1 0 790
1 1 1 1 1 1 1 1 0 789
1 1 1 1 1 1 1 1 0 788
1 1 1 1 1 1 1 1 0 787
1 1 1 1 1 1 1 1 0 786
1 1 1 1 1 1 1 1 0 785
1 1 1 1 1 1 1 1 0 784
1 1 1 1 1 1 1 1 0 783
1 1 1 1 1 1 1 1 0 782
1 1 1 1 1 1 1 1 0 781
1 1 1 1 1 1 1 1 0 780
1 1 1 1 1 1 1 1 0 779
1 1 1 1 1 1 1 1 0 778
1 1 1 1 1 1 1 1 0 777
1 1 1 1 1 1 1 1 0 776
1 1 1 1 1 1 1 1 0 775
1 1 1 1 1 1 1 1 0 774
1 1 1 1 1 1 1 1 0 773
1 1 1 1 1 1 1 1 0 772
1 1 1 1 1 1 1 1 0 771
1 1 1 1 1 1 1 1 0 770
1 1 1 1 1 1 1 1 0 769
1 1 1 1 1 1 1 1 0 768
1 1 1 1 1 1 1 1 0 767
1 1 1 1 1 1 1 1 0 766
1 1 1 1 1 1 1 1 0 765
1 1 1 1 1 1 1 1 0 764
1 1 1 1 1 1 1 1 0 763
1 1 1 1 1 1 1 1 0 762
1 1 1 1 1 1 1 1 0 761
1 1 1 1 1 1 1 1 0 760
1 1 1 1 1 1 1 1 0 759
1 1 1 1 1 1 1 1 0 758
1 1 1 1 1 1 1 1 0 757
1 1 1 1 1 1 1 1 0 756
1 1 1 1 1 1 1 1 0 755
1 1 1 1 1 1 1 1 0 754
1 1 1 1 1 1 1 1 0 753
1 1 1 1 1 1 1 1 0 752
1 1 1 1 1 1 1 1 0 751
1 1 1 1 1 1 1 1 0 750
1 1 1 1 1 1 1 1 0 749
1 1 1 1 1 1 1 1 0 748
1 1 1 1 1 1 1 1 0 747
1 1 1 1 1 1 1 1 0 746
1 1 1 1 1 1 1 1 0 745
1 1 1 1 1 1 1 1 0 744
1 1 1 1 1 1 1 1 0 743
1 1 1 1 1 1 1 1 0 742
1 1 1 1 1 1 1 1 0 741
1 1 1 1 1 1 1 1 0 740
1 1 1 1 1 1 1 1 0 739
1 1 1 1 1 1 1 1 0 738
1 1 1 1 1 1 1 1 0 737
1 1 1 1 1 1 1 1 0 736
1 1 1 1 1 1 1 1 0 735
1 1 1 1 1 1 1 1 0 734
1 1 1 1 1 1 1 1 0 733
1 1 1 1 1 1 1 1 0 732
1 1 1 1 1 1 1 1 0 731
1 1 1 1 1 1 1 1 0 730
1 1 1 1 1 1 1 1 0 729
1 1 1 1 1 1 1 1 0 728
1 1 1 1 1 1 1 1 0 727
1 1 1 1 1 1 1 1 0 726
1 1 1 1 1 1 1 1 0 725
1 1 1 1 1 1 1 1 0 724
1 1 1 1 1 1 1 1 0 723
1 1 1 1 1 1 1 1 0 722
1 1 1 1 1 1 1 1 0 721
1 1 1 1 1 1 1 1 0 720
1 1 1 1 1 1 1 1 0 719
1 1 1 1 1 1 1 1 0 718
1 1 1 1 1 1 1 1 0 717
1 1 1 1 1 1 1 1 0 716
1 1 1 1 1 1 1 1 0 715
1 1 1 1 1 1 1 1 0 714
1 1 1 1 1 1 1 1 0 713
1 1 1 1 1 1 1 1 0 712
1 1 1 1 1 1 1 1 0 711
1 1 1 1 1 1 1 1 0 710
1 1 1 1 1 1 1 1 0 709
1 1 1 1 1 1 1 1 0 708
1 1 1 1 1 1 1 1 0 707
1 1 1 1 1 1 1 1 0 706
1 1 1 1 1 1 1 1 0 705
1 1 1 1 1 1 1 1 0 704
1 1 1 1 1 1 1 1 0 703
1 1 1 1 1 1 1 1 0 702
1 1 1 1 1 1 1 1 0 701
1 1 1 1 1 1 1 1 0 700
1 1 1 1 1 1 1 1 0 699
1 1 1 1 1 1 1 1 0 698
1 1 1 1 1 1 1 1 0 697
1 1 1 1 1 1 1 1 0 696
1 1 1 1 1 1 1 1 0 695
1 1 1 1 1 1 1 1 0 694
1 1 1 1 1 1 1 1 0 693
1 1 1 1 1 1 1 1 0 692
1 1 1 1 1 1 1 1 0 691
1 1 1 1 1 1 1 1 0 690
1 1 1 1 1 1 1 1 0 689
1 1 1 1 1 1 1 1 0 688
1 1 1 1 1 1 1 1 0 687
1 1 1 1 1 1 1 1 0 686
1 1 1 1 1 1 1 1 0 685
1 1 1 1 1 1 1 1 0 684
1 1 1 1 1 1 1 1 0 683
1 1 1 1 1 1 1 1 0 682
1 1 1 1 1 1 1 1 0 681
1 1 1 1 1 1 1 1 0 680
1 1 1 1 1 1 1 1 0 679
1 1 1 1 1 1 1 1 0 678
1 1 1 1 1 1 1 1 0 677
1 1 1 1 1 1 1 1 0 676
1 1 1 1 1 1 1 1 0 675
1 1 1 1 1 1 1 1 0 674
1 1 1 1 1 1 1 1 0 673
1 1 1 1 1 1 1 1 0 672
1 1 1 1 1 1 1 1 0 671
1 1 1 1 1 1 1 1 0 670
1 1 1 1 1 1 1 1 0 669
1 1 1 1 1 1 1 1 0 668
1 1 1 1 1 1 1 1 0 667
1 1 1 1 1 1 1 1 0 666
1 1 1 1 1 1 1 1 0 665
1 1 1 1 1 1 1 1 0 664
1 1 1 1 1 1 1 1 0 663
1 1 1 1 1 1 1 1 0 662
1 1 1 1 1 1 1 1 0 661
1 1 1 1 1 1 1 1 0 660
1 1 1 1 1 1 1 1 0 659
1 1 1 1 1 1 1 1 0 658
1 1 1 1 1 1 1 1 0 657
1 1 1 1 1 1 1 1 0 656
1 1 1 1 1 1 1 1 0 655
1 1 1 1 1 1 1 1 0 654
1 1 1 1 1 1 1 1 0 653
1 1 1 1 1 1 1 1 0 652
1 1 1 1 1 1 1 1 0 651
1 1 1 1 1 1 1 1 0 650
1 1 1 1 1 1 1 1 0 649
1 1 1 1 1 1 1 1 0 648
1 1 1 1 1 1 1 1 0 647
1 1 1 1 1 1 1 1 0 646
1 1 1 1 1 1 1 1 0 645
1 1 1 1 1 1 1 1 0 644
1 1 1 1 1 1 1 1 0 643
1 1 1 1 1 1 1 1 0 642
1 1 1 1 1 1 1 1 0 641
1 1 1 1 1 1 1 1 0 640
1 1 1 1 1 1 1 1 0 639
1 1 1 1 1 1 1 1 0 638
1 1 1 1 1 1 1 1 0 637
1 1 1 1 1 1 1 1 0 636
1 1 1 1 1 1 1 1 0 635
1 1 1 1 1 1 1 1 0 634
1 1 1 1 1 1 1 1 0 633
1 1 1 1 1 1 1 1 0 632
1 1 1 1 1 1 1 1 0 631
1 1 1 1 1 1 1 1 0 630
1 1 1 1 1 1 1 1 0 629
1 1 1 1 1 1 1 1 0 628
1 1 1 1 1 1 1 1 0 627
1 1 1 1 1 1 1 1 0 626
1 1 1 1 1 1 1 1 0 625
1 1 1 1 1 1 1 1 0 624
1 1 1 1 1 1 1 1 0 623
1 1 1 1 1 1 1 1 0 622
1 1 1 1 1 1 1 1 0 621
1 1 1 1 1 1 1 1 0 620
1 1 1 1 1 1 1 1 0 619
1 1 1 1 1 1 1 1 0 618
1 1 1 1 1 1 1 1 0 617
1 1 1 1 1 1 1 1 0 616
1 1 1 1 1 1 1 1 0 615
1 1 1 1 1 1 1 1 0 614
1 1 1 1 1 1 1 1 0 613
1 1 1 1 1 1 1 1 0 612
1 1 1 1 1 1 1 1 0 611
1 1 1 1 1 1 1 1 0 610
1 1 1 1 1 1 1 1 0 609
1 1 1 1 1 1 1 1 0 608
1 1 1 1 1 1 1 1 0 607
1 1 1 1 1 1 1 1 0 606
1 1 1 1 1 1 1 1 0 605
1 1 1 1 1 1 1 1 0 604
1 1 1 1 1 1 1 1 0 603
1 1 1 1 1 1 1 1 0 602
1 1 1 1 1 1 1 1 0 601
1 1 1 1 1 1 1 1 0 600
1 1 1 1 1 1 1 1 0 599
1 1 1 1 1 1 1 1 0 598
1 1 1 1 1 1 1 1 0 597
1 1 1 1 1 1 1 1 0 596
1 1 1 1 1 1 1 1 0 595
1 1 1 1 1 1 1 1 0 594
1 1 1 1 1 1 1 1 0 593
1 1 1 1 1 1 1 1 0 592
1 1 1 1 1 1 1 1 0 591
1 1 1 1 1 1 1 1 0 590
1 1 1 1 1 1 1 1 0 589
1 1 1 1 1 1 1 1 0 588
1 1 1 1 1 1 1 1 0 587
1 1 1 1 1 1 1 1 0 586
1 1 1 1 1 1 1 1 0 585
1 1 1 1 1 1 1 1 0 584
1 1 1 1 1 1 1 1 0 583
1 1 1 1 1 1 1 1 0 582
1 1 1 1 1 1 1 1 0 581
1 1 1 1 1 1 1 1 0 580
1 1 1 1 1 1 1 1 0 579
1 1 1 1 1 1 1 1 0 578
1 1 1 1 1 1 1 1 0 577
1 1 1 1 1 1 1 1 0 576
1 1 1 1 1 1 1 1 0 575
1 1 1 1 1 1 1 1 0 574
1 1 1 1 1 1 1 1 0 573
1 1 1 1 1 1 1 1 0 572
1 1 1 1 1 1 1 1 0 571
1 1 1 1 1 1 1 1 0 570
1 1 1 1 1 1 1 1 0 569
1 1 1 1 1 1 1 1 0 568
1 1 1 1 1 1 1 1 0 567
1 1 1 1 1 1 1 1 0 566
1 1 1 1 1 1 1 1 0 565
1 1 1 1 1 1 1 1 0 564
1 1 1 1 1 1 1 1 0 563
1 1 1 1 1 1 1 1 0 562
1 1 1 1 1 1 1 1 0 561
1 1 1 1 1 1 1 1 0 560
1 1 1 1 1 1 1 1 0 559
1 1 1 1 1 1 1 1 0 558
1 1 1 1 1 1 1 1 0 557
1 1 1 1 1 1 1 1 0 556
1 1 1 1 1 1 1 1 0 555
1 1 1 1 1 1 1 1 0 554
1 1 1 1 1 1 1 1 0 553
1 1 1 1 1 1 1 1 0 552
1 1 1 1 1 1 1 1 0 551
1 1 1 1 1 1 1 1 0 550
1 1 1 1 1 1 1 1 0 549
1 1 1 1 1 1 1 1 0 548
1 1 1 1 1 1 1 1 0 547
1 1 1 1 1 1 1 1 0 546
1 1 1 1 1 1 1 1 0 545
1 1 1 1 1 1 1 1 0 544
1 1 1 1 1 1 1 1 0 543
1 1 1 1 1 1 1 1 0 542
1 1 1 1 1 1 1 1 0 541
1 1 1 1 1 1 1 1 0 540
1 1 1 1 1 1 1 1 0 539
1 1 1 1 1 1 1 1 0 538
1 1 1 1 1 1 1 1 0 537
1 1 1 1 1 1 1 1 0 536
1 1 1 1 1 1 1 1 0 535
1 1 1 1 1 1 1 1 0 534
1 1 1 1 1 1 1 1 0 533
1 1 1 1 1 1 1 1 0 532
1 1 1 1 1 1 1 1 0 531
1 1 1 1 1 1 1 1 0 530
1 1 1 1 1 1 1 1 0 529
1 1 1 1 1 1 1 1 0 528
1 1 1 1 1 1 1 1 0 527
1 1 1 1 1 1 1 1 0 526
1 1 1 1 1 1 1 1 0 525
1 1 1 1 1 1 1 1 0 524
1 1 1 1 1 1 1 1 0 523
1 1 1 1 1 1 1 1 0 522
1 1 1 1 1 1 1 1 0 521
1 1 1 1 1 1 1 1 0 520
1 1 1 1 1 1 1 1 0 519
1 1 1 1 1 1 1 1 0 518
1 1 1 1 1 1 1 1 0 517
1 1 1 1 1 1 1 1 0 516
1 1 1 1 1 1 1 1 0 515
1 1 1 1 1 1 1 1 0 514
1 1 1 1 1 1 1 1 0 513
1 1 1 1 1 1 1 1 0 512
1 1 1 1 1 1 1 1 0 511
1 1 1 1 1 1 1 1 0 510
1 1 1 1 1 1 1 1 0 509
1 1 1 1 1 1 1 1 0 508
1 1 1 1 1 1 1 1 0 507
1 1 1 1 1 1 1 1 0 506
1 1 1 1 1 1 1 1 0 505
1 1 1 1 1 1 1 1 0 504
1 1 1 1 1 1 1 1 0 503
1 1 1 1 1 1 1 1 0 502
1 1 1 1 1 1 1 1 0 501
1 1 1 1 1 1 1 1 0 500
1 1 1 1 1 1 1 1 0 499
1 1 1 1 1 1 1 1 0 498
1 1 1 1 1 1 1 1 0 497
1 1 1 1 1 1 1 1 0 496
1 1 1 1 1 1 1 1 0 495
1 1 1 1 1 1 1 1 0 494
1 1 1 1 1 1 1 1 0 493
1 1 1 1 1 1 1 1 0 492
1 1 1 1 1 1 1 1 0 491
1 1 1 1 1 1 1 1 0 490
1 1 1 1 1 1 1 1 0 489
1 1 1 1 1 1 1 1 0 488
1 1 1 1 1 1 1 1 0 487
1 1 1 1 1 1 1 1 0 486
1 1 1 1 1 1 1 1 0 485
1 1 1 1 1 1 1 1 0 484
1 1 1 1 1 1 1 1 0 483
1 1 1 1 1 1 1 1 0 482
1 1 1 1 1 1 1 1 0 481
1 1 1 1 1 1 1 1 0 480
1 1 1 1 1 1 1 1 0 479
1 1 1 1 1 1 1 1 0 478
1 1 1 1 1 1 1 1 0 477
1 1 1 1 1 1 1 1 0 476
1 1 1 1 1 1 1 1 0 475
1 1 1 1 1 1 1 1 0 474
1 1 1 1 1 1 1 1 0 473
1 1 1 1 1 1 1 1 0 472
1 1 1 1 1 1 1 1 0 471
1 1 1 1 1 1 1 1 0 470
1 1 1 1 1 1 1 1 0 469
1 1 1 1 1 1 1 1 0 468
1 1 1 1 1 1 1 1 0 467
1 1 1 1 1 1 1 1 0 466
1 1 1 1 1 1 1 1 0 465
1 1 1 1 1 1 1 1 0 464
1 1 1 1 1 1 1 1 0 463
1 1 1 1 1 1 1 1 0 462
1 1 1 1 1 1 1 1 0 461
1 1 1 1 1 1 1 1 0 460
1 1 1 1 1 1 1 1 0 459
1 1 1 1 1 1 1 1 0 458
1 1 1 1 1 1 1 1 0 457
1 1 1 1 1 1 1 1 0 456
1 1 1 1 1 1 1 1 0 455
1 1 1 1 1 1 1 1 0 454
1 1 1 1 1 1 1 1 0 453
1 1 1 1 1 1 1 1 0 452
1 1 1 1 1 1 1 1 0 451
1 1 1 1 1 1 1 1 0 450
1 1 1 1 1 1 1 1 0 449
1 1 1 1 1 1 1 1 0 448
1 1 1 1 1 1 1 1 0 447
1 1 1 1 1 1 1 1 0 446
1 1 1 1 1 1 1 1 0 445
1 1 1 1 1 1 1 1 0 444
1 1 1 1 1 1 1 1 0 443
1 1 1 1 1 1 1 1 0 442
1 1 1 1 1 1 1 1 0 441
1 1 1 1 1 1 1 1 0 440
1 1 1 1 1 1 1 1 0 439
1 1 1 1 1 1 1 1 0 438
1 1 1 1 1 1 1 1 0 437
1 1 1 1 1 1 1 1 0 436
1 1 1 1 1 1 1 1 0 435
1 1 1 1 1 1 1 1 0 434
1 1 1 1 1 1 1 1 0 433
1 1 1 1 1 1 1 1 0 432
1 1 1 1 1 1 1 1 0 431
1 1 1 1 1 1 1 1 0 430
1 1 1 1 1 1 1 1 0 429
1 1 1 1 1 1 1 1 0 428
1 1 1 1 1 1 1 1 0 427
1 1 1 1 1 1 1 1 0 426
1 1 1 1 1 1 1 1 0 425
1 1 1 1 1 1 1 1 0 424
1 1 1 1 1 1 1 1 0 423
1 1 1 1 1 1 1 1 0 422
1 1 1 1 1 1 1 1 0 421
1 1 1 1 1 1 1 1 0 420
1 1 1 1 1 1 1 1 0 419
1 1 1 1 1 1 1 1 0 418
1 1 1 1 1 1 1 1 0 417
1 1 1 1 1 1 1 1 0 416
1 1 1 1 1 1 1 1 0 415
1 1 1 1 1 1 1 1 0 414
1 1 1 1 1 1 1 1 0 413
1 1 1 1 1 1 1 1 0 412
1 1 1 1 1 1 1 1 0 411
1 1 1 1 1 1 1 1 0 410
1 1 1 1 1 1 1 1 0 409
1 1 1 1 1 1 1 1 0 408
1 1 1 1 1 1 1 1 0 407
1 1 1 1 1 1 1 1 0 406
1 1 1 1 1 1 1 1 0 405
1 1 1 1 1 1 1 1 0 404
1 1 1 1 1 1 1 1 0 403
1 1 1 1 1 1 1 1 0 402
1 1 1 1 1 1 1 1 0 401
1 1 1 1 1 1 1 1 0 400
1 1 1 1 1 1 1 1 0 399
1 1 1 1 1 1 1 1 0 398
1 1 1 1 1 1 1 1 0 397
1 1 1 1 1 1 1 1 0 396
1 1 1 1 1 1 1 1 0 395
1 1 1 1 1 1 1 1 0 394
1 1 1 1 1 1 1 1 0 393
1 1 1 1 1 1 1 1 0 392
1 1 1 1 1 1 1 1 0 391
1 1 1 1 1 1 1 1 0 390
1 1 1 1 1 1 1 1 0 389
1 1 1 1 1 1 1 1 0 388
1 1 1 1 1 1 1 1 0 387
1 1 1 1 1 1 1 1 0 386
1 1 1 1 1 1 1 1 0 385
1 1 1 1 1 1 1 1 0 384
1 1 1 1 1 1 1 1 0 383
1 1 1 1 1 1 1 1 0 382
1 1 1 1 1 1 1 1 0 381
1 1 1 1 1 1 1 1 0 380
1 1 1 1 1 1 1 1 0 379
1 1 1 1 1 1 1 1 0 378
1 1 1 1 1 1 1 1 0 377
1 1 1 1 1 1 1 1 0 376
1 1 1 1 1 1 1 1 0 375
1 1 1 1 1 1 1 1 0 374
1 1 1 1 1 1 1 1 0 373
1 1 1 1 1 1 1 1 0 372
1 1 1 1 1 1 1 1 0 371
1 1 1 1 1 1 1 1 0 370
1 1 1 1 1 1 1 1 0 369
1 1 1 1 1 1 1 1 0 368
1 1 1 1 1 1 1 1 0 367
1 1 1 1 1 1 1 1 0 366
1 1 1 1 1 1 1 1 0 365
1 1 1 1 1 1 1 1 0 364
1 1 1 1 1 1 1 1 0 363
1 1 1 1 1 1 1 1 0 362
1 1 1 1 1 1 1 1 0 361
1 1 1 1 1 1 1 1 0 360
1 1 1 1 1 1 1 1 0 359
1 1 1 1 1 1 1 1 0 358
1 1 1 1 1 1 1 1 0 357
1 1 1 1 1 1 1 1 0 356
1 1 1 1 1 1 1 1 0 355
1 1 1 1 1 1 1 1 0 354
1 1 1 1 1 1 1 1 0 353
1 1 1 1 1 1 1 1 0 352
1 1 1 1 1 1 1 1 0 351
1 1 1 1 1 1 1 1 0 350
1 1 1 1 1 1 1 1 0 349
1 1 1 1 1 1 1 1 0 348
1 1 1 1 1 1 1 1 0 347
1 1 1 1 1 1 1 1 0 346
1 1 1 1 1 1 1 1 0 345
1 1 1 1 1 1 1 1 0 344
1 1 1 1 1 1 1 1 0 343
1 1 1 1 1 1 1 1 0 342
1 1 1 1 1 1 1 1 0 341
1 1 1 1 1 1 1 1 0 340
1 1 1 1 1 1 1 1 0 339
1 1 1 1 1 1 1 1 0 338
1 1 1 1 1 1 1 1 0 337
1 1 1 1 1 1 1 1 0 336
1 1 1 1 1 1 1 1 0 335
1 1 1 1 1 1 1 1 0 334
1 1 1 1 1 1 1 1 0 333
1 1 1 1 1 1 1 1 0 332
1 1 1 1 1 1 1 1 0 331
1 1 1 1 1 1 1 1 0 330
1 1 1 1 1 1 1 1 0 329
1 1 1 1 1 1 1 1 0 328
1 1 1 1 1 1 1 1 0 327
1 1 1 1 1 1 1 1 0 326
1 1 1 1 1 1 1 1 0 325
1 1 1 1 1 1 1 1 0 324
1 1 1 1 1 1 1 1 0 323
1 1 1 1 1 1 1 1 0 322
1 1 1 1 1 1 1 1 0 321
1 1 1 1 1 1 1 1 0 320
1 1 1 1 1 1 1 1 0 319
1 1 1 1 1 1 1 1 0 318
1 1 1 1 1 1 1 1 0 317
1 1 1 1 1 1 1 1 0 316
1 1 1 1 1 1 1 1 0 315
1 1 1 1 1 1 1 1 0 314
1 1 1 1 1 1 1 1 0 313
1 1 1 1 1 1 1 1 0 312
1 1 1 1 1 1 1 1 0 311
1 1 1 1 1 1 1 1 0 310
1 1 1 1 1 1 1 1 0 309
1 1 1 1 1 1 1 1 0 308
1 1 1 1 1 1 1 1 0 307
1 1 1 1 1 1 1 1 0 306
1 1 1 1 1 1 1 1 0 305
1 1 1 1 1 1 1 1 0 304
1 1 1 1 1 1 1 1 0 303
1 1 1 1 1 1 1 1 0 302
1 1 1 1 1 1 1 1 0 301
1 1 1 1 1 1 1 1 0 300
1 1 1 1 1 1 1 1 0 299
1 1 1 1 1 1 1 1 0 298
1 1 1 1 1 1 1 1 0 297
1 1 1 1 1 1 1 1 0 296
1 1 1 1 1 1 1 1 0 295
1 1 1 1 1 1 1 1 0 294
1 1 1 1 1 1 1 1 0 293
1 1 1 1 1 1 1 1 0 292
1 1 1 1 1 1 1 1 0 291
1 1 1 1 1 1 1 1 0 290
1 1 1 1 1 1 1 1 0 289
1 1 1 1 1 1 1 1 0 288
1 1 1 1 1 1 1 1 0 287
1 1 1 1 1 1 1 1 0 286
1 1 1 1 1 1 1 1 0 285
1 1 1 1 1 1 1 1 0 284
1 1 1 1 1 1 1 1 0 283
1 1 1 1 1 1 1 1 0 282
1 1 1 1 1 1 1 1 0 281
1 1 1 1 1 1 1 1 0 280
1 1 1 1 1 1 1 1 0 279
1 1 1 1 1 1 1 1 0 278
1 1 1 1 1 1 1 1 0 277
1 1 1 1 1 1 1 1 0 276
1 1 1 1 1 1 1 1 0 275
1 1 1 1 1 1 1 1 0 274
1 1 1 1 1 1 1 1 0 273
1 1 1 1 1 1 1 1 0 272
1 1 1 1 1 1 1 1 0 271
1 1 1 1 1 1 1 1 0 270
1 1 1 1 1 1 1 1 0 269
1 1 1 1 1 1 1 1 0 268
1 1 1 1 1 1 1 1 0 267
1 1 1 1 1 1 1 1 0 266
1 1 1 1 1 1 1 1 0 265
1 1 1 1 1 1 1 1 0 264
1 1 1 1 1 1 1 1 0 263
1 1 1 1 1 1 1 1 0 262
1 1 1 1 1 1 1 1 0 261
1 1 1 1 1 1 1 1 0 260
1 1 1 1 1 1 1 1 0 259
1 1 1 1 1 1 1 1 0 258
1 1 1 1 1 1 1 1 0 257
1 1 1 1 1 1 1 1 0 256
1 1 1 1 1 1 1 1 0 255
1 1 1 1 1 1 1 1 0 254
1 1 1 1 1 1 1 1 0 253
1 1 1 1 1 1 1 1 0 252
1 1 1 1 1 1 1 1 0 251
1 1 1 1 1 1 1 1 0 250
1 1 1 1 1 1 1 1 0 249
1 1 1 1 1 1 1 1 0 248
1 1 1 1 1 1 1 1 0 247
1 1 1 1 1 1 1 1 0 246
1 1 1 1 1 1 1 1 0 245
1 1 1 1 1 1 1 1 0 244
1 1 1 1 1 1 1 1 0 243
1 1 1 1 1 1 1 1 0 242
1 1 1 1 1 1 1 1 0 241
1 1 1 1 1 1 1 1 0 240
1 1 1 1 1 1 1 1 0 239
1 1 1 1 1 1 1 1 0 238
1 1 1 1 1 1 1 1 0 237
1 1 1 1 1 1 1 1 0 236
1 1 1 1 1 1 1 1 0 235
1 1 1 1 1 1 1 1 0 234
1 1 1 1 1 1 1 1 0 233
1 1 1 1 1 1 1 1 0 232
1 1 1 1 1 1 1 1 0 231
1 1 1 1 1 1 1 1 0 230
1 1 1 1 1 1 1 1 0 229
1 1 1 1 1 1 1 1 0 228
1 1 1 1 1 1 1 1 0 227
1 1 1 1 1 1 1 1 0 226
1 1 1 1 1 1 1 1 0 225
1 1 1 1 1 1 1 1 0 224
1 1 1 1 1 1 1 1 0 223
1 1 1 1 1 1 1 1 0 222
1 1 1 1 1 1 1 1 0 221
1 1 1 1 1 1 1 1 0 220
1 1 1 1 1 1 1 1 0 219
1 1 1 1 1 1 1 1 0 218
1 1 1 1 1 1 1 1 0 217
1 1 1 1 1 1 1 1 0 216
1 1 1 1 1 1 1 1 0 215
1 1 1 1 1 1 1 1 0 214
1 1 1 1 1 1 1 1 0 213
1 1 1 1 1 1 1 1 0 212
1 1 1 1 1 1 1 1 0 211
1 1 1 1 1 1 1 1 0 210
1 1 1 1 1 1 1 1 0 209
1 1 1 1 1 1 1 1 0 208
1 1 1 1 1 1 1 1 0 207
1 1 1 1 1 1 1 1 0 206
1 1 1 1 1 1 1 1 0 205
1 1 1 1 1 1 1 1 0 204
1 1 1 1 1 1 1 1 0 203
1 1 1 1 1 1 1 1 0 202
1 1 1 1 1 1 1 1 0 201
1 1 1 1 1 1 1 1 0 200
1 1 1 1 1 1 1 1 0 199
1 1 1 1 1 1 1 1 0 198
1 1 1 1 1 1 1 1 0 197
1 1 1 1 1 1 1 1 0 196
1 1 1 1 1 1 1 1 0 195
1 1 1 1 1 1 1 1 0 194
1 1 1 1 1 1 1 1 0 193
1 1 1 1 1 1 1 1 0 192
1 1 1 1 1 1 1 1 0 191
1 1 1 1 1 1 1 1 0 190
1 1 1 1 1 1 1 1 0 189
1 1 1 1 1 1 1 1 0 188
1 1 1 1 1 1 1 1 0 187
1 1 1 1 1 1 1 1 0 186
1 1 1 1 1 1 1 1 0 185
1 1 1 1 1 1 1 1 0 184
1 1 1 1 1 1 1 1 0 183
1 1 1 1 1 1 1 1 0 182
1 1 1 1 1 1 1 1 0 181
1 1 1 1 1 1 1 1 0 180
1 1 1 1 1 1 1 1 0 179
1 1 1 1 1 1 1 1 0 178
1 1 1 1 1 1 1 1 0 177
1 1 1 1 1 1 1 1 0 176
1 1 1 1 1 1 1 1 0 175
1 1 1 1 1 1 1 1 0 174
1 1 1 1 1 1 1 1 0 173
1 1 1 1 1 1 1 1 0 172
1 1 1 1 1 1 1 1 0 171
1 1 1 1 1 1 1 1 0 170
1 1 1 1 1 1 1 1 0 169
1 1 1 1 1 1 1 1 0 168
1 1 1 1 1 1 1 1 0 167
1 1 1 1 1 1 1 1 0 166
1 1 1 1 1 1 1 1 0 165
1 1 1 1 1 1 1 1 0 164
1 1 1 1 1 1 1 1 0 163
1 1 1 1 1 1 1 1 0 162
1 1 1 1 1 1 1 1 0 161
1 1 1 1 1 1 1 1 0 160
1 1 1 1 1 1 1 1 0 159
1 1 1 1 1 1 1 1 0 158
1 1 1 1 1 1 1 1 0 157
1 1 1 1 1 1 1 1 0 156
1 1 1 1 1 1 1 1 0 155
1 1 1 1 1 1 1 1 0 154
1 1 1 1 1 1 1 1 0 153
1 1 1 1 1 1 1 1 0 152
1 1 1 1 1 1 1 1 0 151
1 1 1 1 1 1 1 1 0 150
1 1 1 1 1 1 1 1 0 149
1 1 1 1 1 1 1 1 0 148
1 1 1 1 1 1 1 1 0 147
1 1 1 1 1 1 1 1 0 146
1 1 1 1 1 1 1 1 0 145
1 1 1 1 1 1 1 1 0 144
1 1 1 1 1 1 1 1 0 143
1 1 1 1 1 1 1 1 0 142
1 1 1 1 1 1 1 1 0 141
1 1 1 1 1 1 1 1 0 140
1 1 1 1 1 1 1 1 0 139
1 1 1 1 1 1 1 1 0 138
1 1 1 1 1 1 1 1 0 137
1 1 1 1 1 1 1 1 0 136
1 1 1 1 1 1 1 1 0 135
1 1 1 1 1 1 1 1 0 134
1 1 1 1 1 1 1 1 0 133
1 1 1 1 1 1 1 1 0 132
1 1 1 1 1 1 1 1 0 131
1 1 1 1 1 1 1 1 0 130
1 1 1 1 1 1 1 1 0 129
1 1 1 1 1 1 1 1 0 128
1 1 1 1 1 1 1 1 0 127
1 1 1 1 1 1 1 1 0 126
1 1 1 1 1 1 1 1 0 125
1 1 1 1 1 1 1 1 0 124
1 1 1 1 1 1 1 1 0 123
1 1 1 1 1 1 1 1 0 122
1 1 1 1 1 1 1 1 0 121
1 1 1 1 1 1 1 1 0 120
1 1 1 1 1 1 1 1 0 119
1 1 1 1 1 1 1 1 0 118
1 1 1 1 1 1 1 1 0 117
1 1 1 1 1 1 1 1 0 116
1 1 1 1 1 1 1 1 0 115
1 1 1 1 1 1 1 1 0 114
1 1 1 1 1 1 1 1 0 113
1 1 1 1 1 1 1 1 0 112
1 1 1 1 1 1 1 1 0 111
1 1 1 1 1 1 1 1 0 110
1 1 1 1 1 1 1 1 0 109
1 1 1 1 1 1 1 1 0 108
1 1 1 1 1 1 1 1 0 107
1 1 1 1 1 1 1 1 0 106
1 1 1 1 1 1 1 1 0 105
1 1 1 1 1 1 1 1 0 104
1 1 1 1 1 1 1 1 0 103
1 1 1 1 1 1 1 1 0 102
1 1 1 1 1 1 1 1 0 101
1 1 1 1 1 1 1 1 0 100
1 1 1 1 1 1 1 1 0 99
1 1 1 1 1 1 1 1 0 98
1 1 1 1 1 1 1 1 0 97
1 1 1 1 1 1 1 1 0 96
1 1 1 1 1 1 1 1 0 95
1 1 1 1 1 1 1 1 0 94
1 1 1 1 1 1 1 1 0 93
1 1 1 1 1 1 1 1 0 92
1 1 1 1 1 1 1 1 0 91
1 1 1 1 1 1 1 1 0 90
1 1 1 1 1 1 1 1 0 89
1 1 1 1 1 1 1 1 0 88
1 1 1 1 1 1 1 1 0 87
1 1 1 1 1 1 1 1 0 86
1 1 1 1 1 1 1 1 0 85
1 1 1 1 1 1 1 1 0 84
1 1 1 1 1 1 1 1 0 83
1 1 1 1 1 1 1 1 0 82
1 1 1 1 1 1 1 1 0 81
1 1 1 1 1 1 1 1 0 80
1 1 1 1 1 1 1 1 0 79
1 1 1 1 1 1 1 1 0 78
1 1 1 1 1 1 1 1 0 77
1 1 1 1 1 1 1 1 0 76
1 1 1 1 1 1 1 1 0 75
1 1 1 1 1 1 1 1 0 74
1 1 1 1 1 1 1 1 0 73
1 1 1 1 1 1 1 1 0 72
1 1 1 1 1 1 1 1 0 71
1 1 1 1 1 1 1 1 0 70
1 1 1 1 1 1 1 1 0 69
1 1 1 1 1 1 1 1 0 68
1 1 1 1 1 1 1 1 0 67
1 1 1 1 1 1 1 1 0 66
1 1 1 1 1 1 1 1 0 65
1 1 1 1 1 1 1 1 0 64
1 1 1 1 1 1 1 1 0 63
1 1 1 1 1 1 1 1 0 62
1 1 1 1 1 1 1 1 0 61
1 1 1 1 1 1 1 1 0 60
1 1 1 1 1 1 1 1 0 59
1 1 1 1 1 1 1 1 0 58
1 1 1 1 1 1 1 1 0 57
1 1 1 1 1 1 1 1 0 56
1 1 1 1 1 1 1 1 0 55
1 1 1 1 1 1 1 1 0 54
1 1 1 1 1 1 1 1 0 53
1 1 1 1 1 1 1 1 0 52
1 1 1 1 1 1 1 1 0 51
1 1 1 1 1 1 1 1 0 50
1 1 1 1 1 1 1 1 0 49
1 1 1 1 1 1 1 1 0 48
1 1 1 1 1 1 1 1 0 47
1 1 1 1 1 1 1 1 0 46
1 1 1 1 1 1 1 1 0 45
1 1 1 1 1 1 1 1 0 44
1 1 1 1 1 1 1 1 0 43
1 1 1 1 1 1 1 1 0 42
1 1 1 1 1 1 1 1 0 41
1 1 1 1 1 1 1 1 0 40
1 1 1 1 1 1 1 1 0 39
1 1 1 1 1 1 1 1 0 38
1 1 1 1 1 1 1 1 0 37
1 1 1 1 1 1 1 1 0 36
1 1 1 1 1 1 1 1 0 35
1 1 1 1 1 1 1 1 0 34
1 1 1 1 1 1 1 1 0 33
1 1 1 1 1 1 1 1 0 32
1 1 1 1 1 1 1 1 0 31
1 1 1 1 1 1 1 1 0 30
1 1 1 1 1 1 1 1 0 29
1 1 1 1 1 1 1 1 0 28
1 1 1 1 1 1 1 1 0 27
1 1 1 1 1 1 1 1 0 26
1 1 1 1 1 1 1 1 0 25
1 1 1 1 1 1 1 1 0 24
1 1 1 1 1 1 1 1 0 23
1 1 1 1 1 1 1 1 0 22
1 1 1 1 1 1 1 1 0 21
1 1 1 1 1 1 1 1 0 20
1 1 1 1 1 1 1 1 0 19
1 1 1 1 1 1 1 1 0 18
1 1 1 1 1 1 1 1 0 17
1 1 1 1 1 1 1 1 0 16
1 1 1 1 1 1 1 1 0 15
1 1 1 1 1 1 1 1 0 14
1 1 1 1 1 1 1 1 0 13
1 1 1 1 1 1 1 1 0 12
1 1 1 1 1 1 1 1 0 11
1 1 1 1 1 1 1 1 0 10
1 1 1 1 1 1 1 1 0 9
1 1 1 1 1 1 1 1 0 8
1 1 1 1 1 1 1 1 0 7
1 1 1 1 1 1 1 1 0 6
1 1 1 1 1 1 1 1 0 5
1 1 1 1 1 1 1 1 0 4
1 1 1 1 1 1 1 1 0 3
1 1 1 1 1 1 1 1 0 2
1 1 1 1 1 1 1 1 0 1
