1 1 1 1 1 1 1 1 1050 0
1 1 1 1 1 1 1 1 1049 1
1 1 1 1 1 1 1 1 1048 2
1 1 1 1 1 1 1 1 1047 3
1 1 1 1 1 1 1 1 1046 4
1 1 1 1 1 1 1 1 1045 5
1 1 1 1 1 1 1 1 1044 6
1 1 1 1 1 1 1 1 1043 7
1 1 1 1 1 1 1 1 1042 8
1 1 1 1 1 1 1 1 1041 9
1 1 1 1 1 1 1 1 1040 10
1 1 1 1 1 1 1 1 1039 11
1 1 1 1 1 1 1 1 1038 12
1 1 1 1 1 1 1 1 1037 13
1 1 1 1 1 1 1 1 1036 14
1 1 1 1 1 1 1 1 1035 15
1 1 1 1 1 1 1 1 1034 16
1 1 1 1 1 1 1 1 1033 17
1 1 1 1 1 1 1 1 1032 18
1 1 1 1 1 1 1 1 1031 19
1 1 1 1 1 1 1 1 1030 20
1 1 1 1 1 1 1 1 1029 21
1 1 1 1 1 1 1 1 1028 22
1 1 1 1 1 1 1 1 1027 23
1 1 1 1 1 1 1 1 1026 24
1 1 1 1 1 1 1 1 1025 25
1 1 1 1 1 1 1 1 1024 26
1 1 1 1 1 1 1 1 1023 27
1 1 1 1 1 1 1 1 1022 28
1 1 1 1 1 1 1 1 1021 29
1 1 1 1 1 1 1 1 1020 30
1 1 1 1 1 1 1 1 1019 31
1 1 1 1 1 1 1 1 1018 32
1 1 1 1 1 1 1 1 1017 33
1 1 1 1 1 1 1 1 1016 34
1 1 1 1 1 1 1 1 1015 35
1 1 1 1 1 1 1 1 1014 36
1 1 1 1 1 1 1 1 1013 37
1 1 1 1 1 1 1 1 1012 38
1 1 1 1 1 1 1 1 1011 39
1 1 1 1 1 1 1 1 1010 40
1 1 1 1 1 1 1 1 1009 41
1 1 1 1 1 1 1 1 1008 42
1 1 1 1 1 1 1 1 1007 43
1 1 1 1 1 1 1 1 1006 44
1 1 1 1 1 1 1 1 1005 45
1 1 1 1 1 1 1 1 1004 46
1 1 1 1 1 1 1 1 1003 47
1 1 1 1 1 1 1 1 1002 48
1 1 1 1 1 1 1 1 1001 49
1 1 1 1 1 1 1 1 1000 50
1 1 1 1 1 1 1 1 999 51
1 1 1 1 1 1 1 1 998 52
1 1 1 1 1 1 1 1 997 53
1 1 1 1 1 1 1 1 996 54
1 1 1 1 1 1 1 1 995 55
1 1 1 1 1 1 1 1 994 56
1 1 1 1 1 1 1 1 993 57
1 1 1 1 1 1 1 1 992 58
1 1 1 1 1 1 1 1 991 59
1 1 1 1 1 1 1 1 990 60
1 1 1 1 1 1 1 1 989 61
1 1 1 1 1 1 1 1 988 62
1 1 1 1 1 1 1 1 987 63
1 1 1 1 1 1 1 1 986 64
1 1 1 1 1 1 1 1 985 65
1 1 1 1 1 1 1 1 984 66
1 1 1 1 1 1 1 1 983 67
1 1 1 1 1 1 1 1 982 68
1 1 1 1 1 1 1 1 981 69
1 1 1 1 1 1 1 1 980 70
1 1 1 1 1 1 1 1 979 71
1 1 1 1 1 1 1 1 978 72
1 1 1 1 1 1 1 1 977 73
1 1 1 1 1 1 1 1 976 74
1 1 1 1 1 1 1 1 975 75
1 1 1 1 1 1 1 1 974 76
1 1 1 1 1 1 1 1 973 77
1 1 1 1 1 1 1 1 972 78
1 1 1 1 1 1 1 1 971 79
1 1 1 1 1 1 1 1 970 80
1 1 1 1 1 1 1 1 969 81
1 1 1 1 1 1 1 1 968 82
1 1 1 1 1 1 1 1 967 83
1 1 1 1 1 1 1 1 966 84
1 1 1 1 1 1 1 1 965 85
1 1 1 1 1 1 1 1 964 86
1 1 1 1 1 1 1 1 963 87
1 1 1 1 1 1 1 1 962 88
1 1 1 1 1 1 1 1 961 89
1 1 1 1 1 1 1 1 960 90
1 1 1 1 1 1 1 1 959 91
1 1 1 1 1 1 1 1 958 92
1 1 1 1 1 1 1 1 957 93
1 1 1 1 1 1 1 1 956 94
1 1 1 1 1 1 1 1 955 95
1 1 1 1 1 1 1 1 954 96
1 1 1 1 1 1 1 1 953 97
1 1 1 1 1 1 1 1 952 98
1 1 1 1 1 1 1 1 951 99
1 1 1 1 1 1 1 1 950 100
1 1 1 1 1 1 1 1 949 101
1 1 1 1 1 1 1 1 948 102
1 1 1 1 1 1 1 1 947 103
1 1 1 1 1 1 1 1 946 104
1 1 1 1 1 1 1 1 945 105
1 1 1 1 1 1 1 1 944 106
1 1 1 1 1 1 1 1 943 107
1 1 1 1 1 1 1 1 942 108
1 1 1 1 1 1 1 1 941 109
1 1 1 1 1 1 1 1 940 110
1 1 1 1 1 1 1 1 939 111
1 1 1 1 1 1 1 1 938 112
1 1 1 1 1 1 1 1 937 113
1 1 1 1 1 1 1 1 936 114
1 1 1 1 1 1 1 1 935 115
1 1 1 1 1 1 1 1 934 116
1 1 1 1 1 1 1 1 933 117
1 1 1 1 1 1 1 1 932 118
1 1 1 1 1 1 1 1 931 119
1 1 1 1 1 1 1 1 930 120
1 1 1 1 1 1 1 1 929 121
1 1 1 1 1 1 1 1 928 122
1 1 1 1 1 1 1 1 927 123
1 1 1 1 1 1 1 1 926 124
1 1 1 1 1 1 1 1 925 125
1 1 1 1 1 1 1 1 924 126
1 1 1 1 1 1 1 1 923 127
1 1 1 1 1 1 1 1 922 128
1 1 1 1 1 1 1 1 921 129
1 1 1 1 1 1 1 1 920 130
1 1 1 1 1 1 1 1 919 131
1 1 1 1 1 1 1 1 918 132
1 1 1 1 1 1 1 1 917 133
1 1 1 1 1 1 1 1 916 134
1 1 1 1 1 1 1 1 915 135
1 1 1 1 1 1 1 1 914 136
1 1 1 1 1 1 1 1 913 137
1 1 1 1 1 1 1 1 912 138
1 1 1 1 1 1 1 1 911 139
1 1 1 1 1 1 1 1 910 140
1 1 1 1 1 1 1 1 909 141
1 1 1 1 1 1 1 1 908 142
1 1 1 1 1 1 1 1 907 143
1 1 1 1 1 1 1 1 906 144
1 1 1 1 1 1 1 1 905 145
1 1 1 1 1 1 1 1 904 146
1 1 1 1 1 1 1 1 903 147
1 1 1 1 1 1 1 1 902 148
1 1 1 1 1 1 1 1 901 149
1 1 1 1 1 1 1 1 900 150
1 1 1 1 1 1 1 1 899 151
1 1 1 1 1 1 1 1 898 152
1 1 1 1 1 1 1 1 897 153
1 1 1 1 1 1 1 1 896 154
1 1 1 1 1 1 1 1 895 155
1 1 1 1 1 1 1 1 894 156
1 1 1 1 1 1 1 1 893 157
1 1 1 1 1 1 1 1 892 158
1 1 1 1 1 1 1 1 891 159
1 1 1 1 1 1 1 1 890 160
1 1 1 1 1 1 1 1 889 161
1 1 1 1 1 1 1 1 888 162
1 1 1 1 1 1 1 1 887 163
1 1 1 1 1 1 1 1 886 164
1 1 1 1 1 1 1 1 885 165
1 1 1 1 1 1 1 1 884 166
1 1 1 1 1 1 1 1 883 167
1 1 1 1 1 1 1 1 882 168
1 1 1 1 1 1 1 1 881 169
1 1 1 1 1 1 1 1 880 170
1 1 1 1 1 1 1 1 879 171
1 1 1 1 1 1 1 1 878 172
1 1 1 1 1 1 1 1 877 173
1 1 1 1 1 1 1 1 876 174
1 1 1 1 1 1 1 1 875 175
1 1 1 1 1 1 1 1 874 176
1 1 1 1 1 1 1 1 873 177
1 1 1 1 1 1 1 1 872 178
1 1 1 1 1 1 1 1 871 179
1 1 1 1 1 1 1 1 870 180
1 1 1 1 1 1 1 1 869 181
1 1 1 1 1 1 1 1 868 182
1 1 1 1 1 1 1 1 867 183
1 1 1 1 1 1 1 1 866 184
1 1 1 1 1 1 1 1 865 185
1 1 1 1 1 1 1 1 864 186
1 1 1 1 1 1 1 1 863 187
1 1 1 1 1 1 1 1 862 188
1 1 1 1 1 1 1 1 861 189
1 1 1 1 1 1 1 1 860 190
1 1 1 1 1 1 1 1 859 191
1 1 1 1 1 1 1 1 858 192
1 1 1 1 1 1 1 1 857 193
1 1 1 1 1 1 1 1 856 194
1 1 1 1 1 1 1 1 855 195
1 1 1 1 1 1 1 1 854 196
1 1 1 1 1 1 1 1 853 197
1 1 1 1 1 1 1 1 852 198
1 1 1 1 1 1 1 1 851 199
1 1 1 1 1 1 1 1 850 200
1 1 1 1 1 1 1 1 849 201
1 1 1 1 1 1 1 1 848 202
1 1 1 1 1 1 1 1 847 203
1 1 1 1 1 1 1 1 846 204
1 1 1 1 1 1 1 1 845 205
1 1 1 1 1 1 1 1 844 206
1 1 1 1 1 1 1 1 843 207
1 1 1 1 1 1 1 1 842 208
1 1 1 1 1 1 1 1 841 209
1 1 1 1 1 1 1 1 840 210
1 1 1 1 1 1 1 1 839 211
1 1 1 1 1 1 1 1 838 212
1 1 1 1 1 1 1 1 837 213
1 1 1 1 1 1 1 1 836 214
1 1 1 1 1 1 1 1 835 215
1 1 1 1 1 1 1 1 834 216
1 1 1 1 1 1 1 1 833 217
1 1 1 1 1 1 1 1 832 218
1 1 1 1 1 1 1 1 831 219
1 1 1 1 1 1 1 1 830 220
1 1 1 1 1 1 1 1 829 221
1 1 1 1 1 1 1 1 828 222
1 1 1 1 1 1 1 1 827 223
1 1 1 1 1 1 1 1 826 224
1 1 1 1 1 1 1 1 825 225
1 1 1 1 1 1 1 1 824 226
1 1 1 1 1 1 1 1 823 227
1 1 1 1 1 1 1 1 822 228
1 1 1 1 1 1 1 1 821 229
1 1 1 1 1 1 1 1 820 230
1 1 1 1 1 1 1 1 819 231
1 1 1 1 1 1 1 1 818 232
1 1 1 1 1 1 1 1 817 233
1 1 1 1 1 1 1 1 816 234
1 1 1 1 1 1 1 1 815 235
1 1 1 1 1 1 1 1 814 236
1 1 1 1 1 1 1 1 813 237
1 1 1 1 1 1 1 1 812 238
1 1 1 1 1 1 1 1 811 239
1 1 1 1 1 1 1 1 810 240
1 1 1 1 1 1 1 1 809 241
1 1 1 1 1 1 1 1 808 242
1 1 1 1 1 1 1 1 807 243
1 1 1 1 1 1 1 1 806 244
1 1 1 1 1 1 1 1 805 245
1 1 1 1 1 1 1 1 804 246
1 1 1 1 1 1 1 1 803 247
1 1 1 1 1 1 1 1 802 248
1 1 1 1 1 1 1 1 801 249
1 1 1 1 1 1 1 1 800 250
1 1 1 1 1 1 1 1 799 251
1 1 1 1 1 1 1 1 798 252
1 1 1 1 1 1 1 1 797 253
1 1 1 1 1 1 1 1 796 254
1 1 1 1 1 1 1 1 795 255
1 1 1 1 1 1 1 1 794 256
1 1 1 1 1 1 1 1 793 257
1 1 1 1 1 1 1 1 792 258
1 1 1 1 1 1 1 1 791 259
1 1 1 1 1 1 1 1 790 260
1 1 1 1 1 1 1 1 789 261
1 1 1 1 1 1 1 1 788 262
1 1 1 1 1 1 1 1 787 263
1 1 1 1 1 1 1 1 786 264
1 1 1 1 1 1 1 1 785 265
1 1 1 1 1 1 1 1 784 266
1 1 1 1 1 1 1 1 783 267
1 1 1 1 1 1 1 1 782 268
1 1 1 1 1 1 1 1 781 269
1 1 1 1 1 1 1 1 780 270
1 1 1 1 1 1 1 1 779 271
1 1 1 1 1 1 1 1 778 272
1 1 1 1 1 1 1 1 777 273
1 1 1 1 1 1 1 1 776 274
1 1 1 1 1 1 1 1 775 275
1 1 1 1 1 1 1 1 774 276
1 1 1 1 1 1 1 1 773 277
1 1 1 1 1 1 1 1 772 278
1 1 1 1 1 1 1 1 771 279
1 1 1 1 1 1 1 1 770 280
1 1 1 1 1 1 1 1 769 281
1 1 1 1 1 1 1 1 768 282
1 1 1 1 1 1 1 1 767 283
1 1 1 1 1 1 1 1 766 284
1 1 1 1 1 1 1 1 765 285
1 1 1 1 1 1 1 1 764 286
1 1 1 1 1 1 1 1 763 287
1 1 1 1 1 1 1 1 762 288
1 1 1 1 1 1 1 1 761 289
1 1 1 1 1 1 1 1 760 290
1 1 1 1 1 1 1 1 759 291
1 1 1 1 1 1 1 1 758 292
1 1 1 1 1 1 1 1 757 293
1 1 1 1 1 1 1 1 756 294
1 1 1 1 1 1 1 1 755 295
1 1 1 1 1 1 1 1 754 296
1 1 1 1 1 1 1 1 753 297
1 1 1 1 1 1 1 1 752 298
1 1 1 1 1 1 1 1 751 299
1 1 1 1 1 1 1 1 750 300
1 1 1 1 1 1 1 1 749 301
1 1 1 1 1 1 1 1 748 302
1 1 1 1 1 1 1 1 747 303
1 1 1 1 1 1 1 1 746 304
1 1 1 1 1 1 1 1 745 305
1 1 1 1 1 1 1 1 744 306
1 1 1 1 1 1 1 1 743 307
1 1 1 1 1 1 1 1 742 308
1 1 1 1 1 1 1 1 741 309
1 1 1 1 1 1 1 1 740 310
1 1 1 1 1 1 1 1 739 311
1 1 1 1 1 1 1 1 738 312
1 1 1 1 1 1 1 1 737 313
1 1 1 1 1 1 1 1 736 314
1 1 1 1 1 1 1 1 735 315
1 1 1 1 1 1 1 1 734 316
1 1 1 1 1 1 1 1 733 317
1 1 1 1 1 1 1 1 732 318
1 1 1 1 1 1 1 1 731 319
1 1 1 1 1 1 1 1 730 320
1 1 1 1 1 1 1 1 729 321
1 1 1 1 1 1 1 1 728 322
1 1 1 1 1 1 1 1 727 323
1 1 1 1 1 1 1 1 726 324
1 1 1 1 1 1 1 1 725 325
1 1 1 1 1 1 1 1 724 326
1 1 1 1 1 1 1 1 723 327
1 1 1 1 1 1 1 1 722 328
1 1 1 1 1 1 1 1 721 329
1 1 1 1 1 1 1 1 720 330
1 1 1 1 1 1 1 1 719 331
1 1 1 1 1 1 1 1 718 332
1 1 1 1 1 1 1 1 717 333
1 1 1 1 1 1 1 1 716 334
1 1 1 1 1 1 1 1 715 335
1 1 1 1 1 1 1 1 714 336
1 1 1 1 1 1 1 1 713 337
1 1 1 1 1 1 1 1 712 338
1 1 1 1 1 1 1 1 711 339
1 1 1 1 1 1 1 1 710 340
1 1 1 1 1 1 1 1 709 341
1 1 1 1 1 1 1 1 708 342
1 1 1 1 1 1 1 1 707 343
1 1 1 1 1 1 1 1 706 344
1 1 1 1 1 1 1 1 705 345
1 1 1 1 1 1 1 1 704 346
1 1 1 1 1 1 1 1 703 347
1 1 1 1 1 1 1 1 702 348
1 1 1 1 1 1 1 1 701 349
1 1 1 1 1 1 1 1 700 350
1 1 1 1 1 1 1 1 699 351
1 1 1 1 1 1 1 1 698 352
1 1 1 1 1 1 1 1 697 353
1 1 1 1 1 1 1 1 696 354
1 1 1 1 1 1 1 1 695 355
1 1 1 1 1 1 1 1 694 356
1 1 1 1 1 1 1 1 693 357
1 1 1 1 1 1 1 1 692 358
1 1 1 1 1 1 1 1 691 359
1 1 1 1 1 1 1 1 690 360
1 1 1 1 1 1 1 1 689 361
1 1 1 1 1 1 1 1 688 362
1 1 1 1 1 1 1 1 687 363
1 1 1 1 1 1 1 1 686 364
1 1 1 1 1 1 1 1 685 365
1 1 1 1 1 1 1 1 684 366
1 1 1 1 1 1 1 1 683 367
1 1 1 1 1 1 1 1 682 368
1 1 1 1 1 1 1 1 681 369
1 1 1 1 1 1 1 1 680 370
1 1 1 1 1 1 1 1 679 371
1 1 1 1 1 1 1 1 678 372
1 1 1 1 1 1 1 1 677 373
1 1 1 1 1 1 1 1 676 374
1 1 1 1 1 1 1 1 675 375
1 1 1 1 1 1 1 1 674 376
1 1 1 1 1 1 1 1 673 377
1 1 1 1 1 1 1 1 672 378
1 1 1 1 1 1 1 1 671 379
1 1 1 1 1 1 1 1 670 380
1 1 1 1 1 1 1 1 669 381
1 1 1 1 1 1 1 1 668 382
1 1 1 1 1 1 1 1 667 383
1 1 1 1 1 1 1 1 666 384
1 1 1 1 1 1 1 1 665 385
1 1 1 1 1 1 1 1 664 386
1 1 1 1 1 1 1 1 663 387
1 1 1 1 1 1 1 1 662 388
1 1 1 1 1 1 1 1 661 389
1 1 1 1 1 1 1 1 660 390
1 1 1 1 1 1 1 1 659 391
1 1 1 1 1 1 1 1 658 392
1 1 1 1 1 1 1 1 657 393
1 1 1 1 1 1 1 1 656 394
1 1 1 1 1 1 1 1 655 395
1 1 1 1 1 1 1 1 654 396
1 1 1 1 1 1 1 1 653 397
1 1 1 1 1 1 1 1 652 398
1 1 1 1 1 1 1 1 651 399
1 1 1 1 1 1 1 1 650 400
1 1 1 1 1 1 1 1 649 401
1 1 1 1 1 1 1 1 648 402
1 1 1 1 1 1 1 1 647 403
1 1 1 1 1 1 1 1 646 404
1 1 1 1 1 1 1 1 645 405
1 1 1 1 1 1 1 1 644 406
1 1 1 1 1 1 1 1 643 407
1 1 1 1 1 1 1 1 642 408
1 1 1 1 1 1 1 1 641 409
1 1 1 1 1 1 1 1 640 410
1 1 1 1 1 1 1 1 639 411
1 1 1 1 1 1 1 1 638 412
1 1 1 1 1 1 1 1 637 413
1 1 1 1 1 1 1 1 636 414
1 1 1 1 1 1 1 1 635 415
1 1 1 1 1 1 1 1 634 416
1 1 1 1 1 1 1 1 633 417
1 1 1 1 1 1 1 1 632 418
1 1 1 1 1 1 1 1 631 419
1 1 1 1 1 1 1 1 630 420
1 1 1 1 1 1 1 1 629 421
1 1 1 1 1 1 1 1 628 422
1 1 1 1 1 1 1 1 627 423
1 1 1 1 1 1 1 1 626 424
1 1 1 1 1 1 1 1 625 425
1 1 1 1 1 1 1 1 624 426
1 1 1 1 1 1 1 1 623 427
1 1 1 1 1 1 1 1 622 428
1 1 1 1 1 1 1 1 621 429
1 1 1 1 1 1 1 1 620 430
1 1 1 1 1 1 1 1 619 431
1 1 1 1 1 1 1 1 618 432
1 1 1 1 1 1 1 1 617 433
1 1 1 1 1 1 1 1 616 434
1 1 1 1 1 1 1 1 615 435
1 1 1 1 1 1 1 1 614 436
1 1 1 1 1 1 1 1 613 437
1 1 1 1 1 1 1 1 612 438
1 1 1 1 1 1 1 1 611 439
1 1 1 1 1 1 1 1 610 440
1 1 1 1 1 1 1 1 609 441
1 1 1 1 1 1 1 1 608 442
1 1 1 1 1 1 1 1 607 443
1 1 1 1 1 1 1 1 606 444
1 1 1 1 1 1 1 1 605 445
1 1 1 1 1 1 1 1 604 446
1 1 1 1 1 1 1 1 603 447
1 1 1 1 1 1 1 1 602 448
1 1 1 1 1 1 1 1 601 449
1 1 1 1 1 1 1 1 600 450
1 1 1 1 1 1 1 1 599 451
1 1 1 1 1 1 1 1 598 452
1 1 1 1 1 1 1 1 597 453
1 1 1 1 1 1 1 1 596 454
1 1 1 1 1 1 1 1 595 455
1 1 1 1 1 1 1 1 594 456
1 1 1 1 1 1 1 1 593 457
1 1 1 1 1 1 1 1 592 458
1 1 1 1 1 1 1 1 591 459
1 1 1 1 1 1 1 1 590 460
1 1 1 1 1 1 1 1 589 461
1 1 1 1 1 1 1 1 588 462
1 1 1 1 1 1 1 1 587 463
1 1 1 1 1 1 1 1 586 464
1 1 1 1 1 1 1 1 585 465
1 1 1 1 1 1 1 1 584 466
1 1 1 1 1 1 1 1 583 467
1 1 1 1 1 1 1 1 582 468
1 1 1 1 1 1 1 1 581 469
1 1 1 1 1 1 1 1 580 470
1 1 1 1 1 1 1 1 579 471
1 1 1 1 1 1 1 1 578 472
1 1 1 1 1 1 1 1 577 473
1 1 1 1 1 1 1 1 576 474
1 1 1 1 1 1 1 1 575 475
1 1 1 1 1 1 1 1 574 476
1 1 1 1 1 1 1 1 573 477
1 1 1 1 1 1 1 1 572 478
1 1 1 1 1 1 1 1 571 479
1 1 1 1 1 1 1 1 570 480
1 1 1 1 1 1 1 1 569 481
1 1 1 1 1 1 1 1 568 482
1 1 1 1 1 1 1 1 567 483
1 1 1 1 1 1 1 1 566 484
1 1 1 1 1 1 1 1 565 485
1 1 1 1 1 1 1 1 564 486
1 1 1 1 1 1 1 1 563 487
1 1 1 1 1 1 1 1 562 488
1 1 1 1 1 1 1 1 561 489
1 1 1 1 1 1 1 1 560 490
1 1 1 1 1 1 1 1 559 491
1 1 1 1 1 1 1 1 558 492
1 1 1 1 1 1 1 1 557 493
1 1 1 1 1 1 1 1 556 494
1 1 1 1 1 1 1 1 555 495
1 1 1 1 1 1 1 1 554 496
1 1 1 1 1 1 1 1 553 497
1 1 1 1 1 1 1 1 552 498
1 1 1 1 1 1 1 1 551 499
1 1 1 1 1 1 1 1 550 500
1 1 1 1 1 1 1 1 549 501
1 1 1 1 1 1 1 1 548 502
1 1 1 1 1 1 1 1 547 503
1 1 1 1 1 1 1 1 546 504
1 1 1 1 1 1 1 1 545 505
1 1 1 1 1 1 1 1 544 506
1 1 1 1 1 1 1 1 543 507
1 1 1 1 1 1 1 1 542 508
1 1 1 1 1 1 1 1 541 509
1 1 1 1 1 1 1 1 540 510
1 1 1 1 1 1 1 1 539 511
1 1 1 1 1 1 1 1 538 512
1 1 1 1 1 1 1 1 537 513
1 1 1 1 1 1 1 1 536 514
1 1 1 1 1 1 1 1 535 515
1 1 1 1 1 1 1 1 534 516
1 1 1 1 1 1 1 1 533 517
1 1 1 1 1 1 1 1 532 518
1 1 1 1 1 1 1 1 531 519
1 1 1 1 1 1 1 1 530 520
1 1 1 1 1 1 1 1 529 521
1 1 1 1 1 1 1 1 528 522
1 1 1 1 1 1 1 1 527 523
1 1 1 1 1 1 1 1 526 524
1 1 1 1 1 1 1 1 525 525
1 1 1 1 1 1 1 1 524 526
1 1 1 1 1 1 1 1 523 527
1 1 1 1 1 1 1 1 522 528
1 1 1 1 1 1 1 1 521 529
1 1 1 1 1 1 1 1 520 530
1 1 1 1 1 1 1 1 519 531
1 1 1 1 1 1 1 1 518 532
1 1 1 1 1 1 1 1 517 533
1 1 1 1 1 1 1 1 516 534
1 1 1 1 1 1 1 1 515 535
1 1 1 1 1 1 1 1 514 536
1 1 1 1 1 1 1 1 513 537
1 1 1 1 1 1 1 1 512 538
1 1 1 1 1 1 1 1 511 539
1 1 1 1 1 1 1 1 510 540
1 1 1 1 1 1 1 1 509 541
1 1 1 1 1 1 1 1 508 542
1 1 1 1 1 1 1 1 507 543
1 1 1 1 1 1 1 1 506 544
1 1 1 1 1 1 1 1 505 545
1 1 1 1 1 1 1 1 504 546
1 1 1 1 1 1 1 1 503 547
1 1 1 1 1 1 1 1 502 548
1 1 1 1 1 1 1 1 501 549
1 1 1 1 1 1 1 1 500 550
1 1 1 1 1 1 1 1 499 551
1 1 1 1 1 1 1 1 498 552
1 1 1 1 1 1 1 1 497 553
1 1 1 1 1 1 1 1 496 554
1 1 1 1 1 1 1 1 495 555
1 1 1 1 1 1 1 1 494 556
1 1 1 1 1 1 1 1 493 557
1 1 1 1 1 1 1 1 492 558
1 1 1 1 1 1 1 1 491 559
1 1 1 1 1 1 1 1 490 560
1 1 1 1 1 1 1 1 489 561
1 1 1 1 1 1 1 1 488 562
1 1 1 1 1 1 1 1 487 563
1 1 1 1 1 1 1 1 486 564
1 1 1 1 1 1 1 1 485 565
1 1 1 1 1 1 1 1 484 566
1 1 1 1 1 1 1 1 483 567
1 1 1 1 1 1 1 1 482 568
1 1 1 1 1 1 1 1 481 569
1 1 1 1 1 1 1 1 480 570
1 1 1 1 1 1 1 1 479 571
1 1 1 1 1 1 1 1 478 572
1 1 1 1 1 1 1 1 477 573
1 1 1 1 1 1 1 1 476 574
1 1 1 1 1 1 1 1 475 575
1 1 1 1 1 1 1 1 474 576
1 1 1 1 1 1 1 1 473 577
1 1 1 1 1 1 1 1 472 578
1 1 1 1 1 1 1 1 471 579
1 1 1 1 1 1 1 1 470 580
1 1 1 1 1 1 1 1 469 581
1 1 1 1 1 1 1 1 468 582
1 1 1 1 1 1 1 1 467 583
1 1 1 1 1 1 1 1 466 584
1 1 1 1 1 1 1 1 465 585
1 1 1 1 1 1 1 1 464 586
1 1 1 1 1 1 1 1 463 587
1 1 1 1 1 1 1 1 462 588
1 1 1 1 1 1 1 1 461 589
1 1 1 1 1 1 1 1 460 590
1 1 1 1 1 1 1 1 459 591
1 1 1 1 1 1 1 1 458 592
1 1 1 1 1 1 1 1 457 593
1 1 1 1 1 1 1 1 456 594
1 1 1 1 1 1 1 1 455 595
1 1 1 1 1 1 1 1 454 596
1 1 1 1 1 1 1 1 453 597
1 1 1 1 1 1 1 1 452 598
1 1 1 1 1 1 1 1 451 599
1 1 1 1 1 1 1 1 450 600
1 1 1 1 1 1 1 1 449 601
1 1 1 1 1 1 1 1 448 602
1 1 1 1 1 1 1 1 447 603
1 1 1 1 1 1 1 1 446 604
1 1 1 1 1 1 1 1 445 605
1 1 1 1 1 1 1 1 444 606
1 1 1 1 1 1 1 1 443 607
1 1 1 1 1 1 1 1 442 608
1 1 1 1 1 1 1 1 441 609
1 1 1 1 1 1 1 1 440 610
1 1 1 1 1 1 1 1 439 611
1 1 1 1 1 1 1 1 438 612
1 1 1 1 1 1 1 1 437 613
1 1 1 1 1 1 1 1 436 614
1 1 1 1 1 1 1 1 435 615
1 1 1 1 1 1 1 1 434 616
1 1 1 1 1 1 1 1 433 617
1 1 1 1 1 1 1 1 432 618
1 1 1 1 1 1 1 1 431 619
1 1 1 1 1 1 1 1 430 620
1 1 1 1 1 1 1 1 429 621
1 1 1 1 1 1 1 1 428 622
1 1 1 1 1 1 1 1 427 623
1 1 1 1 1 1 1 1 426 624
1 1 1 1 1 1 1 1 425 625
1 1 1 1 1 1 1 1 424 626
1 1 1 1 1 1 1 1 423 627
1 1 1 1 1 1 1 1 422 628
1 1 1 1 1 1 1 1 421 629
1 1 1 1 1 1 1 1 420 630
1 1 1 1 1 1 1 1 419 631
1 1 1 1 1 1 1 1 418 632
1 1 1 1 1 1 1 1 417 633
1 1 1 1 1 1 1 1 416 634
1 1 1 1 1 1 1 1 415 635
1 1 1 1 1 1 1 1 414 636
1 1 1 1 1 1 1 1 413 637
1 1 1 1 1 1 1 1 412 638
1 1 1 1 1 1 1 1 411 639
1 1 1 1 1 1 1 1 410 640
1 1 1 1 1 1 1 1 409 641
1 1 1 1 1 1 1 1 408 642
1 1 1 1 1 1 1 1 407 643
1 1 1 1 1 1 1 1 406 644
1 1 1 1 1 1 1 1 405 645
1 1 1 1 1 1 1 1 404 646
1 1 1 1 1 1 1 1 403 647
1 1 1 1 1 1 1 1 402 648
1 1 1 1 1 1 1 1 401 649
1 1 1 1 1 1 1 1 400 650
1 1 1 1 1 1 1 1 399 651
1 1 1 1 1 1 1 1 398 652
1 1 1 1 1 1 1 1 397 653
1 1 1 1 1 1 1 1 396 654
1 1 1 1 1 1 1 1 395 655
1 1 1 1 1 1 1 1 394 656
1 1 1 1 1 1 1 1 393 657
1 1 1 1 1 1 1 1 392 658
1 1 1 1 1 1 1 1 391 659
1 1 1 1 1 1 1 1 390 660
1 1 1 1 1 1 1 1 389 661
1 1 1 1 1 1 1 1 388 662
1 1 1 1 1 1 1 1 387 663
1 1 1 1 1 1 1 1 386 664
1 1 1 1 1 1 1 1 385 665
1 1 1 1 1 1 1 1 384 666
1 1 1 1 1 1 1 1 383 667
1 1 1 1 1 1 1 1 382 668
1 1 1 1 1 1 1 1 381 669
1 1 1 1 1 1 1 1 380 670
1 1 1 1 1 1 1 1 379 671
1 1 1 1 1 1 1 1 378 672
1 1 1 1 1 1 1 1 377 673
1 1 1 1 1 1 1 1 376 674
1 1 1 1 1 1 1 1 375 675
1 1 1 1 1 1 1 1 374 676
1 1 1 1 1 1 1 1 373 677
1 1 1 1 1 1 1 1 372 678
1 1 1 1 1 1 1 1 371 679
1 1 1 1 1 1 1 1 370 680
1 1 1 1 1 1 1 1 369 681
1 1 1 1 1 1 1 1 368 682
1 1 1 1 1 1 1 1 367 683
1 1 1 1 1 1 1 1 366 684
1 1 1 1 1 1 1 1 365 685
1 1 1 1 1 1 1 1 364 686
1 1 1 1 1 1 1 1 363 687
1 1 1 1 1 1 1 1 362 688
1 1 1 1 1 1 1 1 361 689
1 1 1 1 1 1 1 1 360 690
1 1 1 1 1 1 1 1 359 691
1 1 1 1 1 1 1 1 358 692
1 1 1 1 1 1 1 1 357 693
1 1 1 1 1 1 1 1 356 694
1 1 1 1 1 1 1 1 355 695
1 1 1 1 1 1 1 1 354 696
1 1 1 1 1 1 1 1 353 697
1 1 1 1 1 1 1 1 352 698
1 1 1 1 1 1 1 1 351 699
1 1 1 1 1 1 1 1 350 700
1 1 1 1 1 1 1 1 349 701
1 1 1 1 1 1 1 1 348 702
1 1 1 1 1 1 1 1 347 703
1 1 1 1 1 1 1 1 346 704
1 1 1 1 1 1 1 1 345 705
1 1 1 1 1 1 1 1 344 706
1 1 1 1 1 1 1 1 343 707
1 1 1 1 1 1 1 1 342 708
1 1 1 1 1 1 1 1 341 709
1 1 1 1 1 1 1 1 340 710
1 1 1 1 1 1 1 1 339 711
1 1 1 1 1 1 1 1 338 712
1 1 1 1 1 1 1 1 337 713
1 1 1 1 1 1 1 1 336 714
1 1 1 1 1 1 1 1 335 715
1 1 1 1 1 1 1 1 334 716
1 1 1 1 1 1 1 1 333 717
1 1 1 1 1 1 1 1 332 718
1 1 1 1 1 1 1 1 331 719
1 1 1 1 1 1 1 1 330 720
1 1 1 1 1 1 1 1 329 721
1 1 1 1 1 1 1 1 328 722
1 1 1 1 1 1 1 1 327 723
1 1 1 1 1 1 1 1 326 724
1 1 1 1 1 1 1 1 325 725
1 1 1 1 1 1 1 1 324 726
1 1 1 1 1 1 1 1 323 727
1 1 1 1 1 1 1 1 322 728
1 1 1 1 1 1 1 1 321 729
1 1 1 1 1 1 1 1 320 730
1 1 1 1 1 1 1 1 319 731
1 1 1 1 1 1 1 1 318 732
1 1 1 1 1 1 1 1 317 733
1 1 1 1 1 1 1 1 316 734
1 1 1 1 1 1 1 1 315 735
1 1 1 1 1 1 1 1 314 736
1 1 1 1 1 1 1 1 313 737
1 1 1 1 1 1 1 1 312 738
1 1 1 1 1 1 1 1 311 739
1 1 1 1 1 1 1 1 310 740
1 1 1 1 1 1 1 1 309 741
1 1 1 1 1 1 1 1 308 742
1 1 1 1 1 1 1 1 307 743
1 1 1 1 1 1 1 1 306 744
1 1 1 1 1 1 1 1 305 745
1 1 1 1 1 1 1 1 304 746
1 1 1 1 1 1 1 1 303 747
1 1 1 1 1 1 1 1 302 748
1 1 1 1 1 1 1 1 301 749
1 1 1 1 1 1 1 1 300 750
1 1 1 1 1 1 1 1 299 751
1 1 1 1 1 1 1 1 298 752
1 1 1 1 1 1 1 1 297 753
1 1 1 1 1 1 1 1 296 754
1 1 1 1 1 1 1 1 295 755
1 1 1 1 1 1 1 1 294 756
1 1 1 1 1 1 1 1 293 757
1 1 1 1 1 1 1 1 292 758
1 1 1 1 1 1 1 1 291 759
1 1 1 1 1 1 1 1 290 760
1 1 1 1 1 1 1 1 289 761
1 1 1 1 1 1 1 1 288 762
1 1 1 1 1 1 1 1 287 763
1 1 1 1 1 1 1 1 286 764
1 1 1 1 1 1 1 1 285 765
1 1 1 1 1 1 1 1 284 766
1 1 1 1 1 1 1 1 283 767
1 1 1 1 1 1 1 1 282 768
1 1 1 1 1 1 1 1 281 769
1 1 1 1 1 1 1 1 280 770
1 1 1 1 1 1 1 1 279 771
1 1 1 1 1 1 1 1 278 772
1 1 1 1 1 1 1 1 277 773
1 1 1 1 1 1 1 1 276 774
1 1 1 1 1 1 1 1 275 775
1 1 1 1 1 1 1 1 274 776
1 1 1 1 1 1 1 1 273 777
1 1 1 1 1 1 1 1 272 778
1 1 1 1 1 1 1 1 271 779
1 1 1 1 1 1 1 1 270 780
1 1 1 1 1 1 1 1 269 781
1 1 1 1 1 1 1 1 268 782
1 1 1 1 1 1 1 1 267 783
1 1 1 1 1 1 1 1 266 784
1 1 1 1 1 1 1 1 265 785
1 1 1 1 1 1 1 1 264 786
1 1 1 1 1 1 1 1 263 787
1 1 1 1 1 1 1 1 262 788
1 1 1 1 1 1 1 1 261 789
1 1 1 1 1 1 1 1 260 790
1 1 1 1 1 1 1 1 259 791
1 1 1 1 1 1 1 1 258 792
1 1 1 1 1 1 1 1 257 793
1 1 1 1 1 1 1 1 256 794
1 1 1 1 1 1 1 1 255 795
1 1 1 1 1 1 1 1 254 796
1 1 1 1 1 1 1 1 253 797
1 1 1 1 1 1 1 1 252 798
1 1 1 1 1 1 1 1 251 799
1 1 1 1 1 1 1 1 250 800
1 1 1 1 1 1 1 1 249 801
1 1 1 1 1 1 1 1 248 802
1 1 1 1 1 1 1 1 247 803
1 1 1 1 1 1 1 1 246 804
1 1 1 1 1 1 1 1 245 805
1 1 1 1 1 1 1 1 244 806
1 1 1 1 1 1 1 1 243 807
1 1 1 1 1 1 1 1 242 808
1 1 1 1 1 1 1 1 241 809
1 1 1 1 1 1 1 1 240 810
1 1 1 1 1 1 1 1 239 811
1 1 1 1 1 1 1 1 238 812
1 1 1 1 1 1 1 1 237 813
1 1 1 1 1 1 1 1 236 814
1 1 1 1 1 1 1 1 235 815
1 1 1 1 1 1 1 1 234 816
1 1 1 1 1 1 1 1 233 817
1 1 1 1 1 1 1 1 232 818
1 1 1 1 1 1 1 1 231 819
1 1 1 1 1 1 1 1 230 820
1 1 1 1 1 1 1 1 229 821
1 1 1 1 1 1 1 1 228 822
1 1 1 1 1 1 1 1 227 823
1 1 1 1 1 1 1 1 226 824
1 1 1 1 1 1 1 1 225 825
1 1 1 1 1 1 1 1 224 826
1 1 1 1 1 1 1 1 223 827
1 1 1 1 1 1 1 1 222 828
1 1 1 1 1 1 1 1 221 829
1 1 1 1 1 1 1 1 220 830
1 1 1 1 1 1 1 1 219 831
1 1 1 1 1 1 1 1 218 832
1 1 1 1 1 1 1 1 217 833
1 1 1 1 1 1 1 1 216 834
1 1 1 1 1 1 1 1 215 835
1 1 1 1 1 1 1 1 214 836
1 1 1 1 1 1 1 1 213 837
1 1 1 1 1 1 1 1 212 838
1 1 1 1 1 1 1 1 211 839
1 1 1 1 1 1 1 1 210 840
1 1 1 1 1 1 1 1 209 841
1 1 1 1 1 1 1 1 208 842
1 1 1 1 1 1 1 1 207 843
1 1 1 1 1 1 1 1 206 844
1 1 1 1 1 1 1 1 205 845
1 1 1 1 1 1 1 1 204 846
1 1 1 1 1 1 1 1 203 847
1 1 1 1 1 1 1 1 202 848
1 1 1 1 1 1 1 1 201 849
1 1 1 1 1 1 1 1 200 850
1 1 1 1 1 1 1 1 199 851
1 1 1 1 1 1 1 1 198 852
1 1 1 1 1 1 1 1 197 853
1 1 1 1 1 1 1 1 196 854
1 1 1 1 1 1 1 1 195 855
1 1 1 1 1 1 1 1 194 856
1 1 1 1 1 1 1 1 193 857
1 1 1 1 1 1 1 1 192 858
1 1 1 1 1 1 1 1 191 859
1 1 1 1 1 1 1 1 190 860
1 1 1 1 1 1 1 1 189 861
1 1 1 1 1 1 1 1 188 862
1 1 1 1 1 1 1 1 187 863
1 1 1 1 1 1 1 1 186 864
1 1 1 1 1 1 1 1 185 865
1 1 1 1 1 1 1 1 184 866
1 1 1 1 1 1 1 1 183 867
1 1 1 1 1 1 1 1 182 868
1 1 1 1 1 1 1 1 181 869
1 1 1 1 1 1 1 1 180 870
1 1 1 1 1 1 1 1 179 871
1 1 1 1 1 1 1 1 178 872
1 1 1 1 1 1 1 1 177 873
1 1 1 1 1 1 1 1 176 874
1 1 1 1 1 1 1 1 175 875
1 1 1 1 1 1 1 1 174 876
1 1 1 1 1 1 1 1 173 877
1 1 1 1 1 1 1 1 172 878
1 1 1 1 1 1 1 1 171 879
1 1 1 1 1 1 1 1 170 880
1 1 1 1 1 1 1 1 169 881
1 1 1 1 1 1 1 1 168 882
1 1 1 1 1 1 1 1 167 883
1 1 1 1 1 1 1 1 166 884
1 1 1 1 1 1 1 1 165 885
1 1 1 1 1 1 1 1 164 886
1 1 1 1 1 1 1 1 163 887
1 1 1 1 1 1 1 1 162 888
1 1 1 1 1 1 1 1 161 889
1 1 1 1 1 1 1 1 160 890
1 1 1 1 1 1 1 1 159 891
1 1 1 1 1 1 1 1 158 892
1 1 1 1 1 1 1 1 157 893
1 1 1 1 1 1 1 1 156 894
1 1 1 1 1 1 1 1 155 895
1 1 1 1 1 1 1 1 154 896
1 1 1 1 1 1 1 1 153 897
1 1 1 1 1 1 1 1 152 898
1 1 1 1 1 1 1 1 151 899
1 1 1 1 1 1 1 1 150 900
1 1 1 1 1 1 1 1 149 901
1 1 1 1 1 1 1 1 148 902
1 1 1 1 1 1 1 1 147 903
1 1 1 1 1 1 1 1 146 904
1 1 1 1 1 1 1 1 145 905
1 1 1 1 1 1 1 1 144 906
1 1 1 1 1 1 1 1 143 907
1 1 1 1 1 1 1 1 142 908
1 1 1 1 1 1 1 1 141 909
1 1 1 1 1 1 1 1 140 910
1 1 1 1 1 1 1 1 139 911
1 1 1 1 1 1 1 1 138 912
1 1 1 1 1 1 1 1 137 913
1 1 1 1 1 1 1 1 136 914
1 1 1 1 1 1 1 1 135 915
1 1 1 1 1 1 1 1 134 916
1 1 1 1 1 1 1 1 133 917
1 1 1 1 1 1 1 1 132 918
1 1 1 1 1 1 1 1 131 919
1 1 1 1 1 1 1 1 130 920
1 1 1 1 1 1 1 1 129 921
1 1 1 1 1 1 1 1 128 922
1 1 1 1 1 1 1 1 127 923
1 1 1 1 1 1 1 1 126 924
1 1 1 1 1 1 1 1 125 925
1 1 1 1 1 1 1 1 124 926
1 1 1 1 1 1 1 1 123 927
1 1 1 1 1 1 1 1 122 928
1 1 1 1 1 1 1 1 121 929
1 1 1 1 1 1 1 1 120 930
1 1 1 1 1 1 1 1 119 931
1 1 1 1 1 1 1 1 118 932
1 1 1 1 1 1 1 1 117 933
1 1 1 1 1 1 1 1 116 934
1 1 1 1 1 1 1 1 115 935
1 1 1 1 1 1 1 1 114 936
1 1 1 1 1 1 1 1 113 937
1 1 1 1 1 1 1 1 112 938
1 1 1 1 1 1 1 1 111 939
1 1 1 1 1 1 1 1 110 940
1 1 1 1 1 1 1 1 109 941
1 1 1 1 1 1 1 1 108 942
1 1 1 1 1 1 1 1 107 943
1 1 1 1 1 1 1 1 106 944
1 1 1 1 1 1 1 1 105 945
1 1 1 1 1 1 1 1 104 946
1 1 1 1 1 1 1 1 103 947
1 1 1 1 1 1 1 1 102 948
1 1 1 1 1 1 1 1 101 949
1 1 1 1 1 1 1 1 100 950
1 1 1 1 1 1 1 1 99 951
1 1 1 1 1 1 1 1 98 952
1 1 1 1 1 1 1 1 97 953
1 1 1 1 1 1 1 1 96 954
1 1 1 1 1 1 1 1 95 955
1 1 1 1 1 1 1 1 94 956
1 1 1 1 1 1 1 1 93 957
1 1 1 1 1 1 1 1 92 958
1 1 1 1 1 1 1 1 91 959
1 1 1 1 1 1 1 1 90 960
1 1 1 1 1 1 1 1 89 961
1 1 1 1 1 1 1 1 88 962
1 1 1 1 1 1 1 1 87 963
1 1 1 1 1 1 1 1 86 964
1 1 1 1 1 1 1 1 85 965
1 1 1 1 1 1 1 1 84 966
1 1 1 1 1 1 1 1 83 967
1 1 1 1 1 1 1 1 82 968
1 1 1 1 1 1 1 1 81 969
1 1 1 1 1 1 1 1 80 970
1 1 1 1 1 1 1 1 79 971
1 1 1 1 1 1 1 1 78 972
1 1 1 1 1 1 1 1 77 973
1 1 1 1 1 1 1 1 76 974
1 1 1 1 1 1 1 1 75 975
1 1 1 1 1 1 1 1 74 976
1 1 1 1 1 1 1 1 73 977
1 1 1 1 1 1 1 1 72 978
1 1 1 1 1 1 1 1 71 979
1 1 1 1 1 1 1 1 70 980
1 1 1 1 1 1 1 1 69 981
1 1 1 1 1 1 1 1 68 982
1 1 1 1 1 1 1 1 67 983
1 1 1 1 1 1 1 1 66 984
1 1 1 1 1 1 1 1 65 985
1 1 1 1 1 1 1 1 64 986
1 1 1 1 1 1 1 1 63 987
1 1 1 1 1 1 1 1 62 988
1 1 1 1 1 1 1 1 61 989
1 1 1 1 1 1 1 1 60 990
1 1 1 1 1 1 1 1 59 991
1 1 1 1 1 1 1 1 58 992
1 1 1 1 1 1 1 1 57 993
1 1 1 1 1 1 1 1 56 994
1 1 1 1 1 1 1 1 55 995
1 1 1 1 1 1 1 1 54 996
1 1 1 1 1 1 1 1 53 997
1 1 1 1 1 1 1 1 52 998
1 1 1 1 1 1 1 1 51 999
1 1 1 1 1 1 1 1 50 1000
1 1 1 1 1 1 1 1 49 1001
1 1 1 1 1 1 1 1 48 1002
1 1 1 1 1 1 1 1 47 1003
1 1 1 1 1 1 1 1 46 1004
1 1 1 1 1 1 1 1 45 1005
1 1 1 1 1 1 1 1 44 1006
1 1 1 1 1 1 1 1 43 1007
1 1 1 1 1 1 1 1 42 1008
1 1 1 1 1 1 1 1 41 1009
1 1 1 1 1 1 1 1 40 1010
1 1 1 1 1 1 1 1 39 1011
1 1 1 1 1 1 1 1 38 1012
1 1 1 1 1 1 1 1 37 1013
1 1 1 1 1 1 1 1 36 1014
1 1 1 1 1 1 1 1 35 1015
1 1 1 1 1 1 1 1 34 1016
1 1 1 1 1 1 1 1 33 1017
1 1 1 1 1 1 1 1 32 1018
1 1 1 1 1 1 1 1 31 1019
1 1 1 1 1 1 1 1 30 1020
1 1 1 1 1 1 1 1 29 1021
1 1 1 1 1 1 1 1 28 1022
1 1 1 1 1 1 1 1 27 1023
1 1 1 1 1 1 1 1 26 1024
1 1 1 1 1 1 1 1 25 1025
1 1 1 1 1 1 1 1 24 1026
1 1 1 1 1 1 1 1 23 1027
1 1 1 1 1 1 1 1 22 1028
1 1 1 1 1 1 1 1 21 1029
1 1 1 1 1 1 1 1 20 1030
1 1 1 1 1 1 1 1 19 1031
1 1 1 1 1 1 1 1 18 1032
1 1 1 1 1 1 1 1 17 1033
1 1 1 1 1 1 1 1 16 1034
1 1 1 1 1 1 1 1 15 1035
1 1 1 1 1 1 1 1 14 1036
1 1 1 1 1 1 1 1 13 1037
1 1 1 1 1 1 1 1 12 1038
1 1 1 1 1 1 1 1 11 1039
1 1 1 1 1 1 1 1 10 1040
1 1 1 1 1 1 1 1 9 1041
1 1 1 1 1 1 1 1 8 1042
1 1 1 1 1 1 1 1 7 1043
1 1 1 1 1 1 1 1 6 1044
1 1 1 1 1 1 1 1 5 1045
1 1 1 1 1 1 1 1 4 1046
1 1 1 1 1 1 1 1 3 1047
1 1 1 1 1 1 1 1 2 1048
1 1 1 1 1 1 1 1 1 1049
1 1 1 1 1 1 1 1 0 1050
1 1 1 1 1 1 1 1 0 1049
1 1 1 1 1 1 1 1 0 1048
1 1 1 1 1 1 1 1 0 1047
1 1 1 1 1 1 1 1 0 1046
1 1 1 1 1 1 1 1 0 1045
1 1 1 1 1 1 1 1 0 1044
1 1 1 1 1 1 1 1 0 1043
1 1 1 1 1 1 1 1 0 1042
1 1 1 1 1 1 1 1 0 1041
1 1 1 1 1 1 1 1 0 1040
1 1 1 1 1 1 1 1 0 1039
1 1 1 1 1 1 1 1 0 1038
1 1 1 1 1 1 1 1 0 1037
1 1 1 1 1 1 1 1 0 1036
1 1 1 1 1 1 1 1 0 1035
1 1 1 1 1 1 1 1 0 1034
1 1 1 1 1 1 1 1 0 1033
1 1 1 1 1 1 1 1 0 1032
1 1 1 1 1 1 1 1 0 1031
1 1 1 1 1 1 1 1 0 1030
1 1 1 1 1 1 1 1 0 1029
1 1 1 1 1 1 1 1 0 1028
1 1 1 1 1 1 1 1 0 1027
1 1 1 1 1 1 1 1 0 1026
1 1 1 1 1 1 1 1 0 1025
1 1 1 1 1 1 1 1 0 1024
1 1 1 1 1 1 1 1 0 1023
1 1 1 1 1 1 1 1 0 1022
1 1 1 1 1 1 1 1 0 1021
1 1 1 1 1 1 1 1 0 1020
1 1 1 1 1 1 1 1 0 1019
1 1 1 1 1 1 1 1 0 1018
1 1 1 1 1 1 1 1 0 1017
1 1 1 1 1 1 1 1 0 1016
1 1 1 1 1 1 1 1 0 1015
1 1 1 1 1 1 1 1 0 1014
1 1 1 1 1 1 1 1 0 1013
1 1 1 1 1 1 1 1 0 1012
1 1 1 1 1 1 1 1 0 1011
1 1 1 1 1 1 1 1 0 1010
1 1 1 1 1 1 1 1 0 1009
1 1 1 1 1 1 1 1 0 1008
1 1 1 1 1 1 1 1 0 1007
1 1 1 1 1 1 1 1 0 1006
1 1 1 1 1 1 1 1 0 1005
1 1 1 1 1 1 1 1 0 1004
1 1 1 1 1 1 1 1 0 1003
1 1 1 1 1 1 1 1 0 1002
1 1 1 1 1 1 1 1 0 1001
1 1 1 1 1 1 1 1 0 1000
1 1 1 1 1 1 1 1 0 999
1 1 1 1 1 1 1 1 0 998
1 1 1 1 1 1 1 1 0 997
1 1 1 1 1 1 1 1 0 996
1 1 1 1 1 1 1 1 0 995
1 1 1 1 1 1 1 1 0 994
1 1 1 1 1 1 1 1 0 993
1 1 1 1 1 1 1 1 0 992
1 1 1 1 1 1 1 1 0 991
1 1 1 1 1 1 1 1 0 990
1 1 1 1 1 1 1 1 0 989
1 1 1 1 1 1 1 1 0 988
1 1 1 1 1 1 1 1 0 987
1 1 1 1 1 1 1 1 0 986
1 1 1 1 1 1 1 1 0 985
1 1 1 1 1 1 1 1 0 984
1 1 1 1 1 1 1 1 0 983
1 1 1 1 1 1 1 1 0 982
1 1 1 1 1 1 1 1 0 981
1 1 1 1 1 1 1 1 0 980
1 1 1 1 1 1 1 1 0 979
1 1 1 1 1 1 1 1 0 978
1 1 1 1 1 1 1 1 0 977
1 1 1 1 1 1 1 1 0 976
1 1 1 1 1 1 1 1 0 975
1 1 1 1 1 1 1 1 0 974
1 1 1 1 1 1 1 1 0 973
1 1 1 1 1 1 1 1 0 972
1 1 1 1 1 1 1 1 0 971
1 1 1 1 1 1 1 1 0 970
1 1 1 1 1 1 1 1 0 969
1 1 1 1 1 1 1 1 0 968
1 1 1 1 1 1 1 1 0 967
1 1 1 1 1 1 1 1 0 966
1 1 1 1 1 1 1 1 0 965
1 1 1 1 1 1 1 1 0 964
1 1 1 1 1 1 1 1 0 963
1 1 1 1 1 1 1 1 0 962
1 1 1 1 1 1 1 1 0 961
1 1 1 1 1 1 1 1 0 960
1 1 1 1 1 1 1 1 0 959
1 1 1 1 1 1 1 1 0 958
1 1 1 1 1 1 1 1 0 957
1 1 1 1 1 1 1 1 0 956
1 1 1 1 1 1 1 1 0 955
1 1 1 1 1 1 1 1 0 954
1 1 1 1 1 1 1 1 0 953
1 1 1 1 1 1 1 1 0 952
1 1 1 1 1 1 1 1 0 951
1 1 1 1 1 1 1 1 0 950
1 1 1 1 1 1 1 1 0 949
1 1 1 1 1 1 1 1 0 948
1 1 1 1 1 1 1 1 0 947
1 1 1 1 1 1 1 1 0 946
1 1 1 1 1 1 1 1 0 945
1 1 1 1 1 1 1 1 0 944
1 1 1 1 1 1 1 1 0 943
1 1 1 1 1 1 1 1 0 942
1 1 1 1 1 1 1 1 0 941
1 1 1 1 1 1 1 1 0 940
1 1 1 1 1 1 1 1 0 939
1 1 1 1 1 1 1 1 0 938
1 1 1 1 1 1 1 1 0 937
1 1 1 1 1 1 1 1 0 936
1 1 1 1 1 1 1 1 0 935
1 1 1 1 1 1 1 1 0 934
1 1 1 1 1 1 1 1 0 933
1 1 1 1 1 1 1 1 0 932
1 1 1 1 1 1 1 1 0 931
1 1 1 1 1 1 1 1 0 930
1 1 1 1 1 1 1 1 0 929
1 1 1 1 1 1 1 1 0 928
1 1 1 1 1 1 1 1 0 927
1 1 1 1 1 1 1 1 0 926
1 1 1 1 1 1 1 1 0 925
1 1 1 1 1 1 1 1 0 924
1 1 1 1 1 1 1 1 0 923
1 1 1 1 1 1 1 1 0 922
1 1 1 1 1 1 1 1 0 921
1 1 1 1 1 1 1 1 0 920
1 1 1 1 1 1 1 1 0 919
1 1 1 1 1 1 1 1 0 918
1 1 1 1 1 1 1 1 0 917
1 1 1 1 1 1 1 1 0 916
1 1 1 1 1 1 1 1 0 915
1 1 1 1 1 1 1 1 0 914
1 1 1 1 1 1 1 1 0 913
1 1 1 1 1 1 1 1 0 912
1 1 1 1 1 1 1 1 0 911
1 1 1 1 1 1 1 1 0 910
1 1 1 1 1 1 1 1 0 909
1 1 1 1 1 1 1 1 0 908
1 1 1 1 1 1 1 1 0 907
1 1 1 1 1 1 1 1 0 906
1 1 1 1 1 1 1 1 0 905
1 1 1 1 1 1 1 1 0 904
1 1 1 1 1 1 1 1 0 903
1 1 1 1 1 1 1 1 0 902
1 1 1 1 1 1 1 1 0 901
1 1 1 1 1 1 1 1 0 900
1 1 1 1 1 1 1 1 0 899
1 1 1 1 1 1 1 1 0 898
1 1 1 1 1 1 1 1 0 897
1 1 1 1 1 1 1 1 0 896
1 1 1 1 1 1 1 1 0 895
1 1 1 1 1 1 1 1 0 894
1 1 1 1 1 1 1 1 0 893
1 1 1 1 1 1 1 1 0 892
1 1 1 1 1 1 1 1 0 891
1 1 1 1 1 1 1 1 0 890
1 1 1 1 1 1 1 1 0 889
1 1 1 1 1 1 1 1 0 888
1 1 1 1 1 1 1 1 0 887
1 1 1 1 1 1 1 1 0 886
1 1 1 1 1 1 1 1 0 885
1 1 1 1 1 1 1 1 0 884
1 1 1 1 1 1 1 1 0 883
1 1 1 1 1 1 1 1 0 882
1 1 1 1 1 1 1 1 0 881
1 1 1 1 1 1 1 1 0 880
1 1 1 1 1 1 1 1 0 879
1 1 1 1 1 1 1 1 0 878
1 1 1 1 1 1 1 1 0 877
1 1 1 1 1 1 1 1 0 876
1 1 1 1 1 1 1 1 0 875
1 1 1 1 1 1 1 1 0 874
1 1 1 1 1 1 1 1 0 873
1 1 1 1 1 1 1 1 0 872
1 1 1 1 1 1 1 1 0 871
1 1 1 1 1 1 1 1 0 870
1 1 1 1 1 1 1 1 0 869
1 1 1 1 1 1 1 1 0 868
1 1 1 1 1 1 1 1 0 867
1 1 1 1 1 1 1 1 0 866
1 1 1 1 1 1 1 1 0 865
1 1 1 1 1 1 1 1 0 864
1 1 1 1 1 1 1 1 0 863
1 1 1 1 1 1 1 1 0 862
1 1 1 1 1 1 1 1 0 861
1 1 1 1 1 1 1 1 0 860
1 1 1 1 1 1 1 1 0 859
1 1 1 1 1 1 1 1 0 858
1 1 1 1 1 1 1 1 0 857
1 1 1 1 1 1 1 1 0 856
1 1 1 1 1 1 1 1 0 855
1 1 1 1 1 1 1 1 0 854
1 1 1 1 1 1 1 1 0 853
1 1 1 1 1 1 1 1 0 852
1 1 1 1 1 1 1 1 0 851
1 1 1 1 1 1 1 1 0 850
1 1 1 1 1 1 1 1 0 849
1 1 1 1 1 1 1 1 0 848
1 1 1 1 1 1 1 1 0 847
1 1 1 1 1 1 1 1 0 846
1 1 1 1 1 1 1 1 0 845
1 1 1 1 1 1 1 1 0 844
1 1 1 1 1 1 1 1 0 843
1 1 1 1 1 1 1 1 0 842
1 1 1 1 1 1 1 1 0 841
1 1 1 1 1 1 1 1 0 840
1 1 1 1 1 1 1 1 0 839
1 1 1 1 1 1 1 1 0 838
1 1 1 1 1 1 1 1 0 837
1 1 1 1 1 1 1 1 0 836
1 1 1 1 1 1 1 1 0 835
1 1 1 1 1 1 1 1 0 834
1 1 1 1 1 1 1 1 0 833
1 1 1 1 1 1 1 1 0 832
1 1 1 1 1 1 1 1 0 831
1 1 1 1 1 1 1 1 0 830
1 1 1 1 1 1 1 1 0 829
1 1 1 1 1 1 1 1 0 828
1 1 1 1 1 1 1 1 0 827
1 1 1 1 1 1 1 1 0 826
1 1 1 1 1 1 1 1 0 825
1 1 1 1 1 1 1 1 0 824
1 1 1 1 1 1 1 1 0 823
1 1 1 1 1 1 1 1 0 822
1 1 1 1 1 1 1 1 0 821
1 1 1 1 1 1 1 1 0 820
1 1 1 1 1 1 1 1 0 819
1 1 1 1 1 1 1 1 0 818
1 1 1 1 1 1 1 1 0 817
1 1 1 1 1 1 1 1 0 816
1 1 1 1 1 1 1 1 0 815
1 1 1 1 1 1 1 1 0 814
1 1 1 1 1 1 1 1 0 813
1 1 1 1 1 1 1 1 0 812
1 1 1 1 1 1 1 1 0 811
1 1 1 1 1 1 1 1 0 810
1 1 1 1 1 1 1 1 0 809
1 1 1 1 1 1 1 1 0 808
1 1 1 1 1 1 1 1 0 807
1 1 1 1 1 1 1 1 0 806
1 1 1 1 1 1 1 1 0 805
1 1 1 1 1 1 1 1 0 804
1 1 1 1 1 1 1 1 0 803
1 1 1 1 1 1 1 1 0 802
1 1 1 1 1 1 1 1 0 801
1 1 1 1 1 1 1 1 0 800
1 1 1 1 1 1 1 1 0 799
1 1 1 1 1 1 1 1 0 798
1 1 1 1 1 1 1 1 0 797
1 1 1 1 1 1 1 1 0 796
1 1 1 1 1 1 1 1 0 795
1 1 1 1 1 1 1 1 0 794
1 1 1 1 1 1 1 1 0 793
1 1 1 1 1 1 1 1 0 792
1 1 1 1 1 1 1 1 0 791
1 1 1 1 1 1 1 1 0 790
1 1 1 1 1 1 1 1 0 789
1 1 1 1 1 1 1 1 0 788
1 1 1 1 1 1 1 1 0 787
1 1 1 1 1 1 1 1 0 786
1 1 1 1 1 1 1 1 0 785
1 1 1 1 1 1 1 1 0 784
1 1 1 1 1 1 1 1 0 783
1 1 1 1 1 1 1 1 0 782
1 1 1 1 1 1 1 1 0 781
1 1 1 1 1 1 1 1 0 780
1 1 1 1 1 1 1 1 0 779
1 1 1 1 1 1 1 1 0 778
1 1 1 1 1 1 1 1 0 777
1 1 1 1 1 1 1 1 0 776
1 1 1 1 1 1 1 1 0 775
1 1 1 1 1 1 1 1 0 774
1 1 1 1 1 1 1 1 0 773
1 1 1 1 1 1 1 1 0 772
1 1 1 1 1 1 1 1 0 771
1 1 1 1 1 1 1 1 0 770
1 1 1 1 1 1 1 1 0 769
1 1 1 1 1 1 1 1 0 768
1 1 1 1 1 1 1 1 0 767
1 1 1 1 1 1 1 1 0 766
1 1 1 1 1 1 1 1 0 765
1 1 1 1 1 1 1 1 0 764
1 1 1 1 1 1 1 1 0 763
1 1 1 1 1 1 1 1 0 762
1 1 1 1 1 1 1 1 0 761
1 1 1 1 1 1 1 1 0 760
1 1 1 1 1 1 1 1 0 759
1 1 1 1 1 1 1 1 0 758
1 1 1 1 1 1 1 1 0 757
1 1 1 1 1 1 1 1 0 756
1 1 1 1 1 1 1 1 0 755
1 1 1 1 1 1 1 1 0 754
1 1 1 1 1 1 1 1 0 753
1 1 1 1 1 1 1 1 0 752
1 1 1 1 1 1 1 1 0 751
1 1 1 1 1 1 1 1 0 750
1 1 1 1 1 1 1 1 0 749
1 1 1 1 1 1 1 1 0 748
1 1 1 1 1 1 1 1 0 747
1 1 1 1 1 1 1 1 0 746
1 1 1 1 1 1 1 1 0 745
1 1 1 1 1 1 1 1 0 744
1 1 1 1 1 1 1 1 0 743
1 1 1 1 1 1 1 1 0 742
1 1 1 1 1 1 1 1 0 741
1 1 1 1 1 1 1 1 0 740
1 1 1 1 1 1 1 1 0 739
1 1 1 1 1 1 1 1 0 738
1 1 1 1 1 1 1 1 0 737
1 1 1 1 1 1 1 1 0 736
1 1 1 1 1 1 1 1 0 735
1 1 1 1 1 1 1 1 0 734
1 1 1 1 1 1 1 1 0 733
1 1 1 1 1 1 1 1 0 732
1 1 1 1 1 1 1 1 0 731
1 1 1 1 1 1 1 1 0 730
1 1 1 1 1 1 1 1 0 729
1 1 1 1 1 1 1 1 0 728
1 1 1 1 1 1 1 1 0 727
1 1 1 1 1 1 1 1 0 726
1 1 1 1 1 1 1 1 0 725
1 1 1 1 1 1 1 1 0 724
1 1 1 1 1 1 1 1 0 723
1 1 1 1 1 1 1 1 0 722
1 1 1 1 1 1 1 1 0 721
1 1 1 1 1 1 1 1 0 720
1 1 1 1 1 1 1 1 0 719
1 1 1 1 1 1 1 1 0 718
1 1 1 1 1 1 1 1 0 717
1 1 1 1 1 1 1 1 0 716
1 1 1 1 1 1 1 1 0 715
1 1 1 1 1 1 1 1 0 714
1 1 1 1 1 1 1 1 0 713
1 1 1 1 1 1 1 1 0 712
1 1 1 1 1 1 1 1 0 711
1 1 1 1 1 1 1 1 0 710
1 1 1 1 1 1 1 1 0 709
1 1 1 1 1 1 1 1 0 708
1 1 1 1 1 1 1 1 0 707
1 1 1 1 1 1 1 1 0 706
1 1 1 1 1 1 1 1 0 705
1 1 1 1 1 1 1 1 0 704
1 1 1 1 1 1 1 1 0 703
1 1 1 1 1 1 1 1 0 702
1 1 1 1 1 1 1 1 0 701
1 1 1 1 1 1 1 1 0 700
1 1 1 1 1 1 1 1 0 699
1 1 1 1 1 1 1 1 0 698
1 1 1 1 1 1 1 1 0 697
1 1 1 1 1 1 1 1 0 696
1 1 1 1 1 1 1 1 0 695
1 1 1 1 1 1 1 1 0 694
1 1 1 1 1 1 1 1 0 693
1 1 1 1 1 1 1 1 0 692
1 1 1 1 1 1 1 1 0 691
1 1 1 1 1 1 1 1 0 690
1 1 1 1 1 1 1 1 0 689
1 1 1 1 1 1 1 1 0 688
1 1 1 1 1 1 1 1 0 687
1 1 1 1 1 1 1 1 0 686
1 1 1 1 1 1 1 1 0 685
1 1 1 1 1 1 1 1 0 684
1 1 1 1 1 1 1 1 0 683
1 1 1 1 1 1 1 1 0 682
1 1 1 1 1 1 1 1 0 681
1 1 1 1 1 1 1 1 0 680
1 1 1 1 1 1 1 1 0 679
1 1 1 1 1 1 1 1 0 678
1 1 1 1 1 1 1 1 0 677
1 1 1 1 1 1 1 1 0 676
1 1 1 1 1 1 1 1 0 675
1 1 1 1 1 1 1 1 0 674
1 1 1 1 1 1 1 1 0 673
1 1 1 1 1 1 1 1 0 672
1 1 1 1 1 1 1 1 0 671
1 1 1 1 1 1 1 1 0 670
1 1 1 1 1 1 1 1 0 669
1 1 1 1 1 1 1 1 0 668
1 1 1 1 1 1 1 1 0 667
1 1 1 1 1 1 1 1 0 666
1 1 1 1 1 1 1 1 0 665
1 1 1 1 1 1 1 1 0 664
1 1 1 1 1 1 1 1 0 663
1 1 1 1 1 1 1 1 0 662
1 1 1 1 1 1 1 1 0 661
1 1 1 1 1 1 1 1 0 660
1 1 1 1 1 1 1 1 0 659
1 1 1 1 1 1 1 1 0 658
1 1 1 1 1 1 1 1 0 657
1 1 1 1 1 1 1 1 0 656
1 1 1 1 1 1 1 1 0 655
1 1 1 1 1 1 1 1 0 654
1 1 1 1 1 1 1 1 0 653
1 1 1 1 1 1 1 1 0 652
1 1 1 1 1 1 1 1 0 651
1 1 1 1 1 1 1 1 0 650
1 1 1 1 1 1 1 1 0 649
1 1 1 1 1 1 1 1 0 648
1 1 1 1 1 1 1 1 0 647
1 1 1 1 1 1 1 1 0 646
1 1 1 1 1 1 1 1 0 645
1 1 1 1 1 1 1 1 0 644
1 1 1 1 1 1 1 1 0 643
1 1 1 1 1 1 1 1 0 642
1 1 1 1 1 1 1 1 0 641
1 1 1 1 1 1 1 1 0 640
1 1 1 1 1 1 1 1 0 639
1 1 1 1 1 1 1 1 0 638
1 1 1 1 1 1 1 1 0 637
1 1 1 1 1 1 1 1 0 636
1 1 1 1 1 1 1 1 0 635
1 1 1 1 1 1 1 1 0 634
1 1 1 1 1 1 1 1 0 633
1 1 1 1 1 1 1 1 0 632
1 1 1 1 1 1 1 1 0 631
1 1 1 1 1 1 1 1 0 630
1 1 1 1 1 1 1 1 0 629
1 1 1 1 1 1 1 1 0 628
1 1 1 1 1 1 1 1 0 627
1 1 1 1 1 1 1 1 0 626
1 1 1 1 1 1 1 1 0 625
1 1 1 1 1 1 1 1 0 624
1 1 1 1 1 1 1 1 0 623
1 1 1 1 1 1 1 1 0 622
1 1 1 1 1 1 1 1 0 621
1 1 1 1 1 1 1 1 0 620
1 1 1 1 1 1 1 1 0 619
1 1 1 1 1 1 1 1 0 618
1 1 1 1 1 1 1 1 0 617
1 1 1 1 1 1 1 1 0 616
1 1 1 1 1 1 1 1 0 615
1 1 1 1 1 1 1 1 0 614
1 1 1 1 1 1 1 1 0 613
1 1 1 1 1 1 1 1 0 612
1 1 1 1 1 1 1 1 0 611
1 1 1 1 1 1 1 1 0 610
1 1 1 1 1 1 1 1 0 609
1 1 1 1 1 1 1 1 0 608
1 1 1 1 1 1 1 1 0 607
1 1 1 1 1 1 1 1 0 606
1 1 1 1 1 1 1 1 0 605
1 1 1 1 1 1 1 1 0 604
1 1 1 1 1 1 1 1 0 603
1 1 1 1 1 1 1 1 0 602
1 1 1 1 1 1 1 1 0 601
1 1 1 1 1 1 1 1 0 600
1 1 1 1 1 1 1 1 0 599
1 1 1 1 1 1 1 1 0 598
1 1 1 1 1 1 1 1 0 597
1 1 1 1 1 1 1 1 0 596
1 1 1 1 1 1 1 1 0 595
1 1 1 1 1 1 1 1 0 594
1 1 1 1 1 1 1 1 0 593
1 1 1 1 1 1 1 1 0 592
1 1 1 1 1 1 1 1 0 591
1 1 1 1 1 1 1 1 0 590
1 1 1 1 1 1 1 1 0 589
1 1 1 1 1 1 1 1 0 588
1 1 1 1 1 1 1 1 0 587
1 1 1 1 1 1 1 1 0 586
1 1 1 1 1 1 1 1 0 585
1 1 1 1 1 1 1 1 0 584
1 1 1 1 1 1 1 1 0 583
1 1 1 1 1 1 1 1 0 582
1 1 1 1 1 1 1 1 0 581
1 1 1 1 1 1 1 1 0 580
1 1 1 1 1 1 1 1 0 579
1 1 1 1 1 1 1 1 0 578
1 1 1 1 1 1 1 1 0 577
1 1 1 1 1 1 1 1 0 576
1 1 1 1 1 1 1 1 0 575
1 1 1 1 1 1 1 1 0 574
1 1 1 1 1 1 1 1 0 573
1 1 1 1 1 1 1 1 0 572
1 1 1 1 1 1 1 1 0 571
1 1 1 1 1 1 1 1 0 570
1 1 1 1 1 1 1 1 0 569
1 1 1 1 1 1 1 1 0 568
1 1 1 1 1 1 1 1 0 567
1 1 1 1 1 1 1 1 0 566
1 1 1 1 1 1 1 1 0 565
1 1 1 1 1 1 1 1 0 564
1 1 1 1 1 1 1 1 0 563
1 1 1 1 1 1 1 1 0 562
1 1 1 1 1 1 1 1 0 561
1 1 1 1 1 1 1 1 0 560
1 1 1 1 1 1 1 1 0 559
1 1 1 1 1 1 1 1 0 558
1 1 1 1 1 1 1 1 0 557
1 1 1 1 1 1 1 1 0 556
1 1 1 1 1 1 1 1 0 555
1 1 1 1 1 1 1 1 0 554
1 1 1 1 1 1 1 1 0 553
1 1 1 1 1 1 1 1 0 552
1 1 1 1 1 1 1 1 0 551
1 1 1 1 1 1 1 1 0 550
1 1 1 1 1 1 1 1 0 549
1 1 1 1 1 1 1 1 0 548
1 1 1 1 1 1 1 1 0 547
1 1 1 1 1 1 1 1 0 546
1 1 1 1 1 1 1 1 0 545
1 1 1 1 1 1 1 1 0 544
1 1 1 1 1 1 1 1 0 543
1 1 1 1 1 1 1 1 0 542
1 1 1 1 1 1 1 1 0 541
1 1 1 1 1 1 1 1 0 540
1 1 1 1 1 1 1 1 0 539
1 1 1 1 1 1 1 1 0 538
1 1 1 1 1 1 1 1 0 537
1 1 1 1 1 1 1 1 0 536
1 1 1 1 1 1 1 1 0 535
1 1 1 1 1 1 1 1 0 534
1 1 1 1 1 1 1 1 0 533
1 1 1 1 1 1 1 1 0 532
1 1 1 1 1 1 1 1 0 531
1 1 1 1 1 1 1 1 0 530
1 1 1 1 1 1 1 1 0 529
1 1 1 1 1 1 1 1 0 528
1 1 1 1 1 1 1 1 0 527
1 1 1 1 1 1 1 1 0 526
1 1 1 1 1 1 1 1 0 525
1 1 1 1 1 1 1 1 0 524
1 1 1 1 1 1 1 1 0 523
1 1 1 1 1 1 1 1 0 522
1 1 1 1 1 1 1 1 0 521
1 1 1 1 1 1 1 1 0 520
1 1 1 1 1 1 1 1 0 519
1 1 1 1 1 1 1 1 0 518
1 1 1 1 1 1 1 1 0 517
1 1 1 1 1 1 1 1 0 516
1 1 1 1 1 1 1 1 0 515
1 1 1 1 1 1 1 1 0 514
1 1 1 1 1 1 1 1 0 513
1 1 1 1 1 1 1 1 0 512
1 1 1 1 1 1 1 1 0 511
1 1 1 1 1 1 1 1 0 510
1 1 1 1 1 1 1 1 0 509
1 1 1 1 1 1 1 1 0 508
1 1 1 1 1 1 1 1 0 507
1 1 1 1 1 1 1 1 0 506
1 1 1 1 1 1 1 1 0 505
1 1 1 1 1 1 1 1 0 504
1 1 1 1 1 1 1 1 0 503
1 1 1 1 1 1 1 1 0 502
1 1 1 1 1 1 1 1 0 501
1 1 1 1 1 1 1 1 0 500
1 1 1 1 1 1 1 1 0 499
1 1 1 1 1 1 1 1 0 498
1 1 1 1 1 1 1 1 0 497
1 1 1 1 1 1 1 1 0 496
1 1 1 1 1 1 1 1 0 495
1 1 1 1 1 1 1 1 0 494
1 1 1 1 1 1 1 1 0 493
1 1 1 1 1 1 1 1 0 492
1 1 1 1 1 1 1 1 0 491
1 1 1 1 1 1 1 1 0 490
1 1 1 1 1 1 1 1 0 489
1 1 1 1 1 1 1 1 0 488
1 1 1 1 1 1 1 1 0 487
1 1 1 1 1 1 1 1 0 486
1 1 1 1 1 1 1 1 0 485
1 1 1 1 1 1 1 1 0 484
1 1 1 1 1 1 1 1 0 483
1 1 1 1 1 1 1 1 0 482
1 1 1 1 1 1 1 1 0 481
1 1 1 1 1 1 1 1 0 480
1 1 1 1 1 1 1 1 0 479
1 1 1 1 1 1 1 1 0 478
1 1 1 1 1 1 1 1 0 477
1 1 1 1 1 1 1 1 0 476
1 1 1 1 1 1 1 1 0 475
1 1 1 1 1 1 1 1 0 474
1 1 1 1 1 1 1 1 0 473
1 1 1 1 1 1 1 1 0 472
1 1 1 1 1 1 1 1 0 471
1 1 1 1 1 1 1 1 0 470
1 1 1 1 1 1 1 1 0 469
1 1 1 1 1 1 1 1 0 468
1 1 1 1 1 1 1 1 0 467
1 1 1 1 1 1 1 1 0 466
1 1 1 1 1 1 1 1 0 465
1 1 1 1 1 1 1 1 0 464
1 1 1 1 1 1 1 1 0 463
1 1 1 1 1 1 1 1 0 462
1 1 1 1 1 1 1 1 0 461
1 1 1 1 1 1 1 1 0 460
1 1 1 1 1 1 1 1 0 459
1 1 1 1 1 1 1 1 0 458
1 1 1 1 1 1 1 1 0 457
1 1 1 1 1 1 1 1 0 456
1 1 1 1 1 1 1 1 0 455
1 1 1 1 1 1 1 1 0 454
1 1 1 1 1 1 1 1 0 453
1 1 1 1 1 1 1 1 0 452
1 1 1 1 1 1 1 1 0 451
1 1 1 1 1 1 1 1 0 450
1 1 1 1 1 1 1 1 0 449
1 1 1 1 1 1 1 1 0 448
1 1 1 1 1 1 1 1 0 447
1 1 1 1 1 1 1 1 0 446
1 1 1 1 1 1 1 1 0 445
1 1 1 1 1 1 1 1 0 444
1 1 1 1 1 1 1 1 0 443
1 1 1 1 1 1 1 1 0 442
1 1 1 1 1 1 1 1 0 441
1 1 1 1 1 1 1 1 0 440
1 1 1 1 1 1 1 1 0 439
1 1 1 1 1 1 1 1 0 438
1 1 1 1 1 1 1 1 0 437
1 1 1 1 1 1 1 1 0 436
1 1 1 1 1 1 1 1 0 435
1 1 1 1 1 1 1 1 0 434
1 1 1 1 1 1 1 1 0 433
1 1 1 1 1 1 1 1 0 432
1 1 1 1 1 1 1 1 0 431
1 1 1 1 1 1 1 1 0 430
1 1 1 1 1 1 1 1 0 429
1 1 1 1 1 1 1 1 0 428
1 1 1 1 1 1 1 1 0 427
1 1 1 1 1 1 1 1 0 426
1 1 1 1 1 1 1 1 0 425
1 1 1 1 1 1 1 1 0 424
1 1 1 1 1 1 1 1 0 423
1 1 1 1 1 1 1 1 0 422
1 1 1 1 1 1 1 1 0 421
1 1 1 1 1 1 1 1 0 420
1 1 1 1 1 1 1 1 0 419
1 1 1 1 1 1 1 1 0 418
1 1 1 1 1 1 1 1 0 417
1 1 1 1 1 1 1 1 0 416
1 1 1 1 1 1 1 1 0 415
1 1 1 1 1 1 1 1 0 414
1 1 1 1 1 1 1 1 0 413
1 1 1 1 1 1 1 1 0 412
1 1 1 1 1 1 1 1 0 411
1 1 1 1 1 1 1 1 0 410
1 1 1 1 1 1 1 1 0 409
1 1 1 1 1 1 1 1 0 408
1 1 1 1 1 1 1 1 0 407
1 1 1 1 1 1 1 1 0 406
1 1 1 1 1 1 1 1 0 405
1 1 1 1 1 1 1 1 0 404
1 1 1 1 1 1 1 1 0 403
1 1 1 1 1 1 1 1 0 402
1 1 1 1 1 1 1 1 0 401
1 1 1 1 1 1 1 1 0 400
1 1 1 1 1 1 1 1 0 399
1 1 1 1 1 1 1 1 0 398
1 1 1 1 1 1 1 1 0 397
1 1 1 1 1 1 1 1 0 396
1 1 1 1 1 1 1 1 0 395
1 1 1 1 1 1 1 1 0 394
1 1 1 1 1 1 1 1 0 393
1 1 1 1 1 1 1 1 0 392
1 1 1 1 1 1 1 1 0 391
1 1 1 1 1 1 1 1 0 390
1 1 1 1 1 1 1 1 0 389
1 1 1 1 1 1 1 1 0 388
1 1 1 1 1 1 1 1 0 387
1 1 1 1 1 1 1 1 0 386
1 1 1 1 1 1 1 1 0 385
1 1 1 1 1 1 1 1 0 384
1 1 1 1 1 1 1 1 0 383
1 1 1 1 1 1 1 1 0 382
1 1 1 1 1 1 1 1 0 381
1 1 1 1 1 1 1 1 0 380
1 1 1 1 1 1 1 1 0 379
1 1 1 1 1 1 1 1 0 378
1 1 1 1 1 1 1 1 0 377
1 1 1 1 1 1 1 1 0 376
1 1 1 1 1 1 1 1 0 375
1 1 1 1 1 1 1 1 0 374
1 1 1 1 1 1 1 1 0 373
1 1 1 1 1 1 1 1 0 372
1 1 1 1 1 1 1 1 0 371
1 1 1 1 1 1 1 1 0 370
1 1 1 1 1 1 1 1 0 369
1 1 1 1 1 1 1 1 0 368
1 1 1 1 1 1 1 1 0 367
1 1 1 1 1 1 1 1 0 366
1 1 1 1 1 1 1 1 0 365
1 1 1 1 1 1 1 1 0 364
1 1 1 1 1 1 1 1 0 363
1 1 1 1 1 1 1 1 0 362
1 1 1 1 1 1 1 1 0 361
1 1 1 1 1 1 1 1 0 360
1 1 1 1 1 1 1 1 0 359
1 1 1 1 1 1 1 1 0 358
1 1 1 1 1 1 1 1 0 357
1 1 1 1 1 1 1 1 0 356
1 1 1 1 1 1 1 1 0 355
1 1 1 1 1 1 1 1 0 354
1 1 1 1 1 1 1 1 0 353
1 1 1 1 1 1 1 1 0 352
1 1 1 1 1 1 1 1 0 351
1 1 1 1 1 1 1 1 0 350
1 1 1 1 1 1 1 1 0 349
1 1 1 1 1 1 1 1 0 348
1 1 1 1 1 1 1 1 0 347
1 1 1 1 1 1 1 1 0 346
1 1 1 1 1 1 1 1 0 345
1 1 1 1 1 1 1 1 0 344
1 1 1 1 1 1 1 1 0 343
1 1 1 1 1 1 1 1 0 342
1 1 1 1 1 1 1 1 0 341
1 1 1 1 1 1 1 1 0 340
1 1 1 1 1 1 1 1 0 339
1 1 1 1 1 1 1 1 0 338
1 1 1 1 1 1 1 1 0 337
1 1 1 1 1 1 1 1 0 336
1 1 1 1 1 1 1 1 0 335
1 1 1 1 1 1 1 1 0 334
1 1 1 1 1 1 1 1 0 333
1 1 1 1 1 1 1 1 0 332
1 1 1 1 1 1 1 1 0 331
1 1 1 1 1 1 1 1 0 330
1 1 1 1 1 1 1 1 0 329
1 1 1 1 1 1 1 1 0 328
1 1 1 1 1 1 1 1 0 327
1 1 1 1 1 1 1 1 0 326
1 1 1 1 1 1 1 1 0 325
1 1 1 1 1 1 1 1 0 324
1 1 1 1 1 1 1 1 0 323
1 1 1 1 1 1 1 1 0 322
1 1 1 1 1 1 1 1 0 321
1 1 1 1 1 1 1 1 0 320
1 1 1 1 1 1 1 1 0 319
1 1 1 1 1 1 1 1 0 318
1 1 1 1 1 1 1 1 0 317
1 1 1 1 1 1 1 1 0 316
1 1 1 1 1 1 1 1 0 315
1 1 1 1 1 1 1 1 0 314
1 1 1 1 1 1 1 1 0 313
1 1 1 1 1 1 1 1 0 312
1 1 1 1 1 1 1 1 0 311
1 1 1 1 1 1 1 1 0 310
1 1 1 1 1 1 1 1 0 309
1 1 1 1 1 1 1 1 0 308
1 1 1 1 1 1 1 1 0 307
1 1 1 1 1 1 1 1 0 306
1 1 1 1 1 1 1 1 0 305
1 1 1 1 1 1 1 1 0 304
1 1 1 1 1 1 1 1 0 303
1 1 1 1 1 1 1 1 0 302
1 1 1 1 1 1 1 1 0 301
1 1 1 1 1 1 1 1 0 300
1 1 1 1 1 1 1 1 0 299
1 1 1 1 1 1 1 1 0 298
1 1 1 1 1 1 1 1 0 297
1 1 1 1 1 1 1 1 0 296
1 1 1 1 1 1 1 1 0 295
1 1 1 1 1 1 1 1 0 294
1 1 1 1 1 1 1 1 0 293
1 1 1 1 1 1 1 1 0 292
1 1 1 1 1 1 1 1 0 291
1 1 1 1 1 1 1 1 0 290
1 1 1 1 1 1 1 1 0 289
1 1 1 1 1 1 1 1 0 288
1 1 1 1 1 1 1 1 0 287
1 1 1 1 1 1 1 1 0 286
1 1 1 1 1 1 1 1 0 285
1 1 1 1 1 1 1 1 0 284
1 1 1 1 1 1 1 1 0 283
1 1 1 1 1 1 1 1 0 282
1 1 1 1 1 1 1 1 0 281
1 1 1 1 1 1 1 1 0 280
1 1 1 1 1 1 1 1 0 279
1 1 1 1 1 1 1 1 0 278
1 1 1 1 1 1 1 1 0 277
1 1 1 1 1 1 1 1 0 276
1 1 1 1 1 1 1 1 0 275
1 1 1 1 1 1 1 1 0 274
1 1 1 1 1 1 1 1 0 273
1 1 1 1 1 1 1 1 0 272
1 1 1 1 1 1 1 1 0 271
1 1 1 1 1 1 1 1 0 270
1 1 1 1 1 1 1 1 0 269
1 1 1 1 1 1 1 1 0 268
1 1 1 1 1 1 1 1 0 267
1 1 1 1 1 1 1 1 0 266
1 1 1 1 1 1 1 1 0 265
1 1 1 1 1 1 1 1 0 264
1 1 1 1 1 1 1 1 0 263
1 1 1 1 1 1 1 1 0 262
1 1 1 1 1 1 1 1 0 261
1 1 1 1 1 1 1 1 0 260
1 1 1 1 1 1 1 1 0 259
1 1 1 1 1 1 1 1 0 258
1 1 1 1 1 1 1 1 0 257
1 1 1 1 1 1 1 1 0 256
1 1 1 1 1 1 1 1 0 255
1 1 1 1 1 1 1 1 0 254
1 1 1 1 1 1 1 1 0 253
1 1 1 1 1 1 1 1 0 252
1 1 1 1 1 1 1 1 0 251
1 1 1 1 1 1 1 1 0 250
1 1 1 1 1 1 1 1 0 249
1 1 1 1 1 1 1 1 0 248
1 1 1 1 1 1 1 1 0 247
1 1 1 1 1 1 1 1 0 246
1 1 1 1 1 1 1 1 0 245
1 1 1 1 1 1 1 1 0 244
1 1 1 1 1 1 1 1 0 243
1 1 1 1 1 1 1 1 0 242
1 1 1 1 1 1 1 1 0 241
1 1 1 1 1 1 1 1 0 240
1 1 1 1 1 1 1 1 0 239
1 1 1 1 1 1 1 1 0 238
1 1 1 1 1 1 1 1 0 237
1 1 1 1 1 1 1 1 0 236
1 1 1 1 1 1 1 1 0 235
1 1 1 1 1 1 1 1 0 234
1 1 1 1 1 1 1 1 0 233
1 1 1 1 1 1 1 1 0 232
1 1 1 1 1 1 1 1 0 231
1 1 1 1 1 1 1 1 0 230
1 1 1 1 1 1 1 1 0 229
1 1 1 1 1 1 1 1 0 228
1 1 1 1 1 1 1 1 0 227
1 1 1 1 1 1 1 1 0 226
1 1 1 1 1 1 1 1 0 225
1 1 1 1 1 1 1 1 0 224
1 1 1 1 1 1 1 1 0 223
1 1 1 1 1 1 1 1 0 222
1 1 1 1 1 1 1 1 0 221
1 1 1 1 1 1 1 1 0 220
1 1 1 1 1 1 1 1 0 219
1 1 1 1 1 1 1 1 0 218
1 1 1 1 1 1 1 1 0 217
1 1 1 1 1 1 1 1 0 216
1 1 1 1 1 1 1 1 0 215
1 1 1 1 1 1 1 1 0 214
1 1 1 1 1 1 1 1 0 213
1 1 1 1 1 1 1 1 0 212
1 1 1 1 1 1 1 1 0 211
1 1 1 1 1 1 1 1 0 210
1 1 1 1 1 1 1 1 0 209
1 1 1 1 1 1 1 1 0 208
1 1 1 1 1 1 1 1 0 207
1 1 1 1 1 1 1 1 0 206
1 1 1 1 1 1 1 1 0 205
1 1 1 1 1 1 1 1 0 204
1 1 1 1 1 1 1 1 0 203
1 1 1 1 1 1 1 1 0 202
1 1 1 1 1 1 1 1 0 201
1 1 1 1 1 1 1 1 0 200
1 1 1 1 1 1 1 1 0 199
1 1 1 1 1 1 1 1 0 198
1 1 1 1 1 1 1 1 0 197
1 1 1 1 1 1 1 1 0 196
1 1 1 1 1 1 1 1 0 195
1 1 1 1 1 1 1 1 0 194
1 1 1 1 1 1 1 1 0 193
1 1 1 1 1 1 1 1 0 192
1 1 1 1 1 1 1 1 0 191
1 1 1 1 1 1 1 1 0 190
1 1 1 1 1 1 1 1 0 189
1 1 1 1 1 1 1 1 0 188
1 1 1 1 1 1 1 1 0 187
1 1 1 1 1 1 1 1 0 186
1 1 1 1 1 1 1 1 0 185
1 1 1 1 1 1 1 1 0 184
1 1 1 1 1 1 1 1 0 183
1 1 1 1 1 1 1 1 0 182
1 1 1 1 1 1 1 1 0 181
1 1 1 1 1 1 1 1 0 180
1 1 1 1 1 1 1 1 0 179
1 1 1 1 1 1 1 1 0 178
1 1 1 1 1 1 1 1 0 177
1 1 1 1 1 1 1 1 0 176
1 1 1 1 1 1 1 1 0 175
1 1 1 1 1 1 1 1 0 174
1 1 1 1 1 1 1 1 0 173
1 1 1 1 1 1 1 1 0 172
1 1 1 1 1 1 1 1 0 171
1 1 1 1 1 1 1 1 0 170
1 1 1 1 1 1 1 1 0 169
1 1 1 1 1 1 1 1 0 168
1 1 1 1 1 1 1 1 0 167
1 1 1 1 1 1 1 1 0 166
1 1 1 1 1 1 1 1 0 165
1 1 1 1 1 1 1 1 0 164
1 1 1 1 1 1 1 1 0 163
1 1 1 1 1 1 1 1 0 162
1 1 1 1 1 1 1 1 0 161
1 1 1 1 1 1 1 1 0 160
1 1 1 1 1 1 1 1 0 159
1 1 1 1 1 1 1 1 0 158
1 1 1 1 1 1 1 1 0 157
1 1 1 1 1 1 1 1 0 156
1 1 1 1 1 1 1 1 0 155
1 1 1 1 1 1 1 1 0 154
1 1 1 1 1 1 1 1 0 153
1 1 1 1 1 1 1 1 0 152
1 1 1 1 1 1 1 1 0 151
1 1 1 1 1 1 1 1 0 150
1 1 1 1 1 1 1 1 0 149
1 1 1 1 1 1 1 1 0 148
1 1 1 1 1 1 1 1 0 147
1 1 1 1 1 1 1 1 0 146
1 1 1 1 1 1 1 1 0 145
1 1 1 1 1 1 1 1 0 144
1 1 1 1 1 1 1 1 0 143
1 1 1 1 1 1 1 1 0 142
1 1 1 1 1 1 1 1 0 141
1 1 1 1 1 1 1 1 0 140
1 1 1 1 1 1 1 1 0 139
1 1 1 1 1 1 1 1 0 138
1 1 1 1 1 1 1 1 0 137
1 1 1 1 1 1 1 1 0 136
1 1 1 1 1 1 1 1 0 135
1 1 1 1 1 1 1 1 0 134
1 1 1 1 1 1 1 1 0 133
1 1 1 1 1 1 1 1 0 132
1 1 1 1 1 1 1 1 0 131
1 1 1 1 1 1 1 1 0 130
1 1 1 1 1 1 1 1 0 129
1 1 1 1 1 1 1 1 0 128
1 1 1 1 1 1 1 1 0 127
1 1 1 1 1 1 1 1 0 126
1 1 1 1 1 1 1 1 0 125
1 1 1 1 1 1 1 1 0 124
1 1 1 1 1 1 1 1 0 123
1 1 1 1 1 1 1 1 0 122
1 1 1 1 1 1 1 1 0 121
1 1 1 1 1 1 1 1 0 120
1 1 1 1 1 1 1 1 0 119
1 1 1 1 1 1 1 1 0 118
1 1 1 1 1 1 1 1 0 117
1 1 1 1 1 1 1 1 0 116
1 1 1 1 1 1 1 1 0 115
1 1 1 1 1 1 1 1 0 114
1 1 1 1 1 1 1 1 0 113
1 1 1 1 1 1 1 1 0 112
1 1 1 1 1 1 1 1 0 111
1 1 1 1 1 1 1 1 0 110
1 1 1 1 1 1 1 1 0 109
1 1 1 1 1 1 1 1 0 108
1 1 1 1 1 1 1 1 0 107
1 1 1 1 1 1 1 1 0 106
1 1 1 1 1 1 1 1 0 105
1 1 1 1 1 1 1 1 0 104
1 1 1 1 1 1 1 1 0 103
1 1 1 1 1 1 1 1 0 102
1 1 1 1 1 1 1 1 0 101
1 1 1 1 1 1 1 1 0 100
1 1 1 1 1 1 1 1 0 99
1 1 1 1 1 1 1 1 0 98
1 1 1 1 1 1 1 1 0 97
1 1 1 1 1 1 1 1 0 96
1 1 1 1 1 1 1 1 0 95
1 1 1 1 1 1 1 1 0 94
1 1 1 1 1 1 1 1 0 93
1 1 1 1 1 1 1 1 0 92
1 1 1 1 1 1 1 1 0 91
1 1 1 1 1 1 1 1 0 90
1 1 1 1 1 1 1 1 0 89
1 1 1 1 1 1 1 1 0 88
1 1 1 1 1 1 1 1 0 87
1 1 1 1 1 1 1 1 0 86
1 1 1 1 1 1 1 1 0 85
1 1 1 1 1 1 1 1 0 84
1 1 1 1 1 1 1 1 0 83
1 1 1 1 1 1 1 1 0 82
1 1 1 1 1 1 1 1 0 81
1 1 1 1 1 1 1 1 0 80
1 1 1 1 1 1 1 1 0 79
1 1 1 1 1 1 1 1 0 78
1 1 1 1 1 1 1 1 0 77
1 1 1 1 1 1 1 1 0 76
1 1 1 1 1 1 1 1 0 75
1 1 1 1 1 1 1 1 0 74
1 1 1 1 1 1 1 1 0 73
1 1 1 1 1 1 1 1 0 72
1 1 1 1 1 1 1 1 0 71
1 1 1 1 1 1 1 1 0 70
1 1 1 1 1 1 1 1 0 69
1 1 1 1 1 1 1 1 0 68
1 1 1 1 1 1 1 1 0 67
1 1 1 1 1 1 1 1 0 66
1 1 1 1 1 1 1 1 0 65
1 1 1 1 1 1 1 1 0 64
1 1 1 1 1 1 1 1 0 63
1 1 1 1 1 1 1 1 0 62
1 1 1 1 1 1 1 1 0 61
1 1 1 1 1 1 1 1 0 60
1 1 1 1 1 1 1 1 0 59
1 1 1 1 1 1 1 1 0 58
1 1 1 1 1 1 1 1 0 57
1 1 1 1 1 1 1 1 0 56
1 1 1 1 1 1 1 1 0 55
1 1 1 1 1 1 1 1 0 54
1 1 1 1 1 1 1 1 0 53
1 1 1 1 1 1 1 1 0 52
1 1 1 1 1 1 1 1 0 51
1 1 1 1 1 1 1 1 0 50
1 1 1 1 1 1 1 1 0 49
1 1 1 1 1 1 1 1 0 48
1 1 1 1 1 1 1 1 0 47
1 1 1 1 1 1 1 1 0 46
1 1 1 1 1 1 1 1 0 45
1 1 1 1 1 1 1 1 0 44
1 1 1 1 1 1 1 1 0 43
1 1 1 1 1 1 1 1 0 42
1 1 1 1 1 1 1 1 0 41
1 1 1 1 1 1 1 1 0 40
1 1 1 1 1 1 1 1 0 39
1 1 1 1 1 1 1 1 0 38
1 1 1 1 1 1 1 1 0 37
1 1 1 1 1 1 1 1 0 36
1 1 1 1 1 1 1 1 0 35
1 1 1 1 1 1 1 1 0 34
1 1 1 1 1 1 1 1 0 33
1 1 1 1 1 1 1 1 0 32
1 1 1 1 1 1 1 1 0 31
1 1 1 1 1 1 1 1 0 30
1 1 1 1 1 1 1 1 0 29
1 1 1 1 1 1 1 1 0 28
1 1 1 1 1 1 1 1 0 27
1 1 1 1 1 1 1 1 0 26
1 1 1 1 1 1 1 1 0 25
1 1 1 1 1 1 1 1 0 24
1 1 1 1 1 1 1 1 0 23
1 1 1 1 1 1 1 1 0 22
1 1 1 1 1 1 1 1 0 21
1 1 1 1 1 1 1 1 0 20
1 1 1 1 1 1 1 1 0 19
1 1 1 1 1 1 1 1 0 18
1 1 1 1 1 1 1 1 0 17
1 1 1 1 1 1 1 1 0 16
1 1 1 1 1 1 1 1 0 15
1 1 1 1 1 1 1 1 0 14
1 1 1 1 1 1 1 1 0 13
1 1 1 1 1 1 1 1 0 12
1 1 1 1 1 1 1 1 0 11
1 1 1 1 1 1 1 1 0 10
1 1 1 1 1 1 1 1 0 9
1 1 1 1 1 1 1 1 0 8
1 1 1 1 1 1 1 1 0 7
1 1 1 1 1 1 1 1 0 6
1 1 1 1 1 1 1 1 0 5
1 1 1 1 1 1 1 1 0 4
1 1 1 1 1 1 1 1 0 3
1 1 1 1 1 1 1 1 0 2
1 1 1 1 1 1 1 1 0 1
