1 1 1 600 0
1 1 1 599 1
1 1 1 598 2
1 1 1 597 3
1 1 1 596 4
1 1 1 595 5
1 1 1 594 6
1 1 1 593 7
1 1 1 592 8
1 1 1 591 9
1 1 1 590 10
1 1 1 589 11
1 1 1 588 12
1 1 1 587 13
1 1 1 586 14
1 1 1 585 15
1 1 1 584 16
1 1 1 583 17
1 1 1 582 18
1 1 1 581 19
1 1 1 580 20
1 1 1 579 21
1 1 1 578 22
1 1 1 577 23
1 1 1 576 24
1 1 1 575 25
1 1 1 574 26
1 1 1 573 27
1 1 1 572 28
1 1 1 571 29
1 1 1 570 30
1 1 1 569 31
1 1 1 568 32
1 1 1 567 33
1 1 1 566 34
1 1 1 565 35
1 1 1 564 36
1 1 1 563 37
1 1 1 562 38
1 1 1 561 39
1 1 1 560 40
1 1 1 559 41
1 1 1 558 42
1 1 1 557 43
1 1 1 556 44
1 1 1 555 45
1 1 1 554 46
1 1 1 553 47
1 1 1 552 48
1 1 1 551 49
1 1 1 550 50
1 1 1 549 51
1 1 1 548 52
1 1 1 547 53
1 1 1 546 54
1 1 1 545 55
1 1 1 544 56
1 1 1 543 57
1 1 1 542 58
1 1 1 541 59
1 1 1 540 60
1 1 1 539 61
1 1 1 538 62
1 1 1 537 63
1 1 1 536 64
1 1 1 535 65
1 1 1 534 66
1 1 1 533 67
1 1 1 532 68
1 1 1 531 69
1 1 1 530 70
1 1 1 529 71
1 1 1 528 72
1 1 1 527 73
1 1 1 526 74
1 1 1 525 75
1 1 1 524 76
1 1 1 523 77
1 1 1 522 78
1 1 1 521 79
1 1 1 520 80
1 1 1 519 81
1 1 1 518 82
1 1 1 517 83
1 1 1 516 84
1 1 1 515 85
1 1 1 514 86
1 1 1 513 87
1 1 1 512 88
1 1 1 511 89
1 1 1 510 90
1 1 1 509 91
1 1 1 508 92
1 1 1 507 93
1 1 1 506 94
1 1 1 505 95
1 1 1 504 96
1 1 1 503 97
1 1 1 502 98
1 1 1 501 99
1 1 1 500 100
1 1 1 499 101
1 1 1 498 102
1 1 1 497 103
1 1 1 496 104
1 1 1 495 105
1 1 1 494 106
1 1 1 493 107
1 1 1 492 108
1 1 1 491 109
1 1 1 490 110
1 1 1 489 111
1 1 1 488 112
1 1 1 487 113
1 1 1 486 114
1 1 1 485 115
1 1 1 484 116
1 1 1 483 117
1 1 1 482 118
1 1 1 481 119
1 1 1 480 120
1 1 1 479 121
1 1 1 478 122
1 1 1 477 123
1 1 1 476 124
1 1 1 475 125
1 1 1 474 126
1 1 1 473 127
1 1 1 472 128
1 1 1 471 129
1 1 1 470 130
1 1 1 469 131
1 1 1 468 132
1 1 1 467 133
1 1 1 466 134
1 1 1 465 135
1 1 1 464 136
1 1 1 463 137
1 1 1 462 138
1 1 1 461 139
1 1 1 460 140
1 1 1 459 141
1 1 1 458 142
1 1 1 457 143
1 1 1 456 144
1 1 1 455 145
1 1 1 454 146
1 1 1 453 147
1 1 1 452 148
1 1 1 451 149
1 1 1 450 150
1 1 1 449 151
1 1 1 448 152
1 1 1 447 153
1 1 1 446 154
1 1 1 445 155
1 1 1 444 156
1 1 1 443 157
1 1 1 442 158
1 1 1 441 159
1 1 1 440 160
1 1 1 439 161
1 1 1 438 162
1 1 1 437 163
1 1 1 436 164
1 1 1 435 165
1 1 1 434 166
1 1 1 433 167
1 1 1 432 168
1 1 1 431 169
1 1 1 430 170
1 1 1 429 171
1 1 1 428 172
1 1 1 427 173
1 1 1 426 174
1 1 1 425 175
1 1 1 424 176
1 1 1 423 177
1 1 1 422 178
1 1 1 421 179
1 1 1 420 180
1 1 1 419 181
1 1 1 418 182
1 1 1 417 183
1 1 1 416 184
1 1 1 415 185
1 1 1 414 186
1 1 1 413 187
1 1 1 412 188
1 1 1 411 189
1 1 1 410 190
1 1 1 409 191
1 1 1 408 192
1 1 1 407 193
1 1 1 406 194
1 1 1 405 195
1 1 1 404 196
1 1 1 403 197
1 1 1 402 198
1 1 1 401 199
1 1 1 400 200
1 1 1 399 201
1 1 1 398 202
1 1 1 397 203
1 1 1 396 204
1 1 1 395 205
1 1 1 394 206
1 1 1 393 207
1 1 1 392 208
1 1 1 391 209
1 1 1 390 210
1 1 1 389 211
1 1 1 388 212
1 1 1 387 213
1 1 1 386 214
1 1 1 385 215
1 1 1 384 216
1 1 1 383 217
1 1 1 382 218
1 1 1 381 219
1 1 1 380 220
1 1 1 379 221
1 1 1 378 222
1 1 1 377 223
1 1 1 376 224
1 1 1 375 225
1 1 1 374 226
1 1 1 373 227
1 1 1 372 228
1 1 1 371 229
1 1 1 370 230
1 1 1 369 231
1 1 1 368 232
1 1 1 367 233
1 1 1 366 234
1 1 1 365 235
1 1 1 364 236
1 1 1 363 237
1 1 1 362 238
1 1 1 361 239
1 1 1 360 240
1 1 1 359 241
1 1 1 358 242
1 1 1 357 243
1 1 1 356 244
1 1 1 355 245
1 1 1 354 246
1 1 1 353 247
1 1 1 352 248
1 1 1 351 249
1 1 1 350 250
1 1 1 349 251
1 1 1 348 252
1 1 1 347 253
1 1 1 346 254
1 1 1 345 255
1 1 1 344 256
1 1 1 343 257
1 1 1 342 258
1 1 1 341 259
1 1 1 340 260
1 1 1 339 261
1 1 1 338 262
1 1 1 337 263
1 1 1 336 264
1 1 1 335 265
1 1 1 334 266
1 1 1 333 267
1 1 1 332 268
1 1 1 331 269
1 1 1 330 270
1 1 1 329 271
1 1 1 328 272
1 1 1 327 273
1 1 1 326 274
1 1 1 325 275
1 1 1 324 276
1 1 1 323 277
1 1 1 322 278
1 1 1 321 279
1 1 1 320 280
1 1 1 319 281
1 1 1 318 282
1 1 1 317 283
1 1 1 316 284
1 1 1 315 285
1 1 1 314 286
1 1 1 313 287
1 1 1 312 288
1 1 1 311 289
1 1 1 310 290
1 1 1 309 291
1 1 1 308 292
1 1 1 307 293
1 1 1 306 294
1 1 1 305 295
1 1 1 304 296
1 1 1 303 297
1 1 1 302 298
1 1 1 301 299
1 1 1 300 300
1 1 1 299 301
1 1 1 298 302
1 1 1 297 303
1 1 1 296 304
1 1 1 295 305
1 1 1 294 306
1 1 1 293 307
1 1 1 292 308
1 1 1 291 309
1 1 1 290 310
1 1 1 289 311
1 1 1 288 312
1 1 1 287 313
1 1 1 286 314
1 1 1 285 315
1 1 1 284 316
1 1 1 283 317
1 1 1 282 318
1 1 1 281 319
1 1 1 280 320
1 1 1 279 321
1 1 1 278 322
1 1 1 277 323
1 1 1 276 324
1 1 1 275 325
1 1 1 274 326
1 1 1 273 327
1 1 1 272 328
1 1 1 271 329
1 1 1 270 330
1 1 1 269 331
1 1 1 268 332
1 1 1 267 333
1 1 1 266 334
1 1 1 265 335
1 1 1 264 336
1 1 1 263 337
1 1 1 262 338
1 1 1 261 339
1 1 1 260 340
1 1 1 259 341
1 1 1 258 342
1 1 1 257 343
1 1 1 256 344
1 1 1 255 345
1 1 1 254 346
1 1 1 253 347
1 1 1 252 348
1 1 1 251 349
1 1 1 250 350
1 1 1 249 351
1 1 1 248 352
1 1 1 247 353
1 1 1 246 354
1 1 1 245 355
1 1 1 244 356
1 1 1 243 357
1 1 1 242 358
1 1 1 241 359
1 1 1 240 360
1 1 1 239 361
1 1 1 238 362
1 1 1 237 363
1 1 1 236 364
1 1 1 235 365
1 1 1 234 366
1 1 1 233 367
1 1 1 232 368
1 1 1 231 369
1 1 1 230 370
1 1 1 229 371
1 1 1 228 372
1 1 1 227 373
1 1 1 226 374
1 1 1 225 375
1 1 1 224 376
1 1 1 223 377
1 1 1 222 378
1 1 1 221 379
1 1 1 220 380
1 1 1 219 381
1 1 1 218 382
1 1 1 217 383
1 1 1 216 384
1 1 1 215 385
1 1 1 214 386
1 1 1 213 387
1 1 1 212 388
1 1 1 211 389
1 1 1 210 390
1 1 1 209 391
1 1 1 208 392
1 1 1 207 393
1 1 1 206 394
1 1 1 205 395
1 1 1 204 396
1 1 1 203 397
1 1 1 202 398
1 1 1 201 399
1 1 1 200 400
1 1 1 199 401
1 1 1 198 402
1 1 1 197 403
1 1 1 196 404
1 1 1 195 405
1 1 1 194 406
1 1 1 193 407
1 1 1 192 408
1 1 1 191 409
1 1 1 190 410
1 1 1 189 411
1 1 1 188 412
1 1 1 187 413
1 1 1 186 414
1 1 1 185 415
1 1 1 184 416
1 1 1 183 417
1 1 1 182 418
1 1 1 181 419
1 1 1 180 420
1 1 1 179 421
1 1 1 178 422
1 1 1 177 423
1 1 1 176 424
1 1 1 175 425
1 1 1 174 426
1 1 1 173 427
1 1 1 172 428
1 1 1 171 429
1 1 1 170 430
1 1 1 169 431
1 1 1 168 432
1 1 1 167 433
1 1 1 166 434
1 1 1 165 435
1 1 1 164 436
1 1 1 163 437
1 1 1 162 438
1 1 1 161 439
1 1 1 160 440
1 1 1 159 441
1 1 1 158 442
1 1 1 157 443
1 1 1 156 444
1 1 1 155 445
1 1 1 154 446
1 1 1 153 447
1 1 1 152 448
1 1 1 151 449
1 1 1 150 450
1 1 1 149 451
1 1 1 148 452
1 1 1 147 453
1 1 1 146 454
1 1 1 145 455
1 1 1 144 456
1 1 1 143 457
1 1 1 142 458
1 1 1 141 459
1 1 1 140 460
1 1 1 139 461
1 1 1 138 462
1 1 1 137 463
1 1 1 136 464
1 1 1 135 465
1 1 1 134 466
1 1 1 133 467
1 1 1 132 468
1 1 1 131 469
1 1 1 130 470
1 1 1 129 471
1 1 1 128 472
1 1 1 127 473
1 1 1 126 474
1 1 1 125 475
1 1 1 124 476
1 1 1 123 477
1 1 1 122 478
1 1 1 121 479
1 1 1 120 480
1 1 1 119 481
1 1 1 118 482
1 1 1 117 483
1 1 1 116 484
1 1 1 115 485
1 1 1 114 486
1 1 1 113 487
1 1 1 112 488
1 1 1 111 489
1 1 1 110 490
1 1 1 109 491
1 1 1 108 492
1 1 1 107 493
1 1 1 106 494
1 1 1 105 495
1 1 1 104 496
1 1 1 103 497
1 1 1 102 498
1 1 1 101 499
1 1 1 100 500
1 1 1 99 501
1 1 1 98 502
1 1 1 97 503
1 1 1 96 504
1 1 1 95 505
1 1 1 94 506
1 1 1 93 507
1 1 1 92 508
1 1 1 91 509
1 1 1 90 510
1 1 1 89 511
1 1 1 88 512
1 1 1 87 513
1 1 1 86 514
1 1 1 85 515
1 1 1 84 516
1 1 1 83 517
1 1 1 82 518
1 1 1 81 519
1 1 1 80 520
1 1 1 79 521
1 1 1 78 522
1 1 1 77 523
1 1 1 76 524
1 1 1 75 525
1 1 1 74 526
1 1 1 73 527
1 1 1 72 528
1 1 1 71 529
1 1 1 70 530
1 1 1 69 531
1 1 1 68 532
1 1 1 67 533
1 1 1 66 534
1 1 1 65 535
1 1 1 64 536
1 1 1 63 537
1 1 1 62 538
1 1 1 61 539
1 1 1 60 540
1 1 1 59 541
1 1 1 58 542
1 1 1 57 543
1 1 1 56 544
1 1 1 55 545
1 1 1 54 546
1 1 1 53 547
1 1 1 52 548
1 1 1 51 549
1 1 1 50 550
1 1 1 49 551
1 1 1 48 552
1 1 1 47 553
1 1 1 46 554
1 1 1 45 555
1 1 1 44 556
1 1 1 43 557
1 1 1 42 558
1 1 1 41 559
1 1 1 40 560
1 1 1 39 561
1 1 1 38 562
1 1 1 37 563
1 1 1 36 564
1 1 1 35 565
1 1 1 34 566
1 1 1 33 567
1 1 1 32 568
1 1 1 31 569
1 1 1 30 570
1 1 1 29 571
1 1 1 28 572
1 1 1 27 573
1 1 1 26 574
1 1 1 25 575
1 1 1 24 576
1 1 1 23 577
1 1 1 22 578
1 1 1 21 579
1 1 1 20 580
1 1 1 19 581
1 1 1 18 582
1 1 1 17 583
1 1 1 16 584
1 1 1 15 585
1 1 1 14 586
1 1 1 13 587
1 1 1 12 588
1 1 1 11 589
1 1 1 10 590
1 1 1 9 591
1 1 1 8 592
1 1 1 7 593
1 1 1 6 594
1 1 1 5 595
1 1 1 4 596
1 1 1 3 597
1 1 1 2 598
1 1 1 1 599
1 1 1 0 600
1 1 1 0 599
1 1 1 0 598
1 1 1 0 597
1 1 1 0 596
1 1 1 0 595
1 1 1 0 594
1 1 1 0 593
1 1 1 0 592
1 1 1 0 591
1 1 1 0 590
1 1 1 0 589
1 1 1 0 588
1 1 1 0 587
1 1 1 0 586
1 1 1 0 585
1 1 1 0 584
1 1 1 0 583
1 1 1 0 582
1 1 1 0 581
1 1 1 0 580
1 1 1 0 579
1 1 1 0 578
1 1 1 0 577
1 1 1 0 576
1 1 1 0 575
1 1 1 0 574
1 1 1 0 573
1 1 1 0 572
1 1 1 0 571
1 1 1 0 570
1 1 1 0 569
1 1 1 0 568
1 1 1 0 567
1 1 1 0 566
1 1 1 0 565
1 1 1 0 564
1 1 1 0 563
1 1 1 0 562
1 1 1 0 561
1 1 1 0 560
1 1 1 0 559
1 1 1 0 558
1 1 1 0 557
1 1 1 0 556
1 1 1 0 555
1 1 1 0 554
1 1 1 0 553
1 1 1 0 552
1 1 1 0 551
1 1 1 0 550
1 1 1 0 549
1 1 1 0 548
1 1 1 0 547
1 1 1 0 546
1 1 1 0 545
1 1 1 0 544
1 1 1 0 543
1 1 1 0 542
1 1 1 0 541
1 1 1 0 540
1 1 1 0 539
1 1 1 0 538
1 1 1 0 537
1 1 1 0 536
1 1 1 0 535
1 1 1 0 534
1 1 1 0 533
1 1 1 0 532
1 1 1 0 531
1 1 1 0 530
1 1 1 0 529
1 1 1 0 528
1 1 1 0 527
1 1 1 0 526
1 1 1 0 525
1 1 1 0 524
1 1 1 0 523
1 1 1 0 522
1 1 1 0 521
1 1 1 0 520
1 1 1 0 519
1 1 1 0 518
1 1 1 0 517
1 1 1 0 516
1 1 1 0 515
1 1 1 0 514
1 1 1 0 513
1 1 1 0 512
1 1 1 0 511
1 1 1 0 510
1 1 1 0 509
1 1 1 0 508
1 1 1 0 507
1 1 1 0 506
1 1 1 0 505
1 1 1 0 504
1 1 1 0 503
1 1 1 0 502
1 1 1 0 501
1 1 1 0 500
1 1 1 0 499
1 1 1 0 498
1 1 1 0 497
1 1 1 0 496
1 1 1 0 495
1 1 1 0 494
1 1 1 0 493
1 1 1 0 492
1 1 1 0 491
1 1 1 0 490
1 1 1 0 489
1 1 1 0 488
1 1 1 0 487
1 1 1 0 486
1 1 1 0 485
1 1 1 0 484
1 1 1 0 483
1 1 1 0 482
1 1 1 0 481
1 1 1 0 480
1 1 1 0 479
1 1 1 0 478
1 1 1 0 477
1 1 1 0 476
1 1 1 0 475
1 1 1 0 474
1 1 1 0 473
1 1 1 0 472
1 1 1 0 471
1 1 1 0 470
1 1 1 0 469
1 1 1 0 468
1 1 1 0 467
1 1 1 0 466
1 1 1 0 465
1 1 1 0 464
1 1 1 0 463
1 1 1 0 462
1 1 1 0 461
1 1 1 0 460
1 1 1 0 459
1 1 1 0 458
1 1 1 0 457
1 1 1 0 456
1 1 1 0 455
1 1 1 0 454
1 1 1 0 453
1 1 1 0 452
1 1 1 0 451
1 1 1 0 450
1 1 1 0 449
1 1 1 0 448
1 1 1 0 447
1 1 1 0 446
1 1 1 0 445
1 1 1 0 444
1 1 1 0 443
1 1 1 0 442
1 1 1 0 441
1 1 1 0 440
1 1 1 0 439
1 1 1 0 438
1 1 1 0 437
1 1 1 0 436
1 1 1 0 435
1 1 1 0 434
1 1 1 0 433
1 1 1 0 432
1 1 1 0 431
1 1 1 0 430
1 1 1 0 429
1 1 1 0 428
1 1 1 0 427
1 1 1 0 426
1 1 1 0 425
1 1 1 0 424
1 1 1 0 423
1 1 1 0 422
1 1 1 0 421
1 1 1 0 420
1 1 1 0 419
1 1 1 0 418
1 1 1 0 417
1 1 1 0 416
1 1 1 0 415
1 1 1 0 414
1 1 1 0 413
1 1 1 0 412
1 1 1 0 411
1 1 1 0 410
1 1 1 0 409
1 1 1 0 408
1 1 1 0 407
1 1 1 0 406
1 1 1 0 405
1 1 1 0 404
1 1 1 0 403
1 1 1 0 402
1 1 1 0 401
1 1 1 0 400
1 1 1 0 399
1 1 1 0 398
1 1 1 0 397
1 1 1 0 396
1 1 1 0 395
1 1 1 0 394
1 1 1 0 393
1 1 1 0 392
1 1 1 0 391
1 1 1 0 390
1 1 1 0 389
1 1 1 0 388
1 1 1 0 387
1 1 1 0 386
1 1 1 0 385
1 1 1 0 384
1 1 1 0 383
1 1 1 0 382
1 1 1 0 381
1 1 1 0 380
1 1 1 0 379
1 1 1 0 378
1 1 1 0 377
1 1 1 0 376
1 1 1 0 375
1 1 1 0 374
1 1 1 0 373
1 1 1 0 372
1 1 1 0 371
1 1 1 0 370
1 1 1 0 369
1 1 1 0 368
1 1 1 0 367
1 1 1 0 366
1 1 1 0 365
1 1 1 0 364
1 1 1 0 363
1 1 1 0 362
1 1 1 0 361
1 1 1 0 360
1 1 1 0 359
1 1 1 0 358
1 1 1 0 357
1 1 1 0 356
1 1 1 0 355
1 1 1 0 354
1 1 1 0 353
1 1 1 0 352
1 1 1 0 351
1 1 1 0 350
1 1 1 0 349
1 1 1 0 348
1 1 1 0 347
1 1 1 0 346
1 1 1 0 345
1 1 1 0 344
1 1 1 0 343
1 1 1 0 342
1 1 1 0 341
1 1 1 0 340
1 1 1 0 339
1 1 1 0 338
1 1 1 0 337
1 1 1 0 336
1 1 1 0 335
1 1 1 0 334
1 1 1 0 333
1 1 1 0 332
1 1 1 0 331
1 1 1 0 330
1 1 1 0 329
1 1 1 0 328
1 1 1 0 327
1 1 1 0 326
1 1 1 0 325
1 1 1 0 324
1 1 1 0 323
1 1 1 0 322
1 1 1 0 321
1 1 1 0 320
1 1 1 0 319
1 1 1 0 318
1 1 1 0 317
1 1 1 0 316
1 1 1 0 315
1 1 1 0 314
1 1 1 0 313
1 1 1 0 312
1 1 1 0 311
1 1 1 0 310
1 1 1 0 309
1 1 1 0 308
1 1 1 0 307
1 1 1 0 306
1 1 1 0 305
1 1 1 0 304
1 1 1 0 303
1 1 1 0 302
1 1 1 0 301
1 1 1 0 300
1 1 1 0 299
1 1 1 0 298
1 1 1 0 297
1 1 1 0 296
1 1 1 0 295
1 1 1 0 294
1 1 1 0 293
1 1 1 0 292
1 1 1 0 291
1 1 1 0 290
1 1 1 0 289
1 1 1 0 288
1 1 1 0 287
1 1 1 0 286
1 1 1 0 285
1 1 1 0 284
1 1 1 0 283
1 1 1 0 282
1 1 1 0 281
1 1 1 0 280
1 1 1 0 279
1 1 1 0 278
1 1 1 0 277
1 1 1 0 276
1 1 1 0 275
1 1 1 0 274
1 1 1 0 273
1 1 1 0 272
1 1 1 0 271
1 1 1 0 270
1 1 1 0 269
1 1 1 0 268
1 1 1 0 267
1 1 1 0 266
1 1 1 0 265
1 1 1 0 264
1 1 1 0 263
1 1 1 0 262
1 1 1 0 261
1 1 1 0 260
1 1 1 0 259
1 1 1 0 258
1 1 1 0 257
1 1 1 0 256
1 1 1 0 255
1 1 1 0 254
1 1 1 0 253
1 1 1 0 252
1 1 1 0 251
1 1 1 0 250
1 1 1 0 249
1 1 1 0 248
1 1 1 0 247
1 1 1 0 246
1 1 1 0 245
1 1 1 0 244
1 1 1 0 243
1 1 1 0 242
1 1 1 0 241
1 1 1 0 240
1 1 1 0 239
1 1 1 0 238
1 1 1 0 237
1 1 1 0 236
1 1 1 0 235
1 1 1 0 234
1 1 1 0 233
1 1 1 0 232
1 1 1 0 231
1 1 1 0 230
1 1 1 0 229
1 1 1 0 228
1 1 1 0 227
1 1 1 0 226
1 1 1 0 225
1 1 1 0 224
1 1 1 0 223
1 1 1 0 222
1 1 1 0 221
1 1 1 0 220
1 1 1 0 219
1 1 1 0 218
1 1 1 0 217
1 1 1 0 216
1 1 1 0 215
1 1 1 0 214
1 1 1 0 213
1 1 1 0 212
1 1 1 0 211
1 1 1 0 210
1 1 1 0 209
1 1 1 0 208
1 1 1 0 207
1 1 1 0 206
1 1 1 0 205
1 1 1 0 204
1 1 1 0 203
1 1 1 0 202
1 1 1 0 201
1 1 1 0 200
1 1 1 0 199
1 1 1 0 198
1 1 1 0 197
1 1 1 0 196
1 1 1 0 195
1 1 1 0 194
1 1 1 0 193
1 1 1 0 192
1 1 1 0 191
1 1 1 0 190
1 1 1 0 189
1 1 1 0 188
1 1 1 0 187
1 1 1 0 186
1 1 1 0 185
1 1 1 0 184
1 1 1 0 183
1 1 1 0 182
1 1 1 0 181
1 1 1 0 180
1 1 1 0 179
1 1 1 0 178
1 1 1 0 177
1 1 1 0 176
1 1 1 0 175
1 1 1 0 174
1 1 1 0 173
1 1 1 0 172
1 1 1 0 171
1 1 1 0 170
1 1 1 0 169
1 1 1 0 168
1 1 1 0 167
1 1 1 0 166
1 1 1 0 165
1 1 1 0 164
1 1 1 0 163
1 1 1 0 162
1 1 1 0 161
1 1 1 0 160
1 1 1 0 159
1 1 1 0 158
1 1 1 0 157
1 1 1 0 156
1 1 1 0 155
1 1 1 0 154
1 1 1 0 153
1 1 1 0 152
1 1 1 0 151
1 1 1 0 150
1 1 1 0 149
1 1 1 0 148
1 1 1 0 147
1 1 1 0 146
1 1 1 0 145
1 1 1 0 144
1 1 1 0 143
1 1 1 0 142
1 1 1 0 141
1 1 1 0 140
1 1 1 0 139
1 1 1 0 138
1 1 1 0 137
1 1 1 0 136
1 1 1 0 135
1 1 1 0 134
1 1 1 0 133
1 1 1 0 132
1 1 1 0 131
1 1 1 0 130
1 1 1 0 129
1 1 1 0 128
1 1 1 0 127
1 1 1 0 126
1 1 1 0 125
1 1 1 0 124
1 1 1 0 123
1 1 1 0 122
1 1 1 0 121
1 1 1 0 120
1 1 1 0 119
1 1 1 0 118
1 1 1 0 117
1 1 1 0 116
1 1 1 0 115
1 1 1 0 114
1 1 1 0 113
1 1 1 0 112
1 1 1 0 111
1 1 1 0 110
1 1 1 0 109
1 1 1 0 108
1 1 1 0 107
1 1 1 0 106
1 1 1 0 105
1 1 1 0 104
1 1 1 0 103
1 1 1 0 102
1 1 1 0 101
1 1 1 0 100
1 1 1 0 99
1 1 1 0 98
1 1 1 0 97
1 1 1 0 96
1 1 1 0 95
1 1 1 0 94
1 1 1 0 93
1 1 1 0 92
1 1 1 0 91
1 1 1 0 90
1 1 1 0 89
1 1 1 0 88
1 1 1 0 87
1 1 1 0 86
1 1 1 0 85
1 1 1 0 84
1 1 1 0 83
1 1 1 0 82
1 1 1 0 81
1 1 1 0 80
1 1 1 0 79
1 1 1 0 78
1 1 1 0 77
1 1 1 0 76
1 1 1 0 75
1 1 1 0 74
1 1 1 0 73
1 1 1 0 72
1 1 1 0 71
1 1 1 0 70
1 1 1 0 69
1 1 1 0 68
1 1 1 0 67
1 1 1 0 66
1 1 1 0 65
1 1 1 0 64
1 1 1 0 63
1 1 1 0 62
1 1 1 0 61
1 1 1 0 60
1 1 1 0 59
1 1 1 0 58
1 1 1 0 57
1 1 1 0 56
1 1 1 0 55
1 1 1 0 54
1 1 1 0 53
1 1 1 0 52
1 1 1 0 51
1 1 1 0 50
1 1 1 0 49
1 1 1 0 48
1 1 1 0 47
1 1 1 0 46
1 1 1 0 45
1 1 1 0 44
1 1 1 0 43
1 1 1 0 42
1 1 1 0 41
1 1 1 0 40
1 1 1 0 39
1 1 1 0 38
1 1 1 0 37
1 1 1 0 36
1 1 1 0 35
1 1 1 0 34
1 1 1 0 33
1 1 1 0 32
1 1 1 0 31
1 1 1 0 30
1 1 1 0 29
1 1 1 0 28
1 1 1 0 27
1 1 1 0 26
1 1 1 0 25
1 1 1 0 24
1 1 1 0 23
1 1 1 0 22
1 1 1 0 21
1 1 1 0 20
1 1 1 0 19
1 1 1 0 18
1 1 1 0 17
1 1 1 0 16
1 1 1 0 15
1 1 1 0 14
1 1 1 0 13
1 1 1 0 12
1 1 1 0 11
1 1 1 0 10
1 1 1 0 9
1 1 1 0 8
1 1 1 0 7
1 1 1 0 6
1 1 1 0 5
1 1 1 0 4
1 1 1 0 3
1 1 1 0 2
1 1 1 0 1
