1 1 1 1250 0
1 1 1 1249 1
1 1 1 1248 2
1 1 1 1247 3
1 1 1 1246 4
1 1 1 1245 5
1 1 1 1244 6
1 1 1 1243 7
1 1 1 1242 8
1 1 1 1241 9
1 1 1 1240 10
1 1 1 1239 11
1 1 1 1238 12
1 1 1 1237 13
1 1 1 1236 14
1 1 1 1235 15
1 1 1 1234 16
1 1 1 1233 17
1 1 1 1232 18
1 1 1 1231 19
1 1 1 1230 20
1 1 1 1229 21
1 1 1 1228 22
1 1 1 1227 23
1 1 1 1226 24
1 1 1 1225 25
1 1 1 1224 26
1 1 1 1223 27
1 1 1 1222 28
1 1 1 1221 29
1 1 1 1220 30
1 1 1 1219 31
1 1 1 1218 32
1 1 1 1217 33
1 1 1 1216 34
1 1 1 1215 35
1 1 1 1214 36
1 1 1 1213 37
1 1 1 1212 38
1 1 1 1211 39
1 1 1 1210 40
1 1 1 1209 41
1 1 1 1208 42
1 1 1 1207 43
1 1 1 1206 44
1 1 1 1205 45
1 1 1 1204 46
1 1 1 1203 47
1 1 1 1202 48
1 1 1 1201 49
1 1 1 1200 50
1 1 1 1199 51
1 1 1 1198 52
1 1 1 1197 53
1 1 1 1196 54
1 1 1 1195 55
1 1 1 1194 56
1 1 1 1193 57
1 1 1 1192 58
1 1 1 1191 59
1 1 1 1190 60
1 1 1 1189 61
1 1 1 1188 62
1 1 1 1187 63
1 1 1 1186 64
1 1 1 1185 65
1 1 1 1184 66
1 1 1 1183 67
1 1 1 1182 68
1 1 1 1181 69
1 1 1 1180 70
1 1 1 1179 71
1 1 1 1178 72
1 1 1 1177 73
1 1 1 1176 74
1 1 1 1175 75
1 1 1 1174 76
1 1 1 1173 77
1 1 1 1172 78
1 1 1 1171 79
1 1 1 1170 80
1 1 1 1169 81
1 1 1 1168 82
1 1 1 1167 83
1 1 1 1166 84
1 1 1 1165 85
1 1 1 1164 86
1 1 1 1163 87
1 1 1 1162 88
1 1 1 1161 89
1 1 1 1160 90
1 1 1 1159 91
1 1 1 1158 92
1 1 1 1157 93
1 1 1 1156 94
1 1 1 1155 95
1 1 1 1154 96
1 1 1 1153 97
1 1 1 1152 98
1 1 1 1151 99
1 1 1 1150 100
1 1 1 1149 101
1 1 1 1148 102
1 1 1 1147 103
1 1 1 1146 104
1 1 1 1145 105
1 1 1 1144 106
1 1 1 1143 107
1 1 1 1142 108
1 1 1 1141 109
1 1 1 1140 110
1 1 1 1139 111
1 1 1 1138 112
1 1 1 1137 113
1 1 1 1136 114
1 1 1 1135 115
1 1 1 1134 116
1 1 1 1133 117
1 1 1 1132 118
1 1 1 1131 119
1 1 1 1130 120
1 1 1 1129 121
1 1 1 1128 122
1 1 1 1127 123
1 1 1 1126 124
1 1 1 1125 125
1 1 1 1124 126
1 1 1 1123 127
1 1 1 1122 128
1 1 1 1121 129
1 1 1 1120 130
1 1 1 1119 131
1 1 1 1118 132
1 1 1 1117 133
1 1 1 1116 134
1 1 1 1115 135
1 1 1 1114 136
1 1 1 1113 137
1 1 1 1112 138
1 1 1 1111 139
1 1 1 1110 140
1 1 1 1109 141
1 1 1 1108 142
1 1 1 1107 143
1 1 1 1106 144
1 1 1 1105 145
1 1 1 1104 146
1 1 1 1103 147
1 1 1 1102 148
1 1 1 1101 149
1 1 1 1100 150
1 1 1 1099 151
1 1 1 1098 152
1 1 1 1097 153
1 1 1 1096 154
1 1 1 1095 155
1 1 1 1094 156
1 1 1 1093 157
1 1 1 1092 158
1 1 1 1091 159
1 1 1 1090 160
1 1 1 1089 161
1 1 1 1088 162
1 1 1 1087 163
1 1 1 1086 164
1 1 1 1085 165
1 1 1 1084 166
1 1 1 1083 167
1 1 1 1082 168
1 1 1 1081 169
1 1 1 1080 170
1 1 1 1079 171
1 1 1 1078 172
1 1 1 1077 173
1 1 1 1076 174
1 1 1 1075 175
1 1 1 1074 176
1 1 1 1073 177
1 1 1 1072 178
1 1 1 1071 179
1 1 1 1070 180
1 1 1 1069 181
1 1 1 1068 182
1 1 1 1067 183
1 1 1 1066 184
1 1 1 1065 185
1 1 1 1064 186
1 1 1 1063 187
1 1 1 1062 188
1 1 1 1061 189
1 1 1 1060 190
1 1 1 1059 191
1 1 1 1058 192
1 1 1 1057 193
1 1 1 1056 194
1 1 1 1055 195
1 1 1 1054 196
1 1 1 1053 197
1 1 1 1052 198
1 1 1 1051 199
1 1 1 1050 200
1 1 1 1049 201
1 1 1 1048 202
1 1 1 1047 203
1 1 1 1046 204
1 1 1 1045 205
1 1 1 1044 206
1 1 1 1043 207
1 1 1 1042 208
1 1 1 1041 209
1 1 1 1040 210
1 1 1 1039 211
1 1 1 1038 212
1 1 1 1037 213
1 1 1 1036 214
1 1 1 1035 215
1 1 1 1034 216
1 1 1 1033 217
1 1 1 1032 218
1 1 1 1031 219
1 1 1 1030 220
1 1 1 1029 221
1 1 1 1028 222
1 1 1 1027 223
1 1 1 1026 224
1 1 1 1025 225
1 1 1 1024 226
1 1 1 1023 227
1 1 1 1022 228
1 1 1 1021 229
1 1 1 1020 230
1 1 1 1019 231
1 1 1 1018 232
1 1 1 1017 233
1 1 1 1016 234
1 1 1 1015 235
1 1 1 1014 236
1 1 1 1013 237
1 1 1 1012 238
1 1 1 1011 239
1 1 1 1010 240
1 1 1 1009 241
1 1 1 1008 242
1 1 1 1007 243
1 1 1 1006 244
1 1 1 1005 245
1 1 1 1004 246
1 1 1 1003 247
1 1 1 1002 248
1 1 1 1001 249
1 1 1 1000 250
1 1 1 999 251
1 1 1 998 252
1 1 1 997 253
1 1 1 996 254
1 1 1 995 255
1 1 1 994 256
1 1 1 993 257
1 1 1 992 258
1 1 1 991 259
1 1 1 990 260
1 1 1 989 261
1 1 1 988 262
1 1 1 987 263
1 1 1 986 264
1 1 1 985 265
1 1 1 984 266
1 1 1 983 267
1 1 1 982 268
1 1 1 981 269
1 1 1 980 270
1 1 1 979 271
1 1 1 978 272
1 1 1 977 273
1 1 1 976 274
1 1 1 975 275
1 1 1 974 276
1 1 1 973 277
1 1 1 972 278
1 1 1 971 279
1 1 1 970 280
1 1 1 969 281
1 1 1 968 282
1 1 1 967 283
1 1 1 966 284
1 1 1 965 285
1 1 1 964 286
1 1 1 963 287
1 1 1 962 288
1 1 1 961 289
1 1 1 960 290
1 1 1 959 291
1 1 1 958 292
1 1 1 957 293
1 1 1 956 294
1 1 1 955 295
1 1 1 954 296
1 1 1 953 297
1 1 1 952 298
1 1 1 951 299
1 1 1 950 300
1 1 1 949 301
1 1 1 948 302
1 1 1 947 303
1 1 1 946 304
1 1 1 945 305
1 1 1 944 306
1 1 1 943 307
1 1 1 942 308
1 1 1 941 309
1 1 1 940 310
1 1 1 939 311
1 1 1 938 312
1 1 1 937 313
1 1 1 936 314
1 1 1 935 315
1 1 1 934 316
1 1 1 933 317
1 1 1 932 318
1 1 1 931 319
1 1 1 930 320
1 1 1 929 321
1 1 1 928 322
1 1 1 927 323
1 1 1 926 324
1 1 1 925 325
1 1 1 924 326
1 1 1 923 327
1 1 1 922 328
1 1 1 921 329
1 1 1 920 330
1 1 1 919 331
1 1 1 918 332
1 1 1 917 333
1 1 1 916 334
1 1 1 915 335
1 1 1 914 336
1 1 1 913 337
1 1 1 912 338
1 1 1 911 339
1 1 1 910 340
1 1 1 909 341
1 1 1 908 342
1 1 1 907 343
1 1 1 906 344
1 1 1 905 345
1 1 1 904 346
1 1 1 903 347
1 1 1 902 348
1 1 1 901 349
1 1 1 900 350
1 1 1 899 351
1 1 1 898 352
1 1 1 897 353
1 1 1 896 354
1 1 1 895 355
1 1 1 894 356
1 1 1 893 357
1 1 1 892 358
1 1 1 891 359
1 1 1 890 360
1 1 1 889 361
1 1 1 888 362
1 1 1 887 363
1 1 1 886 364
1 1 1 885 365
1 1 1 884 366
1 1 1 883 367
1 1 1 882 368
1 1 1 881 369
1 1 1 880 370
1 1 1 879 371
1 1 1 878 372
1 1 1 877 373
1 1 1 876 374
1 1 1 875 375
1 1 1 874 376
1 1 1 873 377
1 1 1 872 378
1 1 1 871 379
1 1 1 870 380
1 1 1 869 381
1 1 1 868 382
1 1 1 867 383
1 1 1 866 384
1 1 1 865 385
1 1 1 864 386
1 1 1 863 387
1 1 1 862 388
1 1 1 861 389
1 1 1 860 390
1 1 1 859 391
1 1 1 858 392
1 1 1 857 393
1 1 1 856 394
1 1 1 855 395
1 1 1 854 396
1 1 1 853 397
1 1 1 852 398
1 1 1 851 399
1 1 1 850 400
1 1 1 849 401
1 1 1 848 402
1 1 1 847 403
1 1 1 846 404
1 1 1 845 405
1 1 1 844 406
1 1 1 843 407
1 1 1 842 408
1 1 1 841 409
1 1 1 840 410
1 1 1 839 411
1 1 1 838 412
1 1 1 837 413
1 1 1 836 414
1 1 1 835 415
1 1 1 834 416
1 1 1 833 417
1 1 1 832 418
1 1 1 831 419
1 1 1 830 420
1 1 1 829 421
1 1 1 828 422
1 1 1 827 423
1 1 1 826 424
1 1 1 825 425
1 1 1 824 426
1 1 1 823 427
1 1 1 822 428
1 1 1 821 429
1 1 1 820 430
1 1 1 819 431
1 1 1 818 432
1 1 1 817 433
1 1 1 816 434
1 1 1 815 435
1 1 1 814 436
1 1 1 813 437
1 1 1 812 438
1 1 1 811 439
1 1 1 810 440
1 1 1 809 441
1 1 1 808 442
1 1 1 807 443
1 1 1 806 444
1 1 1 805 445
1 1 1 804 446
1 1 1 803 447
1 1 1 802 448
1 1 1 801 449
1 1 1 800 450
1 1 1 799 451
1 1 1 798 452
1 1 1 797 453
1 1 1 796 454
1 1 1 795 455
1 1 1 794 456
1 1 1 793 457
1 1 1 792 458
1 1 1 791 459
1 1 1 790 460
1 1 1 789 461
1 1 1 788 462
1 1 1 787 463
1 1 1 786 464
1 1 1 785 465
1 1 1 784 466
1 1 1 783 467
1 1 1 782 468
1 1 1 781 469
1 1 1 780 470
1 1 1 779 471
1 1 1 778 472
1 1 1 777 473
1 1 1 776 474
1 1 1 775 475
1 1 1 774 476
1 1 1 773 477
1 1 1 772 478
1 1 1 771 479
1 1 1 770 480
1 1 1 769 481
1 1 1 768 482
1 1 1 767 483
1 1 1 766 484
1 1 1 765 485
1 1 1 764 486
1 1 1 763 487
1 1 1 762 488
1 1 1 761 489
1 1 1 760 490
1 1 1 759 491
1 1 1 758 492
1 1 1 757 493
1 1 1 756 494
1 1 1 755 495
1 1 1 754 496
1 1 1 753 497
1 1 1 752 498
1 1 1 751 499
1 1 1 750 500
1 1 1 749 501
1 1 1 748 502
1 1 1 747 503
1 1 1 746 504
1 1 1 745 505
1 1 1 744 506
1 1 1 743 507
1 1 1 742 508
1 1 1 741 509
1 1 1 740 510
1 1 1 739 511
1 1 1 738 512
1 1 1 737 513
1 1 1 736 514
1 1 1 735 515
1 1 1 734 516
1 1 1 733 517
1 1 1 732 518
1 1 1 731 519
1 1 1 730 520
1 1 1 729 521
1 1 1 728 522
1 1 1 727 523
1 1 1 726 524
1 1 1 725 525
1 1 1 724 526
1 1 1 723 527
1 1 1 722 528
1 1 1 721 529
1 1 1 720 530
1 1 1 719 531
1 1 1 718 532
1 1 1 717 533
1 1 1 716 534
1 1 1 715 535
1 1 1 714 536
1 1 1 713 537
1 1 1 712 538
1 1 1 711 539
1 1 1 710 540
1 1 1 709 541
1 1 1 708 542
1 1 1 707 543
1 1 1 706 544
1 1 1 705 545
1 1 1 704 546
1 1 1 703 547
1 1 1 702 548
1 1 1 701 549
1 1 1 700 550
1 1 1 699 551
1 1 1 698 552
1 1 1 697 553
1 1 1 696 554
1 1 1 695 555
1 1 1 694 556
1 1 1 693 557
1 1 1 692 558
1 1 1 691 559
1 1 1 690 560
1 1 1 689 561
1 1 1 688 562
1 1 1 687 563
1 1 1 686 564
1 1 1 685 565
1 1 1 684 566
1 1 1 683 567
1 1 1 682 568
1 1 1 681 569
1 1 1 680 570
1 1 1 679 571
1 1 1 678 572
1 1 1 677 573
1 1 1 676 574
1 1 1 675 575
1 1 1 674 576
1 1 1 673 577
1 1 1 672 578
1 1 1 671 579
1 1 1 670 580
1 1 1 669 581
1 1 1 668 582
1 1 1 667 583
1 1 1 666 584
1 1 1 665 585
1 1 1 664 586
1 1 1 663 587
1 1 1 662 588
1 1 1 661 589
1 1 1 660 590
1 1 1 659 591
1 1 1 658 592
1 1 1 657 593
1 1 1 656 594
1 1 1 655 595
1 1 1 654 596
1 1 1 653 597
1 1 1 652 598
1 1 1 651 599
1 1 1 650 600
1 1 1 649 601
1 1 1 648 602
1 1 1 647 603
1 1 1 646 604
1 1 1 645 605
1 1 1 644 606
1 1 1 643 607
1 1 1 642 608
1 1 1 641 609
1 1 1 640 610
1 1 1 639 611
1 1 1 638 612
1 1 1 637 613
1 1 1 636 614
1 1 1 635 615
1 1 1 634 616
1 1 1 633 617
1 1 1 632 618
1 1 1 631 619
1 1 1 630 620
1 1 1 629 621
1 1 1 628 622
1 1 1 627 623
1 1 1 626 624
1 1 1 625 625
1 1 1 624 626
1 1 1 623 627
1 1 1 622 628
1 1 1 621 629
1 1 1 620 630
1 1 1 619 631
1 1 1 618 632
1 1 1 617 633
1 1 1 616 634
1 1 1 615 635
1 1 1 614 636
1 1 1 613 637
1 1 1 612 638
1 1 1 611 639
1 1 1 610 640
1 1 1 609 641
1 1 1 608 642
1 1 1 607 643
1 1 1 606 644
1 1 1 605 645
1 1 1 604 646
1 1 1 603 647
1 1 1 602 648
1 1 1 601 649
1 1 1 600 650
1 1 1 599 651
1 1 1 598 652
1 1 1 597 653
1 1 1 596 654
1 1 1 595 655
1 1 1 594 656
1 1 1 593 657
1 1 1 592 658
1 1 1 591 659
1 1 1 590 660
1 1 1 589 661
1 1 1 588 662
1 1 1 587 663
1 1 1 586 664
1 1 1 585 665
1 1 1 584 666
1 1 1 583 667
1 1 1 582 668
1 1 1 581 669
1 1 1 580 670
1 1 1 579 671
1 1 1 578 672
1 1 1 577 673
1 1 1 576 674
1 1 1 575 675
1 1 1 574 676
1 1 1 573 677
1 1 1 572 678
1 1 1 571 679
1 1 1 570 680
1 1 1 569 681
1 1 1 568 682
1 1 1 567 683
1 1 1 566 684
1 1 1 565 685
1 1 1 564 686
1 1 1 563 687
1 1 1 562 688
1 1 1 561 689
1 1 1 560 690
1 1 1 559 691
1 1 1 558 692
1 1 1 557 693
1 1 1 556 694
1 1 1 555 695
1 1 1 554 696
1 1 1 553 697
1 1 1 552 698
1 1 1 551 699
1 1 1 550 700
1 1 1 549 701
1 1 1 548 702
1 1 1 547 703
1 1 1 546 704
1 1 1 545 705
1 1 1 544 706
1 1 1 543 707
1 1 1 542 708
1 1 1 541 709
1 1 1 540 710
1 1 1 539 711
1 1 1 538 712
1 1 1 537 713
1 1 1 536 714
1 1 1 535 715
1 1 1 534 716
1 1 1 533 717
1 1 1 532 718
1 1 1 531 719
1 1 1 530 720
1 1 1 529 721
1 1 1 528 722
1 1 1 527 723
1 1 1 526 724
1 1 1 525 725
1 1 1 524 726
1 1 1 523 727
1 1 1 522 728
1 1 1 521 729
1 1 1 520 730
1 1 1 519 731
1 1 1 518 732
1 1 1 517 733
1 1 1 516 734
1 1 1 515 735
1 1 1 514 736
1 1 1 513 737
1 1 1 512 738
1 1 1 511 739
1 1 1 510 740
1 1 1 509 741
1 1 1 508 742
1 1 1 507 743
1 1 1 506 744
1 1 1 505 745
1 1 1 504 746
1 1 1 503 747
1 1 1 502 748
1 1 1 501 749
1 1 1 500 750
1 1 1 499 751
1 1 1 498 752
1 1 1 497 753
1 1 1 496 754
1 1 1 495 755
1 1 1 494 756
1 1 1 493 757
1 1 1 492 758
1 1 1 491 759
1 1 1 490 760
1 1 1 489 761
1 1 1 488 762
1 1 1 487 763
1 1 1 486 764
1 1 1 485 765
1 1 1 484 766
1 1 1 483 767
1 1 1 482 768
1 1 1 481 769
1 1 1 480 770
1 1 1 479 771
1 1 1 478 772
1 1 1 477 773
1 1 1 476 774
1 1 1 475 775
1 1 1 474 776
1 1 1 473 777
1 1 1 472 778
1 1 1 471 779
1 1 1 470 780
1 1 1 469 781
1 1 1 468 782
1 1 1 467 783
1 1 1 466 784
1 1 1 465 785
1 1 1 464 786
1 1 1 463 787
1 1 1 462 788
1 1 1 461 789
1 1 1 460 790
1 1 1 459 791
1 1 1 458 792
1 1 1 457 793
1 1 1 456 794
1 1 1 455 795
1 1 1 454 796
1 1 1 453 797
1 1 1 452 798
1 1 1 451 799
1 1 1 450 800
1 1 1 449 801
1 1 1 448 802
1 1 1 447 803
1 1 1 446 804
1 1 1 445 805
1 1 1 444 806
1 1 1 443 807
1 1 1 442 808
1 1 1 441 809
1 1 1 440 810
1 1 1 439 811
1 1 1 438 812
1 1 1 437 813
1 1 1 436 814
1 1 1 435 815
1 1 1 434 816
1 1 1 433 817
1 1 1 432 818
1 1 1 431 819
1 1 1 430 820
1 1 1 429 821
1 1 1 428 822
1 1 1 427 823
1 1 1 426 824
1 1 1 425 825
1 1 1 424 826
1 1 1 423 827
1 1 1 422 828
1 1 1 421 829
1 1 1 420 830
1 1 1 419 831
1 1 1 418 832
1 1 1 417 833
1 1 1 416 834
1 1 1 415 835
1 1 1 414 836
1 1 1 413 837
1 1 1 412 838
1 1 1 411 839
1 1 1 410 840
1 1 1 409 841
1 1 1 408 842
1 1 1 407 843
1 1 1 406 844
1 1 1 405 845
1 1 1 404 846
1 1 1 403 847
1 1 1 402 848
1 1 1 401 849
1 1 1 400 850
1 1 1 399 851
1 1 1 398 852
1 1 1 397 853
1 1 1 396 854
1 1 1 395 855
1 1 1 394 856
1 1 1 393 857
1 1 1 392 858
1 1 1 391 859
1 1 1 390 860
1 1 1 389 861
1 1 1 388 862
1 1 1 387 863
1 1 1 386 864
1 1 1 385 865
1 1 1 384 866
1 1 1 383 867
1 1 1 382 868
1 1 1 381 869
1 1 1 380 870
1 1 1 379 871
1 1 1 378 872
1 1 1 377 873
1 1 1 376 874
1 1 1 375 875
1 1 1 374 876
1 1 1 373 877
1 1 1 372 878
1 1 1 371 879
1 1 1 370 880
1 1 1 369 881
1 1 1 368 882
1 1 1 367 883
1 1 1 366 884
1 1 1 365 885
1 1 1 364 886
1 1 1 363 887
1 1 1 362 888
1 1 1 361 889
1 1 1 360 890
1 1 1 359 891
1 1 1 358 892
1 1 1 357 893
1 1 1 356 894
1 1 1 355 895
1 1 1 354 896
1 1 1 353 897
1 1 1 352 898
1 1 1 351 899
1 1 1 350 900
1 1 1 349 901
1 1 1 348 902
1 1 1 347 903
1 1 1 346 904
1 1 1 345 905
1 1 1 344 906
1 1 1 343 907
1 1 1 342 908
1 1 1 341 909
1 1 1 340 910
1 1 1 339 911
1 1 1 338 912
1 1 1 337 913
1 1 1 336 914
1 1 1 335 915
1 1 1 334 916
1 1 1 333 917
1 1 1 332 918
1 1 1 331 919
1 1 1 330 920
1 1 1 329 921
1 1 1 328 922
1 1 1 327 923
1 1 1 326 924
1 1 1 325 925
1 1 1 324 926
1 1 1 323 927
1 1 1 322 928
1 1 1 321 929
1 1 1 320 930
1 1 1 319 931
1 1 1 318 932
1 1 1 317 933
1 1 1 316 934
1 1 1 315 935
1 1 1 314 936
1 1 1 313 937
1 1 1 312 938
1 1 1 311 939
1 1 1 310 940
1 1 1 309 941
1 1 1 308 942
1 1 1 307 943
1 1 1 306 944
1 1 1 305 945
1 1 1 304 946
1 1 1 303 947
1 1 1 302 948
1 1 1 301 949
1 1 1 300 950
1 1 1 299 951
1 1 1 298 952
1 1 1 297 953
1 1 1 296 954
1 1 1 295 955
1 1 1 294 956
1 1 1 293 957
1 1 1 292 958
1 1 1 291 959
1 1 1 290 960
1 1 1 289 961
1 1 1 288 962
1 1 1 287 963
1 1 1 286 964
1 1 1 285 965
1 1 1 284 966
1 1 1 283 967
1 1 1 282 968
1 1 1 281 969
1 1 1 280 970
1 1 1 279 971
1 1 1 278 972
1 1 1 277 973
1 1 1 276 974
1 1 1 275 975
1 1 1 274 976
1 1 1 273 977
1 1 1 272 978
1 1 1 271 979
1 1 1 270 980
1 1 1 269 981
1 1 1 268 982
1 1 1 267 983
1 1 1 266 984
1 1 1 265 985
1 1 1 264 986
1 1 1 263 987
1 1 1 262 988
1 1 1 261 989
1 1 1 260 990
1 1 1 259 991
1 1 1 258 992
1 1 1 257 993
1 1 1 256 994
1 1 1 255 995
1 1 1 254 996
1 1 1 253 997
1 1 1 252 998
1 1 1 251 999
1 1 1 250 1000
1 1 1 249 1001
1 1 1 248 1002
1 1 1 247 1003
1 1 1 246 1004
1 1 1 245 1005
1 1 1 244 1006
1 1 1 243 1007
1 1 1 242 1008
1 1 1 241 1009
1 1 1 240 1010
1 1 1 239 1011
1 1 1 238 1012
1 1 1 237 1013
1 1 1 236 1014
1 1 1 235 1015
1 1 1 234 1016
1 1 1 233 1017
1 1 1 232 1018
1 1 1 231 1019
1 1 1 230 1020
1 1 1 229 1021
1 1 1 228 1022
1 1 1 227 1023
1 1 1 226 1024
1 1 1 225 1025
1 1 1 224 1026
1 1 1 223 1027
1 1 1 222 1028
1 1 1 221 1029
1 1 1 220 1030
1 1 1 219 1031
1 1 1 218 1032
1 1 1 217 1033
1 1 1 216 1034
1 1 1 215 1035
1 1 1 214 1036
1 1 1 213 1037
1 1 1 212 1038
1 1 1 211 1039
1 1 1 210 1040
1 1 1 209 1041
1 1 1 208 1042
1 1 1 207 1043
1 1 1 206 1044
1 1 1 205 1045
1 1 1 204 1046
1 1 1 203 1047
1 1 1 202 1048
1 1 1 201 1049
1 1 1 200 1050
1 1 1 199 1051
1 1 1 198 1052
1 1 1 197 1053
1 1 1 196 1054
1 1 1 195 1055
1 1 1 194 1056
1 1 1 193 1057
1 1 1 192 1058
1 1 1 191 1059
1 1 1 190 1060
1 1 1 189 1061
1 1 1 188 1062
1 1 1 187 1063
1 1 1 186 1064
1 1 1 185 1065
1 1 1 184 1066
1 1 1 183 1067
1 1 1 182 1068
1 1 1 181 1069
1 1 1 180 1070
1 1 1 179 1071
1 1 1 178 1072
1 1 1 177 1073
1 1 1 176 1074
1 1 1 175 1075
1 1 1 174 1076
1 1 1 173 1077
1 1 1 172 1078
1 1 1 171 1079
1 1 1 170 1080
1 1 1 169 1081
1 1 1 168 1082
1 1 1 167 1083
1 1 1 166 1084
1 1 1 165 1085
1 1 1 164 1086
1 1 1 163 1087
1 1 1 162 1088
1 1 1 161 1089
1 1 1 160 1090
1 1 1 159 1091
1 1 1 158 1092
1 1 1 157 1093
1 1 1 156 1094
1 1 1 155 1095
1 1 1 154 1096
1 1 1 153 1097
1 1 1 152 1098
1 1 1 151 1099
1 1 1 150 1100
1 1 1 149 1101
1 1 1 148 1102
1 1 1 147 1103
1 1 1 146 1104
1 1 1 145 1105
1 1 1 144 1106
1 1 1 143 1107
1 1 1 142 1108
1 1 1 141 1109
1 1 1 140 1110
1 1 1 139 1111
1 1 1 138 1112
1 1 1 137 1113
1 1 1 136 1114
1 1 1 135 1115
1 1 1 134 1116
1 1 1 133 1117
1 1 1 132 1118
1 1 1 131 1119
1 1 1 130 1120
1 1 1 129 1121
1 1 1 128 1122
1 1 1 127 1123
1 1 1 126 1124
1 1 1 125 1125
1 1 1 124 1126
1 1 1 123 1127
1 1 1 122 1128
1 1 1 121 1129
1 1 1 120 1130
1 1 1 119 1131
1 1 1 118 1132
1 1 1 117 1133
1 1 1 116 1134
1 1 1 115 1135
1 1 1 114 1136
1 1 1 113 1137
1 1 1 112 1138
1 1 1 111 1139
1 1 1 110 1140
1 1 1 109 1141
1 1 1 108 1142
1 1 1 107 1143
1 1 1 106 1144
1 1 1 105 1145
1 1 1 104 1146
1 1 1 103 1147
1 1 1 102 1148
1 1 1 101 1149
1 1 1 100 1150
1 1 1 99 1151
1 1 1 98 1152
1 1 1 97 1153
1 1 1 96 1154
1 1 1 95 1155
1 1 1 94 1156
1 1 1 93 1157
1 1 1 92 1158
1 1 1 91 1159
1 1 1 90 1160
1 1 1 89 1161
1 1 1 88 1162
1 1 1 87 1163
1 1 1 86 1164
1 1 1 85 1165
1 1 1 84 1166
1 1 1 83 1167
1 1 1 82 1168
1 1 1 81 1169
1 1 1 80 1170
1 1 1 79 1171
1 1 1 78 1172
1 1 1 77 1173
1 1 1 76 1174
1 1 1 75 1175
1 1 1 74 1176
1 1 1 73 1177
1 1 1 72 1178
1 1 1 71 1179
1 1 1 70 1180
1 1 1 69 1181
1 1 1 68 1182
1 1 1 67 1183
1 1 1 66 1184
1 1 1 65 1185
1 1 1 64 1186
1 1 1 63 1187
1 1 1 62 1188
1 1 1 61 1189
1 1 1 60 1190
1 1 1 59 1191
1 1 1 58 1192
1 1 1 57 1193
1 1 1 56 1194
1 1 1 55 1195
1 1 1 54 1196
1 1 1 53 1197
1 1 1 52 1198
1 1 1 51 1199
1 1 1 50 1200
1 1 1 49 1201
1 1 1 48 1202
1 1 1 47 1203
1 1 1 46 1204
1 1 1 45 1205
1 1 1 44 1206
1 1 1 43 1207
1 1 1 42 1208
1 1 1 41 1209
1 1 1 40 1210
1 1 1 39 1211
1 1 1 38 1212
1 1 1 37 1213
1 1 1 36 1214
1 1 1 35 1215
1 1 1 34 1216
1 1 1 33 1217
1 1 1 32 1218
1 1 1 31 1219
1 1 1 30 1220
1 1 1 29 1221
1 1 1 28 1222
1 1 1 27 1223
1 1 1 26 1224
1 1 1 25 1225
1 1 1 24 1226
1 1 1 23 1227
1 1 1 22 1228
1 1 1 21 1229
1 1 1 20 1230
1 1 1 19 1231
1 1 1 18 1232
1 1 1 17 1233
1 1 1 16 1234
1 1 1 15 1235
1 1 1 14 1236
1 1 1 13 1237
1 1 1 12 1238
1 1 1 11 1239
1 1 1 10 1240
1 1 1 9 1241
1 1 1 8 1242
1 1 1 7 1243
1 1 1 6 1244
1 1 1 5 1245
1 1 1 4 1246
1 1 1 3 1247
1 1 1 2 1248
1 1 1 1 1249
1 1 1 0 1250
1 1 1 0 1249
1 1 1 0 1248
1 1 1 0 1247
1 1 1 0 1246
1 1 1 0 1245
1 1 1 0 1244
1 1 1 0 1243
1 1 1 0 1242
1 1 1 0 1241
1 1 1 0 1240
1 1 1 0 1239
1 1 1 0 1238
1 1 1 0 1237
1 1 1 0 1236
1 1 1 0 1235
1 1 1 0 1234
1 1 1 0 1233
1 1 1 0 1232
1 1 1 0 1231
1 1 1 0 1230
1 1 1 0 1229
1 1 1 0 1228
1 1 1 0 1227
1 1 1 0 1226
1 1 1 0 1225
1 1 1 0 1224
1 1 1 0 1223
1 1 1 0 1222
1 1 1 0 1221
1 1 1 0 1220
1 1 1 0 1219
1 1 1 0 1218
1 1 1 0 1217
1 1 1 0 1216
1 1 1 0 1215
1 1 1 0 1214
1 1 1 0 1213
1 1 1 0 1212
1 1 1 0 1211
1 1 1 0 1210
1 1 1 0 1209
1 1 1 0 1208
1 1 1 0 1207
1 1 1 0 1206
1 1 1 0 1205
1 1 1 0 1204
1 1 1 0 1203
1 1 1 0 1202
1 1 1 0 1201
1 1 1 0 1200
1 1 1 0 1199
1 1 1 0 1198
1 1 1 0 1197
1 1 1 0 1196
1 1 1 0 1195
1 1 1 0 1194
1 1 1 0 1193
1 1 1 0 1192
1 1 1 0 1191
1 1 1 0 1190
1 1 1 0 1189
1 1 1 0 1188
1 1 1 0 1187
1 1 1 0 1186
1 1 1 0 1185
1 1 1 0 1184
1 1 1 0 1183
1 1 1 0 1182
1 1 1 0 1181
1 1 1 0 1180
1 1 1 0 1179
1 1 1 0 1178
1 1 1 0 1177
1 1 1 0 1176
1 1 1 0 1175
1 1 1 0 1174
1 1 1 0 1173
1 1 1 0 1172
1 1 1 0 1171
1 1 1 0 1170
1 1 1 0 1169
1 1 1 0 1168
1 1 1 0 1167
1 1 1 0 1166
1 1 1 0 1165
1 1 1 0 1164
1 1 1 0 1163
1 1 1 0 1162
1 1 1 0 1161
1 1 1 0 1160
1 1 1 0 1159
1 1 1 0 1158
1 1 1 0 1157
1 1 1 0 1156
1 1 1 0 1155
1 1 1 0 1154
1 1 1 0 1153
1 1 1 0 1152
1 1 1 0 1151
1 1 1 0 1150
1 1 1 0 1149
1 1 1 0 1148
1 1 1 0 1147
1 1 1 0 1146
1 1 1 0 1145
1 1 1 0 1144
1 1 1 0 1143
1 1 1 0 1142
1 1 1 0 1141
1 1 1 0 1140
1 1 1 0 1139
1 1 1 0 1138
1 1 1 0 1137
1 1 1 0 1136
1 1 1 0 1135
1 1 1 0 1134
1 1 1 0 1133
1 1 1 0 1132
1 1 1 0 1131
1 1 1 0 1130
1 1 1 0 1129
1 1 1 0 1128
1 1 1 0 1127
1 1 1 0 1126
1 1 1 0 1125
1 1 1 0 1124
1 1 1 0 1123
1 1 1 0 1122
1 1 1 0 1121
1 1 1 0 1120
1 1 1 0 1119
1 1 1 0 1118
1 1 1 0 1117
1 1 1 0 1116
1 1 1 0 1115
1 1 1 0 1114
1 1 1 0 1113
1 1 1 0 1112
1 1 1 0 1111
1 1 1 0 1110
1 1 1 0 1109
1 1 1 0 1108
1 1 1 0 1107
1 1 1 0 1106
1 1 1 0 1105
1 1 1 0 1104
1 1 1 0 1103
1 1 1 0 1102
1 1 1 0 1101
1 1 1 0 1100
1 1 1 0 1099
1 1 1 0 1098
1 1 1 0 1097
1 1 1 0 1096
1 1 1 0 1095
1 1 1 0 1094
1 1 1 0 1093
1 1 1 0 1092
1 1 1 0 1091
1 1 1 0 1090
1 1 1 0 1089
1 1 1 0 1088
1 1 1 0 1087
1 1 1 0 1086
1 1 1 0 1085
1 1 1 0 1084
1 1 1 0 1083
1 1 1 0 1082
1 1 1 0 1081
1 1 1 0 1080
1 1 1 0 1079
1 1 1 0 1078
1 1 1 0 1077
1 1 1 0 1076
1 1 1 0 1075
1 1 1 0 1074
1 1 1 0 1073
1 1 1 0 1072
1 1 1 0 1071
1 1 1 0 1070
1 1 1 0 1069
1 1 1 0 1068
1 1 1 0 1067
1 1 1 0 1066
1 1 1 0 1065
1 1 1 0 1064
1 1 1 0 1063
1 1 1 0 1062
1 1 1 0 1061
1 1 1 0 1060
1 1 1 0 1059
1 1 1 0 1058
1 1 1 0 1057
1 1 1 0 1056
1 1 1 0 1055
1 1 1 0 1054
1 1 1 0 1053
1 1 1 0 1052
1 1 1 0 1051
1 1 1 0 1050
1 1 1 0 1049
1 1 1 0 1048
1 1 1 0 1047
1 1 1 0 1046
1 1 1 0 1045
1 1 1 0 1044
1 1 1 0 1043
1 1 1 0 1042
1 1 1 0 1041
1 1 1 0 1040
1 1 1 0 1039
1 1 1 0 1038
1 1 1 0 1037
1 1 1 0 1036
1 1 1 0 1035
1 1 1 0 1034
1 1 1 0 1033
1 1 1 0 1032
1 1 1 0 1031
1 1 1 0 1030
1 1 1 0 1029
1 1 1 0 1028
1 1 1 0 1027
1 1 1 0 1026
1 1 1 0 1025
1 1 1 0 1024
1 1 1 0 1023
1 1 1 0 1022
1 1 1 0 1021
1 1 1 0 1020
1 1 1 0 1019
1 1 1 0 1018
1 1 1 0 1017
1 1 1 0 1016
1 1 1 0 1015
1 1 1 0 1014
1 1 1 0 1013
1 1 1 0 1012
1 1 1 0 1011
1 1 1 0 1010
1 1 1 0 1009
1 1 1 0 1008
1 1 1 0 1007
1 1 1 0 1006
1 1 1 0 1005
1 1 1 0 1004
1 1 1 0 1003
1 1 1 0 1002
1 1 1 0 1001
1 1 1 0 1000
1 1 1 0 999
1 1 1 0 998
1 1 1 0 997
1 1 1 0 996
1 1 1 0 995
1 1 1 0 994
1 1 1 0 993
1 1 1 0 992
1 1 1 0 991
1 1 1 0 990
1 1 1 0 989
1 1 1 0 988
1 1 1 0 987
1 1 1 0 986
1 1 1 0 985
1 1 1 0 984
1 1 1 0 983
1 1 1 0 982
1 1 1 0 981
1 1 1 0 980
1 1 1 0 979
1 1 1 0 978
1 1 1 0 977
1 1 1 0 976
1 1 1 0 975
1 1 1 0 974
1 1 1 0 973
1 1 1 0 972
1 1 1 0 971
1 1 1 0 970
1 1 1 0 969
1 1 1 0 968
1 1 1 0 967
1 1 1 0 966
1 1 1 0 965
1 1 1 0 964
1 1 1 0 963
1 1 1 0 962
1 1 1 0 961
1 1 1 0 960
1 1 1 0 959
1 1 1 0 958
1 1 1 0 957
1 1 1 0 956
1 1 1 0 955
1 1 1 0 954
1 1 1 0 953
1 1 1 0 952
1 1 1 0 951
1 1 1 0 950
1 1 1 0 949
1 1 1 0 948
1 1 1 0 947
1 1 1 0 946
1 1 1 0 945
1 1 1 0 944
1 1 1 0 943
1 1 1 0 942
1 1 1 0 941
1 1 1 0 940
1 1 1 0 939
1 1 1 0 938
1 1 1 0 937
1 1 1 0 936
1 1 1 0 935
1 1 1 0 934
1 1 1 0 933
1 1 1 0 932
1 1 1 0 931
1 1 1 0 930
1 1 1 0 929
1 1 1 0 928
1 1 1 0 927
1 1 1 0 926
1 1 1 0 925
1 1 1 0 924
1 1 1 0 923
1 1 1 0 922
1 1 1 0 921
1 1 1 0 920
1 1 1 0 919
1 1 1 0 918
1 1 1 0 917
1 1 1 0 916
1 1 1 0 915
1 1 1 0 914
1 1 1 0 913
1 1 1 0 912
1 1 1 0 911
1 1 1 0 910
1 1 1 0 909
1 1 1 0 908
1 1 1 0 907
1 1 1 0 906
1 1 1 0 905
1 1 1 0 904
1 1 1 0 903
1 1 1 0 902
1 1 1 0 901
1 1 1 0 900
1 1 1 0 899
1 1 1 0 898
1 1 1 0 897
1 1 1 0 896
1 1 1 0 895
1 1 1 0 894
1 1 1 0 893
1 1 1 0 892
1 1 1 0 891
1 1 1 0 890
1 1 1 0 889
1 1 1 0 888
1 1 1 0 887
1 1 1 0 886
1 1 1 0 885
1 1 1 0 884
1 1 1 0 883
1 1 1 0 882
1 1 1 0 881
1 1 1 0 880
1 1 1 0 879
1 1 1 0 878
1 1 1 0 877
1 1 1 0 876
1 1 1 0 875
1 1 1 0 874
1 1 1 0 873
1 1 1 0 872
1 1 1 0 871
1 1 1 0 870
1 1 1 0 869
1 1 1 0 868
1 1 1 0 867
1 1 1 0 866
1 1 1 0 865
1 1 1 0 864
1 1 1 0 863
1 1 1 0 862
1 1 1 0 861
1 1 1 0 860
1 1 1 0 859
1 1 1 0 858
1 1 1 0 857
1 1 1 0 856
1 1 1 0 855
1 1 1 0 854
1 1 1 0 853
1 1 1 0 852
1 1 1 0 851
1 1 1 0 850
1 1 1 0 849
1 1 1 0 848
1 1 1 0 847
1 1 1 0 846
1 1 1 0 845
1 1 1 0 844
1 1 1 0 843
1 1 1 0 842
1 1 1 0 841
1 1 1 0 840
1 1 1 0 839
1 1 1 0 838
1 1 1 0 837
1 1 1 0 836
1 1 1 0 835
1 1 1 0 834
1 1 1 0 833
1 1 1 0 832
1 1 1 0 831
1 1 1 0 830
1 1 1 0 829
1 1 1 0 828
1 1 1 0 827
1 1 1 0 826
1 1 1 0 825
1 1 1 0 824
1 1 1 0 823
1 1 1 0 822
1 1 1 0 821
1 1 1 0 820
1 1 1 0 819
1 1 1 0 818
1 1 1 0 817
1 1 1 0 816
1 1 1 0 815
1 1 1 0 814
1 1 1 0 813
1 1 1 0 812
1 1 1 0 811
1 1 1 0 810
1 1 1 0 809
1 1 1 0 808
1 1 1 0 807
1 1 1 0 806
1 1 1 0 805
1 1 1 0 804
1 1 1 0 803
1 1 1 0 802
1 1 1 0 801
1 1 1 0 800
1 1 1 0 799
1 1 1 0 798
1 1 1 0 797
1 1 1 0 796
1 1 1 0 795
1 1 1 0 794
1 1 1 0 793
1 1 1 0 792
1 1 1 0 791
1 1 1 0 790
1 1 1 0 789
1 1 1 0 788
1 1 1 0 787
1 1 1 0 786
1 1 1 0 785
1 1 1 0 784
1 1 1 0 783
1 1 1 0 782
1 1 1 0 781
1 1 1 0 780
1 1 1 0 779
1 1 1 0 778
1 1 1 0 777
1 1 1 0 776
1 1 1 0 775
1 1 1 0 774
1 1 1 0 773
1 1 1 0 772
1 1 1 0 771
1 1 1 0 770
1 1 1 0 769
1 1 1 0 768
1 1 1 0 767
1 1 1 0 766
1 1 1 0 765
1 1 1 0 764
1 1 1 0 763
1 1 1 0 762
1 1 1 0 761
1 1 1 0 760
1 1 1 0 759
1 1 1 0 758
1 1 1 0 757
1 1 1 0 756
1 1 1 0 755
1 1 1 0 754
1 1 1 0 753
1 1 1 0 752
1 1 1 0 751
1 1 1 0 750
1 1 1 0 749
1 1 1 0 748
1 1 1 0 747
1 1 1 0 746
1 1 1 0 745
1 1 1 0 744
1 1 1 0 743
1 1 1 0 742
1 1 1 0 741
1 1 1 0 740
1 1 1 0 739
1 1 1 0 738
1 1 1 0 737
1 1 1 0 736
1 1 1 0 735
1 1 1 0 734
1 1 1 0 733
1 1 1 0 732
1 1 1 0 731
1 1 1 0 730
1 1 1 0 729
1 1 1 0 728
1 1 1 0 727
1 1 1 0 726
1 1 1 0 725
1 1 1 0 724
1 1 1 0 723
1 1 1 0 722
1 1 1 0 721
1 1 1 0 720
1 1 1 0 719
1 1 1 0 718
1 1 1 0 717
1 1 1 0 716
1 1 1 0 715
1 1 1 0 714
1 1 1 0 713
1 1 1 0 712
1 1 1 0 711
1 1 1 0 710
1 1 1 0 709
1 1 1 0 708
1 1 1 0 707
1 1 1 0 706
1 1 1 0 705
1 1 1 0 704
1 1 1 0 703
1 1 1 0 702
1 1 1 0 701
1 1 1 0 700
1 1 1 0 699
1 1 1 0 698
1 1 1 0 697
1 1 1 0 696
1 1 1 0 695
1 1 1 0 694
1 1 1 0 693
1 1 1 0 692
1 1 1 0 691
1 1 1 0 690
1 1 1 0 689
1 1 1 0 688
1 1 1 0 687
1 1 1 0 686
1 1 1 0 685
1 1 1 0 684
1 1 1 0 683
1 1 1 0 682
1 1 1 0 681
1 1 1 0 680
1 1 1 0 679
1 1 1 0 678
1 1 1 0 677
1 1 1 0 676
1 1 1 0 675
1 1 1 0 674
1 1 1 0 673
1 1 1 0 672
1 1 1 0 671
1 1 1 0 670
1 1 1 0 669
1 1 1 0 668
1 1 1 0 667
1 1 1 0 666
1 1 1 0 665
1 1 1 0 664
1 1 1 0 663
1 1 1 0 662
1 1 1 0 661
1 1 1 0 660
1 1 1 0 659
1 1 1 0 658
1 1 1 0 657
1 1 1 0 656
1 1 1 0 655
1 1 1 0 654
1 1 1 0 653
1 1 1 0 652
1 1 1 0 651
1 1 1 0 650
1 1 1 0 649
1 1 1 0 648
1 1 1 0 647
1 1 1 0 646
1 1 1 0 645
1 1 1 0 644
1 1 1 0 643
1 1 1 0 642
1 1 1 0 641
1 1 1 0 640
1 1 1 0 639
1 1 1 0 638
1 1 1 0 637
1 1 1 0 636
1 1 1 0 635
1 1 1 0 634
1 1 1 0 633
1 1 1 0 632
1 1 1 0 631
1 1 1 0 630
1 1 1 0 629
1 1 1 0 628
1 1 1 0 627
1 1 1 0 626
1 1 1 0 625
1 1 1 0 624
1 1 1 0 623
1 1 1 0 622
1 1 1 0 621
1 1 1 0 620
1 1 1 0 619
1 1 1 0 618
1 1 1 0 617
1 1 1 0 616
1 1 1 0 615
1 1 1 0 614
1 1 1 0 613
1 1 1 0 612
1 1 1 0 611
1 1 1 0 610
1 1 1 0 609
1 1 1 0 608
1 1 1 0 607
1 1 1 0 606
1 1 1 0 605
1 1 1 0 604
1 1 1 0 603
1 1 1 0 602
1 1 1 0 601
1 1 1 0 600
1 1 1 0 599
1 1 1 0 598
1 1 1 0 597
1 1 1 0 596
1 1 1 0 595
1 1 1 0 594
1 1 1 0 593
1 1 1 0 592
1 1 1 0 591
1 1 1 0 590
1 1 1 0 589
1 1 1 0 588
1 1 1 0 587
1 1 1 0 586
1 1 1 0 585
1 1 1 0 584
1 1 1 0 583
1 1 1 0 582
1 1 1 0 581
1 1 1 0 580
1 1 1 0 579
1 1 1 0 578
1 1 1 0 577
1 1 1 0 576
1 1 1 0 575
1 1 1 0 574
1 1 1 0 573
1 1 1 0 572
1 1 1 0 571
1 1 1 0 570
1 1 1 0 569
1 1 1 0 568
1 1 1 0 567
1 1 1 0 566
1 1 1 0 565
1 1 1 0 564
1 1 1 0 563
1 1 1 0 562
1 1 1 0 561
1 1 1 0 560
1 1 1 0 559
1 1 1 0 558
1 1 1 0 557
1 1 1 0 556
1 1 1 0 555
1 1 1 0 554
1 1 1 0 553
1 1 1 0 552
1 1 1 0 551
1 1 1 0 550
1 1 1 0 549
1 1 1 0 548
1 1 1 0 547
1 1 1 0 546
1 1 1 0 545
1 1 1 0 544
1 1 1 0 543
1 1 1 0 542
1 1 1 0 541
1 1 1 0 540
1 1 1 0 539
1 1 1 0 538
1 1 1 0 537
1 1 1 0 536
1 1 1 0 535
1 1 1 0 534
1 1 1 0 533
1 1 1 0 532
1 1 1 0 531
1 1 1 0 530
1 1 1 0 529
1 1 1 0 528
1 1 1 0 527
1 1 1 0 526
1 1 1 0 525
1 1 1 0 524
1 1 1 0 523
1 1 1 0 522
1 1 1 0 521
1 1 1 0 520
1 1 1 0 519
1 1 1 0 518
1 1 1 0 517
1 1 1 0 516
1 1 1 0 515
1 1 1 0 514
1 1 1 0 513
1 1 1 0 512
1 1 1 0 511
1 1 1 0 510
1 1 1 0 509
1 1 1 0 508
1 1 1 0 507
1 1 1 0 506
1 1 1 0 505
1 1 1 0 504
1 1 1 0 503
1 1 1 0 502
1 1 1 0 501
1 1 1 0 500
1 1 1 0 499
1 1 1 0 498
1 1 1 0 497
1 1 1 0 496
1 1 1 0 495
1 1 1 0 494
1 1 1 0 493
1 1 1 0 492
1 1 1 0 491
1 1 1 0 490
1 1 1 0 489
1 1 1 0 488
1 1 1 0 487
1 1 1 0 486
1 1 1 0 485
1 1 1 0 484
1 1 1 0 483
1 1 1 0 482
1 1 1 0 481
1 1 1 0 480
1 1 1 0 479
1 1 1 0 478
1 1 1 0 477
1 1 1 0 476
1 1 1 0 475
1 1 1 0 474
1 1 1 0 473
1 1 1 0 472
1 1 1 0 471
1 1 1 0 470
1 1 1 0 469
1 1 1 0 468
1 1 1 0 467
1 1 1 0 466
1 1 1 0 465
1 1 1 0 464
1 1 1 0 463
1 1 1 0 462
1 1 1 0 461
1 1 1 0 460
1 1 1 0 459
1 1 1 0 458
1 1 1 0 457
1 1 1 0 456
1 1 1 0 455
1 1 1 0 454
1 1 1 0 453
1 1 1 0 452
1 1 1 0 451
1 1 1 0 450
1 1 1 0 449
1 1 1 0 448
1 1 1 0 447
1 1 1 0 446
1 1 1 0 445
1 1 1 0 444
1 1 1 0 443
1 1 1 0 442
1 1 1 0 441
1 1 1 0 440
1 1 1 0 439
1 1 1 0 438
1 1 1 0 437
1 1 1 0 436
1 1 1 0 435
1 1 1 0 434
1 1 1 0 433
1 1 1 0 432
1 1 1 0 431
1 1 1 0 430
1 1 1 0 429
1 1 1 0 428
1 1 1 0 427
1 1 1 0 426
1 1 1 0 425
1 1 1 0 424
1 1 1 0 423
1 1 1 0 422
1 1 1 0 421
1 1 1 0 420
1 1 1 0 419
1 1 1 0 418
1 1 1 0 417
1 1 1 0 416
1 1 1 0 415
1 1 1 0 414
1 1 1 0 413
1 1 1 0 412
1 1 1 0 411
1 1 1 0 410
1 1 1 0 409
1 1 1 0 408
1 1 1 0 407
1 1 1 0 406
1 1 1 0 405
1 1 1 0 404
1 1 1 0 403
1 1 1 0 402
1 1 1 0 401
1 1 1 0 400
1 1 1 0 399
1 1 1 0 398
1 1 1 0 397
1 1 1 0 396
1 1 1 0 395
1 1 1 0 394
1 1 1 0 393
1 1 1 0 392
1 1 1 0 391
1 1 1 0 390
1 1 1 0 389
1 1 1 0 388
1 1 1 0 387
1 1 1 0 386
1 1 1 0 385
1 1 1 0 384
1 1 1 0 383
1 1 1 0 382
1 1 1 0 381
1 1 1 0 380
1 1 1 0 379
1 1 1 0 378
1 1 1 0 377
1 1 1 0 376
1 1 1 0 375
1 1 1 0 374
1 1 1 0 373
1 1 1 0 372
1 1 1 0 371
1 1 1 0 370
1 1 1 0 369
1 1 1 0 368
1 1 1 0 367
1 1 1 0 366
1 1 1 0 365
1 1 1 0 364
1 1 1 0 363
1 1 1 0 362
1 1 1 0 361
1 1 1 0 360
1 1 1 0 359
1 1 1 0 358
1 1 1 0 357
1 1 1 0 356
1 1 1 0 355
1 1 1 0 354
1 1 1 0 353
1 1 1 0 352
1 1 1 0 351
1 1 1 0 350
1 1 1 0 349
1 1 1 0 348
1 1 1 0 347
1 1 1 0 346
1 1 1 0 345
1 1 1 0 344
1 1 1 0 343
1 1 1 0 342
1 1 1 0 341
1 1 1 0 340
1 1 1 0 339
1 1 1 0 338
1 1 1 0 337
1 1 1 0 336
1 1 1 0 335
1 1 1 0 334
1 1 1 0 333
1 1 1 0 332
1 1 1 0 331
1 1 1 0 330
1 1 1 0 329
1 1 1 0 328
1 1 1 0 327
1 1 1 0 326
1 1 1 0 325
1 1 1 0 324
1 1 1 0 323
1 1 1 0 322
1 1 1 0 321
1 1 1 0 320
1 1 1 0 319
1 1 1 0 318
1 1 1 0 317
1 1 1 0 316
1 1 1 0 315
1 1 1 0 314
1 1 1 0 313
1 1 1 0 312
1 1 1 0 311
1 1 1 0 310
1 1 1 0 309
1 1 1 0 308
1 1 1 0 307
1 1 1 0 306
1 1 1 0 305
1 1 1 0 304
1 1 1 0 303
1 1 1 0 302
1 1 1 0 301
1 1 1 0 300
1 1 1 0 299
1 1 1 0 298
1 1 1 0 297
1 1 1 0 296
1 1 1 0 295
1 1 1 0 294
1 1 1 0 293
1 1 1 0 292
1 1 1 0 291
1 1 1 0 290
1 1 1 0 289
1 1 1 0 288
1 1 1 0 287
1 1 1 0 286
1 1 1 0 285
1 1 1 0 284
1 1 1 0 283
1 1 1 0 282
1 1 1 0 281
1 1 1 0 280
1 1 1 0 279
1 1 1 0 278
1 1 1 0 277
1 1 1 0 276
1 1 1 0 275
1 1 1 0 274
1 1 1 0 273
1 1 1 0 272
1 1 1 0 271
1 1 1 0 270
1 1 1 0 269
1 1 1 0 268
1 1 1 0 267
1 1 1 0 266
1 1 1 0 265
1 1 1 0 264
1 1 1 0 263
1 1 1 0 262
1 1 1 0 261
1 1 1 0 260
1 1 1 0 259
1 1 1 0 258
1 1 1 0 257
1 1 1 0 256
1 1 1 0 255
1 1 1 0 254
1 1 1 0 253
1 1 1 0 252
1 1 1 0 251
1 1 1 0 250
1 1 1 0 249
1 1 1 0 248
1 1 1 0 247
1 1 1 0 246
1 1 1 0 245
1 1 1 0 244
1 1 1 0 243
1 1 1 0 242
1 1 1 0 241
1 1 1 0 240
1 1 1 0 239
1 1 1 0 238
1 1 1 0 237
1 1 1 0 236
1 1 1 0 235
1 1 1 0 234
1 1 1 0 233
1 1 1 0 232
1 1 1 0 231
1 1 1 0 230
1 1 1 0 229
1 1 1 0 228
1 1 1 0 227
1 1 1 0 226
1 1 1 0 225
1 1 1 0 224
1 1 1 0 223
1 1 1 0 222
1 1 1 0 221
1 1 1 0 220
1 1 1 0 219
1 1 1 0 218
1 1 1 0 217
1 1 1 0 216
1 1 1 0 215
1 1 1 0 214
1 1 1 0 213
1 1 1 0 212
1 1 1 0 211
1 1 1 0 210
1 1 1 0 209
1 1 1 0 208
1 1 1 0 207
1 1 1 0 206
1 1 1 0 205
1 1 1 0 204
1 1 1 0 203
1 1 1 0 202
1 1 1 0 201
1 1 1 0 200
1 1 1 0 199
1 1 1 0 198
1 1 1 0 197
1 1 1 0 196
1 1 1 0 195
1 1 1 0 194
1 1 1 0 193
1 1 1 0 192
1 1 1 0 191
1 1 1 0 190
1 1 1 0 189
1 1 1 0 188
1 1 1 0 187
1 1 1 0 186
1 1 1 0 185
1 1 1 0 184
1 1 1 0 183
1 1 1 0 182
1 1 1 0 181
1 1 1 0 180
1 1 1 0 179
1 1 1 0 178
1 1 1 0 177
1 1 1 0 176
1 1 1 0 175
1 1 1 0 174
1 1 1 0 173
1 1 1 0 172
1 1 1 0 171
1 1 1 0 170
1 1 1 0 169
1 1 1 0 168
1 1 1 0 167
1 1 1 0 166
1 1 1 0 165
1 1 1 0 164
1 1 1 0 163
1 1 1 0 162
1 1 1 0 161
1 1 1 0 160
1 1 1 0 159
1 1 1 0 158
1 1 1 0 157
1 1 1 0 156
1 1 1 0 155
1 1 1 0 154
1 1 1 0 153
1 1 1 0 152
1 1 1 0 151
1 1 1 0 150
1 1 1 0 149
1 1 1 0 148
1 1 1 0 147
1 1 1 0 146
1 1 1 0 145
1 1 1 0 144
1 1 1 0 143
1 1 1 0 142
1 1 1 0 141
1 1 1 0 140
1 1 1 0 139
1 1 1 0 138
1 1 1 0 137
1 1 1 0 136
1 1 1 0 135
1 1 1 0 134
1 1 1 0 133
1 1 1 0 132
1 1 1 0 131
1 1 1 0 130
1 1 1 0 129
1 1 1 0 128
1 1 1 0 127
1 1 1 0 126
1 1 1 0 125
1 1 1 0 124
1 1 1 0 123
1 1 1 0 122
1 1 1 0 121
1 1 1 0 120
1 1 1 0 119
1 1 1 0 118
1 1 1 0 117
1 1 1 0 116
1 1 1 0 115
1 1 1 0 114
1 1 1 0 113
1 1 1 0 112
1 1 1 0 111
1 1 1 0 110
1 1 1 0 109
1 1 1 0 108
1 1 1 0 107
1 1 1 0 106
1 1 1 0 105
1 1 1 0 104
1 1 1 0 103
1 1 1 0 102
1 1 1 0 101
1 1 1 0 100
1 1 1 0 99
1 1 1 0 98
1 1 1 0 97
1 1 1 0 96
1 1 1 0 95
1 1 1 0 94
1 1 1 0 93
1 1 1 0 92
1 1 1 0 91
1 1 1 0 90
1 1 1 0 89
1 1 1 0 88
1 1 1 0 87
1 1 1 0 86
1 1 1 0 85
1 1 1 0 84
1 1 1 0 83
1 1 1 0 82
1 1 1 0 81
1 1 1 0 80
1 1 1 0 79
1 1 1 0 78
1 1 1 0 77
1 1 1 0 76
1 1 1 0 75
1 1 1 0 74
1 1 1 0 73
1 1 1 0 72
1 1 1 0 71
1 1 1 0 70
1 1 1 0 69
1 1 1 0 68
1 1 1 0 67
1 1 1 0 66
1 1 1 0 65
1 1 1 0 64
1 1 1 0 63
1 1 1 0 62
1 1 1 0 61
1 1 1 0 60
1 1 1 0 59
1 1 1 0 58
1 1 1 0 57
1 1 1 0 56
1 1 1 0 55
1 1 1 0 54
1 1 1 0 53
1 1 1 0 52
1 1 1 0 51
1 1 1 0 50
1 1 1 0 49
1 1 1 0 48
1 1 1 0 47
1 1 1 0 46
1 1 1 0 45
1 1 1 0 44
1 1 1 0 43
1 1 1 0 42
1 1 1 0 41
1 1 1 0 40
1 1 1 0 39
1 1 1 0 38
1 1 1 0 37
1 1 1 0 36
1 1 1 0 35
1 1 1 0 34
1 1 1 0 33
1 1 1 0 32
1 1 1 0 31
1 1 1 0 30
1 1 1 0 29
1 1 1 0 28
1 1 1 0 27
1 1 1 0 26
1 1 1 0 25
1 1 1 0 24
1 1 1 0 23
1 1 1 0 22
1 1 1 0 21
1 1 1 0 20
1 1 1 0 19
1 1 1 0 18
1 1 1 0 17
1 1 1 0 16
1 1 1 0 15
1 1 1 0 14
1 1 1 0 13
1 1 1 0 12
1 1 1 0 11
1 1 1 0 10
1 1 1 0 9
1 1 1 0 8
1 1 1 0 7
1 1 1 0 6
1 1 1 0 5
1 1 1 0 4
1 1 1 0 3
1 1 1 0 2
1 1 1 0 1
