1 1 1 1350 0
1 1 1 1349 1
1 1 1 1348 2
1 1 1 1347 3
1 1 1 1346 4
1 1 1 1345 5
1 1 1 1344 6
1 1 1 1343 7
1 1 1 1342 8
1 1 1 1341 9
1 1 1 1340 10
1 1 1 1339 11
1 1 1 1338 12
1 1 1 1337 13
1 1 1 1336 14
1 1 1 1335 15
1 1 1 1334 16
1 1 1 1333 17
1 1 1 1332 18
1 1 1 1331 19
1 1 1 1330 20
1 1 1 1329 21
1 1 1 1328 22
1 1 1 1327 23
1 1 1 1326 24
1 1 1 1325 25
1 1 1 1324 26
1 1 1 1323 27
1 1 1 1322 28
1 1 1 1321 29
1 1 1 1320 30
1 1 1 1319 31
1 1 1 1318 32
1 1 1 1317 33
1 1 1 1316 34
1 1 1 1315 35
1 1 1 1314 36
1 1 1 1313 37
1 1 1 1312 38
1 1 1 1311 39
1 1 1 1310 40
1 1 1 1309 41
1 1 1 1308 42
1 1 1 1307 43
1 1 1 1306 44
1 1 1 1305 45
1 1 1 1304 46
1 1 1 1303 47
1 1 1 1302 48
1 1 1 1301 49
1 1 1 1300 50
1 1 1 1299 51
1 1 1 1298 52
1 1 1 1297 53
1 1 1 1296 54
1 1 1 1295 55
1 1 1 1294 56
1 1 1 1293 57
1 1 1 1292 58
1 1 1 1291 59
1 1 1 1290 60
1 1 1 1289 61
1 1 1 1288 62
1 1 1 1287 63
1 1 1 1286 64
1 1 1 1285 65
1 1 1 1284 66
1 1 1 1283 67
1 1 1 1282 68
1 1 1 1281 69
1 1 1 1280 70
1 1 1 1279 71
1 1 1 1278 72
1 1 1 1277 73
1 1 1 1276 74
1 1 1 1275 75
1 1 1 1274 76
1 1 1 1273 77
1 1 1 1272 78
1 1 1 1271 79
1 1 1 1270 80
1 1 1 1269 81
1 1 1 1268 82
1 1 1 1267 83
1 1 1 1266 84
1 1 1 1265 85
1 1 1 1264 86
1 1 1 1263 87
1 1 1 1262 88
1 1 1 1261 89
1 1 1 1260 90
1 1 1 1259 91
1 1 1 1258 92
1 1 1 1257 93
1 1 1 1256 94
1 1 1 1255 95
1 1 1 1254 96
1 1 1 1253 97
1 1 1 1252 98
1 1 1 1251 99
1 1 1 1250 100
1 1 1 1249 101
1 1 1 1248 102
1 1 1 1247 103
1 1 1 1246 104
1 1 1 1245 105
1 1 1 1244 106
1 1 1 1243 107
1 1 1 1242 108
1 1 1 1241 109
1 1 1 1240 110
1 1 1 1239 111
1 1 1 1238 112
1 1 1 1237 113
1 1 1 1236 114
1 1 1 1235 115
1 1 1 1234 116
1 1 1 1233 117
1 1 1 1232 118
1 1 1 1231 119
1 1 1 1230 120
1 1 1 1229 121
1 1 1 1228 122
1 1 1 1227 123
1 1 1 1226 124
1 1 1 1225 125
1 1 1 1224 126
1 1 1 1223 127
1 1 1 1222 128
1 1 1 1221 129
1 1 1 1220 130
1 1 1 1219 131
1 1 1 1218 132
1 1 1 1217 133
1 1 1 1216 134
1 1 1 1215 135
1 1 1 1214 136
1 1 1 1213 137
1 1 1 1212 138
1 1 1 1211 139
1 1 1 1210 140
1 1 1 1209 141
1 1 1 1208 142
1 1 1 1207 143
1 1 1 1206 144
1 1 1 1205 145
1 1 1 1204 146
1 1 1 1203 147
1 1 1 1202 148
1 1 1 1201 149
1 1 1 1200 150
1 1 1 1199 151
1 1 1 1198 152
1 1 1 1197 153
1 1 1 1196 154
1 1 1 1195 155
1 1 1 1194 156
1 1 1 1193 157
1 1 1 1192 158
1 1 1 1191 159
1 1 1 1190 160
1 1 1 1189 161
1 1 1 1188 162
1 1 1 1187 163
1 1 1 1186 164
1 1 1 1185 165
1 1 1 1184 166
1 1 1 1183 167
1 1 1 1182 168
1 1 1 1181 169
1 1 1 1180 170
1 1 1 1179 171
1 1 1 1178 172
1 1 1 1177 173
1 1 1 1176 174
1 1 1 1175 175
1 1 1 1174 176
1 1 1 1173 177
1 1 1 1172 178
1 1 1 1171 179
1 1 1 1170 180
1 1 1 1169 181
1 1 1 1168 182
1 1 1 1167 183
1 1 1 1166 184
1 1 1 1165 185
1 1 1 1164 186
1 1 1 1163 187
1 1 1 1162 188
1 1 1 1161 189
1 1 1 1160 190
1 1 1 1159 191
1 1 1 1158 192
1 1 1 1157 193
1 1 1 1156 194
1 1 1 1155 195
1 1 1 1154 196
1 1 1 1153 197
1 1 1 1152 198
1 1 1 1151 199
1 1 1 1150 200
1 1 1 1149 201
1 1 1 1148 202
1 1 1 1147 203
1 1 1 1146 204
1 1 1 1145 205
1 1 1 1144 206
1 1 1 1143 207
1 1 1 1142 208
1 1 1 1141 209
1 1 1 1140 210
1 1 1 1139 211
1 1 1 1138 212
1 1 1 1137 213
1 1 1 1136 214
1 1 1 1135 215
1 1 1 1134 216
1 1 1 1133 217
1 1 1 1132 218
1 1 1 1131 219
1 1 1 1130 220
1 1 1 1129 221
1 1 1 1128 222
1 1 1 1127 223
1 1 1 1126 224
1 1 1 1125 225
1 1 1 1124 226
1 1 1 1123 227
1 1 1 1122 228
1 1 1 1121 229
1 1 1 1120 230
1 1 1 1119 231
1 1 1 1118 232
1 1 1 1117 233
1 1 1 1116 234
1 1 1 1115 235
1 1 1 1114 236
1 1 1 1113 237
1 1 1 1112 238
1 1 1 1111 239
1 1 1 1110 240
1 1 1 1109 241
1 1 1 1108 242
1 1 1 1107 243
1 1 1 1106 244
1 1 1 1105 245
1 1 1 1104 246
1 1 1 1103 247
1 1 1 1102 248
1 1 1 1101 249
1 1 1 1100 250
1 1 1 1099 251
1 1 1 1098 252
1 1 1 1097 253
1 1 1 1096 254
1 1 1 1095 255
1 1 1 1094 256
1 1 1 1093 257
1 1 1 1092 258
1 1 1 1091 259
1 1 1 1090 260
1 1 1 1089 261
1 1 1 1088 262
1 1 1 1087 263
1 1 1 1086 264
1 1 1 1085 265
1 1 1 1084 266
1 1 1 1083 267
1 1 1 1082 268
1 1 1 1081 269
1 1 1 1080 270
1 1 1 1079 271
1 1 1 1078 272
1 1 1 1077 273
1 1 1 1076 274
1 1 1 1075 275
1 1 1 1074 276
1 1 1 1073 277
1 1 1 1072 278
1 1 1 1071 279
1 1 1 1070 280
1 1 1 1069 281
1 1 1 1068 282
1 1 1 1067 283
1 1 1 1066 284
1 1 1 1065 285
1 1 1 1064 286
1 1 1 1063 287
1 1 1 1062 288
1 1 1 1061 289
1 1 1 1060 290
1 1 1 1059 291
1 1 1 1058 292
1 1 1 1057 293
1 1 1 1056 294
1 1 1 1055 295
1 1 1 1054 296
1 1 1 1053 297
1 1 1 1052 298
1 1 1 1051 299
1 1 1 1050 300
1 1 1 1049 301
1 1 1 1048 302
1 1 1 1047 303
1 1 1 1046 304
1 1 1 1045 305
1 1 1 1044 306
1 1 1 1043 307
1 1 1 1042 308
1 1 1 1041 309
1 1 1 1040 310
1 1 1 1039 311
1 1 1 1038 312
1 1 1 1037 313
1 1 1 1036 314
1 1 1 1035 315
1 1 1 1034 316
1 1 1 1033 317
1 1 1 1032 318
1 1 1 1031 319
1 1 1 1030 320
1 1 1 1029 321
1 1 1 1028 322
1 1 1 1027 323
1 1 1 1026 324
1 1 1 1025 325
1 1 1 1024 326
1 1 1 1023 327
1 1 1 1022 328
1 1 1 1021 329
1 1 1 1020 330
1 1 1 1019 331
1 1 1 1018 332
1 1 1 1017 333
1 1 1 1016 334
1 1 1 1015 335
1 1 1 1014 336
1 1 1 1013 337
1 1 1 1012 338
1 1 1 1011 339
1 1 1 1010 340
1 1 1 1009 341
1 1 1 1008 342
1 1 1 1007 343
1 1 1 1006 344
1 1 1 1005 345
1 1 1 1004 346
1 1 1 1003 347
1 1 1 1002 348
1 1 1 1001 349
1 1 1 1000 350
1 1 1 999 351
1 1 1 998 352
1 1 1 997 353
1 1 1 996 354
1 1 1 995 355
1 1 1 994 356
1 1 1 993 357
1 1 1 992 358
1 1 1 991 359
1 1 1 990 360
1 1 1 989 361
1 1 1 988 362
1 1 1 987 363
1 1 1 986 364
1 1 1 985 365
1 1 1 984 366
1 1 1 983 367
1 1 1 982 368
1 1 1 981 369
1 1 1 980 370
1 1 1 979 371
1 1 1 978 372
1 1 1 977 373
1 1 1 976 374
1 1 1 975 375
1 1 1 974 376
1 1 1 973 377
1 1 1 972 378
1 1 1 971 379
1 1 1 970 380
1 1 1 969 381
1 1 1 968 382
1 1 1 967 383
1 1 1 966 384
1 1 1 965 385
1 1 1 964 386
1 1 1 963 387
1 1 1 962 388
1 1 1 961 389
1 1 1 960 390
1 1 1 959 391
1 1 1 958 392
1 1 1 957 393
1 1 1 956 394
1 1 1 955 395
1 1 1 954 396
1 1 1 953 397
1 1 1 952 398
1 1 1 951 399
1 1 1 950 400
1 1 1 949 401
1 1 1 948 402
1 1 1 947 403
1 1 1 946 404
1 1 1 945 405
1 1 1 944 406
1 1 1 943 407
1 1 1 942 408
1 1 1 941 409
1 1 1 940 410
1 1 1 939 411
1 1 1 938 412
1 1 1 937 413
1 1 1 936 414
1 1 1 935 415
1 1 1 934 416
1 1 1 933 417
1 1 1 932 418
1 1 1 931 419
1 1 1 930 420
1 1 1 929 421
1 1 1 928 422
1 1 1 927 423
1 1 1 926 424
1 1 1 925 425
1 1 1 924 426
1 1 1 923 427
1 1 1 922 428
1 1 1 921 429
1 1 1 920 430
1 1 1 919 431
1 1 1 918 432
1 1 1 917 433
1 1 1 916 434
1 1 1 915 435
1 1 1 914 436
1 1 1 913 437
1 1 1 912 438
1 1 1 911 439
1 1 1 910 440
1 1 1 909 441
1 1 1 908 442
1 1 1 907 443
1 1 1 906 444
1 1 1 905 445
1 1 1 904 446
1 1 1 903 447
1 1 1 902 448
1 1 1 901 449
1 1 1 900 450
1 1 1 899 451
1 1 1 898 452
1 1 1 897 453
1 1 1 896 454
1 1 1 895 455
1 1 1 894 456
1 1 1 893 457
1 1 1 892 458
1 1 1 891 459
1 1 1 890 460
1 1 1 889 461
1 1 1 888 462
1 1 1 887 463
1 1 1 886 464
1 1 1 885 465
1 1 1 884 466
1 1 1 883 467
1 1 1 882 468
1 1 1 881 469
1 1 1 880 470
1 1 1 879 471
1 1 1 878 472
1 1 1 877 473
1 1 1 876 474
1 1 1 875 475
1 1 1 874 476
1 1 1 873 477
1 1 1 872 478
1 1 1 871 479
1 1 1 870 480
1 1 1 869 481
1 1 1 868 482
1 1 1 867 483
1 1 1 866 484
1 1 1 865 485
1 1 1 864 486
1 1 1 863 487
1 1 1 862 488
1 1 1 861 489
1 1 1 860 490
1 1 1 859 491
1 1 1 858 492
1 1 1 857 493
1 1 1 856 494
1 1 1 855 495
1 1 1 854 496
1 1 1 853 497
1 1 1 852 498
1 1 1 851 499
1 1 1 850 500
1 1 1 849 501
1 1 1 848 502
1 1 1 847 503
1 1 1 846 504
1 1 1 845 505
1 1 1 844 506
1 1 1 843 507
1 1 1 842 508
1 1 1 841 509
1 1 1 840 510
1 1 1 839 511
1 1 1 838 512
1 1 1 837 513
1 1 1 836 514
1 1 1 835 515
1 1 1 834 516
1 1 1 833 517
1 1 1 832 518
1 1 1 831 519
1 1 1 830 520
1 1 1 829 521
1 1 1 828 522
1 1 1 827 523
1 1 1 826 524
1 1 1 825 525
1 1 1 824 526
1 1 1 823 527
1 1 1 822 528
1 1 1 821 529
1 1 1 820 530
1 1 1 819 531
1 1 1 818 532
1 1 1 817 533
1 1 1 816 534
1 1 1 815 535
1 1 1 814 536
1 1 1 813 537
1 1 1 812 538
1 1 1 811 539
1 1 1 810 540
1 1 1 809 541
1 1 1 808 542
1 1 1 807 543
1 1 1 806 544
1 1 1 805 545
1 1 1 804 546
1 1 1 803 547
1 1 1 802 548
1 1 1 801 549
1 1 1 800 550
1 1 1 799 551
1 1 1 798 552
1 1 1 797 553
1 1 1 796 554
1 1 1 795 555
1 1 1 794 556
1 1 1 793 557
1 1 1 792 558
1 1 1 791 559
1 1 1 790 560
1 1 1 789 561
1 1 1 788 562
1 1 1 787 563
1 1 1 786 564
1 1 1 785 565
1 1 1 784 566
1 1 1 783 567
1 1 1 782 568
1 1 1 781 569
1 1 1 780 570
1 1 1 779 571
1 1 1 778 572
1 1 1 777 573
1 1 1 776 574
1 1 1 775 575
1 1 1 774 576
1 1 1 773 577
1 1 1 772 578
1 1 1 771 579
1 1 1 770 580
1 1 1 769 581
1 1 1 768 582
1 1 1 767 583
1 1 1 766 584
1 1 1 765 585
1 1 1 764 586
1 1 1 763 587
1 1 1 762 588
1 1 1 761 589
1 1 1 760 590
1 1 1 759 591
1 1 1 758 592
1 1 1 757 593
1 1 1 756 594
1 1 1 755 595
1 1 1 754 596
1 1 1 753 597
1 1 1 752 598
1 1 1 751 599
1 1 1 750 600
1 1 1 749 601
1 1 1 748 602
1 1 1 747 603
1 1 1 746 604
1 1 1 745 605
1 1 1 744 606
1 1 1 743 607
1 1 1 742 608
1 1 1 741 609
1 1 1 740 610
1 1 1 739 611
1 1 1 738 612
1 1 1 737 613
1 1 1 736 614
1 1 1 735 615
1 1 1 734 616
1 1 1 733 617
1 1 1 732 618
1 1 1 731 619
1 1 1 730 620
1 1 1 729 621
1 1 1 728 622
1 1 1 727 623
1 1 1 726 624
1 1 1 725 625
1 1 1 724 626
1 1 1 723 627
1 1 1 722 628
1 1 1 721 629
1 1 1 720 630
1 1 1 719 631
1 1 1 718 632
1 1 1 717 633
1 1 1 716 634
1 1 1 715 635
1 1 1 714 636
1 1 1 713 637
1 1 1 712 638
1 1 1 711 639
1 1 1 710 640
1 1 1 709 641
1 1 1 708 642
1 1 1 707 643
1 1 1 706 644
1 1 1 705 645
1 1 1 704 646
1 1 1 703 647
1 1 1 702 648
1 1 1 701 649
1 1 1 700 650
1 1 1 699 651
1 1 1 698 652
1 1 1 697 653
1 1 1 696 654
1 1 1 695 655
1 1 1 694 656
1 1 1 693 657
1 1 1 692 658
1 1 1 691 659
1 1 1 690 660
1 1 1 689 661
1 1 1 688 662
1 1 1 687 663
1 1 1 686 664
1 1 1 685 665
1 1 1 684 666
1 1 1 683 667
1 1 1 682 668
1 1 1 681 669
1 1 1 680 670
1 1 1 679 671
1 1 1 678 672
1 1 1 677 673
1 1 1 676 674
1 1 1 675 675
1 1 1 674 676
1 1 1 673 677
1 1 1 672 678
1 1 1 671 679
1 1 1 670 680
1 1 1 669 681
1 1 1 668 682
1 1 1 667 683
1 1 1 666 684
1 1 1 665 685
1 1 1 664 686
1 1 1 663 687
1 1 1 662 688
1 1 1 661 689
1 1 1 660 690
1 1 1 659 691
1 1 1 658 692
1 1 1 657 693
1 1 1 656 694
1 1 1 655 695
1 1 1 654 696
1 1 1 653 697
1 1 1 652 698
1 1 1 651 699
1 1 1 650 700
1 1 1 649 701
1 1 1 648 702
1 1 1 647 703
1 1 1 646 704
1 1 1 645 705
1 1 1 644 706
1 1 1 643 707
1 1 1 642 708
1 1 1 641 709
1 1 1 640 710
1 1 1 639 711
1 1 1 638 712
1 1 1 637 713
1 1 1 636 714
1 1 1 635 715
1 1 1 634 716
1 1 1 633 717
1 1 1 632 718
1 1 1 631 719
1 1 1 630 720
1 1 1 629 721
1 1 1 628 722
1 1 1 627 723
1 1 1 626 724
1 1 1 625 725
1 1 1 624 726
1 1 1 623 727
1 1 1 622 728
1 1 1 621 729
1 1 1 620 730
1 1 1 619 731
1 1 1 618 732
1 1 1 617 733
1 1 1 616 734
1 1 1 615 735
1 1 1 614 736
1 1 1 613 737
1 1 1 612 738
1 1 1 611 739
1 1 1 610 740
1 1 1 609 741
1 1 1 608 742
1 1 1 607 743
1 1 1 606 744
1 1 1 605 745
1 1 1 604 746
1 1 1 603 747
1 1 1 602 748
1 1 1 601 749
1 1 1 600 750
1 1 1 599 751
1 1 1 598 752
1 1 1 597 753
1 1 1 596 754
1 1 1 595 755
1 1 1 594 756
1 1 1 593 757
1 1 1 592 758
1 1 1 591 759
1 1 1 590 760
1 1 1 589 761
1 1 1 588 762
1 1 1 587 763
1 1 1 586 764
1 1 1 585 765
1 1 1 584 766
1 1 1 583 767
1 1 1 582 768
1 1 1 581 769
1 1 1 580 770
1 1 1 579 771
1 1 1 578 772
1 1 1 577 773
1 1 1 576 774
1 1 1 575 775
1 1 1 574 776
1 1 1 573 777
1 1 1 572 778
1 1 1 571 779
1 1 1 570 780
1 1 1 569 781
1 1 1 568 782
1 1 1 567 783
1 1 1 566 784
1 1 1 565 785
1 1 1 564 786
1 1 1 563 787
1 1 1 562 788
1 1 1 561 789
1 1 1 560 790
1 1 1 559 791
1 1 1 558 792
1 1 1 557 793
1 1 1 556 794
1 1 1 555 795
1 1 1 554 796
1 1 1 553 797
1 1 1 552 798
1 1 1 551 799
1 1 1 550 800
1 1 1 549 801
1 1 1 548 802
1 1 1 547 803
1 1 1 546 804
1 1 1 545 805
1 1 1 544 806
1 1 1 543 807
1 1 1 542 808
1 1 1 541 809
1 1 1 540 810
1 1 1 539 811
1 1 1 538 812
1 1 1 537 813
1 1 1 536 814
1 1 1 535 815
1 1 1 534 816
1 1 1 533 817
1 1 1 532 818
1 1 1 531 819
1 1 1 530 820
1 1 1 529 821
1 1 1 528 822
1 1 1 527 823
1 1 1 526 824
1 1 1 525 825
1 1 1 524 826
1 1 1 523 827
1 1 1 522 828
1 1 1 521 829
1 1 1 520 830
1 1 1 519 831
1 1 1 518 832
1 1 1 517 833
1 1 1 516 834
1 1 1 515 835
1 1 1 514 836
1 1 1 513 837
1 1 1 512 838
1 1 1 511 839
1 1 1 510 840
1 1 1 509 841
1 1 1 508 842
1 1 1 507 843
1 1 1 506 844
1 1 1 505 845
1 1 1 504 846
1 1 1 503 847
1 1 1 502 848
1 1 1 501 849
1 1 1 500 850
1 1 1 499 851
1 1 1 498 852
1 1 1 497 853
1 1 1 496 854
1 1 1 495 855
1 1 1 494 856
1 1 1 493 857
1 1 1 492 858
1 1 1 491 859
1 1 1 490 860
1 1 1 489 861
1 1 1 488 862
1 1 1 487 863
1 1 1 486 864
1 1 1 485 865
1 1 1 484 866
1 1 1 483 867
1 1 1 482 868
1 1 1 481 869
1 1 1 480 870
1 1 1 479 871
1 1 1 478 872
1 1 1 477 873
1 1 1 476 874
1 1 1 475 875
1 1 1 474 876
1 1 1 473 877
1 1 1 472 878
1 1 1 471 879
1 1 1 470 880
1 1 1 469 881
1 1 1 468 882
1 1 1 467 883
1 1 1 466 884
1 1 1 465 885
1 1 1 464 886
1 1 1 463 887
1 1 1 462 888
1 1 1 461 889
1 1 1 460 890
1 1 1 459 891
1 1 1 458 892
1 1 1 457 893
1 1 1 456 894
1 1 1 455 895
1 1 1 454 896
1 1 1 453 897
1 1 1 452 898
1 1 1 451 899
1 1 1 450 900
1 1 1 449 901
1 1 1 448 902
1 1 1 447 903
1 1 1 446 904
1 1 1 445 905
1 1 1 444 906
1 1 1 443 907
1 1 1 442 908
1 1 1 441 909
1 1 1 440 910
1 1 1 439 911
1 1 1 438 912
1 1 1 437 913
1 1 1 436 914
1 1 1 435 915
1 1 1 434 916
1 1 1 433 917
1 1 1 432 918
1 1 1 431 919
1 1 1 430 920
1 1 1 429 921
1 1 1 428 922
1 1 1 427 923
1 1 1 426 924
1 1 1 425 925
1 1 1 424 926
1 1 1 423 927
1 1 1 422 928
1 1 1 421 929
1 1 1 420 930
1 1 1 419 931
1 1 1 418 932
1 1 1 417 933
1 1 1 416 934
1 1 1 415 935
1 1 1 414 936
1 1 1 413 937
1 1 1 412 938
1 1 1 411 939
1 1 1 410 940
1 1 1 409 941
1 1 1 408 942
1 1 1 407 943
1 1 1 406 944
1 1 1 405 945
1 1 1 404 946
1 1 1 403 947
1 1 1 402 948
1 1 1 401 949
1 1 1 400 950
1 1 1 399 951
1 1 1 398 952
1 1 1 397 953
1 1 1 396 954
1 1 1 395 955
1 1 1 394 956
1 1 1 393 957
1 1 1 392 958
1 1 1 391 959
1 1 1 390 960
1 1 1 389 961
1 1 1 388 962
1 1 1 387 963
1 1 1 386 964
1 1 1 385 965
1 1 1 384 966
1 1 1 383 967
1 1 1 382 968
1 1 1 381 969
1 1 1 380 970
1 1 1 379 971
1 1 1 378 972
1 1 1 377 973
1 1 1 376 974
1 1 1 375 975
1 1 1 374 976
1 1 1 373 977
1 1 1 372 978
1 1 1 371 979
1 1 1 370 980
1 1 1 369 981
1 1 1 368 982
1 1 1 367 983
1 1 1 366 984
1 1 1 365 985
1 1 1 364 986
1 1 1 363 987
1 1 1 362 988
1 1 1 361 989
1 1 1 360 990
1 1 1 359 991
1 1 1 358 992
1 1 1 357 993
1 1 1 356 994
1 1 1 355 995
1 1 1 354 996
1 1 1 353 997
1 1 1 352 998
1 1 1 351 999
1 1 1 350 1000
1 1 1 349 1001
1 1 1 348 1002
1 1 1 347 1003
1 1 1 346 1004
1 1 1 345 1005
1 1 1 344 1006
1 1 1 343 1007
1 1 1 342 1008
1 1 1 341 1009
1 1 1 340 1010
1 1 1 339 1011
1 1 1 338 1012
1 1 1 337 1013
1 1 1 336 1014
1 1 1 335 1015
1 1 1 334 1016
1 1 1 333 1017
1 1 1 332 1018
1 1 1 331 1019
1 1 1 330 1020
1 1 1 329 1021
1 1 1 328 1022
1 1 1 327 1023
1 1 1 326 1024
1 1 1 325 1025
1 1 1 324 1026
1 1 1 323 1027
1 1 1 322 1028
1 1 1 321 1029
1 1 1 320 1030
1 1 1 319 1031
1 1 1 318 1032
1 1 1 317 1033
1 1 1 316 1034
1 1 1 315 1035
1 1 1 314 1036
1 1 1 313 1037
1 1 1 312 1038
1 1 1 311 1039
1 1 1 310 1040
1 1 1 309 1041
1 1 1 308 1042
1 1 1 307 1043
1 1 1 306 1044
1 1 1 305 1045
1 1 1 304 1046
1 1 1 303 1047
1 1 1 302 1048
1 1 1 301 1049
1 1 1 300 1050
1 1 1 299 1051
1 1 1 298 1052
1 1 1 297 1053
1 1 1 296 1054
1 1 1 295 1055
1 1 1 294 1056
1 1 1 293 1057
1 1 1 292 1058
1 1 1 291 1059
1 1 1 290 1060
1 1 1 289 1061
1 1 1 288 1062
1 1 1 287 1063
1 1 1 286 1064
1 1 1 285 1065
1 1 1 284 1066
1 1 1 283 1067
1 1 1 282 1068
1 1 1 281 1069
1 1 1 280 1070
1 1 1 279 1071
1 1 1 278 1072
1 1 1 277 1073
1 1 1 276 1074
1 1 1 275 1075
1 1 1 274 1076
1 1 1 273 1077
1 1 1 272 1078
1 1 1 271 1079
1 1 1 270 1080
1 1 1 269 1081
1 1 1 268 1082
1 1 1 267 1083
1 1 1 266 1084
1 1 1 265 1085
1 1 1 264 1086
1 1 1 263 1087
1 1 1 262 1088
1 1 1 261 1089
1 1 1 260 1090
1 1 1 259 1091
1 1 1 258 1092
1 1 1 257 1093
1 1 1 256 1094
1 1 1 255 1095
1 1 1 254 1096
1 1 1 253 1097
1 1 1 252 1098
1 1 1 251 1099
1 1 1 250 1100
1 1 1 249 1101
1 1 1 248 1102
1 1 1 247 1103
1 1 1 246 1104
1 1 1 245 1105
1 1 1 244 1106
1 1 1 243 1107
1 1 1 242 1108
1 1 1 241 1109
1 1 1 240 1110
1 1 1 239 1111
1 1 1 238 1112
1 1 1 237 1113
1 1 1 236 1114
1 1 1 235 1115
1 1 1 234 1116
1 1 1 233 1117
1 1 1 232 1118
1 1 1 231 1119
1 1 1 230 1120
1 1 1 229 1121
1 1 1 228 1122
1 1 1 227 1123
1 1 1 226 1124
1 1 1 225 1125
1 1 1 224 1126
1 1 1 223 1127
1 1 1 222 1128
1 1 1 221 1129
1 1 1 220 1130
1 1 1 219 1131
1 1 1 218 1132
1 1 1 217 1133
1 1 1 216 1134
1 1 1 215 1135
1 1 1 214 1136
1 1 1 213 1137
1 1 1 212 1138
1 1 1 211 1139
1 1 1 210 1140
1 1 1 209 1141
1 1 1 208 1142
1 1 1 207 1143
1 1 1 206 1144
1 1 1 205 1145
1 1 1 204 1146
1 1 1 203 1147
1 1 1 202 1148
1 1 1 201 1149
1 1 1 200 1150
1 1 1 199 1151
1 1 1 198 1152
1 1 1 197 1153
1 1 1 196 1154
1 1 1 195 1155
1 1 1 194 1156
1 1 1 193 1157
1 1 1 192 1158
1 1 1 191 1159
1 1 1 190 1160
1 1 1 189 1161
1 1 1 188 1162
1 1 1 187 1163
1 1 1 186 1164
1 1 1 185 1165
1 1 1 184 1166
1 1 1 183 1167
1 1 1 182 1168
1 1 1 181 1169
1 1 1 180 1170
1 1 1 179 1171
1 1 1 178 1172
1 1 1 177 1173
1 1 1 176 1174
1 1 1 175 1175
1 1 1 174 1176
1 1 1 173 1177
1 1 1 172 1178
1 1 1 171 1179
1 1 1 170 1180
1 1 1 169 1181
1 1 1 168 1182
1 1 1 167 1183
1 1 1 166 1184
1 1 1 165 1185
1 1 1 164 1186
1 1 1 163 1187
1 1 1 162 1188
1 1 1 161 1189
1 1 1 160 1190
1 1 1 159 1191
1 1 1 158 1192
1 1 1 157 1193
1 1 1 156 1194
1 1 1 155 1195
1 1 1 154 1196
1 1 1 153 1197
1 1 1 152 1198
1 1 1 151 1199
1 1 1 150 1200
1 1 1 149 1201
1 1 1 148 1202
1 1 1 147 1203
1 1 1 146 1204
1 1 1 145 1205
1 1 1 144 1206
1 1 1 143 1207
1 1 1 142 1208
1 1 1 141 1209
1 1 1 140 1210
1 1 1 139 1211
1 1 1 138 1212
1 1 1 137 1213
1 1 1 136 1214
1 1 1 135 1215
1 1 1 134 1216
1 1 1 133 1217
1 1 1 132 1218
1 1 1 131 1219
1 1 1 130 1220
1 1 1 129 1221
1 1 1 128 1222
1 1 1 127 1223
1 1 1 126 1224
1 1 1 125 1225
1 1 1 124 1226
1 1 1 123 1227
1 1 1 122 1228
1 1 1 121 1229
1 1 1 120 1230
1 1 1 119 1231
1 1 1 118 1232
1 1 1 117 1233
1 1 1 116 1234
1 1 1 115 1235
1 1 1 114 1236
1 1 1 113 1237
1 1 1 112 1238
1 1 1 111 1239
1 1 1 110 1240
1 1 1 109 1241
1 1 1 108 1242
1 1 1 107 1243
1 1 1 106 1244
1 1 1 105 1245
1 1 1 104 1246
1 1 1 103 1247
1 1 1 102 1248
1 1 1 101 1249
1 1 1 100 1250
1 1 1 99 1251
1 1 1 98 1252
1 1 1 97 1253
1 1 1 96 1254
1 1 1 95 1255
1 1 1 94 1256
1 1 1 93 1257
1 1 1 92 1258
1 1 1 91 1259
1 1 1 90 1260
1 1 1 89 1261
1 1 1 88 1262
1 1 1 87 1263
1 1 1 86 1264
1 1 1 85 1265
1 1 1 84 1266
1 1 1 83 1267
1 1 1 82 1268
1 1 1 81 1269
1 1 1 80 1270
1 1 1 79 1271
1 1 1 78 1272
1 1 1 77 1273
1 1 1 76 1274
1 1 1 75 1275
1 1 1 74 1276
1 1 1 73 1277
1 1 1 72 1278
1 1 1 71 1279
1 1 1 70 1280
1 1 1 69 1281
1 1 1 68 1282
1 1 1 67 1283
1 1 1 66 1284
1 1 1 65 1285
1 1 1 64 1286
1 1 1 63 1287
1 1 1 62 1288
1 1 1 61 1289
1 1 1 60 1290
1 1 1 59 1291
1 1 1 58 1292
1 1 1 57 1293
1 1 1 56 1294
1 1 1 55 1295
1 1 1 54 1296
1 1 1 53 1297
1 1 1 52 1298
1 1 1 51 1299
1 1 1 50 1300
1 1 1 49 1301
1 1 1 48 1302
1 1 1 47 1303
1 1 1 46 1304
1 1 1 45 1305
1 1 1 44 1306
1 1 1 43 1307
1 1 1 42 1308
1 1 1 41 1309
1 1 1 40 1310
1 1 1 39 1311
1 1 1 38 1312
1 1 1 37 1313
1 1 1 36 1314
1 1 1 35 1315
1 1 1 34 1316
1 1 1 33 1317
1 1 1 32 1318
1 1 1 31 1319
1 1 1 30 1320
1 1 1 29 1321
1 1 1 28 1322
1 1 1 27 1323
1 1 1 26 1324
1 1 1 25 1325
1 1 1 24 1326
1 1 1 23 1327
1 1 1 22 1328
1 1 1 21 1329
1 1 1 20 1330
1 1 1 19 1331
1 1 1 18 1332
1 1 1 17 1333
1 1 1 16 1334
1 1 1 15 1335
1 1 1 14 1336
1 1 1 13 1337
1 1 1 12 1338
1 1 1 11 1339
1 1 1 10 1340
1 1 1 9 1341
1 1 1 8 1342
1 1 1 7 1343
1 1 1 6 1344
1 1 1 5 1345
1 1 1 4 1346
1 1 1 3 1347
1 1 1 2 1348
1 1 1 1 1349
1 1 1 0 1350
1 1 1 0 1349
1 1 1 0 1348
1 1 1 0 1347
1 1 1 0 1346
1 1 1 0 1345
1 1 1 0 1344
1 1 1 0 1343
1 1 1 0 1342
1 1 1 0 1341
1 1 1 0 1340
1 1 1 0 1339
1 1 1 0 1338
1 1 1 0 1337
1 1 1 0 1336
1 1 1 0 1335
1 1 1 0 1334
1 1 1 0 1333
1 1 1 0 1332
1 1 1 0 1331
1 1 1 0 1330
1 1 1 0 1329
1 1 1 0 1328
1 1 1 0 1327
1 1 1 0 1326
1 1 1 0 1325
1 1 1 0 1324
1 1 1 0 1323
1 1 1 0 1322
1 1 1 0 1321
1 1 1 0 1320
1 1 1 0 1319
1 1 1 0 1318
1 1 1 0 1317
1 1 1 0 1316
1 1 1 0 1315
1 1 1 0 1314
1 1 1 0 1313
1 1 1 0 1312
1 1 1 0 1311
1 1 1 0 1310
1 1 1 0 1309
1 1 1 0 1308
1 1 1 0 1307
1 1 1 0 1306
1 1 1 0 1305
1 1 1 0 1304
1 1 1 0 1303
1 1 1 0 1302
1 1 1 0 1301
1 1 1 0 1300
1 1 1 0 1299
1 1 1 0 1298
1 1 1 0 1297
1 1 1 0 1296
1 1 1 0 1295
1 1 1 0 1294
1 1 1 0 1293
1 1 1 0 1292
1 1 1 0 1291
1 1 1 0 1290
1 1 1 0 1289
1 1 1 0 1288
1 1 1 0 1287
1 1 1 0 1286
1 1 1 0 1285
1 1 1 0 1284
1 1 1 0 1283
1 1 1 0 1282
1 1 1 0 1281
1 1 1 0 1280
1 1 1 0 1279
1 1 1 0 1278
1 1 1 0 1277
1 1 1 0 1276
1 1 1 0 1275
1 1 1 0 1274
1 1 1 0 1273
1 1 1 0 1272
1 1 1 0 1271
1 1 1 0 1270
1 1 1 0 1269
1 1 1 0 1268
1 1 1 0 1267
1 1 1 0 1266
1 1 1 0 1265
1 1 1 0 1264
1 1 1 0 1263
1 1 1 0 1262
1 1 1 0 1261
1 1 1 0 1260
1 1 1 0 1259
1 1 1 0 1258
1 1 1 0 1257
1 1 1 0 1256
1 1 1 0 1255
1 1 1 0 1254
1 1 1 0 1253
1 1 1 0 1252
1 1 1 0 1251
1 1 1 0 1250
1 1 1 0 1249
1 1 1 0 1248
1 1 1 0 1247
1 1 1 0 1246
1 1 1 0 1245
1 1 1 0 1244
1 1 1 0 1243
1 1 1 0 1242
1 1 1 0 1241
1 1 1 0 1240
1 1 1 0 1239
1 1 1 0 1238
1 1 1 0 1237
1 1 1 0 1236
1 1 1 0 1235
1 1 1 0 1234
1 1 1 0 1233
1 1 1 0 1232
1 1 1 0 1231
1 1 1 0 1230
1 1 1 0 1229
1 1 1 0 1228
1 1 1 0 1227
1 1 1 0 1226
1 1 1 0 1225
1 1 1 0 1224
1 1 1 0 1223
1 1 1 0 1222
1 1 1 0 1221
1 1 1 0 1220
1 1 1 0 1219
1 1 1 0 1218
1 1 1 0 1217
1 1 1 0 1216
1 1 1 0 1215
1 1 1 0 1214
1 1 1 0 1213
1 1 1 0 1212
1 1 1 0 1211
1 1 1 0 1210
1 1 1 0 1209
1 1 1 0 1208
1 1 1 0 1207
1 1 1 0 1206
1 1 1 0 1205
1 1 1 0 1204
1 1 1 0 1203
1 1 1 0 1202
1 1 1 0 1201
1 1 1 0 1200
1 1 1 0 1199
1 1 1 0 1198
1 1 1 0 1197
1 1 1 0 1196
1 1 1 0 1195
1 1 1 0 1194
1 1 1 0 1193
1 1 1 0 1192
1 1 1 0 1191
1 1 1 0 1190
1 1 1 0 1189
1 1 1 0 1188
1 1 1 0 1187
1 1 1 0 1186
1 1 1 0 1185
1 1 1 0 1184
1 1 1 0 1183
1 1 1 0 1182
1 1 1 0 1181
1 1 1 0 1180
1 1 1 0 1179
1 1 1 0 1178
1 1 1 0 1177
1 1 1 0 1176
1 1 1 0 1175
1 1 1 0 1174
1 1 1 0 1173
1 1 1 0 1172
1 1 1 0 1171
1 1 1 0 1170
1 1 1 0 1169
1 1 1 0 1168
1 1 1 0 1167
1 1 1 0 1166
1 1 1 0 1165
1 1 1 0 1164
1 1 1 0 1163
1 1 1 0 1162
1 1 1 0 1161
1 1 1 0 1160
1 1 1 0 1159
1 1 1 0 1158
1 1 1 0 1157
1 1 1 0 1156
1 1 1 0 1155
1 1 1 0 1154
1 1 1 0 1153
1 1 1 0 1152
1 1 1 0 1151
1 1 1 0 1150
1 1 1 0 1149
1 1 1 0 1148
1 1 1 0 1147
1 1 1 0 1146
1 1 1 0 1145
1 1 1 0 1144
1 1 1 0 1143
1 1 1 0 1142
1 1 1 0 1141
1 1 1 0 1140
1 1 1 0 1139
1 1 1 0 1138
1 1 1 0 1137
1 1 1 0 1136
1 1 1 0 1135
1 1 1 0 1134
1 1 1 0 1133
1 1 1 0 1132
1 1 1 0 1131
1 1 1 0 1130
1 1 1 0 1129
1 1 1 0 1128
1 1 1 0 1127
1 1 1 0 1126
1 1 1 0 1125
1 1 1 0 1124
1 1 1 0 1123
1 1 1 0 1122
1 1 1 0 1121
1 1 1 0 1120
1 1 1 0 1119
1 1 1 0 1118
1 1 1 0 1117
1 1 1 0 1116
1 1 1 0 1115
1 1 1 0 1114
1 1 1 0 1113
1 1 1 0 1112
1 1 1 0 1111
1 1 1 0 1110
1 1 1 0 1109
1 1 1 0 1108
1 1 1 0 1107
1 1 1 0 1106
1 1 1 0 1105
1 1 1 0 1104
1 1 1 0 1103
1 1 1 0 1102
1 1 1 0 1101
1 1 1 0 1100
1 1 1 0 1099
1 1 1 0 1098
1 1 1 0 1097
1 1 1 0 1096
1 1 1 0 1095
1 1 1 0 1094
1 1 1 0 1093
1 1 1 0 1092
1 1 1 0 1091
1 1 1 0 1090
1 1 1 0 1089
1 1 1 0 1088
1 1 1 0 1087
1 1 1 0 1086
1 1 1 0 1085
1 1 1 0 1084
1 1 1 0 1083
1 1 1 0 1082
1 1 1 0 1081
1 1 1 0 1080
1 1 1 0 1079
1 1 1 0 1078
1 1 1 0 1077
1 1 1 0 1076
1 1 1 0 1075
1 1 1 0 1074
1 1 1 0 1073
1 1 1 0 1072
1 1 1 0 1071
1 1 1 0 1070
1 1 1 0 1069
1 1 1 0 1068
1 1 1 0 1067
1 1 1 0 1066
1 1 1 0 1065
1 1 1 0 1064
1 1 1 0 1063
1 1 1 0 1062
1 1 1 0 1061
1 1 1 0 1060
1 1 1 0 1059
1 1 1 0 1058
1 1 1 0 1057
1 1 1 0 1056
1 1 1 0 1055
1 1 1 0 1054
1 1 1 0 1053
1 1 1 0 1052
1 1 1 0 1051
1 1 1 0 1050
1 1 1 0 1049
1 1 1 0 1048
1 1 1 0 1047
1 1 1 0 1046
1 1 1 0 1045
1 1 1 0 1044
1 1 1 0 1043
1 1 1 0 1042
1 1 1 0 1041
1 1 1 0 1040
1 1 1 0 1039
1 1 1 0 1038
1 1 1 0 1037
1 1 1 0 1036
1 1 1 0 1035
1 1 1 0 1034
1 1 1 0 1033
1 1 1 0 1032
1 1 1 0 1031
1 1 1 0 1030
1 1 1 0 1029
1 1 1 0 1028
1 1 1 0 1027
1 1 1 0 1026
1 1 1 0 1025
1 1 1 0 1024
1 1 1 0 1023
1 1 1 0 1022
1 1 1 0 1021
1 1 1 0 1020
1 1 1 0 1019
1 1 1 0 1018
1 1 1 0 1017
1 1 1 0 1016
1 1 1 0 1015
1 1 1 0 1014
1 1 1 0 1013
1 1 1 0 1012
1 1 1 0 1011
1 1 1 0 1010
1 1 1 0 1009
1 1 1 0 1008
1 1 1 0 1007
1 1 1 0 1006
1 1 1 0 1005
1 1 1 0 1004
1 1 1 0 1003
1 1 1 0 1002
1 1 1 0 1001
1 1 1 0 1000
1 1 1 0 999
1 1 1 0 998
1 1 1 0 997
1 1 1 0 996
1 1 1 0 995
1 1 1 0 994
1 1 1 0 993
1 1 1 0 992
1 1 1 0 991
1 1 1 0 990
1 1 1 0 989
1 1 1 0 988
1 1 1 0 987
1 1 1 0 986
1 1 1 0 985
1 1 1 0 984
1 1 1 0 983
1 1 1 0 982
1 1 1 0 981
1 1 1 0 980
1 1 1 0 979
1 1 1 0 978
1 1 1 0 977
1 1 1 0 976
1 1 1 0 975
1 1 1 0 974
1 1 1 0 973
1 1 1 0 972
1 1 1 0 971
1 1 1 0 970
1 1 1 0 969
1 1 1 0 968
1 1 1 0 967
1 1 1 0 966
1 1 1 0 965
1 1 1 0 964
1 1 1 0 963
1 1 1 0 962
1 1 1 0 961
1 1 1 0 960
1 1 1 0 959
1 1 1 0 958
1 1 1 0 957
1 1 1 0 956
1 1 1 0 955
1 1 1 0 954
1 1 1 0 953
1 1 1 0 952
1 1 1 0 951
1 1 1 0 950
1 1 1 0 949
1 1 1 0 948
1 1 1 0 947
1 1 1 0 946
1 1 1 0 945
1 1 1 0 944
1 1 1 0 943
1 1 1 0 942
1 1 1 0 941
1 1 1 0 940
1 1 1 0 939
1 1 1 0 938
1 1 1 0 937
1 1 1 0 936
1 1 1 0 935
1 1 1 0 934
1 1 1 0 933
1 1 1 0 932
1 1 1 0 931
1 1 1 0 930
1 1 1 0 929
1 1 1 0 928
1 1 1 0 927
1 1 1 0 926
1 1 1 0 925
1 1 1 0 924
1 1 1 0 923
1 1 1 0 922
1 1 1 0 921
1 1 1 0 920
1 1 1 0 919
1 1 1 0 918
1 1 1 0 917
1 1 1 0 916
1 1 1 0 915
1 1 1 0 914
1 1 1 0 913
1 1 1 0 912
1 1 1 0 911
1 1 1 0 910
1 1 1 0 909
1 1 1 0 908
1 1 1 0 907
1 1 1 0 906
1 1 1 0 905
1 1 1 0 904
1 1 1 0 903
1 1 1 0 902
1 1 1 0 901
1 1 1 0 900
1 1 1 0 899
1 1 1 0 898
1 1 1 0 897
1 1 1 0 896
1 1 1 0 895
1 1 1 0 894
1 1 1 0 893
1 1 1 0 892
1 1 1 0 891
1 1 1 0 890
1 1 1 0 889
1 1 1 0 888
1 1 1 0 887
1 1 1 0 886
1 1 1 0 885
1 1 1 0 884
1 1 1 0 883
1 1 1 0 882
1 1 1 0 881
1 1 1 0 880
1 1 1 0 879
1 1 1 0 878
1 1 1 0 877
1 1 1 0 876
1 1 1 0 875
1 1 1 0 874
1 1 1 0 873
1 1 1 0 872
1 1 1 0 871
1 1 1 0 870
1 1 1 0 869
1 1 1 0 868
1 1 1 0 867
1 1 1 0 866
1 1 1 0 865
1 1 1 0 864
1 1 1 0 863
1 1 1 0 862
1 1 1 0 861
1 1 1 0 860
1 1 1 0 859
1 1 1 0 858
1 1 1 0 857
1 1 1 0 856
1 1 1 0 855
1 1 1 0 854
1 1 1 0 853
1 1 1 0 852
1 1 1 0 851
1 1 1 0 850
1 1 1 0 849
1 1 1 0 848
1 1 1 0 847
1 1 1 0 846
1 1 1 0 845
1 1 1 0 844
1 1 1 0 843
1 1 1 0 842
1 1 1 0 841
1 1 1 0 840
1 1 1 0 839
1 1 1 0 838
1 1 1 0 837
1 1 1 0 836
1 1 1 0 835
1 1 1 0 834
1 1 1 0 833
1 1 1 0 832
1 1 1 0 831
1 1 1 0 830
1 1 1 0 829
1 1 1 0 828
1 1 1 0 827
1 1 1 0 826
1 1 1 0 825
1 1 1 0 824
1 1 1 0 823
1 1 1 0 822
1 1 1 0 821
1 1 1 0 820
1 1 1 0 819
1 1 1 0 818
1 1 1 0 817
1 1 1 0 816
1 1 1 0 815
1 1 1 0 814
1 1 1 0 813
1 1 1 0 812
1 1 1 0 811
1 1 1 0 810
1 1 1 0 809
1 1 1 0 808
1 1 1 0 807
1 1 1 0 806
1 1 1 0 805
1 1 1 0 804
1 1 1 0 803
1 1 1 0 802
1 1 1 0 801
1 1 1 0 800
1 1 1 0 799
1 1 1 0 798
1 1 1 0 797
1 1 1 0 796
1 1 1 0 795
1 1 1 0 794
1 1 1 0 793
1 1 1 0 792
1 1 1 0 791
1 1 1 0 790
1 1 1 0 789
1 1 1 0 788
1 1 1 0 787
1 1 1 0 786
1 1 1 0 785
1 1 1 0 784
1 1 1 0 783
1 1 1 0 782
1 1 1 0 781
1 1 1 0 780
1 1 1 0 779
1 1 1 0 778
1 1 1 0 777
1 1 1 0 776
1 1 1 0 775
1 1 1 0 774
1 1 1 0 773
1 1 1 0 772
1 1 1 0 771
1 1 1 0 770
1 1 1 0 769
1 1 1 0 768
1 1 1 0 767
1 1 1 0 766
1 1 1 0 765
1 1 1 0 764
1 1 1 0 763
1 1 1 0 762
1 1 1 0 761
1 1 1 0 760
1 1 1 0 759
1 1 1 0 758
1 1 1 0 757
1 1 1 0 756
1 1 1 0 755
1 1 1 0 754
1 1 1 0 753
1 1 1 0 752
1 1 1 0 751
1 1 1 0 750
1 1 1 0 749
1 1 1 0 748
1 1 1 0 747
1 1 1 0 746
1 1 1 0 745
1 1 1 0 744
1 1 1 0 743
1 1 1 0 742
1 1 1 0 741
1 1 1 0 740
1 1 1 0 739
1 1 1 0 738
1 1 1 0 737
1 1 1 0 736
1 1 1 0 735
1 1 1 0 734
1 1 1 0 733
1 1 1 0 732
1 1 1 0 731
1 1 1 0 730
1 1 1 0 729
1 1 1 0 728
1 1 1 0 727
1 1 1 0 726
1 1 1 0 725
1 1 1 0 724
1 1 1 0 723
1 1 1 0 722
1 1 1 0 721
1 1 1 0 720
1 1 1 0 719
1 1 1 0 718
1 1 1 0 717
1 1 1 0 716
1 1 1 0 715
1 1 1 0 714
1 1 1 0 713
1 1 1 0 712
1 1 1 0 711
1 1 1 0 710
1 1 1 0 709
1 1 1 0 708
1 1 1 0 707
1 1 1 0 706
1 1 1 0 705
1 1 1 0 704
1 1 1 0 703
1 1 1 0 702
1 1 1 0 701
1 1 1 0 700
1 1 1 0 699
1 1 1 0 698
1 1 1 0 697
1 1 1 0 696
1 1 1 0 695
1 1 1 0 694
1 1 1 0 693
1 1 1 0 692
1 1 1 0 691
1 1 1 0 690
1 1 1 0 689
1 1 1 0 688
1 1 1 0 687
1 1 1 0 686
1 1 1 0 685
1 1 1 0 684
1 1 1 0 683
1 1 1 0 682
1 1 1 0 681
1 1 1 0 680
1 1 1 0 679
1 1 1 0 678
1 1 1 0 677
1 1 1 0 676
1 1 1 0 675
1 1 1 0 674
1 1 1 0 673
1 1 1 0 672
1 1 1 0 671
1 1 1 0 670
1 1 1 0 669
1 1 1 0 668
1 1 1 0 667
1 1 1 0 666
1 1 1 0 665
1 1 1 0 664
1 1 1 0 663
1 1 1 0 662
1 1 1 0 661
1 1 1 0 660
1 1 1 0 659
1 1 1 0 658
1 1 1 0 657
1 1 1 0 656
1 1 1 0 655
1 1 1 0 654
1 1 1 0 653
1 1 1 0 652
1 1 1 0 651
1 1 1 0 650
1 1 1 0 649
1 1 1 0 648
1 1 1 0 647
1 1 1 0 646
1 1 1 0 645
1 1 1 0 644
1 1 1 0 643
1 1 1 0 642
1 1 1 0 641
1 1 1 0 640
1 1 1 0 639
1 1 1 0 638
1 1 1 0 637
1 1 1 0 636
1 1 1 0 635
1 1 1 0 634
1 1 1 0 633
1 1 1 0 632
1 1 1 0 631
1 1 1 0 630
1 1 1 0 629
1 1 1 0 628
1 1 1 0 627
1 1 1 0 626
1 1 1 0 625
1 1 1 0 624
1 1 1 0 623
1 1 1 0 622
1 1 1 0 621
1 1 1 0 620
1 1 1 0 619
1 1 1 0 618
1 1 1 0 617
1 1 1 0 616
1 1 1 0 615
1 1 1 0 614
1 1 1 0 613
1 1 1 0 612
1 1 1 0 611
1 1 1 0 610
1 1 1 0 609
1 1 1 0 608
1 1 1 0 607
1 1 1 0 606
1 1 1 0 605
1 1 1 0 604
1 1 1 0 603
1 1 1 0 602
1 1 1 0 601
1 1 1 0 600
1 1 1 0 599
1 1 1 0 598
1 1 1 0 597
1 1 1 0 596
1 1 1 0 595
1 1 1 0 594
1 1 1 0 593
1 1 1 0 592
1 1 1 0 591
1 1 1 0 590
1 1 1 0 589
1 1 1 0 588
1 1 1 0 587
1 1 1 0 586
1 1 1 0 585
1 1 1 0 584
1 1 1 0 583
1 1 1 0 582
1 1 1 0 581
1 1 1 0 580
1 1 1 0 579
1 1 1 0 578
1 1 1 0 577
1 1 1 0 576
1 1 1 0 575
1 1 1 0 574
1 1 1 0 573
1 1 1 0 572
1 1 1 0 571
1 1 1 0 570
1 1 1 0 569
1 1 1 0 568
1 1 1 0 567
1 1 1 0 566
1 1 1 0 565
1 1 1 0 564
1 1 1 0 563
1 1 1 0 562
1 1 1 0 561
1 1 1 0 560
1 1 1 0 559
1 1 1 0 558
1 1 1 0 557
1 1 1 0 556
1 1 1 0 555
1 1 1 0 554
1 1 1 0 553
1 1 1 0 552
1 1 1 0 551
1 1 1 0 550
1 1 1 0 549
1 1 1 0 548
1 1 1 0 547
1 1 1 0 546
1 1 1 0 545
1 1 1 0 544
1 1 1 0 543
1 1 1 0 542
1 1 1 0 541
1 1 1 0 540
1 1 1 0 539
1 1 1 0 538
1 1 1 0 537
1 1 1 0 536
1 1 1 0 535
1 1 1 0 534
1 1 1 0 533
1 1 1 0 532
1 1 1 0 531
1 1 1 0 530
1 1 1 0 529
1 1 1 0 528
1 1 1 0 527
1 1 1 0 526
1 1 1 0 525
1 1 1 0 524
1 1 1 0 523
1 1 1 0 522
1 1 1 0 521
1 1 1 0 520
1 1 1 0 519
1 1 1 0 518
1 1 1 0 517
1 1 1 0 516
1 1 1 0 515
1 1 1 0 514
1 1 1 0 513
1 1 1 0 512
1 1 1 0 511
1 1 1 0 510
1 1 1 0 509
1 1 1 0 508
1 1 1 0 507
1 1 1 0 506
1 1 1 0 505
1 1 1 0 504
1 1 1 0 503
1 1 1 0 502
1 1 1 0 501
1 1 1 0 500
1 1 1 0 499
1 1 1 0 498
1 1 1 0 497
1 1 1 0 496
1 1 1 0 495
1 1 1 0 494
1 1 1 0 493
1 1 1 0 492
1 1 1 0 491
1 1 1 0 490
1 1 1 0 489
1 1 1 0 488
1 1 1 0 487
1 1 1 0 486
1 1 1 0 485
1 1 1 0 484
1 1 1 0 483
1 1 1 0 482
1 1 1 0 481
1 1 1 0 480
1 1 1 0 479
1 1 1 0 478
1 1 1 0 477
1 1 1 0 476
1 1 1 0 475
1 1 1 0 474
1 1 1 0 473
1 1 1 0 472
1 1 1 0 471
1 1 1 0 470
1 1 1 0 469
1 1 1 0 468
1 1 1 0 467
1 1 1 0 466
1 1 1 0 465
1 1 1 0 464
1 1 1 0 463
1 1 1 0 462
1 1 1 0 461
1 1 1 0 460
1 1 1 0 459
1 1 1 0 458
1 1 1 0 457
1 1 1 0 456
1 1 1 0 455
1 1 1 0 454
1 1 1 0 453
1 1 1 0 452
1 1 1 0 451
1 1 1 0 450
1 1 1 0 449
1 1 1 0 448
1 1 1 0 447
1 1 1 0 446
1 1 1 0 445
1 1 1 0 444
1 1 1 0 443
1 1 1 0 442
1 1 1 0 441
1 1 1 0 440
1 1 1 0 439
1 1 1 0 438
1 1 1 0 437
1 1 1 0 436
1 1 1 0 435
1 1 1 0 434
1 1 1 0 433
1 1 1 0 432
1 1 1 0 431
1 1 1 0 430
1 1 1 0 429
1 1 1 0 428
1 1 1 0 427
1 1 1 0 426
1 1 1 0 425
1 1 1 0 424
1 1 1 0 423
1 1 1 0 422
1 1 1 0 421
1 1 1 0 420
1 1 1 0 419
1 1 1 0 418
1 1 1 0 417
1 1 1 0 416
1 1 1 0 415
1 1 1 0 414
1 1 1 0 413
1 1 1 0 412
1 1 1 0 411
1 1 1 0 410
1 1 1 0 409
1 1 1 0 408
1 1 1 0 407
1 1 1 0 406
1 1 1 0 405
1 1 1 0 404
1 1 1 0 403
1 1 1 0 402
1 1 1 0 401
1 1 1 0 400
1 1 1 0 399
1 1 1 0 398
1 1 1 0 397
1 1 1 0 396
1 1 1 0 395
1 1 1 0 394
1 1 1 0 393
1 1 1 0 392
1 1 1 0 391
1 1 1 0 390
1 1 1 0 389
1 1 1 0 388
1 1 1 0 387
1 1 1 0 386
1 1 1 0 385
1 1 1 0 384
1 1 1 0 383
1 1 1 0 382
1 1 1 0 381
1 1 1 0 380
1 1 1 0 379
1 1 1 0 378
1 1 1 0 377
1 1 1 0 376
1 1 1 0 375
1 1 1 0 374
1 1 1 0 373
1 1 1 0 372
1 1 1 0 371
1 1 1 0 370
1 1 1 0 369
1 1 1 0 368
1 1 1 0 367
1 1 1 0 366
1 1 1 0 365
1 1 1 0 364
1 1 1 0 363
1 1 1 0 362
1 1 1 0 361
1 1 1 0 360
1 1 1 0 359
1 1 1 0 358
1 1 1 0 357
1 1 1 0 356
1 1 1 0 355
1 1 1 0 354
1 1 1 0 353
1 1 1 0 352
1 1 1 0 351
1 1 1 0 350
1 1 1 0 349
1 1 1 0 348
1 1 1 0 347
1 1 1 0 346
1 1 1 0 345
1 1 1 0 344
1 1 1 0 343
1 1 1 0 342
1 1 1 0 341
1 1 1 0 340
1 1 1 0 339
1 1 1 0 338
1 1 1 0 337
1 1 1 0 336
1 1 1 0 335
1 1 1 0 334
1 1 1 0 333
1 1 1 0 332
1 1 1 0 331
1 1 1 0 330
1 1 1 0 329
1 1 1 0 328
1 1 1 0 327
1 1 1 0 326
1 1 1 0 325
1 1 1 0 324
1 1 1 0 323
1 1 1 0 322
1 1 1 0 321
1 1 1 0 320
1 1 1 0 319
1 1 1 0 318
1 1 1 0 317
1 1 1 0 316
1 1 1 0 315
1 1 1 0 314
1 1 1 0 313
1 1 1 0 312
1 1 1 0 311
1 1 1 0 310
1 1 1 0 309
1 1 1 0 308
1 1 1 0 307
1 1 1 0 306
1 1 1 0 305
1 1 1 0 304
1 1 1 0 303
1 1 1 0 302
1 1 1 0 301
1 1 1 0 300
1 1 1 0 299
1 1 1 0 298
1 1 1 0 297
1 1 1 0 296
1 1 1 0 295
1 1 1 0 294
1 1 1 0 293
1 1 1 0 292
1 1 1 0 291
1 1 1 0 290
1 1 1 0 289
1 1 1 0 288
1 1 1 0 287
1 1 1 0 286
1 1 1 0 285
1 1 1 0 284
1 1 1 0 283
1 1 1 0 282
1 1 1 0 281
1 1 1 0 280
1 1 1 0 279
1 1 1 0 278
1 1 1 0 277
1 1 1 0 276
1 1 1 0 275
1 1 1 0 274
1 1 1 0 273
1 1 1 0 272
1 1 1 0 271
1 1 1 0 270
1 1 1 0 269
1 1 1 0 268
1 1 1 0 267
1 1 1 0 266
1 1 1 0 265
1 1 1 0 264
1 1 1 0 263
1 1 1 0 262
1 1 1 0 261
1 1 1 0 260
1 1 1 0 259
1 1 1 0 258
1 1 1 0 257
1 1 1 0 256
1 1 1 0 255
1 1 1 0 254
1 1 1 0 253
1 1 1 0 252
1 1 1 0 251
1 1 1 0 250
1 1 1 0 249
1 1 1 0 248
1 1 1 0 247
1 1 1 0 246
1 1 1 0 245
1 1 1 0 244
1 1 1 0 243
1 1 1 0 242
1 1 1 0 241
1 1 1 0 240
1 1 1 0 239
1 1 1 0 238
1 1 1 0 237
1 1 1 0 236
1 1 1 0 235
1 1 1 0 234
1 1 1 0 233
1 1 1 0 232
1 1 1 0 231
1 1 1 0 230
1 1 1 0 229
1 1 1 0 228
1 1 1 0 227
1 1 1 0 226
1 1 1 0 225
1 1 1 0 224
1 1 1 0 223
1 1 1 0 222
1 1 1 0 221
1 1 1 0 220
1 1 1 0 219
1 1 1 0 218
1 1 1 0 217
1 1 1 0 216
1 1 1 0 215
1 1 1 0 214
1 1 1 0 213
1 1 1 0 212
1 1 1 0 211
1 1 1 0 210
1 1 1 0 209
1 1 1 0 208
1 1 1 0 207
1 1 1 0 206
1 1 1 0 205
1 1 1 0 204
1 1 1 0 203
1 1 1 0 202
1 1 1 0 201
1 1 1 0 200
1 1 1 0 199
1 1 1 0 198
1 1 1 0 197
1 1 1 0 196
1 1 1 0 195
1 1 1 0 194
1 1 1 0 193
1 1 1 0 192
1 1 1 0 191
1 1 1 0 190
1 1 1 0 189
1 1 1 0 188
1 1 1 0 187
1 1 1 0 186
1 1 1 0 185
1 1 1 0 184
1 1 1 0 183
1 1 1 0 182
1 1 1 0 181
1 1 1 0 180
1 1 1 0 179
1 1 1 0 178
1 1 1 0 177
1 1 1 0 176
1 1 1 0 175
1 1 1 0 174
1 1 1 0 173
1 1 1 0 172
1 1 1 0 171
1 1 1 0 170
1 1 1 0 169
1 1 1 0 168
1 1 1 0 167
1 1 1 0 166
1 1 1 0 165
1 1 1 0 164
1 1 1 0 163
1 1 1 0 162
1 1 1 0 161
1 1 1 0 160
1 1 1 0 159
1 1 1 0 158
1 1 1 0 157
1 1 1 0 156
1 1 1 0 155
1 1 1 0 154
1 1 1 0 153
1 1 1 0 152
1 1 1 0 151
1 1 1 0 150
1 1 1 0 149
1 1 1 0 148
1 1 1 0 147
1 1 1 0 146
1 1 1 0 145
1 1 1 0 144
1 1 1 0 143
1 1 1 0 142
1 1 1 0 141
1 1 1 0 140
1 1 1 0 139
1 1 1 0 138
1 1 1 0 137
1 1 1 0 136
1 1 1 0 135
1 1 1 0 134
1 1 1 0 133
1 1 1 0 132
1 1 1 0 131
1 1 1 0 130
1 1 1 0 129
1 1 1 0 128
1 1 1 0 127
1 1 1 0 126
1 1 1 0 125
1 1 1 0 124
1 1 1 0 123
1 1 1 0 122
1 1 1 0 121
1 1 1 0 120
1 1 1 0 119
1 1 1 0 118
1 1 1 0 117
1 1 1 0 116
1 1 1 0 115
1 1 1 0 114
1 1 1 0 113
1 1 1 0 112
1 1 1 0 111
1 1 1 0 110
1 1 1 0 109
1 1 1 0 108
1 1 1 0 107
1 1 1 0 106
1 1 1 0 105
1 1 1 0 104
1 1 1 0 103
1 1 1 0 102
1 1 1 0 101
1 1 1 0 100
1 1 1 0 99
1 1 1 0 98
1 1 1 0 97
1 1 1 0 96
1 1 1 0 95
1 1 1 0 94
1 1 1 0 93
1 1 1 0 92
1 1 1 0 91
1 1 1 0 90
1 1 1 0 89
1 1 1 0 88
1 1 1 0 87
1 1 1 0 86
1 1 1 0 85
1 1 1 0 84
1 1 1 0 83
1 1 1 0 82
1 1 1 0 81
1 1 1 0 80
1 1 1 0 79
1 1 1 0 78
1 1 1 0 77
1 1 1 0 76
1 1 1 0 75
1 1 1 0 74
1 1 1 0 73
1 1 1 0 72
1 1 1 0 71
1 1 1 0 70
1 1 1 0 69
1 1 1 0 68
1 1 1 0 67
1 1 1 0 66
1 1 1 0 65
1 1 1 0 64
1 1 1 0 63
1 1 1 0 62
1 1 1 0 61
1 1 1 0 60
1 1 1 0 59
1 1 1 0 58
1 1 1 0 57
1 1 1 0 56
1 1 1 0 55
1 1 1 0 54
1 1 1 0 53
1 1 1 0 52
1 1 1 0 51
1 1 1 0 50
1 1 1 0 49
1 1 1 0 48
1 1 1 0 47
1 1 1 0 46
1 1 1 0 45
1 1 1 0 44
1 1 1 0 43
1 1 1 0 42
1 1 1 0 41
1 1 1 0 40
1 1 1 0 39
1 1 1 0 38
1 1 1 0 37
1 1 1 0 36
1 1 1 0 35
1 1 1 0 34
1 1 1 0 33
1 1 1 0 32
1 1 1 0 31
1 1 1 0 30
1 1 1 0 29
1 1 1 0 28
1 1 1 0 27
1 1 1 0 26
1 1 1 0 25
1 1 1 0 24
1 1 1 0 23
1 1 1 0 22
1 1 1 0 21
1 1 1 0 20
1 1 1 0 19
1 1 1 0 18
1 1 1 0 17
1 1 1 0 16
1 1 1 0 15
1 1 1 0 14
1 1 1 0 13
1 1 1 0 12
1 1 1 0 11
1 1 1 0 10
1 1 1 0 9
1 1 1 0 8
1 1 1 0 7
1 1 1 0 6
1 1 1 0 5
1 1 1 0 4
1 1 1 0 3
1 1 1 0 2
1 1 1 0 1
