1 1 1 2350 0
1 1 1 2349 1
1 1 1 2348 2
1 1 1 2347 3
1 1 1 2346 4
1 1 1 2345 5
1 1 1 2344 6
1 1 1 2343 7
1 1 1 2342 8
1 1 1 2341 9
1 1 1 2340 10
1 1 1 2339 11
1 1 1 2338 12
1 1 1 2337 13
1 1 1 2336 14
1 1 1 2335 15
1 1 1 2334 16
1 1 1 2333 17
1 1 1 2332 18
1 1 1 2331 19
1 1 1 2330 20
1 1 1 2329 21
1 1 1 2328 22
1 1 1 2327 23
1 1 1 2326 24
1 1 1 2325 25
1 1 1 2324 26
1 1 1 2323 27
1 1 1 2322 28
1 1 1 2321 29
1 1 1 2320 30
1 1 1 2319 31
1 1 1 2318 32
1 1 1 2317 33
1 1 1 2316 34
1 1 1 2315 35
1 1 1 2314 36
1 1 1 2313 37
1 1 1 2312 38
1 1 1 2311 39
1 1 1 2310 40
1 1 1 2309 41
1 1 1 2308 42
1 1 1 2307 43
1 1 1 2306 44
1 1 1 2305 45
1 1 1 2304 46
1 1 1 2303 47
1 1 1 2302 48
1 1 1 2301 49
1 1 1 2300 50
1 1 1 2299 51
1 1 1 2298 52
1 1 1 2297 53
1 1 1 2296 54
1 1 1 2295 55
1 1 1 2294 56
1 1 1 2293 57
1 1 1 2292 58
1 1 1 2291 59
1 1 1 2290 60
1 1 1 2289 61
1 1 1 2288 62
1 1 1 2287 63
1 1 1 2286 64
1 1 1 2285 65
1 1 1 2284 66
1 1 1 2283 67
1 1 1 2282 68
1 1 1 2281 69
1 1 1 2280 70
1 1 1 2279 71
1 1 1 2278 72
1 1 1 2277 73
1 1 1 2276 74
1 1 1 2275 75
1 1 1 2274 76
1 1 1 2273 77
1 1 1 2272 78
1 1 1 2271 79
1 1 1 2270 80
1 1 1 2269 81
1 1 1 2268 82
1 1 1 2267 83
1 1 1 2266 84
1 1 1 2265 85
1 1 1 2264 86
1 1 1 2263 87
1 1 1 2262 88
1 1 1 2261 89
1 1 1 2260 90
1 1 1 2259 91
1 1 1 2258 92
1 1 1 2257 93
1 1 1 2256 94
1 1 1 2255 95
1 1 1 2254 96
1 1 1 2253 97
1 1 1 2252 98
1 1 1 2251 99
1 1 1 2250 100
1 1 1 2249 101
1 1 1 2248 102
1 1 1 2247 103
1 1 1 2246 104
1 1 1 2245 105
1 1 1 2244 106
1 1 1 2243 107
1 1 1 2242 108
1 1 1 2241 109
1 1 1 2240 110
1 1 1 2239 111
1 1 1 2238 112
1 1 1 2237 113
1 1 1 2236 114
1 1 1 2235 115
1 1 1 2234 116
1 1 1 2233 117
1 1 1 2232 118
1 1 1 2231 119
1 1 1 2230 120
1 1 1 2229 121
1 1 1 2228 122
1 1 1 2227 123
1 1 1 2226 124
1 1 1 2225 125
1 1 1 2224 126
1 1 1 2223 127
1 1 1 2222 128
1 1 1 2221 129
1 1 1 2220 130
1 1 1 2219 131
1 1 1 2218 132
1 1 1 2217 133
1 1 1 2216 134
1 1 1 2215 135
1 1 1 2214 136
1 1 1 2213 137
1 1 1 2212 138
1 1 1 2211 139
1 1 1 2210 140
1 1 1 2209 141
1 1 1 2208 142
1 1 1 2207 143
1 1 1 2206 144
1 1 1 2205 145
1 1 1 2204 146
1 1 1 2203 147
1 1 1 2202 148
1 1 1 2201 149
1 1 1 2200 150
1 1 1 2199 151
1 1 1 2198 152
1 1 1 2197 153
1 1 1 2196 154
1 1 1 2195 155
1 1 1 2194 156
1 1 1 2193 157
1 1 1 2192 158
1 1 1 2191 159
1 1 1 2190 160
1 1 1 2189 161
1 1 1 2188 162
1 1 1 2187 163
1 1 1 2186 164
1 1 1 2185 165
1 1 1 2184 166
1 1 1 2183 167
1 1 1 2182 168
1 1 1 2181 169
1 1 1 2180 170
1 1 1 2179 171
1 1 1 2178 172
1 1 1 2177 173
1 1 1 2176 174
1 1 1 2175 175
1 1 1 2174 176
1 1 1 2173 177
1 1 1 2172 178
1 1 1 2171 179
1 1 1 2170 180
1 1 1 2169 181
1 1 1 2168 182
1 1 1 2167 183
1 1 1 2166 184
1 1 1 2165 185
1 1 1 2164 186
1 1 1 2163 187
1 1 1 2162 188
1 1 1 2161 189
1 1 1 2160 190
1 1 1 2159 191
1 1 1 2158 192
1 1 1 2157 193
1 1 1 2156 194
1 1 1 2155 195
1 1 1 2154 196
1 1 1 2153 197
1 1 1 2152 198
1 1 1 2151 199
1 1 1 2150 200
1 1 1 2149 201
1 1 1 2148 202
1 1 1 2147 203
1 1 1 2146 204
1 1 1 2145 205
1 1 1 2144 206
1 1 1 2143 207
1 1 1 2142 208
1 1 1 2141 209
1 1 1 2140 210
1 1 1 2139 211
1 1 1 2138 212
1 1 1 2137 213
1 1 1 2136 214
1 1 1 2135 215
1 1 1 2134 216
1 1 1 2133 217
1 1 1 2132 218
1 1 1 2131 219
1 1 1 2130 220
1 1 1 2129 221
1 1 1 2128 222
1 1 1 2127 223
1 1 1 2126 224
1 1 1 2125 225
1 1 1 2124 226
1 1 1 2123 227
1 1 1 2122 228
1 1 1 2121 229
1 1 1 2120 230
1 1 1 2119 231
1 1 1 2118 232
1 1 1 2117 233
1 1 1 2116 234
1 1 1 2115 235
1 1 1 2114 236
1 1 1 2113 237
1 1 1 2112 238
1 1 1 2111 239
1 1 1 2110 240
1 1 1 2109 241
1 1 1 2108 242
1 1 1 2107 243
1 1 1 2106 244
1 1 1 2105 245
1 1 1 2104 246
1 1 1 2103 247
1 1 1 2102 248
1 1 1 2101 249
1 1 1 2100 250
1 1 1 2099 251
1 1 1 2098 252
1 1 1 2097 253
1 1 1 2096 254
1 1 1 2095 255
1 1 1 2094 256
1 1 1 2093 257
1 1 1 2092 258
1 1 1 2091 259
1 1 1 2090 260
1 1 1 2089 261
1 1 1 2088 262
1 1 1 2087 263
1 1 1 2086 264
1 1 1 2085 265
1 1 1 2084 266
1 1 1 2083 267
1 1 1 2082 268
1 1 1 2081 269
1 1 1 2080 270
1 1 1 2079 271
1 1 1 2078 272
1 1 1 2077 273
1 1 1 2076 274
1 1 1 2075 275
1 1 1 2074 276
1 1 1 2073 277
1 1 1 2072 278
1 1 1 2071 279
1 1 1 2070 280
1 1 1 2069 281
1 1 1 2068 282
1 1 1 2067 283
1 1 1 2066 284
1 1 1 2065 285
1 1 1 2064 286
1 1 1 2063 287
1 1 1 2062 288
1 1 1 2061 289
1 1 1 2060 290
1 1 1 2059 291
1 1 1 2058 292
1 1 1 2057 293
1 1 1 2056 294
1 1 1 2055 295
1 1 1 2054 296
1 1 1 2053 297
1 1 1 2052 298
1 1 1 2051 299
1 1 1 2050 300
1 1 1 2049 301
1 1 1 2048 302
1 1 1 2047 303
1 1 1 2046 304
1 1 1 2045 305
1 1 1 2044 306
1 1 1 2043 307
1 1 1 2042 308
1 1 1 2041 309
1 1 1 2040 310
1 1 1 2039 311
1 1 1 2038 312
1 1 1 2037 313
1 1 1 2036 314
1 1 1 2035 315
1 1 1 2034 316
1 1 1 2033 317
1 1 1 2032 318
1 1 1 2031 319
1 1 1 2030 320
1 1 1 2029 321
1 1 1 2028 322
1 1 1 2027 323
1 1 1 2026 324
1 1 1 2025 325
1 1 1 2024 326
1 1 1 2023 327
1 1 1 2022 328
1 1 1 2021 329
1 1 1 2020 330
1 1 1 2019 331
1 1 1 2018 332
1 1 1 2017 333
1 1 1 2016 334
1 1 1 2015 335
1 1 1 2014 336
1 1 1 2013 337
1 1 1 2012 338
1 1 1 2011 339
1 1 1 2010 340
1 1 1 2009 341
1 1 1 2008 342
1 1 1 2007 343
1 1 1 2006 344
1 1 1 2005 345
1 1 1 2004 346
1 1 1 2003 347
1 1 1 2002 348
1 1 1 2001 349
1 1 1 2000 350
1 1 1 1999 351
1 1 1 1998 352
1 1 1 1997 353
1 1 1 1996 354
1 1 1 1995 355
1 1 1 1994 356
1 1 1 1993 357
1 1 1 1992 358
1 1 1 1991 359
1 1 1 1990 360
1 1 1 1989 361
1 1 1 1988 362
1 1 1 1987 363
1 1 1 1986 364
1 1 1 1985 365
1 1 1 1984 366
1 1 1 1983 367
1 1 1 1982 368
1 1 1 1981 369
1 1 1 1980 370
1 1 1 1979 371
1 1 1 1978 372
1 1 1 1977 373
1 1 1 1976 374
1 1 1 1975 375
1 1 1 1974 376
1 1 1 1973 377
1 1 1 1972 378
1 1 1 1971 379
1 1 1 1970 380
1 1 1 1969 381
1 1 1 1968 382
1 1 1 1967 383
1 1 1 1966 384
1 1 1 1965 385
1 1 1 1964 386
1 1 1 1963 387
1 1 1 1962 388
1 1 1 1961 389
1 1 1 1960 390
1 1 1 1959 391
1 1 1 1958 392
1 1 1 1957 393
1 1 1 1956 394
1 1 1 1955 395
1 1 1 1954 396
1 1 1 1953 397
1 1 1 1952 398
1 1 1 1951 399
1 1 1 1950 400
1 1 1 1949 401
1 1 1 1948 402
1 1 1 1947 403
1 1 1 1946 404
1 1 1 1945 405
1 1 1 1944 406
1 1 1 1943 407
1 1 1 1942 408
1 1 1 1941 409
1 1 1 1940 410
1 1 1 1939 411
1 1 1 1938 412
1 1 1 1937 413
1 1 1 1936 414
1 1 1 1935 415
1 1 1 1934 416
1 1 1 1933 417
1 1 1 1932 418
1 1 1 1931 419
1 1 1 1930 420
1 1 1 1929 421
1 1 1 1928 422
1 1 1 1927 423
1 1 1 1926 424
1 1 1 1925 425
1 1 1 1924 426
1 1 1 1923 427
1 1 1 1922 428
1 1 1 1921 429
1 1 1 1920 430
1 1 1 1919 431
1 1 1 1918 432
1 1 1 1917 433
1 1 1 1916 434
1 1 1 1915 435
1 1 1 1914 436
1 1 1 1913 437
1 1 1 1912 438
1 1 1 1911 439
1 1 1 1910 440
1 1 1 1909 441
1 1 1 1908 442
1 1 1 1907 443
1 1 1 1906 444
1 1 1 1905 445
1 1 1 1904 446
1 1 1 1903 447
1 1 1 1902 448
1 1 1 1901 449
1 1 1 1900 450
1 1 1 1899 451
1 1 1 1898 452
1 1 1 1897 453
1 1 1 1896 454
1 1 1 1895 455
1 1 1 1894 456
1 1 1 1893 457
1 1 1 1892 458
1 1 1 1891 459
1 1 1 1890 460
1 1 1 1889 461
1 1 1 1888 462
1 1 1 1887 463
1 1 1 1886 464
1 1 1 1885 465
1 1 1 1884 466
1 1 1 1883 467
1 1 1 1882 468
1 1 1 1881 469
1 1 1 1880 470
1 1 1 1879 471
1 1 1 1878 472
1 1 1 1877 473
1 1 1 1876 474
1 1 1 1875 475
1 1 1 1874 476
1 1 1 1873 477
1 1 1 1872 478
1 1 1 1871 479
1 1 1 1870 480
1 1 1 1869 481
1 1 1 1868 482
1 1 1 1867 483
1 1 1 1866 484
1 1 1 1865 485
1 1 1 1864 486
1 1 1 1863 487
1 1 1 1862 488
1 1 1 1861 489
1 1 1 1860 490
1 1 1 1859 491
1 1 1 1858 492
1 1 1 1857 493
1 1 1 1856 494
1 1 1 1855 495
1 1 1 1854 496
1 1 1 1853 497
1 1 1 1852 498
1 1 1 1851 499
1 1 1 1850 500
1 1 1 1849 501
1 1 1 1848 502
1 1 1 1847 503
1 1 1 1846 504
1 1 1 1845 505
1 1 1 1844 506
1 1 1 1843 507
1 1 1 1842 508
1 1 1 1841 509
1 1 1 1840 510
1 1 1 1839 511
1 1 1 1838 512
1 1 1 1837 513
1 1 1 1836 514
1 1 1 1835 515
1 1 1 1834 516
1 1 1 1833 517
1 1 1 1832 518
1 1 1 1831 519
1 1 1 1830 520
1 1 1 1829 521
1 1 1 1828 522
1 1 1 1827 523
1 1 1 1826 524
1 1 1 1825 525
1 1 1 1824 526
1 1 1 1823 527
1 1 1 1822 528
1 1 1 1821 529
1 1 1 1820 530
1 1 1 1819 531
1 1 1 1818 532
1 1 1 1817 533
1 1 1 1816 534
1 1 1 1815 535
1 1 1 1814 536
1 1 1 1813 537
1 1 1 1812 538
1 1 1 1811 539
1 1 1 1810 540
1 1 1 1809 541
1 1 1 1808 542
1 1 1 1807 543
1 1 1 1806 544
1 1 1 1805 545
1 1 1 1804 546
1 1 1 1803 547
1 1 1 1802 548
1 1 1 1801 549
1 1 1 1800 550
1 1 1 1799 551
1 1 1 1798 552
1 1 1 1797 553
1 1 1 1796 554
1 1 1 1795 555
1 1 1 1794 556
1 1 1 1793 557
1 1 1 1792 558
1 1 1 1791 559
1 1 1 1790 560
1 1 1 1789 561
1 1 1 1788 562
1 1 1 1787 563
1 1 1 1786 564
1 1 1 1785 565
1 1 1 1784 566
1 1 1 1783 567
1 1 1 1782 568
1 1 1 1781 569
1 1 1 1780 570
1 1 1 1779 571
1 1 1 1778 572
1 1 1 1777 573
1 1 1 1776 574
1 1 1 1775 575
1 1 1 1774 576
1 1 1 1773 577
1 1 1 1772 578
1 1 1 1771 579
1 1 1 1770 580
1 1 1 1769 581
1 1 1 1768 582
1 1 1 1767 583
1 1 1 1766 584
1 1 1 1765 585
1 1 1 1764 586
1 1 1 1763 587
1 1 1 1762 588
1 1 1 1761 589
1 1 1 1760 590
1 1 1 1759 591
1 1 1 1758 592
1 1 1 1757 593
1 1 1 1756 594
1 1 1 1755 595
1 1 1 1754 596
1 1 1 1753 597
1 1 1 1752 598
1 1 1 1751 599
1 1 1 1750 600
1 1 1 1749 601
1 1 1 1748 602
1 1 1 1747 603
1 1 1 1746 604
1 1 1 1745 605
1 1 1 1744 606
1 1 1 1743 607
1 1 1 1742 608
1 1 1 1741 609
1 1 1 1740 610
1 1 1 1739 611
1 1 1 1738 612
1 1 1 1737 613
1 1 1 1736 614
1 1 1 1735 615
1 1 1 1734 616
1 1 1 1733 617
1 1 1 1732 618
1 1 1 1731 619
1 1 1 1730 620
1 1 1 1729 621
1 1 1 1728 622
1 1 1 1727 623
1 1 1 1726 624
1 1 1 1725 625
1 1 1 1724 626
1 1 1 1723 627
1 1 1 1722 628
1 1 1 1721 629
1 1 1 1720 630
1 1 1 1719 631
1 1 1 1718 632
1 1 1 1717 633
1 1 1 1716 634
1 1 1 1715 635
1 1 1 1714 636
1 1 1 1713 637
1 1 1 1712 638
1 1 1 1711 639
1 1 1 1710 640
1 1 1 1709 641
1 1 1 1708 642
1 1 1 1707 643
1 1 1 1706 644
1 1 1 1705 645
1 1 1 1704 646
1 1 1 1703 647
1 1 1 1702 648
1 1 1 1701 649
1 1 1 1700 650
1 1 1 1699 651
1 1 1 1698 652
1 1 1 1697 653
1 1 1 1696 654
1 1 1 1695 655
1 1 1 1694 656
1 1 1 1693 657
1 1 1 1692 658
1 1 1 1691 659
1 1 1 1690 660
1 1 1 1689 661
1 1 1 1688 662
1 1 1 1687 663
1 1 1 1686 664
1 1 1 1685 665
1 1 1 1684 666
1 1 1 1683 667
1 1 1 1682 668
1 1 1 1681 669
1 1 1 1680 670
1 1 1 1679 671
1 1 1 1678 672
1 1 1 1677 673
1 1 1 1676 674
1 1 1 1675 675
1 1 1 1674 676
1 1 1 1673 677
1 1 1 1672 678
1 1 1 1671 679
1 1 1 1670 680
1 1 1 1669 681
1 1 1 1668 682
1 1 1 1667 683
1 1 1 1666 684
1 1 1 1665 685
1 1 1 1664 686
1 1 1 1663 687
1 1 1 1662 688
1 1 1 1661 689
1 1 1 1660 690
1 1 1 1659 691
1 1 1 1658 692
1 1 1 1657 693
1 1 1 1656 694
1 1 1 1655 695
1 1 1 1654 696
1 1 1 1653 697
1 1 1 1652 698
1 1 1 1651 699
1 1 1 1650 700
1 1 1 1649 701
1 1 1 1648 702
1 1 1 1647 703
1 1 1 1646 704
1 1 1 1645 705
1 1 1 1644 706
1 1 1 1643 707
1 1 1 1642 708
1 1 1 1641 709
1 1 1 1640 710
1 1 1 1639 711
1 1 1 1638 712
1 1 1 1637 713
1 1 1 1636 714
1 1 1 1635 715
1 1 1 1634 716
1 1 1 1633 717
1 1 1 1632 718
1 1 1 1631 719
1 1 1 1630 720
1 1 1 1629 721
1 1 1 1628 722
1 1 1 1627 723
1 1 1 1626 724
1 1 1 1625 725
1 1 1 1624 726
1 1 1 1623 727
1 1 1 1622 728
1 1 1 1621 729
1 1 1 1620 730
1 1 1 1619 731
1 1 1 1618 732
1 1 1 1617 733
1 1 1 1616 734
1 1 1 1615 735
1 1 1 1614 736
1 1 1 1613 737
1 1 1 1612 738
1 1 1 1611 739
1 1 1 1610 740
1 1 1 1609 741
1 1 1 1608 742
1 1 1 1607 743
1 1 1 1606 744
1 1 1 1605 745
1 1 1 1604 746
1 1 1 1603 747
1 1 1 1602 748
1 1 1 1601 749
1 1 1 1600 750
1 1 1 1599 751
1 1 1 1598 752
1 1 1 1597 753
1 1 1 1596 754
1 1 1 1595 755
1 1 1 1594 756
1 1 1 1593 757
1 1 1 1592 758
1 1 1 1591 759
1 1 1 1590 760
1 1 1 1589 761
1 1 1 1588 762
1 1 1 1587 763
1 1 1 1586 764
1 1 1 1585 765
1 1 1 1584 766
1 1 1 1583 767
1 1 1 1582 768
1 1 1 1581 769
1 1 1 1580 770
1 1 1 1579 771
1 1 1 1578 772
1 1 1 1577 773
1 1 1 1576 774
1 1 1 1575 775
1 1 1 1574 776
1 1 1 1573 777
1 1 1 1572 778
1 1 1 1571 779
1 1 1 1570 780
1 1 1 1569 781
1 1 1 1568 782
1 1 1 1567 783
1 1 1 1566 784
1 1 1 1565 785
1 1 1 1564 786
1 1 1 1563 787
1 1 1 1562 788
1 1 1 1561 789
1 1 1 1560 790
1 1 1 1559 791
1 1 1 1558 792
1 1 1 1557 793
1 1 1 1556 794
1 1 1 1555 795
1 1 1 1554 796
1 1 1 1553 797
1 1 1 1552 798
1 1 1 1551 799
1 1 1 1550 800
1 1 1 1549 801
1 1 1 1548 802
1 1 1 1547 803
1 1 1 1546 804
1 1 1 1545 805
1 1 1 1544 806
1 1 1 1543 807
1 1 1 1542 808
1 1 1 1541 809
1 1 1 1540 810
1 1 1 1539 811
1 1 1 1538 812
1 1 1 1537 813
1 1 1 1536 814
1 1 1 1535 815
1 1 1 1534 816
1 1 1 1533 817
1 1 1 1532 818
1 1 1 1531 819
1 1 1 1530 820
1 1 1 1529 821
1 1 1 1528 822
1 1 1 1527 823
1 1 1 1526 824
1 1 1 1525 825
1 1 1 1524 826
1 1 1 1523 827
1 1 1 1522 828
1 1 1 1521 829
1 1 1 1520 830
1 1 1 1519 831
1 1 1 1518 832
1 1 1 1517 833
1 1 1 1516 834
1 1 1 1515 835
1 1 1 1514 836
1 1 1 1513 837
1 1 1 1512 838
1 1 1 1511 839
1 1 1 1510 840
1 1 1 1509 841
1 1 1 1508 842
1 1 1 1507 843
1 1 1 1506 844
1 1 1 1505 845
1 1 1 1504 846
1 1 1 1503 847
1 1 1 1502 848
1 1 1 1501 849
1 1 1 1500 850
1 1 1 1499 851
1 1 1 1498 852
1 1 1 1497 853
1 1 1 1496 854
1 1 1 1495 855
1 1 1 1494 856
1 1 1 1493 857
1 1 1 1492 858
1 1 1 1491 859
1 1 1 1490 860
1 1 1 1489 861
1 1 1 1488 862
1 1 1 1487 863
1 1 1 1486 864
1 1 1 1485 865
1 1 1 1484 866
1 1 1 1483 867
1 1 1 1482 868
1 1 1 1481 869
1 1 1 1480 870
1 1 1 1479 871
1 1 1 1478 872
1 1 1 1477 873
1 1 1 1476 874
1 1 1 1475 875
1 1 1 1474 876
1 1 1 1473 877
1 1 1 1472 878
1 1 1 1471 879
1 1 1 1470 880
1 1 1 1469 881
1 1 1 1468 882
1 1 1 1467 883
1 1 1 1466 884
1 1 1 1465 885
1 1 1 1464 886
1 1 1 1463 887
1 1 1 1462 888
1 1 1 1461 889
1 1 1 1460 890
1 1 1 1459 891
1 1 1 1458 892
1 1 1 1457 893
1 1 1 1456 894
1 1 1 1455 895
1 1 1 1454 896
1 1 1 1453 897
1 1 1 1452 898
1 1 1 1451 899
1 1 1 1450 900
1 1 1 1449 901
1 1 1 1448 902
1 1 1 1447 903
1 1 1 1446 904
1 1 1 1445 905
1 1 1 1444 906
1 1 1 1443 907
1 1 1 1442 908
1 1 1 1441 909
1 1 1 1440 910
1 1 1 1439 911
1 1 1 1438 912
1 1 1 1437 913
1 1 1 1436 914
1 1 1 1435 915
1 1 1 1434 916
1 1 1 1433 917
1 1 1 1432 918
1 1 1 1431 919
1 1 1 1430 920
1 1 1 1429 921
1 1 1 1428 922
1 1 1 1427 923
1 1 1 1426 924
1 1 1 1425 925
1 1 1 1424 926
1 1 1 1423 927
1 1 1 1422 928
1 1 1 1421 929
1 1 1 1420 930
1 1 1 1419 931
1 1 1 1418 932
1 1 1 1417 933
1 1 1 1416 934
1 1 1 1415 935
1 1 1 1414 936
1 1 1 1413 937
1 1 1 1412 938
1 1 1 1411 939
1 1 1 1410 940
1 1 1 1409 941
1 1 1 1408 942
1 1 1 1407 943
1 1 1 1406 944
1 1 1 1405 945
1 1 1 1404 946
1 1 1 1403 947
1 1 1 1402 948
1 1 1 1401 949
1 1 1 1400 950
1 1 1 1399 951
1 1 1 1398 952
1 1 1 1397 953
1 1 1 1396 954
1 1 1 1395 955
1 1 1 1394 956
1 1 1 1393 957
1 1 1 1392 958
1 1 1 1391 959
1 1 1 1390 960
1 1 1 1389 961
1 1 1 1388 962
1 1 1 1387 963
1 1 1 1386 964
1 1 1 1385 965
1 1 1 1384 966
1 1 1 1383 967
1 1 1 1382 968
1 1 1 1381 969
1 1 1 1380 970
1 1 1 1379 971
1 1 1 1378 972
1 1 1 1377 973
1 1 1 1376 974
1 1 1 1375 975
1 1 1 1374 976
1 1 1 1373 977
1 1 1 1372 978
1 1 1 1371 979
1 1 1 1370 980
1 1 1 1369 981
1 1 1 1368 982
1 1 1 1367 983
1 1 1 1366 984
1 1 1 1365 985
1 1 1 1364 986
1 1 1 1363 987
1 1 1 1362 988
1 1 1 1361 989
1 1 1 1360 990
1 1 1 1359 991
1 1 1 1358 992
1 1 1 1357 993
1 1 1 1356 994
1 1 1 1355 995
1 1 1 1354 996
1 1 1 1353 997
1 1 1 1352 998
1 1 1 1351 999
1 1 1 1350 1000
1 1 1 1349 1001
1 1 1 1348 1002
1 1 1 1347 1003
1 1 1 1346 1004
1 1 1 1345 1005
1 1 1 1344 1006
1 1 1 1343 1007
1 1 1 1342 1008
1 1 1 1341 1009
1 1 1 1340 1010
1 1 1 1339 1011
1 1 1 1338 1012
1 1 1 1337 1013
1 1 1 1336 1014
1 1 1 1335 1015
1 1 1 1334 1016
1 1 1 1333 1017
1 1 1 1332 1018
1 1 1 1331 1019
1 1 1 1330 1020
1 1 1 1329 1021
1 1 1 1328 1022
1 1 1 1327 1023
1 1 1 1326 1024
1 1 1 1325 1025
1 1 1 1324 1026
1 1 1 1323 1027
1 1 1 1322 1028
1 1 1 1321 1029
1 1 1 1320 1030
1 1 1 1319 1031
1 1 1 1318 1032
1 1 1 1317 1033
1 1 1 1316 1034
1 1 1 1315 1035
1 1 1 1314 1036
1 1 1 1313 1037
1 1 1 1312 1038
1 1 1 1311 1039
1 1 1 1310 1040
1 1 1 1309 1041
1 1 1 1308 1042
1 1 1 1307 1043
1 1 1 1306 1044
1 1 1 1305 1045
1 1 1 1304 1046
1 1 1 1303 1047
1 1 1 1302 1048
1 1 1 1301 1049
1 1 1 1300 1050
1 1 1 1299 1051
1 1 1 1298 1052
1 1 1 1297 1053
1 1 1 1296 1054
1 1 1 1295 1055
1 1 1 1294 1056
1 1 1 1293 1057
1 1 1 1292 1058
1 1 1 1291 1059
1 1 1 1290 1060
1 1 1 1289 1061
1 1 1 1288 1062
1 1 1 1287 1063
1 1 1 1286 1064
1 1 1 1285 1065
1 1 1 1284 1066
1 1 1 1283 1067
1 1 1 1282 1068
1 1 1 1281 1069
1 1 1 1280 1070
1 1 1 1279 1071
1 1 1 1278 1072
1 1 1 1277 1073
1 1 1 1276 1074
1 1 1 1275 1075
1 1 1 1274 1076
1 1 1 1273 1077
1 1 1 1272 1078
1 1 1 1271 1079
1 1 1 1270 1080
1 1 1 1269 1081
1 1 1 1268 1082
1 1 1 1267 1083
1 1 1 1266 1084
1 1 1 1265 1085
1 1 1 1264 1086
1 1 1 1263 1087
1 1 1 1262 1088
1 1 1 1261 1089
1 1 1 1260 1090
1 1 1 1259 1091
1 1 1 1258 1092
1 1 1 1257 1093
1 1 1 1256 1094
1 1 1 1255 1095
1 1 1 1254 1096
1 1 1 1253 1097
1 1 1 1252 1098
1 1 1 1251 1099
1 1 1 1250 1100
1 1 1 1249 1101
1 1 1 1248 1102
1 1 1 1247 1103
1 1 1 1246 1104
1 1 1 1245 1105
1 1 1 1244 1106
1 1 1 1243 1107
1 1 1 1242 1108
1 1 1 1241 1109
1 1 1 1240 1110
1 1 1 1239 1111
1 1 1 1238 1112
1 1 1 1237 1113
1 1 1 1236 1114
1 1 1 1235 1115
1 1 1 1234 1116
1 1 1 1233 1117
1 1 1 1232 1118
1 1 1 1231 1119
1 1 1 1230 1120
1 1 1 1229 1121
1 1 1 1228 1122
1 1 1 1227 1123
1 1 1 1226 1124
1 1 1 1225 1125
1 1 1 1224 1126
1 1 1 1223 1127
1 1 1 1222 1128
1 1 1 1221 1129
1 1 1 1220 1130
1 1 1 1219 1131
1 1 1 1218 1132
1 1 1 1217 1133
1 1 1 1216 1134
1 1 1 1215 1135
1 1 1 1214 1136
1 1 1 1213 1137
1 1 1 1212 1138
1 1 1 1211 1139
1 1 1 1210 1140
1 1 1 1209 1141
1 1 1 1208 1142
1 1 1 1207 1143
1 1 1 1206 1144
1 1 1 1205 1145
1 1 1 1204 1146
1 1 1 1203 1147
1 1 1 1202 1148
1 1 1 1201 1149
1 1 1 1200 1150
1 1 1 1199 1151
1 1 1 1198 1152
1 1 1 1197 1153
1 1 1 1196 1154
1 1 1 1195 1155
1 1 1 1194 1156
1 1 1 1193 1157
1 1 1 1192 1158
1 1 1 1191 1159
1 1 1 1190 1160
1 1 1 1189 1161
1 1 1 1188 1162
1 1 1 1187 1163
1 1 1 1186 1164
1 1 1 1185 1165
1 1 1 1184 1166
1 1 1 1183 1167
1 1 1 1182 1168
1 1 1 1181 1169
1 1 1 1180 1170
1 1 1 1179 1171
1 1 1 1178 1172
1 1 1 1177 1173
1 1 1 1176 1174
1 1 1 1175 1175
1 1 1 1174 1176
1 1 1 1173 1177
1 1 1 1172 1178
1 1 1 1171 1179
1 1 1 1170 1180
1 1 1 1169 1181
1 1 1 1168 1182
1 1 1 1167 1183
1 1 1 1166 1184
1 1 1 1165 1185
1 1 1 1164 1186
1 1 1 1163 1187
1 1 1 1162 1188
1 1 1 1161 1189
1 1 1 1160 1190
1 1 1 1159 1191
1 1 1 1158 1192
1 1 1 1157 1193
1 1 1 1156 1194
1 1 1 1155 1195
1 1 1 1154 1196
1 1 1 1153 1197
1 1 1 1152 1198
1 1 1 1151 1199
1 1 1 1150 1200
1 1 1 1149 1201
1 1 1 1148 1202
1 1 1 1147 1203
1 1 1 1146 1204
1 1 1 1145 1205
1 1 1 1144 1206
1 1 1 1143 1207
1 1 1 1142 1208
1 1 1 1141 1209
1 1 1 1140 1210
1 1 1 1139 1211
1 1 1 1138 1212
1 1 1 1137 1213
1 1 1 1136 1214
1 1 1 1135 1215
1 1 1 1134 1216
1 1 1 1133 1217
1 1 1 1132 1218
1 1 1 1131 1219
1 1 1 1130 1220
1 1 1 1129 1221
1 1 1 1128 1222
1 1 1 1127 1223
1 1 1 1126 1224
1 1 1 1125 1225
1 1 1 1124 1226
1 1 1 1123 1227
1 1 1 1122 1228
1 1 1 1121 1229
1 1 1 1120 1230
1 1 1 1119 1231
1 1 1 1118 1232
1 1 1 1117 1233
1 1 1 1116 1234
1 1 1 1115 1235
1 1 1 1114 1236
1 1 1 1113 1237
1 1 1 1112 1238
1 1 1 1111 1239
1 1 1 1110 1240
1 1 1 1109 1241
1 1 1 1108 1242
1 1 1 1107 1243
1 1 1 1106 1244
1 1 1 1105 1245
1 1 1 1104 1246
1 1 1 1103 1247
1 1 1 1102 1248
1 1 1 1101 1249
1 1 1 1100 1250
1 1 1 1099 1251
1 1 1 1098 1252
1 1 1 1097 1253
1 1 1 1096 1254
1 1 1 1095 1255
1 1 1 1094 1256
1 1 1 1093 1257
1 1 1 1092 1258
1 1 1 1091 1259
1 1 1 1090 1260
1 1 1 1089 1261
1 1 1 1088 1262
1 1 1 1087 1263
1 1 1 1086 1264
1 1 1 1085 1265
1 1 1 1084 1266
1 1 1 1083 1267
1 1 1 1082 1268
1 1 1 1081 1269
1 1 1 1080 1270
1 1 1 1079 1271
1 1 1 1078 1272
1 1 1 1077 1273
1 1 1 1076 1274
1 1 1 1075 1275
1 1 1 1074 1276
1 1 1 1073 1277
1 1 1 1072 1278
1 1 1 1071 1279
1 1 1 1070 1280
1 1 1 1069 1281
1 1 1 1068 1282
1 1 1 1067 1283
1 1 1 1066 1284
1 1 1 1065 1285
1 1 1 1064 1286
1 1 1 1063 1287
1 1 1 1062 1288
1 1 1 1061 1289
1 1 1 1060 1290
1 1 1 1059 1291
1 1 1 1058 1292
1 1 1 1057 1293
1 1 1 1056 1294
1 1 1 1055 1295
1 1 1 1054 1296
1 1 1 1053 1297
1 1 1 1052 1298
1 1 1 1051 1299
1 1 1 1050 1300
1 1 1 1049 1301
1 1 1 1048 1302
1 1 1 1047 1303
1 1 1 1046 1304
1 1 1 1045 1305
1 1 1 1044 1306
1 1 1 1043 1307
1 1 1 1042 1308
1 1 1 1041 1309
1 1 1 1040 1310
1 1 1 1039 1311
1 1 1 1038 1312
1 1 1 1037 1313
1 1 1 1036 1314
1 1 1 1035 1315
1 1 1 1034 1316
1 1 1 1033 1317
1 1 1 1032 1318
1 1 1 1031 1319
1 1 1 1030 1320
1 1 1 1029 1321
1 1 1 1028 1322
1 1 1 1027 1323
1 1 1 1026 1324
1 1 1 1025 1325
1 1 1 1024 1326
1 1 1 1023 1327
1 1 1 1022 1328
1 1 1 1021 1329
1 1 1 1020 1330
1 1 1 1019 1331
1 1 1 1018 1332
1 1 1 1017 1333
1 1 1 1016 1334
1 1 1 1015 1335
1 1 1 1014 1336
1 1 1 1013 1337
1 1 1 1012 1338
1 1 1 1011 1339
1 1 1 1010 1340
1 1 1 1009 1341
1 1 1 1008 1342
1 1 1 1007 1343
1 1 1 1006 1344
1 1 1 1005 1345
1 1 1 1004 1346
1 1 1 1003 1347
1 1 1 1002 1348
1 1 1 1001 1349
1 1 1 1000 1350
1 1 1 999 1351
1 1 1 998 1352
1 1 1 997 1353
1 1 1 996 1354
1 1 1 995 1355
1 1 1 994 1356
1 1 1 993 1357
1 1 1 992 1358
1 1 1 991 1359
1 1 1 990 1360
1 1 1 989 1361
1 1 1 988 1362
1 1 1 987 1363
1 1 1 986 1364
1 1 1 985 1365
1 1 1 984 1366
1 1 1 983 1367
1 1 1 982 1368
1 1 1 981 1369
1 1 1 980 1370
1 1 1 979 1371
1 1 1 978 1372
1 1 1 977 1373
1 1 1 976 1374
1 1 1 975 1375
1 1 1 974 1376
1 1 1 973 1377
1 1 1 972 1378
1 1 1 971 1379
1 1 1 970 1380
1 1 1 969 1381
1 1 1 968 1382
1 1 1 967 1383
1 1 1 966 1384
1 1 1 965 1385
1 1 1 964 1386
1 1 1 963 1387
1 1 1 962 1388
1 1 1 961 1389
1 1 1 960 1390
1 1 1 959 1391
1 1 1 958 1392
1 1 1 957 1393
1 1 1 956 1394
1 1 1 955 1395
1 1 1 954 1396
1 1 1 953 1397
1 1 1 952 1398
1 1 1 951 1399
1 1 1 950 1400
1 1 1 949 1401
1 1 1 948 1402
1 1 1 947 1403
1 1 1 946 1404
1 1 1 945 1405
1 1 1 944 1406
1 1 1 943 1407
1 1 1 942 1408
1 1 1 941 1409
1 1 1 940 1410
1 1 1 939 1411
1 1 1 938 1412
1 1 1 937 1413
1 1 1 936 1414
1 1 1 935 1415
1 1 1 934 1416
1 1 1 933 1417
1 1 1 932 1418
1 1 1 931 1419
1 1 1 930 1420
1 1 1 929 1421
1 1 1 928 1422
1 1 1 927 1423
1 1 1 926 1424
1 1 1 925 1425
1 1 1 924 1426
1 1 1 923 1427
1 1 1 922 1428
1 1 1 921 1429
1 1 1 920 1430
1 1 1 919 1431
1 1 1 918 1432
1 1 1 917 1433
1 1 1 916 1434
1 1 1 915 1435
1 1 1 914 1436
1 1 1 913 1437
1 1 1 912 1438
1 1 1 911 1439
1 1 1 910 1440
1 1 1 909 1441
1 1 1 908 1442
1 1 1 907 1443
1 1 1 906 1444
1 1 1 905 1445
1 1 1 904 1446
1 1 1 903 1447
1 1 1 902 1448
1 1 1 901 1449
1 1 1 900 1450
1 1 1 899 1451
1 1 1 898 1452
1 1 1 897 1453
1 1 1 896 1454
1 1 1 895 1455
1 1 1 894 1456
1 1 1 893 1457
1 1 1 892 1458
1 1 1 891 1459
1 1 1 890 1460
1 1 1 889 1461
1 1 1 888 1462
1 1 1 887 1463
1 1 1 886 1464
1 1 1 885 1465
1 1 1 884 1466
1 1 1 883 1467
1 1 1 882 1468
1 1 1 881 1469
1 1 1 880 1470
1 1 1 879 1471
1 1 1 878 1472
1 1 1 877 1473
1 1 1 876 1474
1 1 1 875 1475
1 1 1 874 1476
1 1 1 873 1477
1 1 1 872 1478
1 1 1 871 1479
1 1 1 870 1480
1 1 1 869 1481
1 1 1 868 1482
1 1 1 867 1483
1 1 1 866 1484
1 1 1 865 1485
1 1 1 864 1486
1 1 1 863 1487
1 1 1 862 1488
1 1 1 861 1489
1 1 1 860 1490
1 1 1 859 1491
1 1 1 858 1492
1 1 1 857 1493
1 1 1 856 1494
1 1 1 855 1495
1 1 1 854 1496
1 1 1 853 1497
1 1 1 852 1498
1 1 1 851 1499
1 1 1 850 1500
1 1 1 849 1501
1 1 1 848 1502
1 1 1 847 1503
1 1 1 846 1504
1 1 1 845 1505
1 1 1 844 1506
1 1 1 843 1507
1 1 1 842 1508
1 1 1 841 1509
1 1 1 840 1510
1 1 1 839 1511
1 1 1 838 1512
1 1 1 837 1513
1 1 1 836 1514
1 1 1 835 1515
1 1 1 834 1516
1 1 1 833 1517
1 1 1 832 1518
1 1 1 831 1519
1 1 1 830 1520
1 1 1 829 1521
1 1 1 828 1522
1 1 1 827 1523
1 1 1 826 1524
1 1 1 825 1525
1 1 1 824 1526
1 1 1 823 1527
1 1 1 822 1528
1 1 1 821 1529
1 1 1 820 1530
1 1 1 819 1531
1 1 1 818 1532
1 1 1 817 1533
1 1 1 816 1534
1 1 1 815 1535
1 1 1 814 1536
1 1 1 813 1537
1 1 1 812 1538
1 1 1 811 1539
1 1 1 810 1540
1 1 1 809 1541
1 1 1 808 1542
1 1 1 807 1543
1 1 1 806 1544
1 1 1 805 1545
1 1 1 804 1546
1 1 1 803 1547
1 1 1 802 1548
1 1 1 801 1549
1 1 1 800 1550
1 1 1 799 1551
1 1 1 798 1552
1 1 1 797 1553
1 1 1 796 1554
1 1 1 795 1555
1 1 1 794 1556
1 1 1 793 1557
1 1 1 792 1558
1 1 1 791 1559
1 1 1 790 1560
1 1 1 789 1561
1 1 1 788 1562
1 1 1 787 1563
1 1 1 786 1564
1 1 1 785 1565
1 1 1 784 1566
1 1 1 783 1567
1 1 1 782 1568
1 1 1 781 1569
1 1 1 780 1570
1 1 1 779 1571
1 1 1 778 1572
1 1 1 777 1573
1 1 1 776 1574
1 1 1 775 1575
1 1 1 774 1576
1 1 1 773 1577
1 1 1 772 1578
1 1 1 771 1579
1 1 1 770 1580
1 1 1 769 1581
1 1 1 768 1582
1 1 1 767 1583
1 1 1 766 1584
1 1 1 765 1585
1 1 1 764 1586
1 1 1 763 1587
1 1 1 762 1588
1 1 1 761 1589
1 1 1 760 1590
1 1 1 759 1591
1 1 1 758 1592
1 1 1 757 1593
1 1 1 756 1594
1 1 1 755 1595
1 1 1 754 1596
1 1 1 753 1597
1 1 1 752 1598
1 1 1 751 1599
1 1 1 750 1600
1 1 1 749 1601
1 1 1 748 1602
1 1 1 747 1603
1 1 1 746 1604
1 1 1 745 1605
1 1 1 744 1606
1 1 1 743 1607
1 1 1 742 1608
1 1 1 741 1609
1 1 1 740 1610
1 1 1 739 1611
1 1 1 738 1612
1 1 1 737 1613
1 1 1 736 1614
1 1 1 735 1615
1 1 1 734 1616
1 1 1 733 1617
1 1 1 732 1618
1 1 1 731 1619
1 1 1 730 1620
1 1 1 729 1621
1 1 1 728 1622
1 1 1 727 1623
1 1 1 726 1624
1 1 1 725 1625
1 1 1 724 1626
1 1 1 723 1627
1 1 1 722 1628
1 1 1 721 1629
1 1 1 720 1630
1 1 1 719 1631
1 1 1 718 1632
1 1 1 717 1633
1 1 1 716 1634
1 1 1 715 1635
1 1 1 714 1636
1 1 1 713 1637
1 1 1 712 1638
1 1 1 711 1639
1 1 1 710 1640
1 1 1 709 1641
1 1 1 708 1642
1 1 1 707 1643
1 1 1 706 1644
1 1 1 705 1645
1 1 1 704 1646
1 1 1 703 1647
1 1 1 702 1648
1 1 1 701 1649
1 1 1 700 1650
1 1 1 699 1651
1 1 1 698 1652
1 1 1 697 1653
1 1 1 696 1654
1 1 1 695 1655
1 1 1 694 1656
1 1 1 693 1657
1 1 1 692 1658
1 1 1 691 1659
1 1 1 690 1660
1 1 1 689 1661
1 1 1 688 1662
1 1 1 687 1663
1 1 1 686 1664
1 1 1 685 1665
1 1 1 684 1666
1 1 1 683 1667
1 1 1 682 1668
1 1 1 681 1669
1 1 1 680 1670
1 1 1 679 1671
1 1 1 678 1672
1 1 1 677 1673
1 1 1 676 1674
1 1 1 675 1675
1 1 1 674 1676
1 1 1 673 1677
1 1 1 672 1678
1 1 1 671 1679
1 1 1 670 1680
1 1 1 669 1681
1 1 1 668 1682
1 1 1 667 1683
1 1 1 666 1684
1 1 1 665 1685
1 1 1 664 1686
1 1 1 663 1687
1 1 1 662 1688
1 1 1 661 1689
1 1 1 660 1690
1 1 1 659 1691
1 1 1 658 1692
1 1 1 657 1693
1 1 1 656 1694
1 1 1 655 1695
1 1 1 654 1696
1 1 1 653 1697
1 1 1 652 1698
1 1 1 651 1699
1 1 1 650 1700
1 1 1 649 1701
1 1 1 648 1702
1 1 1 647 1703
1 1 1 646 1704
1 1 1 645 1705
1 1 1 644 1706
1 1 1 643 1707
1 1 1 642 1708
1 1 1 641 1709
1 1 1 640 1710
1 1 1 639 1711
1 1 1 638 1712
1 1 1 637 1713
1 1 1 636 1714
1 1 1 635 1715
1 1 1 634 1716
1 1 1 633 1717
1 1 1 632 1718
1 1 1 631 1719
1 1 1 630 1720
1 1 1 629 1721
1 1 1 628 1722
1 1 1 627 1723
1 1 1 626 1724
1 1 1 625 1725
1 1 1 624 1726
1 1 1 623 1727
1 1 1 622 1728
1 1 1 621 1729
1 1 1 620 1730
1 1 1 619 1731
1 1 1 618 1732
1 1 1 617 1733
1 1 1 616 1734
1 1 1 615 1735
1 1 1 614 1736
1 1 1 613 1737
1 1 1 612 1738
1 1 1 611 1739
1 1 1 610 1740
1 1 1 609 1741
1 1 1 608 1742
1 1 1 607 1743
1 1 1 606 1744
1 1 1 605 1745
1 1 1 604 1746
1 1 1 603 1747
1 1 1 602 1748
1 1 1 601 1749
1 1 1 600 1750
1 1 1 599 1751
1 1 1 598 1752
1 1 1 597 1753
1 1 1 596 1754
1 1 1 595 1755
1 1 1 594 1756
1 1 1 593 1757
1 1 1 592 1758
1 1 1 591 1759
1 1 1 590 1760
1 1 1 589 1761
1 1 1 588 1762
1 1 1 587 1763
1 1 1 586 1764
1 1 1 585 1765
1 1 1 584 1766
1 1 1 583 1767
1 1 1 582 1768
1 1 1 581 1769
1 1 1 580 1770
1 1 1 579 1771
1 1 1 578 1772
1 1 1 577 1773
1 1 1 576 1774
1 1 1 575 1775
1 1 1 574 1776
1 1 1 573 1777
1 1 1 572 1778
1 1 1 571 1779
1 1 1 570 1780
1 1 1 569 1781
1 1 1 568 1782
1 1 1 567 1783
1 1 1 566 1784
1 1 1 565 1785
1 1 1 564 1786
1 1 1 563 1787
1 1 1 562 1788
1 1 1 561 1789
1 1 1 560 1790
1 1 1 559 1791
1 1 1 558 1792
1 1 1 557 1793
1 1 1 556 1794
1 1 1 555 1795
1 1 1 554 1796
1 1 1 553 1797
1 1 1 552 1798
1 1 1 551 1799
1 1 1 550 1800
1 1 1 549 1801
1 1 1 548 1802
1 1 1 547 1803
1 1 1 546 1804
1 1 1 545 1805
1 1 1 544 1806
1 1 1 543 1807
1 1 1 542 1808
1 1 1 541 1809
1 1 1 540 1810
1 1 1 539 1811
1 1 1 538 1812
1 1 1 537 1813
1 1 1 536 1814
1 1 1 535 1815
1 1 1 534 1816
1 1 1 533 1817
1 1 1 532 1818
1 1 1 531 1819
1 1 1 530 1820
1 1 1 529 1821
1 1 1 528 1822
1 1 1 527 1823
1 1 1 526 1824
1 1 1 525 1825
1 1 1 524 1826
1 1 1 523 1827
1 1 1 522 1828
1 1 1 521 1829
1 1 1 520 1830
1 1 1 519 1831
1 1 1 518 1832
1 1 1 517 1833
1 1 1 516 1834
1 1 1 515 1835
1 1 1 514 1836
1 1 1 513 1837
1 1 1 512 1838
1 1 1 511 1839
1 1 1 510 1840
1 1 1 509 1841
1 1 1 508 1842
1 1 1 507 1843
1 1 1 506 1844
1 1 1 505 1845
1 1 1 504 1846
1 1 1 503 1847
1 1 1 502 1848
1 1 1 501 1849
1 1 1 500 1850
1 1 1 499 1851
1 1 1 498 1852
1 1 1 497 1853
1 1 1 496 1854
1 1 1 495 1855
1 1 1 494 1856
1 1 1 493 1857
1 1 1 492 1858
1 1 1 491 1859
1 1 1 490 1860
1 1 1 489 1861
1 1 1 488 1862
1 1 1 487 1863
1 1 1 486 1864
1 1 1 485 1865
1 1 1 484 1866
1 1 1 483 1867
1 1 1 482 1868
1 1 1 481 1869
1 1 1 480 1870
1 1 1 479 1871
1 1 1 478 1872
1 1 1 477 1873
1 1 1 476 1874
1 1 1 475 1875
1 1 1 474 1876
1 1 1 473 1877
1 1 1 472 1878
1 1 1 471 1879
1 1 1 470 1880
1 1 1 469 1881
1 1 1 468 1882
1 1 1 467 1883
1 1 1 466 1884
1 1 1 465 1885
1 1 1 464 1886
1 1 1 463 1887
1 1 1 462 1888
1 1 1 461 1889
1 1 1 460 1890
1 1 1 459 1891
1 1 1 458 1892
1 1 1 457 1893
1 1 1 456 1894
1 1 1 455 1895
1 1 1 454 1896
1 1 1 453 1897
1 1 1 452 1898
1 1 1 451 1899
1 1 1 450 1900
1 1 1 449 1901
1 1 1 448 1902
1 1 1 447 1903
1 1 1 446 1904
1 1 1 445 1905
1 1 1 444 1906
1 1 1 443 1907
1 1 1 442 1908
1 1 1 441 1909
1 1 1 440 1910
1 1 1 439 1911
1 1 1 438 1912
1 1 1 437 1913
1 1 1 436 1914
1 1 1 435 1915
1 1 1 434 1916
1 1 1 433 1917
1 1 1 432 1918
1 1 1 431 1919
1 1 1 430 1920
1 1 1 429 1921
1 1 1 428 1922
1 1 1 427 1923
1 1 1 426 1924
1 1 1 425 1925
1 1 1 424 1926
1 1 1 423 1927
1 1 1 422 1928
1 1 1 421 1929
1 1 1 420 1930
1 1 1 419 1931
1 1 1 418 1932
1 1 1 417 1933
1 1 1 416 1934
1 1 1 415 1935
1 1 1 414 1936
1 1 1 413 1937
1 1 1 412 1938
1 1 1 411 1939
1 1 1 410 1940
1 1 1 409 1941
1 1 1 408 1942
1 1 1 407 1943
1 1 1 406 1944
1 1 1 405 1945
1 1 1 404 1946
1 1 1 403 1947
1 1 1 402 1948
1 1 1 401 1949
1 1 1 400 1950
1 1 1 399 1951
1 1 1 398 1952
1 1 1 397 1953
1 1 1 396 1954
1 1 1 395 1955
1 1 1 394 1956
1 1 1 393 1957
1 1 1 392 1958
1 1 1 391 1959
1 1 1 390 1960
1 1 1 389 1961
1 1 1 388 1962
1 1 1 387 1963
1 1 1 386 1964
1 1 1 385 1965
1 1 1 384 1966
1 1 1 383 1967
1 1 1 382 1968
1 1 1 381 1969
1 1 1 380 1970
1 1 1 379 1971
1 1 1 378 1972
1 1 1 377 1973
1 1 1 376 1974
1 1 1 375 1975
1 1 1 374 1976
1 1 1 373 1977
1 1 1 372 1978
1 1 1 371 1979
1 1 1 370 1980
1 1 1 369 1981
1 1 1 368 1982
1 1 1 367 1983
1 1 1 366 1984
1 1 1 365 1985
1 1 1 364 1986
1 1 1 363 1987
1 1 1 362 1988
1 1 1 361 1989
1 1 1 360 1990
1 1 1 359 1991
1 1 1 358 1992
1 1 1 357 1993
1 1 1 356 1994
1 1 1 355 1995
1 1 1 354 1996
1 1 1 353 1997
1 1 1 352 1998
1 1 1 351 1999
1 1 1 350 2000
1 1 1 349 2001
1 1 1 348 2002
1 1 1 347 2003
1 1 1 346 2004
1 1 1 345 2005
1 1 1 344 2006
1 1 1 343 2007
1 1 1 342 2008
1 1 1 341 2009
1 1 1 340 2010
1 1 1 339 2011
1 1 1 338 2012
1 1 1 337 2013
1 1 1 336 2014
1 1 1 335 2015
1 1 1 334 2016
1 1 1 333 2017
1 1 1 332 2018
1 1 1 331 2019
1 1 1 330 2020
1 1 1 329 2021
1 1 1 328 2022
1 1 1 327 2023
1 1 1 326 2024
1 1 1 325 2025
1 1 1 324 2026
1 1 1 323 2027
1 1 1 322 2028
1 1 1 321 2029
1 1 1 320 2030
1 1 1 319 2031
1 1 1 318 2032
1 1 1 317 2033
1 1 1 316 2034
1 1 1 315 2035
1 1 1 314 2036
1 1 1 313 2037
1 1 1 312 2038
1 1 1 311 2039
1 1 1 310 2040
1 1 1 309 2041
1 1 1 308 2042
1 1 1 307 2043
1 1 1 306 2044
1 1 1 305 2045
1 1 1 304 2046
1 1 1 303 2047
1 1 1 302 2048
1 1 1 301 2049
1 1 1 300 2050
1 1 1 299 2051
1 1 1 298 2052
1 1 1 297 2053
1 1 1 296 2054
1 1 1 295 2055
1 1 1 294 2056
1 1 1 293 2057
1 1 1 292 2058
1 1 1 291 2059
1 1 1 290 2060
1 1 1 289 2061
1 1 1 288 2062
1 1 1 287 2063
1 1 1 286 2064
1 1 1 285 2065
1 1 1 284 2066
1 1 1 283 2067
1 1 1 282 2068
1 1 1 281 2069
1 1 1 280 2070
1 1 1 279 2071
1 1 1 278 2072
1 1 1 277 2073
1 1 1 276 2074
1 1 1 275 2075
1 1 1 274 2076
1 1 1 273 2077
1 1 1 272 2078
1 1 1 271 2079
1 1 1 270 2080
1 1 1 269 2081
1 1 1 268 2082
1 1 1 267 2083
1 1 1 266 2084
1 1 1 265 2085
1 1 1 264 2086
1 1 1 263 2087
1 1 1 262 2088
1 1 1 261 2089
1 1 1 260 2090
1 1 1 259 2091
1 1 1 258 2092
1 1 1 257 2093
1 1 1 256 2094
1 1 1 255 2095
1 1 1 254 2096
1 1 1 253 2097
1 1 1 252 2098
1 1 1 251 2099
1 1 1 250 2100
1 1 1 249 2101
1 1 1 248 2102
1 1 1 247 2103
1 1 1 246 2104
1 1 1 245 2105
1 1 1 244 2106
1 1 1 243 2107
1 1 1 242 2108
1 1 1 241 2109
1 1 1 240 2110
1 1 1 239 2111
1 1 1 238 2112
1 1 1 237 2113
1 1 1 236 2114
1 1 1 235 2115
1 1 1 234 2116
1 1 1 233 2117
1 1 1 232 2118
1 1 1 231 2119
1 1 1 230 2120
1 1 1 229 2121
1 1 1 228 2122
1 1 1 227 2123
1 1 1 226 2124
1 1 1 225 2125
1 1 1 224 2126
1 1 1 223 2127
1 1 1 222 2128
1 1 1 221 2129
1 1 1 220 2130
1 1 1 219 2131
1 1 1 218 2132
1 1 1 217 2133
1 1 1 216 2134
1 1 1 215 2135
1 1 1 214 2136
1 1 1 213 2137
1 1 1 212 2138
1 1 1 211 2139
1 1 1 210 2140
1 1 1 209 2141
1 1 1 208 2142
1 1 1 207 2143
1 1 1 206 2144
1 1 1 205 2145
1 1 1 204 2146
1 1 1 203 2147
1 1 1 202 2148
1 1 1 201 2149
1 1 1 200 2150
1 1 1 199 2151
1 1 1 198 2152
1 1 1 197 2153
1 1 1 196 2154
1 1 1 195 2155
1 1 1 194 2156
1 1 1 193 2157
1 1 1 192 2158
1 1 1 191 2159
1 1 1 190 2160
1 1 1 189 2161
1 1 1 188 2162
1 1 1 187 2163
1 1 1 186 2164
1 1 1 185 2165
1 1 1 184 2166
1 1 1 183 2167
1 1 1 182 2168
1 1 1 181 2169
1 1 1 180 2170
1 1 1 179 2171
1 1 1 178 2172
1 1 1 177 2173
1 1 1 176 2174
1 1 1 175 2175
1 1 1 174 2176
1 1 1 173 2177
1 1 1 172 2178
1 1 1 171 2179
1 1 1 170 2180
1 1 1 169 2181
1 1 1 168 2182
1 1 1 167 2183
1 1 1 166 2184
1 1 1 165 2185
1 1 1 164 2186
1 1 1 163 2187
1 1 1 162 2188
1 1 1 161 2189
1 1 1 160 2190
1 1 1 159 2191
1 1 1 158 2192
1 1 1 157 2193
1 1 1 156 2194
1 1 1 155 2195
1 1 1 154 2196
1 1 1 153 2197
1 1 1 152 2198
1 1 1 151 2199
1 1 1 150 2200
1 1 1 149 2201
1 1 1 148 2202
1 1 1 147 2203
1 1 1 146 2204
1 1 1 145 2205
1 1 1 144 2206
1 1 1 143 2207
1 1 1 142 2208
1 1 1 141 2209
1 1 1 140 2210
1 1 1 139 2211
1 1 1 138 2212
1 1 1 137 2213
1 1 1 136 2214
1 1 1 135 2215
1 1 1 134 2216
1 1 1 133 2217
1 1 1 132 2218
1 1 1 131 2219
1 1 1 130 2220
1 1 1 129 2221
1 1 1 128 2222
1 1 1 127 2223
1 1 1 126 2224
1 1 1 125 2225
1 1 1 124 2226
1 1 1 123 2227
1 1 1 122 2228
1 1 1 121 2229
1 1 1 120 2230
1 1 1 119 2231
1 1 1 118 2232
1 1 1 117 2233
1 1 1 116 2234
1 1 1 115 2235
1 1 1 114 2236
1 1 1 113 2237
1 1 1 112 2238
1 1 1 111 2239
1 1 1 110 2240
1 1 1 109 2241
1 1 1 108 2242
1 1 1 107 2243
1 1 1 106 2244
1 1 1 105 2245
1 1 1 104 2246
1 1 1 103 2247
1 1 1 102 2248
1 1 1 101 2249
1 1 1 100 2250
1 1 1 99 2251
1 1 1 98 2252
1 1 1 97 2253
1 1 1 96 2254
1 1 1 95 2255
1 1 1 94 2256
1 1 1 93 2257
1 1 1 92 2258
1 1 1 91 2259
1 1 1 90 2260
1 1 1 89 2261
1 1 1 88 2262
1 1 1 87 2263
1 1 1 86 2264
1 1 1 85 2265
1 1 1 84 2266
1 1 1 83 2267
1 1 1 82 2268
1 1 1 81 2269
1 1 1 80 2270
1 1 1 79 2271
1 1 1 78 2272
1 1 1 77 2273
1 1 1 76 2274
1 1 1 75 2275
1 1 1 74 2276
1 1 1 73 2277
1 1 1 72 2278
1 1 1 71 2279
1 1 1 70 2280
1 1 1 69 2281
1 1 1 68 2282
1 1 1 67 2283
1 1 1 66 2284
1 1 1 65 2285
1 1 1 64 2286
1 1 1 63 2287
1 1 1 62 2288
1 1 1 61 2289
1 1 1 60 2290
1 1 1 59 2291
1 1 1 58 2292
1 1 1 57 2293
1 1 1 56 2294
1 1 1 55 2295
1 1 1 54 2296
1 1 1 53 2297
1 1 1 52 2298
1 1 1 51 2299
1 1 1 50 2300
1 1 1 49 2301
1 1 1 48 2302
1 1 1 47 2303
1 1 1 46 2304
1 1 1 45 2305
1 1 1 44 2306
1 1 1 43 2307
1 1 1 42 2308
1 1 1 41 2309
1 1 1 40 2310
1 1 1 39 2311
1 1 1 38 2312
1 1 1 37 2313
1 1 1 36 2314
1 1 1 35 2315
1 1 1 34 2316
1 1 1 33 2317
1 1 1 32 2318
1 1 1 31 2319
1 1 1 30 2320
1 1 1 29 2321
1 1 1 28 2322
1 1 1 27 2323
1 1 1 26 2324
1 1 1 25 2325
1 1 1 24 2326
1 1 1 23 2327
1 1 1 22 2328
1 1 1 21 2329
1 1 1 20 2330
1 1 1 19 2331
1 1 1 18 2332
1 1 1 17 2333
1 1 1 16 2334
1 1 1 15 2335
1 1 1 14 2336
1 1 1 13 2337
1 1 1 12 2338
1 1 1 11 2339
1 1 1 10 2340
1 1 1 9 2341
1 1 1 8 2342
1 1 1 7 2343
1 1 1 6 2344
1 1 1 5 2345
1 1 1 4 2346
1 1 1 3 2347
1 1 1 2 2348
1 1 1 1 2349
1 1 1 0 2350
1 1 1 0 2349
1 1 1 0 2348
1 1 1 0 2347
1 1 1 0 2346
1 1 1 0 2345
1 1 1 0 2344
1 1 1 0 2343
1 1 1 0 2342
1 1 1 0 2341
1 1 1 0 2340
1 1 1 0 2339
1 1 1 0 2338
1 1 1 0 2337
1 1 1 0 2336
1 1 1 0 2335
1 1 1 0 2334
1 1 1 0 2333
1 1 1 0 2332
1 1 1 0 2331
1 1 1 0 2330
1 1 1 0 2329
1 1 1 0 2328
1 1 1 0 2327
1 1 1 0 2326
1 1 1 0 2325
1 1 1 0 2324
1 1 1 0 2323
1 1 1 0 2322
1 1 1 0 2321
1 1 1 0 2320
1 1 1 0 2319
1 1 1 0 2318
1 1 1 0 2317
1 1 1 0 2316
1 1 1 0 2315
1 1 1 0 2314
1 1 1 0 2313
1 1 1 0 2312
1 1 1 0 2311
1 1 1 0 2310
1 1 1 0 2309
1 1 1 0 2308
1 1 1 0 2307
1 1 1 0 2306
1 1 1 0 2305
1 1 1 0 2304
1 1 1 0 2303
1 1 1 0 2302
1 1 1 0 2301
1 1 1 0 2300
1 1 1 0 2299
1 1 1 0 2298
1 1 1 0 2297
1 1 1 0 2296
1 1 1 0 2295
1 1 1 0 2294
1 1 1 0 2293
1 1 1 0 2292
1 1 1 0 2291
1 1 1 0 2290
1 1 1 0 2289
1 1 1 0 2288
1 1 1 0 2287
1 1 1 0 2286
1 1 1 0 2285
1 1 1 0 2284
1 1 1 0 2283
1 1 1 0 2282
1 1 1 0 2281
1 1 1 0 2280
1 1 1 0 2279
1 1 1 0 2278
1 1 1 0 2277
1 1 1 0 2276
1 1 1 0 2275
1 1 1 0 2274
1 1 1 0 2273
1 1 1 0 2272
1 1 1 0 2271
1 1 1 0 2270
1 1 1 0 2269
1 1 1 0 2268
1 1 1 0 2267
1 1 1 0 2266
1 1 1 0 2265
1 1 1 0 2264
1 1 1 0 2263
1 1 1 0 2262
1 1 1 0 2261
1 1 1 0 2260
1 1 1 0 2259
1 1 1 0 2258
1 1 1 0 2257
1 1 1 0 2256
1 1 1 0 2255
1 1 1 0 2254
1 1 1 0 2253
1 1 1 0 2252
1 1 1 0 2251
1 1 1 0 2250
1 1 1 0 2249
1 1 1 0 2248
1 1 1 0 2247
1 1 1 0 2246
1 1 1 0 2245
1 1 1 0 2244
1 1 1 0 2243
1 1 1 0 2242
1 1 1 0 2241
1 1 1 0 2240
1 1 1 0 2239
1 1 1 0 2238
1 1 1 0 2237
1 1 1 0 2236
1 1 1 0 2235
1 1 1 0 2234
1 1 1 0 2233
1 1 1 0 2232
1 1 1 0 2231
1 1 1 0 2230
1 1 1 0 2229
1 1 1 0 2228
1 1 1 0 2227
1 1 1 0 2226
1 1 1 0 2225
1 1 1 0 2224
1 1 1 0 2223
1 1 1 0 2222
1 1 1 0 2221
1 1 1 0 2220
1 1 1 0 2219
1 1 1 0 2218
1 1 1 0 2217
1 1 1 0 2216
1 1 1 0 2215
1 1 1 0 2214
1 1 1 0 2213
1 1 1 0 2212
1 1 1 0 2211
1 1 1 0 2210
1 1 1 0 2209
1 1 1 0 2208
1 1 1 0 2207
1 1 1 0 2206
1 1 1 0 2205
1 1 1 0 2204
1 1 1 0 2203
1 1 1 0 2202
1 1 1 0 2201
1 1 1 0 2200
1 1 1 0 2199
1 1 1 0 2198
1 1 1 0 2197
1 1 1 0 2196
1 1 1 0 2195
1 1 1 0 2194
1 1 1 0 2193
1 1 1 0 2192
1 1 1 0 2191
1 1 1 0 2190
1 1 1 0 2189
1 1 1 0 2188
1 1 1 0 2187
1 1 1 0 2186
1 1 1 0 2185
1 1 1 0 2184
1 1 1 0 2183
1 1 1 0 2182
1 1 1 0 2181
1 1 1 0 2180
1 1 1 0 2179
1 1 1 0 2178
1 1 1 0 2177
1 1 1 0 2176
1 1 1 0 2175
1 1 1 0 2174
1 1 1 0 2173
1 1 1 0 2172
1 1 1 0 2171
1 1 1 0 2170
1 1 1 0 2169
1 1 1 0 2168
1 1 1 0 2167
1 1 1 0 2166
1 1 1 0 2165
1 1 1 0 2164
1 1 1 0 2163
1 1 1 0 2162
1 1 1 0 2161
1 1 1 0 2160
1 1 1 0 2159
1 1 1 0 2158
1 1 1 0 2157
1 1 1 0 2156
1 1 1 0 2155
1 1 1 0 2154
1 1 1 0 2153
1 1 1 0 2152
1 1 1 0 2151
1 1 1 0 2150
1 1 1 0 2149
1 1 1 0 2148
1 1 1 0 2147
1 1 1 0 2146
1 1 1 0 2145
1 1 1 0 2144
1 1 1 0 2143
1 1 1 0 2142
1 1 1 0 2141
1 1 1 0 2140
1 1 1 0 2139
1 1 1 0 2138
1 1 1 0 2137
1 1 1 0 2136
1 1 1 0 2135
1 1 1 0 2134
1 1 1 0 2133
1 1 1 0 2132
1 1 1 0 2131
1 1 1 0 2130
1 1 1 0 2129
1 1 1 0 2128
1 1 1 0 2127
1 1 1 0 2126
1 1 1 0 2125
1 1 1 0 2124
1 1 1 0 2123
1 1 1 0 2122
1 1 1 0 2121
1 1 1 0 2120
1 1 1 0 2119
1 1 1 0 2118
1 1 1 0 2117
1 1 1 0 2116
1 1 1 0 2115
1 1 1 0 2114
1 1 1 0 2113
1 1 1 0 2112
1 1 1 0 2111
1 1 1 0 2110
1 1 1 0 2109
1 1 1 0 2108
1 1 1 0 2107
1 1 1 0 2106
1 1 1 0 2105
1 1 1 0 2104
1 1 1 0 2103
1 1 1 0 2102
1 1 1 0 2101
1 1 1 0 2100
1 1 1 0 2099
1 1 1 0 2098
1 1 1 0 2097
1 1 1 0 2096
1 1 1 0 2095
1 1 1 0 2094
1 1 1 0 2093
1 1 1 0 2092
1 1 1 0 2091
1 1 1 0 2090
1 1 1 0 2089
1 1 1 0 2088
1 1 1 0 2087
1 1 1 0 2086
1 1 1 0 2085
1 1 1 0 2084
1 1 1 0 2083
1 1 1 0 2082
1 1 1 0 2081
1 1 1 0 2080
1 1 1 0 2079
1 1 1 0 2078
1 1 1 0 2077
1 1 1 0 2076
1 1 1 0 2075
1 1 1 0 2074
1 1 1 0 2073
1 1 1 0 2072
1 1 1 0 2071
1 1 1 0 2070
1 1 1 0 2069
1 1 1 0 2068
1 1 1 0 2067
1 1 1 0 2066
1 1 1 0 2065
1 1 1 0 2064
1 1 1 0 2063
1 1 1 0 2062
1 1 1 0 2061
1 1 1 0 2060
1 1 1 0 2059
1 1 1 0 2058
1 1 1 0 2057
1 1 1 0 2056
1 1 1 0 2055
1 1 1 0 2054
1 1 1 0 2053
1 1 1 0 2052
1 1 1 0 2051
1 1 1 0 2050
1 1 1 0 2049
1 1 1 0 2048
1 1 1 0 2047
1 1 1 0 2046
1 1 1 0 2045
1 1 1 0 2044
1 1 1 0 2043
1 1 1 0 2042
1 1 1 0 2041
1 1 1 0 2040
1 1 1 0 2039
1 1 1 0 2038
1 1 1 0 2037
1 1 1 0 2036
1 1 1 0 2035
1 1 1 0 2034
1 1 1 0 2033
1 1 1 0 2032
1 1 1 0 2031
1 1 1 0 2030
1 1 1 0 2029
1 1 1 0 2028
1 1 1 0 2027
1 1 1 0 2026
1 1 1 0 2025
1 1 1 0 2024
1 1 1 0 2023
1 1 1 0 2022
1 1 1 0 2021
1 1 1 0 2020
1 1 1 0 2019
1 1 1 0 2018
1 1 1 0 2017
1 1 1 0 2016
1 1 1 0 2015
1 1 1 0 2014
1 1 1 0 2013
1 1 1 0 2012
1 1 1 0 2011
1 1 1 0 2010
1 1 1 0 2009
1 1 1 0 2008
1 1 1 0 2007
1 1 1 0 2006
1 1 1 0 2005
1 1 1 0 2004
1 1 1 0 2003
1 1 1 0 2002
1 1 1 0 2001
1 1 1 0 2000
1 1 1 0 1999
1 1 1 0 1998
1 1 1 0 1997
1 1 1 0 1996
1 1 1 0 1995
1 1 1 0 1994
1 1 1 0 1993
1 1 1 0 1992
1 1 1 0 1991
1 1 1 0 1990
1 1 1 0 1989
1 1 1 0 1988
1 1 1 0 1987
1 1 1 0 1986
1 1 1 0 1985
1 1 1 0 1984
1 1 1 0 1983
1 1 1 0 1982
1 1 1 0 1981
1 1 1 0 1980
1 1 1 0 1979
1 1 1 0 1978
1 1 1 0 1977
1 1 1 0 1976
1 1 1 0 1975
1 1 1 0 1974
1 1 1 0 1973
1 1 1 0 1972
1 1 1 0 1971
1 1 1 0 1970
1 1 1 0 1969
1 1 1 0 1968
1 1 1 0 1967
1 1 1 0 1966
1 1 1 0 1965
1 1 1 0 1964
1 1 1 0 1963
1 1 1 0 1962
1 1 1 0 1961
1 1 1 0 1960
1 1 1 0 1959
1 1 1 0 1958
1 1 1 0 1957
1 1 1 0 1956
1 1 1 0 1955
1 1 1 0 1954
1 1 1 0 1953
1 1 1 0 1952
1 1 1 0 1951
1 1 1 0 1950
1 1 1 0 1949
1 1 1 0 1948
1 1 1 0 1947
1 1 1 0 1946
1 1 1 0 1945
1 1 1 0 1944
1 1 1 0 1943
1 1 1 0 1942
1 1 1 0 1941
1 1 1 0 1940
1 1 1 0 1939
1 1 1 0 1938
1 1 1 0 1937
1 1 1 0 1936
1 1 1 0 1935
1 1 1 0 1934
1 1 1 0 1933
1 1 1 0 1932
1 1 1 0 1931
1 1 1 0 1930
1 1 1 0 1929
1 1 1 0 1928
1 1 1 0 1927
1 1 1 0 1926
1 1 1 0 1925
1 1 1 0 1924
1 1 1 0 1923
1 1 1 0 1922
1 1 1 0 1921
1 1 1 0 1920
1 1 1 0 1919
1 1 1 0 1918
1 1 1 0 1917
1 1 1 0 1916
1 1 1 0 1915
1 1 1 0 1914
1 1 1 0 1913
1 1 1 0 1912
1 1 1 0 1911
1 1 1 0 1910
1 1 1 0 1909
1 1 1 0 1908
1 1 1 0 1907
1 1 1 0 1906
1 1 1 0 1905
1 1 1 0 1904
1 1 1 0 1903
1 1 1 0 1902
1 1 1 0 1901
1 1 1 0 1900
1 1 1 0 1899
1 1 1 0 1898
1 1 1 0 1897
1 1 1 0 1896
1 1 1 0 1895
1 1 1 0 1894
1 1 1 0 1893
1 1 1 0 1892
1 1 1 0 1891
1 1 1 0 1890
1 1 1 0 1889
1 1 1 0 1888
1 1 1 0 1887
1 1 1 0 1886
1 1 1 0 1885
1 1 1 0 1884
1 1 1 0 1883
1 1 1 0 1882
1 1 1 0 1881
1 1 1 0 1880
1 1 1 0 1879
1 1 1 0 1878
1 1 1 0 1877
1 1 1 0 1876
1 1 1 0 1875
1 1 1 0 1874
1 1 1 0 1873
1 1 1 0 1872
1 1 1 0 1871
1 1 1 0 1870
1 1 1 0 1869
1 1 1 0 1868
1 1 1 0 1867
1 1 1 0 1866
1 1 1 0 1865
1 1 1 0 1864
1 1 1 0 1863
1 1 1 0 1862
1 1 1 0 1861
1 1 1 0 1860
1 1 1 0 1859
1 1 1 0 1858
1 1 1 0 1857
1 1 1 0 1856
1 1 1 0 1855
1 1 1 0 1854
1 1 1 0 1853
1 1 1 0 1852
1 1 1 0 1851
1 1 1 0 1850
1 1 1 0 1849
1 1 1 0 1848
1 1 1 0 1847
1 1 1 0 1846
1 1 1 0 1845
1 1 1 0 1844
1 1 1 0 1843
1 1 1 0 1842
1 1 1 0 1841
1 1 1 0 1840
1 1 1 0 1839
1 1 1 0 1838
1 1 1 0 1837
1 1 1 0 1836
1 1 1 0 1835
1 1 1 0 1834
1 1 1 0 1833
1 1 1 0 1832
1 1 1 0 1831
1 1 1 0 1830
1 1 1 0 1829
1 1 1 0 1828
1 1 1 0 1827
1 1 1 0 1826
1 1 1 0 1825
1 1 1 0 1824
1 1 1 0 1823
1 1 1 0 1822
1 1 1 0 1821
1 1 1 0 1820
1 1 1 0 1819
1 1 1 0 1818
1 1 1 0 1817
1 1 1 0 1816
1 1 1 0 1815
1 1 1 0 1814
1 1 1 0 1813
1 1 1 0 1812
1 1 1 0 1811
1 1 1 0 1810
1 1 1 0 1809
1 1 1 0 1808
1 1 1 0 1807
1 1 1 0 1806
1 1 1 0 1805
1 1 1 0 1804
1 1 1 0 1803
1 1 1 0 1802
1 1 1 0 1801
1 1 1 0 1800
1 1 1 0 1799
1 1 1 0 1798
1 1 1 0 1797
1 1 1 0 1796
1 1 1 0 1795
1 1 1 0 1794
1 1 1 0 1793
1 1 1 0 1792
1 1 1 0 1791
1 1 1 0 1790
1 1 1 0 1789
1 1 1 0 1788
1 1 1 0 1787
1 1 1 0 1786
1 1 1 0 1785
1 1 1 0 1784
1 1 1 0 1783
1 1 1 0 1782
1 1 1 0 1781
1 1 1 0 1780
1 1 1 0 1779
1 1 1 0 1778
1 1 1 0 1777
1 1 1 0 1776
1 1 1 0 1775
1 1 1 0 1774
1 1 1 0 1773
1 1 1 0 1772
1 1 1 0 1771
1 1 1 0 1770
1 1 1 0 1769
1 1 1 0 1768
1 1 1 0 1767
1 1 1 0 1766
1 1 1 0 1765
1 1 1 0 1764
1 1 1 0 1763
1 1 1 0 1762
1 1 1 0 1761
1 1 1 0 1760
1 1 1 0 1759
1 1 1 0 1758
1 1 1 0 1757
1 1 1 0 1756
1 1 1 0 1755
1 1 1 0 1754
1 1 1 0 1753
1 1 1 0 1752
1 1 1 0 1751
1 1 1 0 1750
1 1 1 0 1749
1 1 1 0 1748
1 1 1 0 1747
1 1 1 0 1746
1 1 1 0 1745
1 1 1 0 1744
1 1 1 0 1743
1 1 1 0 1742
1 1 1 0 1741
1 1 1 0 1740
1 1 1 0 1739
1 1 1 0 1738
1 1 1 0 1737
1 1 1 0 1736
1 1 1 0 1735
1 1 1 0 1734
1 1 1 0 1733
1 1 1 0 1732
1 1 1 0 1731
1 1 1 0 1730
1 1 1 0 1729
1 1 1 0 1728
1 1 1 0 1727
1 1 1 0 1726
1 1 1 0 1725
1 1 1 0 1724
1 1 1 0 1723
1 1 1 0 1722
1 1 1 0 1721
1 1 1 0 1720
1 1 1 0 1719
1 1 1 0 1718
1 1 1 0 1717
1 1 1 0 1716
1 1 1 0 1715
1 1 1 0 1714
1 1 1 0 1713
1 1 1 0 1712
1 1 1 0 1711
1 1 1 0 1710
1 1 1 0 1709
1 1 1 0 1708
1 1 1 0 1707
1 1 1 0 1706
1 1 1 0 1705
1 1 1 0 1704
1 1 1 0 1703
1 1 1 0 1702
1 1 1 0 1701
1 1 1 0 1700
1 1 1 0 1699
1 1 1 0 1698
1 1 1 0 1697
1 1 1 0 1696
1 1 1 0 1695
1 1 1 0 1694
1 1 1 0 1693
1 1 1 0 1692
1 1 1 0 1691
1 1 1 0 1690
1 1 1 0 1689
1 1 1 0 1688
1 1 1 0 1687
1 1 1 0 1686
1 1 1 0 1685
1 1 1 0 1684
1 1 1 0 1683
1 1 1 0 1682
1 1 1 0 1681
1 1 1 0 1680
1 1 1 0 1679
1 1 1 0 1678
1 1 1 0 1677
1 1 1 0 1676
1 1 1 0 1675
1 1 1 0 1674
1 1 1 0 1673
1 1 1 0 1672
1 1 1 0 1671
1 1 1 0 1670
1 1 1 0 1669
1 1 1 0 1668
1 1 1 0 1667
1 1 1 0 1666
1 1 1 0 1665
1 1 1 0 1664
1 1 1 0 1663
1 1 1 0 1662
1 1 1 0 1661
1 1 1 0 1660
1 1 1 0 1659
1 1 1 0 1658
1 1 1 0 1657
1 1 1 0 1656
1 1 1 0 1655
1 1 1 0 1654
1 1 1 0 1653
1 1 1 0 1652
1 1 1 0 1651
1 1 1 0 1650
1 1 1 0 1649
1 1 1 0 1648
1 1 1 0 1647
1 1 1 0 1646
1 1 1 0 1645
1 1 1 0 1644
1 1 1 0 1643
1 1 1 0 1642
1 1 1 0 1641
1 1 1 0 1640
1 1 1 0 1639
1 1 1 0 1638
1 1 1 0 1637
1 1 1 0 1636
1 1 1 0 1635
1 1 1 0 1634
1 1 1 0 1633
1 1 1 0 1632
1 1 1 0 1631
1 1 1 0 1630
1 1 1 0 1629
1 1 1 0 1628
1 1 1 0 1627
1 1 1 0 1626
1 1 1 0 1625
1 1 1 0 1624
1 1 1 0 1623
1 1 1 0 1622
1 1 1 0 1621
1 1 1 0 1620
1 1 1 0 1619
1 1 1 0 1618
1 1 1 0 1617
1 1 1 0 1616
1 1 1 0 1615
1 1 1 0 1614
1 1 1 0 1613
1 1 1 0 1612
1 1 1 0 1611
1 1 1 0 1610
1 1 1 0 1609
1 1 1 0 1608
1 1 1 0 1607
1 1 1 0 1606
1 1 1 0 1605
1 1 1 0 1604
1 1 1 0 1603
1 1 1 0 1602
1 1 1 0 1601
1 1 1 0 1600
1 1 1 0 1599
1 1 1 0 1598
1 1 1 0 1597
1 1 1 0 1596
1 1 1 0 1595
1 1 1 0 1594
1 1 1 0 1593
1 1 1 0 1592
1 1 1 0 1591
1 1 1 0 1590
1 1 1 0 1589
1 1 1 0 1588
1 1 1 0 1587
1 1 1 0 1586
1 1 1 0 1585
1 1 1 0 1584
1 1 1 0 1583
1 1 1 0 1582
1 1 1 0 1581
1 1 1 0 1580
1 1 1 0 1579
1 1 1 0 1578
1 1 1 0 1577
1 1 1 0 1576
1 1 1 0 1575
1 1 1 0 1574
1 1 1 0 1573
1 1 1 0 1572
1 1 1 0 1571
1 1 1 0 1570
1 1 1 0 1569
1 1 1 0 1568
1 1 1 0 1567
1 1 1 0 1566
1 1 1 0 1565
1 1 1 0 1564
1 1 1 0 1563
1 1 1 0 1562
1 1 1 0 1561
1 1 1 0 1560
1 1 1 0 1559
1 1 1 0 1558
1 1 1 0 1557
1 1 1 0 1556
1 1 1 0 1555
1 1 1 0 1554
1 1 1 0 1553
1 1 1 0 1552
1 1 1 0 1551
1 1 1 0 1550
1 1 1 0 1549
1 1 1 0 1548
1 1 1 0 1547
1 1 1 0 1546
1 1 1 0 1545
1 1 1 0 1544
1 1 1 0 1543
1 1 1 0 1542
1 1 1 0 1541
1 1 1 0 1540
1 1 1 0 1539
1 1 1 0 1538
1 1 1 0 1537
1 1 1 0 1536
1 1 1 0 1535
1 1 1 0 1534
1 1 1 0 1533
1 1 1 0 1532
1 1 1 0 1531
1 1 1 0 1530
1 1 1 0 1529
1 1 1 0 1528
1 1 1 0 1527
1 1 1 0 1526
1 1 1 0 1525
1 1 1 0 1524
1 1 1 0 1523
1 1 1 0 1522
1 1 1 0 1521
1 1 1 0 1520
1 1 1 0 1519
1 1 1 0 1518
1 1 1 0 1517
1 1 1 0 1516
1 1 1 0 1515
1 1 1 0 1514
1 1 1 0 1513
1 1 1 0 1512
1 1 1 0 1511
1 1 1 0 1510
1 1 1 0 1509
1 1 1 0 1508
1 1 1 0 1507
1 1 1 0 1506
1 1 1 0 1505
1 1 1 0 1504
1 1 1 0 1503
1 1 1 0 1502
1 1 1 0 1501
1 1 1 0 1500
1 1 1 0 1499
1 1 1 0 1498
1 1 1 0 1497
1 1 1 0 1496
1 1 1 0 1495
1 1 1 0 1494
1 1 1 0 1493
1 1 1 0 1492
1 1 1 0 1491
1 1 1 0 1490
1 1 1 0 1489
1 1 1 0 1488
1 1 1 0 1487
1 1 1 0 1486
1 1 1 0 1485
1 1 1 0 1484
1 1 1 0 1483
1 1 1 0 1482
1 1 1 0 1481
1 1 1 0 1480
1 1 1 0 1479
1 1 1 0 1478
1 1 1 0 1477
1 1 1 0 1476
1 1 1 0 1475
1 1 1 0 1474
1 1 1 0 1473
1 1 1 0 1472
1 1 1 0 1471
1 1 1 0 1470
1 1 1 0 1469
1 1 1 0 1468
1 1 1 0 1467
1 1 1 0 1466
1 1 1 0 1465
1 1 1 0 1464
1 1 1 0 1463
1 1 1 0 1462
1 1 1 0 1461
1 1 1 0 1460
1 1 1 0 1459
1 1 1 0 1458
1 1 1 0 1457
1 1 1 0 1456
1 1 1 0 1455
1 1 1 0 1454
1 1 1 0 1453
1 1 1 0 1452
1 1 1 0 1451
1 1 1 0 1450
1 1 1 0 1449
1 1 1 0 1448
1 1 1 0 1447
1 1 1 0 1446
1 1 1 0 1445
1 1 1 0 1444
1 1 1 0 1443
1 1 1 0 1442
1 1 1 0 1441
1 1 1 0 1440
1 1 1 0 1439
1 1 1 0 1438
1 1 1 0 1437
1 1 1 0 1436
1 1 1 0 1435
1 1 1 0 1434
1 1 1 0 1433
1 1 1 0 1432
1 1 1 0 1431
1 1 1 0 1430
1 1 1 0 1429
1 1 1 0 1428
1 1 1 0 1427
1 1 1 0 1426
1 1 1 0 1425
1 1 1 0 1424
1 1 1 0 1423
1 1 1 0 1422
1 1 1 0 1421
1 1 1 0 1420
1 1 1 0 1419
1 1 1 0 1418
1 1 1 0 1417
1 1 1 0 1416
1 1 1 0 1415
1 1 1 0 1414
1 1 1 0 1413
1 1 1 0 1412
1 1 1 0 1411
1 1 1 0 1410
1 1 1 0 1409
1 1 1 0 1408
1 1 1 0 1407
1 1 1 0 1406
1 1 1 0 1405
1 1 1 0 1404
1 1 1 0 1403
1 1 1 0 1402
1 1 1 0 1401
1 1 1 0 1400
1 1 1 0 1399
1 1 1 0 1398
1 1 1 0 1397
1 1 1 0 1396
1 1 1 0 1395
1 1 1 0 1394
1 1 1 0 1393
1 1 1 0 1392
1 1 1 0 1391
1 1 1 0 1390
1 1 1 0 1389
1 1 1 0 1388
1 1 1 0 1387
1 1 1 0 1386
1 1 1 0 1385
1 1 1 0 1384
1 1 1 0 1383
1 1 1 0 1382
1 1 1 0 1381
1 1 1 0 1380
1 1 1 0 1379
1 1 1 0 1378
1 1 1 0 1377
1 1 1 0 1376
1 1 1 0 1375
1 1 1 0 1374
1 1 1 0 1373
1 1 1 0 1372
1 1 1 0 1371
1 1 1 0 1370
1 1 1 0 1369
1 1 1 0 1368
1 1 1 0 1367
1 1 1 0 1366
1 1 1 0 1365
1 1 1 0 1364
1 1 1 0 1363
1 1 1 0 1362
1 1 1 0 1361
1 1 1 0 1360
1 1 1 0 1359
1 1 1 0 1358
1 1 1 0 1357
1 1 1 0 1356
1 1 1 0 1355
1 1 1 0 1354
1 1 1 0 1353
1 1 1 0 1352
1 1 1 0 1351
1 1 1 0 1350
1 1 1 0 1349
1 1 1 0 1348
1 1 1 0 1347
1 1 1 0 1346
1 1 1 0 1345
1 1 1 0 1344
1 1 1 0 1343
1 1 1 0 1342
1 1 1 0 1341
1 1 1 0 1340
1 1 1 0 1339
1 1 1 0 1338
1 1 1 0 1337
1 1 1 0 1336
1 1 1 0 1335
1 1 1 0 1334
1 1 1 0 1333
1 1 1 0 1332
1 1 1 0 1331
1 1 1 0 1330
1 1 1 0 1329
1 1 1 0 1328
1 1 1 0 1327
1 1 1 0 1326
1 1 1 0 1325
1 1 1 0 1324
1 1 1 0 1323
1 1 1 0 1322
1 1 1 0 1321
1 1 1 0 1320
1 1 1 0 1319
1 1 1 0 1318
1 1 1 0 1317
1 1 1 0 1316
1 1 1 0 1315
1 1 1 0 1314
1 1 1 0 1313
1 1 1 0 1312
1 1 1 0 1311
1 1 1 0 1310
1 1 1 0 1309
1 1 1 0 1308
1 1 1 0 1307
1 1 1 0 1306
1 1 1 0 1305
1 1 1 0 1304
1 1 1 0 1303
1 1 1 0 1302
1 1 1 0 1301
1 1 1 0 1300
1 1 1 0 1299
1 1 1 0 1298
1 1 1 0 1297
1 1 1 0 1296
1 1 1 0 1295
1 1 1 0 1294
1 1 1 0 1293
1 1 1 0 1292
1 1 1 0 1291
1 1 1 0 1290
1 1 1 0 1289
1 1 1 0 1288
1 1 1 0 1287
1 1 1 0 1286
1 1 1 0 1285
1 1 1 0 1284
1 1 1 0 1283
1 1 1 0 1282
1 1 1 0 1281
1 1 1 0 1280
1 1 1 0 1279
1 1 1 0 1278
1 1 1 0 1277
1 1 1 0 1276
1 1 1 0 1275
1 1 1 0 1274
1 1 1 0 1273
1 1 1 0 1272
1 1 1 0 1271
1 1 1 0 1270
1 1 1 0 1269
1 1 1 0 1268
1 1 1 0 1267
1 1 1 0 1266
1 1 1 0 1265
1 1 1 0 1264
1 1 1 0 1263
1 1 1 0 1262
1 1 1 0 1261
1 1 1 0 1260
1 1 1 0 1259
1 1 1 0 1258
1 1 1 0 1257
1 1 1 0 1256
1 1 1 0 1255
1 1 1 0 1254
1 1 1 0 1253
1 1 1 0 1252
1 1 1 0 1251
1 1 1 0 1250
1 1 1 0 1249
1 1 1 0 1248
1 1 1 0 1247
1 1 1 0 1246
1 1 1 0 1245
1 1 1 0 1244
1 1 1 0 1243
1 1 1 0 1242
1 1 1 0 1241
1 1 1 0 1240
1 1 1 0 1239
1 1 1 0 1238
1 1 1 0 1237
1 1 1 0 1236
1 1 1 0 1235
1 1 1 0 1234
1 1 1 0 1233
1 1 1 0 1232
1 1 1 0 1231
1 1 1 0 1230
1 1 1 0 1229
1 1 1 0 1228
1 1 1 0 1227
1 1 1 0 1226
1 1 1 0 1225
1 1 1 0 1224
1 1 1 0 1223
1 1 1 0 1222
1 1 1 0 1221
1 1 1 0 1220
1 1 1 0 1219
1 1 1 0 1218
1 1 1 0 1217
1 1 1 0 1216
1 1 1 0 1215
1 1 1 0 1214
1 1 1 0 1213
1 1 1 0 1212
1 1 1 0 1211
1 1 1 0 1210
1 1 1 0 1209
1 1 1 0 1208
1 1 1 0 1207
1 1 1 0 1206
1 1 1 0 1205
1 1 1 0 1204
1 1 1 0 1203
1 1 1 0 1202
1 1 1 0 1201
1 1 1 0 1200
1 1 1 0 1199
1 1 1 0 1198
1 1 1 0 1197
1 1 1 0 1196
1 1 1 0 1195
1 1 1 0 1194
1 1 1 0 1193
1 1 1 0 1192
1 1 1 0 1191
1 1 1 0 1190
1 1 1 0 1189
1 1 1 0 1188
1 1 1 0 1187
1 1 1 0 1186
1 1 1 0 1185
1 1 1 0 1184
1 1 1 0 1183
1 1 1 0 1182
1 1 1 0 1181
1 1 1 0 1180
1 1 1 0 1179
1 1 1 0 1178
1 1 1 0 1177
1 1 1 0 1176
1 1 1 0 1175
1 1 1 0 1174
1 1 1 0 1173
1 1 1 0 1172
1 1 1 0 1171
1 1 1 0 1170
1 1 1 0 1169
1 1 1 0 1168
1 1 1 0 1167
1 1 1 0 1166
1 1 1 0 1165
1 1 1 0 1164
1 1 1 0 1163
1 1 1 0 1162
1 1 1 0 1161
1 1 1 0 1160
1 1 1 0 1159
1 1 1 0 1158
1 1 1 0 1157
1 1 1 0 1156
1 1 1 0 1155
1 1 1 0 1154
1 1 1 0 1153
1 1 1 0 1152
1 1 1 0 1151
1 1 1 0 1150
1 1 1 0 1149
1 1 1 0 1148
1 1 1 0 1147
1 1 1 0 1146
1 1 1 0 1145
1 1 1 0 1144
1 1 1 0 1143
1 1 1 0 1142
1 1 1 0 1141
1 1 1 0 1140
1 1 1 0 1139
1 1 1 0 1138
1 1 1 0 1137
1 1 1 0 1136
1 1 1 0 1135
1 1 1 0 1134
1 1 1 0 1133
1 1 1 0 1132
1 1 1 0 1131
1 1 1 0 1130
1 1 1 0 1129
1 1 1 0 1128
1 1 1 0 1127
1 1 1 0 1126
1 1 1 0 1125
1 1 1 0 1124
1 1 1 0 1123
1 1 1 0 1122
1 1 1 0 1121
1 1 1 0 1120
1 1 1 0 1119
1 1 1 0 1118
1 1 1 0 1117
1 1 1 0 1116
1 1 1 0 1115
1 1 1 0 1114
1 1 1 0 1113
1 1 1 0 1112
1 1 1 0 1111
1 1 1 0 1110
1 1 1 0 1109
1 1 1 0 1108
1 1 1 0 1107
1 1 1 0 1106
1 1 1 0 1105
1 1 1 0 1104
1 1 1 0 1103
1 1 1 0 1102
1 1 1 0 1101
1 1 1 0 1100
1 1 1 0 1099
1 1 1 0 1098
1 1 1 0 1097
1 1 1 0 1096
1 1 1 0 1095
1 1 1 0 1094
1 1 1 0 1093
1 1 1 0 1092
1 1 1 0 1091
1 1 1 0 1090
1 1 1 0 1089
1 1 1 0 1088
1 1 1 0 1087
1 1 1 0 1086
1 1 1 0 1085
1 1 1 0 1084
1 1 1 0 1083
1 1 1 0 1082
1 1 1 0 1081
1 1 1 0 1080
1 1 1 0 1079
1 1 1 0 1078
1 1 1 0 1077
1 1 1 0 1076
1 1 1 0 1075
1 1 1 0 1074
1 1 1 0 1073
1 1 1 0 1072
1 1 1 0 1071
1 1 1 0 1070
1 1 1 0 1069
1 1 1 0 1068
1 1 1 0 1067
1 1 1 0 1066
1 1 1 0 1065
1 1 1 0 1064
1 1 1 0 1063
1 1 1 0 1062
1 1 1 0 1061
1 1 1 0 1060
1 1 1 0 1059
1 1 1 0 1058
1 1 1 0 1057
1 1 1 0 1056
1 1 1 0 1055
1 1 1 0 1054
1 1 1 0 1053
1 1 1 0 1052
1 1 1 0 1051
1 1 1 0 1050
1 1 1 0 1049
1 1 1 0 1048
1 1 1 0 1047
1 1 1 0 1046
1 1 1 0 1045
1 1 1 0 1044
1 1 1 0 1043
1 1 1 0 1042
1 1 1 0 1041
1 1 1 0 1040
1 1 1 0 1039
1 1 1 0 1038
1 1 1 0 1037
1 1 1 0 1036
1 1 1 0 1035
1 1 1 0 1034
1 1 1 0 1033
1 1 1 0 1032
1 1 1 0 1031
1 1 1 0 1030
1 1 1 0 1029
1 1 1 0 1028
1 1 1 0 1027
1 1 1 0 1026
1 1 1 0 1025
1 1 1 0 1024
1 1 1 0 1023
1 1 1 0 1022
1 1 1 0 1021
1 1 1 0 1020
1 1 1 0 1019
1 1 1 0 1018
1 1 1 0 1017
1 1 1 0 1016
1 1 1 0 1015
1 1 1 0 1014
1 1 1 0 1013
1 1 1 0 1012
1 1 1 0 1011
1 1 1 0 1010
1 1 1 0 1009
1 1 1 0 1008
1 1 1 0 1007
1 1 1 0 1006
1 1 1 0 1005
1 1 1 0 1004
1 1 1 0 1003
1 1 1 0 1002
1 1 1 0 1001
1 1 1 0 1000
1 1 1 0 999
1 1 1 0 998
1 1 1 0 997
1 1 1 0 996
1 1 1 0 995
1 1 1 0 994
1 1 1 0 993
1 1 1 0 992
1 1 1 0 991
1 1 1 0 990
1 1 1 0 989
1 1 1 0 988
1 1 1 0 987
1 1 1 0 986
1 1 1 0 985
1 1 1 0 984
1 1 1 0 983
1 1 1 0 982
1 1 1 0 981
1 1 1 0 980
1 1 1 0 979
1 1 1 0 978
1 1 1 0 977
1 1 1 0 976
1 1 1 0 975
1 1 1 0 974
1 1 1 0 973
1 1 1 0 972
1 1 1 0 971
1 1 1 0 970
1 1 1 0 969
1 1 1 0 968
1 1 1 0 967
1 1 1 0 966
1 1 1 0 965
1 1 1 0 964
1 1 1 0 963
1 1 1 0 962
1 1 1 0 961
1 1 1 0 960
1 1 1 0 959
1 1 1 0 958
1 1 1 0 957
1 1 1 0 956
1 1 1 0 955
1 1 1 0 954
1 1 1 0 953
1 1 1 0 952
1 1 1 0 951
1 1 1 0 950
1 1 1 0 949
1 1 1 0 948
1 1 1 0 947
1 1 1 0 946
1 1 1 0 945
1 1 1 0 944
1 1 1 0 943
1 1 1 0 942
1 1 1 0 941
1 1 1 0 940
1 1 1 0 939
1 1 1 0 938
1 1 1 0 937
1 1 1 0 936
1 1 1 0 935
1 1 1 0 934
1 1 1 0 933
1 1 1 0 932
1 1 1 0 931
1 1 1 0 930
1 1 1 0 929
1 1 1 0 928
1 1 1 0 927
1 1 1 0 926
1 1 1 0 925
1 1 1 0 924
1 1 1 0 923
1 1 1 0 922
1 1 1 0 921
1 1 1 0 920
1 1 1 0 919
1 1 1 0 918
1 1 1 0 917
1 1 1 0 916
1 1 1 0 915
1 1 1 0 914
1 1 1 0 913
1 1 1 0 912
1 1 1 0 911
1 1 1 0 910
1 1 1 0 909
1 1 1 0 908
1 1 1 0 907
1 1 1 0 906
1 1 1 0 905
1 1 1 0 904
1 1 1 0 903
1 1 1 0 902
1 1 1 0 901
1 1 1 0 900
1 1 1 0 899
1 1 1 0 898
1 1 1 0 897
1 1 1 0 896
1 1 1 0 895
1 1 1 0 894
1 1 1 0 893
1 1 1 0 892
1 1 1 0 891
1 1 1 0 890
1 1 1 0 889
1 1 1 0 888
1 1 1 0 887
1 1 1 0 886
1 1 1 0 885
1 1 1 0 884
1 1 1 0 883
1 1 1 0 882
1 1 1 0 881
1 1 1 0 880
1 1 1 0 879
1 1 1 0 878
1 1 1 0 877
1 1 1 0 876
1 1 1 0 875
1 1 1 0 874
1 1 1 0 873
1 1 1 0 872
1 1 1 0 871
1 1 1 0 870
1 1 1 0 869
1 1 1 0 868
1 1 1 0 867
1 1 1 0 866
1 1 1 0 865
1 1 1 0 864
1 1 1 0 863
1 1 1 0 862
1 1 1 0 861
1 1 1 0 860
1 1 1 0 859
1 1 1 0 858
1 1 1 0 857
1 1 1 0 856
1 1 1 0 855
1 1 1 0 854
1 1 1 0 853
1 1 1 0 852
1 1 1 0 851
1 1 1 0 850
1 1 1 0 849
1 1 1 0 848
1 1 1 0 847
1 1 1 0 846
1 1 1 0 845
1 1 1 0 844
1 1 1 0 843
1 1 1 0 842
1 1 1 0 841
1 1 1 0 840
1 1 1 0 839
1 1 1 0 838
1 1 1 0 837
1 1 1 0 836
1 1 1 0 835
1 1 1 0 834
1 1 1 0 833
1 1 1 0 832
1 1 1 0 831
1 1 1 0 830
1 1 1 0 829
1 1 1 0 828
1 1 1 0 827
1 1 1 0 826
1 1 1 0 825
1 1 1 0 824
1 1 1 0 823
1 1 1 0 822
1 1 1 0 821
1 1 1 0 820
1 1 1 0 819
1 1 1 0 818
1 1 1 0 817
1 1 1 0 816
1 1 1 0 815
1 1 1 0 814
1 1 1 0 813
1 1 1 0 812
1 1 1 0 811
1 1 1 0 810
1 1 1 0 809
1 1 1 0 808
1 1 1 0 807
1 1 1 0 806
1 1 1 0 805
1 1 1 0 804
1 1 1 0 803
1 1 1 0 802
1 1 1 0 801
1 1 1 0 800
1 1 1 0 799
1 1 1 0 798
1 1 1 0 797
1 1 1 0 796
1 1 1 0 795
1 1 1 0 794
1 1 1 0 793
1 1 1 0 792
1 1 1 0 791
1 1 1 0 790
1 1 1 0 789
1 1 1 0 788
1 1 1 0 787
1 1 1 0 786
1 1 1 0 785
1 1 1 0 784
1 1 1 0 783
1 1 1 0 782
1 1 1 0 781
1 1 1 0 780
1 1 1 0 779
1 1 1 0 778
1 1 1 0 777
1 1 1 0 776
1 1 1 0 775
1 1 1 0 774
1 1 1 0 773
1 1 1 0 772
1 1 1 0 771
1 1 1 0 770
1 1 1 0 769
1 1 1 0 768
1 1 1 0 767
1 1 1 0 766
1 1 1 0 765
1 1 1 0 764
1 1 1 0 763
1 1 1 0 762
1 1 1 0 761
1 1 1 0 760
1 1 1 0 759
1 1 1 0 758
1 1 1 0 757
1 1 1 0 756
1 1 1 0 755
1 1 1 0 754
1 1 1 0 753
1 1 1 0 752
1 1 1 0 751
1 1 1 0 750
1 1 1 0 749
1 1 1 0 748
1 1 1 0 747
1 1 1 0 746
1 1 1 0 745
1 1 1 0 744
1 1 1 0 743
1 1 1 0 742
1 1 1 0 741
1 1 1 0 740
1 1 1 0 739
1 1 1 0 738
1 1 1 0 737
1 1 1 0 736
1 1 1 0 735
1 1 1 0 734
1 1 1 0 733
1 1 1 0 732
1 1 1 0 731
1 1 1 0 730
1 1 1 0 729
1 1 1 0 728
1 1 1 0 727
1 1 1 0 726
1 1 1 0 725
1 1 1 0 724
1 1 1 0 723
1 1 1 0 722
1 1 1 0 721
1 1 1 0 720
1 1 1 0 719
1 1 1 0 718
1 1 1 0 717
1 1 1 0 716
1 1 1 0 715
1 1 1 0 714
1 1 1 0 713
1 1 1 0 712
1 1 1 0 711
1 1 1 0 710
1 1 1 0 709
1 1 1 0 708
1 1 1 0 707
1 1 1 0 706
1 1 1 0 705
1 1 1 0 704
1 1 1 0 703
1 1 1 0 702
1 1 1 0 701
1 1 1 0 700
1 1 1 0 699
1 1 1 0 698
1 1 1 0 697
1 1 1 0 696
1 1 1 0 695
1 1 1 0 694
1 1 1 0 693
1 1 1 0 692
1 1 1 0 691
1 1 1 0 690
1 1 1 0 689
1 1 1 0 688
1 1 1 0 687
1 1 1 0 686
1 1 1 0 685
1 1 1 0 684
1 1 1 0 683
1 1 1 0 682
1 1 1 0 681
1 1 1 0 680
1 1 1 0 679
1 1 1 0 678
1 1 1 0 677
1 1 1 0 676
1 1 1 0 675
1 1 1 0 674
1 1 1 0 673
1 1 1 0 672
1 1 1 0 671
1 1 1 0 670
1 1 1 0 669
1 1 1 0 668
1 1 1 0 667
1 1 1 0 666
1 1 1 0 665
1 1 1 0 664
1 1 1 0 663
1 1 1 0 662
1 1 1 0 661
1 1 1 0 660
1 1 1 0 659
1 1 1 0 658
1 1 1 0 657
1 1 1 0 656
1 1 1 0 655
1 1 1 0 654
1 1 1 0 653
1 1 1 0 652
1 1 1 0 651
1 1 1 0 650
1 1 1 0 649
1 1 1 0 648
1 1 1 0 647
1 1 1 0 646
1 1 1 0 645
1 1 1 0 644
1 1 1 0 643
1 1 1 0 642
1 1 1 0 641
1 1 1 0 640
1 1 1 0 639
1 1 1 0 638
1 1 1 0 637
1 1 1 0 636
1 1 1 0 635
1 1 1 0 634
1 1 1 0 633
1 1 1 0 632
1 1 1 0 631
1 1 1 0 630
1 1 1 0 629
1 1 1 0 628
1 1 1 0 627
1 1 1 0 626
1 1 1 0 625
1 1 1 0 624
1 1 1 0 623
1 1 1 0 622
1 1 1 0 621
1 1 1 0 620
1 1 1 0 619
1 1 1 0 618
1 1 1 0 617
1 1 1 0 616
1 1 1 0 615
1 1 1 0 614
1 1 1 0 613
1 1 1 0 612
1 1 1 0 611
1 1 1 0 610
1 1 1 0 609
1 1 1 0 608
1 1 1 0 607
1 1 1 0 606
1 1 1 0 605
1 1 1 0 604
1 1 1 0 603
1 1 1 0 602
1 1 1 0 601
1 1 1 0 600
1 1 1 0 599
1 1 1 0 598
1 1 1 0 597
1 1 1 0 596
1 1 1 0 595
1 1 1 0 594
1 1 1 0 593
1 1 1 0 592
1 1 1 0 591
1 1 1 0 590
1 1 1 0 589
1 1 1 0 588
1 1 1 0 587
1 1 1 0 586
1 1 1 0 585
1 1 1 0 584
1 1 1 0 583
1 1 1 0 582
1 1 1 0 581
1 1 1 0 580
1 1 1 0 579
1 1 1 0 578
1 1 1 0 577
1 1 1 0 576
1 1 1 0 575
1 1 1 0 574
1 1 1 0 573
1 1 1 0 572
1 1 1 0 571
1 1 1 0 570
1 1 1 0 569
1 1 1 0 568
1 1 1 0 567
1 1 1 0 566
1 1 1 0 565
1 1 1 0 564
1 1 1 0 563
1 1 1 0 562
1 1 1 0 561
1 1 1 0 560
1 1 1 0 559
1 1 1 0 558
1 1 1 0 557
1 1 1 0 556
1 1 1 0 555
1 1 1 0 554
1 1 1 0 553
1 1 1 0 552
1 1 1 0 551
1 1 1 0 550
1 1 1 0 549
1 1 1 0 548
1 1 1 0 547
1 1 1 0 546
1 1 1 0 545
1 1 1 0 544
1 1 1 0 543
1 1 1 0 542
1 1 1 0 541
1 1 1 0 540
1 1 1 0 539
1 1 1 0 538
1 1 1 0 537
1 1 1 0 536
1 1 1 0 535
1 1 1 0 534
1 1 1 0 533
1 1 1 0 532
1 1 1 0 531
1 1 1 0 530
1 1 1 0 529
1 1 1 0 528
1 1 1 0 527
1 1 1 0 526
1 1 1 0 525
1 1 1 0 524
1 1 1 0 523
1 1 1 0 522
1 1 1 0 521
1 1 1 0 520
1 1 1 0 519
1 1 1 0 518
1 1 1 0 517
1 1 1 0 516
1 1 1 0 515
1 1 1 0 514
1 1 1 0 513
1 1 1 0 512
1 1 1 0 511
1 1 1 0 510
1 1 1 0 509
1 1 1 0 508
1 1 1 0 507
1 1 1 0 506
1 1 1 0 505
1 1 1 0 504
1 1 1 0 503
1 1 1 0 502
1 1 1 0 501
1 1 1 0 500
1 1 1 0 499
1 1 1 0 498
1 1 1 0 497
1 1 1 0 496
1 1 1 0 495
1 1 1 0 494
1 1 1 0 493
1 1 1 0 492
1 1 1 0 491
1 1 1 0 490
1 1 1 0 489
1 1 1 0 488
1 1 1 0 487
1 1 1 0 486
1 1 1 0 485
1 1 1 0 484
1 1 1 0 483
1 1 1 0 482
1 1 1 0 481
1 1 1 0 480
1 1 1 0 479
1 1 1 0 478
1 1 1 0 477
1 1 1 0 476
1 1 1 0 475
1 1 1 0 474
1 1 1 0 473
1 1 1 0 472
1 1 1 0 471
1 1 1 0 470
1 1 1 0 469
1 1 1 0 468
1 1 1 0 467
1 1 1 0 466
1 1 1 0 465
1 1 1 0 464
1 1 1 0 463
1 1 1 0 462
1 1 1 0 461
1 1 1 0 460
1 1 1 0 459
1 1 1 0 458
1 1 1 0 457
1 1 1 0 456
1 1 1 0 455
1 1 1 0 454
1 1 1 0 453
1 1 1 0 452
1 1 1 0 451
1 1 1 0 450
1 1 1 0 449
1 1 1 0 448
1 1 1 0 447
1 1 1 0 446
1 1 1 0 445
1 1 1 0 444
1 1 1 0 443
1 1 1 0 442
1 1 1 0 441
1 1 1 0 440
1 1 1 0 439
1 1 1 0 438
1 1 1 0 437
1 1 1 0 436
1 1 1 0 435
1 1 1 0 434
1 1 1 0 433
1 1 1 0 432
1 1 1 0 431
1 1 1 0 430
1 1 1 0 429
1 1 1 0 428
1 1 1 0 427
1 1 1 0 426
1 1 1 0 425
1 1 1 0 424
1 1 1 0 423
1 1 1 0 422
1 1 1 0 421
1 1 1 0 420
1 1 1 0 419
1 1 1 0 418
1 1 1 0 417
1 1 1 0 416
1 1 1 0 415
1 1 1 0 414
1 1 1 0 413
1 1 1 0 412
1 1 1 0 411
1 1 1 0 410
1 1 1 0 409
1 1 1 0 408
1 1 1 0 407
1 1 1 0 406
1 1 1 0 405
1 1 1 0 404
1 1 1 0 403
1 1 1 0 402
1 1 1 0 401
1 1 1 0 400
1 1 1 0 399
1 1 1 0 398
1 1 1 0 397
1 1 1 0 396
1 1 1 0 395
1 1 1 0 394
1 1 1 0 393
1 1 1 0 392
1 1 1 0 391
1 1 1 0 390
1 1 1 0 389
1 1 1 0 388
1 1 1 0 387
1 1 1 0 386
1 1 1 0 385
1 1 1 0 384
1 1 1 0 383
1 1 1 0 382
1 1 1 0 381
1 1 1 0 380
1 1 1 0 379
1 1 1 0 378
1 1 1 0 377
1 1 1 0 376
1 1 1 0 375
1 1 1 0 374
1 1 1 0 373
1 1 1 0 372
1 1 1 0 371
1 1 1 0 370
1 1 1 0 369
1 1 1 0 368
1 1 1 0 367
1 1 1 0 366
1 1 1 0 365
1 1 1 0 364
1 1 1 0 363
1 1 1 0 362
1 1 1 0 361
1 1 1 0 360
1 1 1 0 359
1 1 1 0 358
1 1 1 0 357
1 1 1 0 356
1 1 1 0 355
1 1 1 0 354
1 1 1 0 353
1 1 1 0 352
1 1 1 0 351
1 1 1 0 350
1 1 1 0 349
1 1 1 0 348
1 1 1 0 347
1 1 1 0 346
1 1 1 0 345
1 1 1 0 344
1 1 1 0 343
1 1 1 0 342
1 1 1 0 341
1 1 1 0 340
1 1 1 0 339
1 1 1 0 338
1 1 1 0 337
1 1 1 0 336
1 1 1 0 335
1 1 1 0 334
1 1 1 0 333
1 1 1 0 332
1 1 1 0 331
1 1 1 0 330
1 1 1 0 329
1 1 1 0 328
1 1 1 0 327
1 1 1 0 326
1 1 1 0 325
1 1 1 0 324
1 1 1 0 323
1 1 1 0 322
1 1 1 0 321
1 1 1 0 320
1 1 1 0 319
1 1 1 0 318
1 1 1 0 317
1 1 1 0 316
1 1 1 0 315
1 1 1 0 314
1 1 1 0 313
1 1 1 0 312
1 1 1 0 311
1 1 1 0 310
1 1 1 0 309
1 1 1 0 308
1 1 1 0 307
1 1 1 0 306
1 1 1 0 305
1 1 1 0 304
1 1 1 0 303
1 1 1 0 302
1 1 1 0 301
1 1 1 0 300
1 1 1 0 299
1 1 1 0 298
1 1 1 0 297
1 1 1 0 296
1 1 1 0 295
1 1 1 0 294
1 1 1 0 293
1 1 1 0 292
1 1 1 0 291
1 1 1 0 290
1 1 1 0 289
1 1 1 0 288
1 1 1 0 287
1 1 1 0 286
1 1 1 0 285
1 1 1 0 284
1 1 1 0 283
1 1 1 0 282
1 1 1 0 281
1 1 1 0 280
1 1 1 0 279
1 1 1 0 278
1 1 1 0 277
1 1 1 0 276
1 1 1 0 275
1 1 1 0 274
1 1 1 0 273
1 1 1 0 272
1 1 1 0 271
1 1 1 0 270
1 1 1 0 269
1 1 1 0 268
1 1 1 0 267
1 1 1 0 266
1 1 1 0 265
1 1 1 0 264
1 1 1 0 263
1 1 1 0 262
1 1 1 0 261
1 1 1 0 260
1 1 1 0 259
1 1 1 0 258
1 1 1 0 257
1 1 1 0 256
1 1 1 0 255
1 1 1 0 254
1 1 1 0 253
1 1 1 0 252
1 1 1 0 251
1 1 1 0 250
1 1 1 0 249
1 1 1 0 248
1 1 1 0 247
1 1 1 0 246
1 1 1 0 245
1 1 1 0 244
1 1 1 0 243
1 1 1 0 242
1 1 1 0 241
1 1 1 0 240
1 1 1 0 239
1 1 1 0 238
1 1 1 0 237
1 1 1 0 236
1 1 1 0 235
1 1 1 0 234
1 1 1 0 233
1 1 1 0 232
1 1 1 0 231
1 1 1 0 230
1 1 1 0 229
1 1 1 0 228
1 1 1 0 227
1 1 1 0 226
1 1 1 0 225
1 1 1 0 224
1 1 1 0 223
1 1 1 0 222
1 1 1 0 221
1 1 1 0 220
1 1 1 0 219
1 1 1 0 218
1 1 1 0 217
1 1 1 0 216
1 1 1 0 215
1 1 1 0 214
1 1 1 0 213
1 1 1 0 212
1 1 1 0 211
1 1 1 0 210
1 1 1 0 209
1 1 1 0 208
1 1 1 0 207
1 1 1 0 206
1 1 1 0 205
1 1 1 0 204
1 1 1 0 203
1 1 1 0 202
1 1 1 0 201
1 1 1 0 200
1 1 1 0 199
1 1 1 0 198
1 1 1 0 197
1 1 1 0 196
1 1 1 0 195
1 1 1 0 194
1 1 1 0 193
1 1 1 0 192
1 1 1 0 191
1 1 1 0 190
1 1 1 0 189
1 1 1 0 188
1 1 1 0 187
1 1 1 0 186
1 1 1 0 185
1 1 1 0 184
1 1 1 0 183
1 1 1 0 182
1 1 1 0 181
1 1 1 0 180
1 1 1 0 179
1 1 1 0 178
1 1 1 0 177
1 1 1 0 176
1 1 1 0 175
1 1 1 0 174
1 1 1 0 173
1 1 1 0 172
1 1 1 0 171
1 1 1 0 170
1 1 1 0 169
1 1 1 0 168
1 1 1 0 167
1 1 1 0 166
1 1 1 0 165
1 1 1 0 164
1 1 1 0 163
1 1 1 0 162
1 1 1 0 161
1 1 1 0 160
1 1 1 0 159
1 1 1 0 158
1 1 1 0 157
1 1 1 0 156
1 1 1 0 155
1 1 1 0 154
1 1 1 0 153
1 1 1 0 152
1 1 1 0 151
1 1 1 0 150
1 1 1 0 149
1 1 1 0 148
1 1 1 0 147
1 1 1 0 146
1 1 1 0 145
1 1 1 0 144
1 1 1 0 143
1 1 1 0 142
1 1 1 0 141
1 1 1 0 140
1 1 1 0 139
1 1 1 0 138
1 1 1 0 137
1 1 1 0 136
1 1 1 0 135
1 1 1 0 134
1 1 1 0 133
1 1 1 0 132
1 1 1 0 131
1 1 1 0 130
1 1 1 0 129
1 1 1 0 128
1 1 1 0 127
1 1 1 0 126
1 1 1 0 125
1 1 1 0 124
1 1 1 0 123
1 1 1 0 122
1 1 1 0 121
1 1 1 0 120
1 1 1 0 119
1 1 1 0 118
1 1 1 0 117
1 1 1 0 116
1 1 1 0 115
1 1 1 0 114
1 1 1 0 113
1 1 1 0 112
1 1 1 0 111
1 1 1 0 110
1 1 1 0 109
1 1 1 0 108
1 1 1 0 107
1 1 1 0 106
1 1 1 0 105
1 1 1 0 104
1 1 1 0 103
1 1 1 0 102
1 1 1 0 101
1 1 1 0 100
1 1 1 0 99
1 1 1 0 98
1 1 1 0 97
1 1 1 0 96
1 1 1 0 95
1 1 1 0 94
1 1 1 0 93
1 1 1 0 92
1 1 1 0 91
1 1 1 0 90
1 1 1 0 89
1 1 1 0 88
1 1 1 0 87
1 1 1 0 86
1 1 1 0 85
1 1 1 0 84
1 1 1 0 83
1 1 1 0 82
1 1 1 0 81
1 1 1 0 80
1 1 1 0 79
1 1 1 0 78
1 1 1 0 77
1 1 1 0 76
1 1 1 0 75
1 1 1 0 74
1 1 1 0 73
1 1 1 0 72
1 1 1 0 71
1 1 1 0 70
1 1 1 0 69
1 1 1 0 68
1 1 1 0 67
1 1 1 0 66
1 1 1 0 65
1 1 1 0 64
1 1 1 0 63
1 1 1 0 62
1 1 1 0 61
1 1 1 0 60
1 1 1 0 59
1 1 1 0 58
1 1 1 0 57
1 1 1 0 56
1 1 1 0 55
1 1 1 0 54
1 1 1 0 53
1 1 1 0 52
1 1 1 0 51
1 1 1 0 50
1 1 1 0 49
1 1 1 0 48
1 1 1 0 47
1 1 1 0 46
1 1 1 0 45
1 1 1 0 44
1 1 1 0 43
1 1 1 0 42
1 1 1 0 41
1 1 1 0 40
1 1 1 0 39
1 1 1 0 38
1 1 1 0 37
1 1 1 0 36
1 1 1 0 35
1 1 1 0 34
1 1 1 0 33
1 1 1 0 32
1 1 1 0 31
1 1 1 0 30
1 1 1 0 29
1 1 1 0 28
1 1 1 0 27
1 1 1 0 26
1 1 1 0 25
1 1 1 0 24
1 1 1 0 23
1 1 1 0 22
1 1 1 0 21
1 1 1 0 20
1 1 1 0 19
1 1 1 0 18
1 1 1 0 17
1 1 1 0 16
1 1 1 0 15
1 1 1 0 14
1 1 1 0 13
1 1 1 0 12
1 1 1 0 11
1 1 1 0 10
1 1 1 0 9
1 1 1 0 8
1 1 1 0 7
1 1 1 0 6
1 1 1 0 5
1 1 1 0 4
1 1 1 0 3
1 1 1 0 2
1 1 1 0 1
