1 1 1 300 0
1 1 1 299 1
1 1 1 298 2
1 1 1 297 3
1 1 1 296 4
1 1 1 295 5
1 1 1 294 6
1 1 1 293 7
1 1 1 292 8
1 1 1 291 9
1 1 1 290 10
1 1 1 289 11
1 1 1 288 12
1 1 1 287 13
1 1 1 286 14
1 1 1 285 15
1 1 1 284 16
1 1 1 283 17
1 1 1 282 18
1 1 1 281 19
1 1 1 280 20
1 1 1 279 21
1 1 1 278 22
1 1 1 277 23
1 1 1 276 24
1 1 1 275 25
1 1 1 274 26
1 1 1 273 27
1 1 1 272 28
1 1 1 271 29
1 1 1 270 30
1 1 1 269 31
1 1 1 268 32
1 1 1 267 33
1 1 1 266 34
1 1 1 265 35
1 1 1 264 36
1 1 1 263 37
1 1 1 262 38
1 1 1 261 39
1 1 1 260 40
1 1 1 259 41
1 1 1 258 42
1 1 1 257 43
1 1 1 256 44
1 1 1 255 45
1 1 1 254 46
1 1 1 253 47
1 1 1 252 48
1 1 1 251 49
1 1 1 250 50
1 1 1 249 51
1 1 1 248 52
1 1 1 247 53
1 1 1 246 54
1 1 1 245 55
1 1 1 244 56
1 1 1 243 57
1 1 1 242 58
1 1 1 241 59
1 1 1 240 60
1 1 1 239 61
1 1 1 238 62
1 1 1 237 63
1 1 1 236 64
1 1 1 235 65
1 1 1 234 66
1 1 1 233 67
1 1 1 232 68
1 1 1 231 69
1 1 1 230 70
1 1 1 229 71
1 1 1 228 72
1 1 1 227 73
1 1 1 226 74
1 1 1 225 75
1 1 1 224 76
1 1 1 223 77
1 1 1 222 78
1 1 1 221 79
1 1 1 220 80
1 1 1 219 81
1 1 1 218 82
1 1 1 217 83
1 1 1 216 84
1 1 1 215 85
1 1 1 214 86
1 1 1 213 87
1 1 1 212 88
1 1 1 211 89
1 1 1 210 90
1 1 1 209 91
1 1 1 208 92
1 1 1 207 93
1 1 1 206 94
1 1 1 205 95
1 1 1 204 96
1 1 1 203 97
1 1 1 202 98
1 1 1 201 99
1 1 1 200 100
1 1 1 199 101
1 1 1 198 102
1 1 1 197 103
1 1 1 196 104
1 1 1 195 105
1 1 1 194 106
1 1 1 193 107
1 1 1 192 108
1 1 1 191 109
1 1 1 190 110
1 1 1 189 111
1 1 1 188 112
1 1 1 187 113
1 1 1 186 114
1 1 1 185 115
1 1 1 184 116
1 1 1 183 117
1 1 1 182 118
1 1 1 181 119
1 1 1 180 120
1 1 1 179 121
1 1 1 178 122
1 1 1 177 123
1 1 1 176 124
1 1 1 175 125
1 1 1 174 126
1 1 1 173 127
1 1 1 172 128
1 1 1 171 129
1 1 1 170 130
1 1 1 169 131
1 1 1 168 132
1 1 1 167 133
1 1 1 166 134
1 1 1 165 135
1 1 1 164 136
1 1 1 163 137
1 1 1 162 138
1 1 1 161 139
1 1 1 160 140
1 1 1 159 141
1 1 1 158 142
1 1 1 157 143
1 1 1 156 144
1 1 1 155 145
1 1 1 154 146
1 1 1 153 147
1 1 1 152 148
1 1 1 151 149
1 1 1 150 150
1 1 1 149 151
1 1 1 148 152
1 1 1 147 153
1 1 1 146 154
1 1 1 145 155
1 1 1 144 156
1 1 1 143 157
1 1 1 142 158
1 1 1 141 159
1 1 1 140 160
1 1 1 139 161
1 1 1 138 162
1 1 1 137 163
1 1 1 136 164
1 1 1 135 165
1 1 1 134 166
1 1 1 133 167
1 1 1 132 168
1 1 1 131 169
1 1 1 130 170
1 1 1 129 171
1 1 1 128 172
1 1 1 127 173
1 1 1 126 174
1 1 1 125 175
1 1 1 124 176
1 1 1 123 177
1 1 1 122 178
1 1 1 121 179
1 1 1 120 180
1 1 1 119 181
1 1 1 118 182
1 1 1 117 183
1 1 1 116 184
1 1 1 115 185
1 1 1 114 186
1 1 1 113 187
1 1 1 112 188
1 1 1 111 189
1 1 1 110 190
1 1 1 109 191
1 1 1 108 192
1 1 1 107 193
1 1 1 106 194
1 1 1 105 195
1 1 1 104 196
1 1 1 103 197
1 1 1 102 198
1 1 1 101 199
1 1 1 100 200
1 1 1 99 201
1 1 1 98 202
1 1 1 97 203
1 1 1 96 204
1 1 1 95 205
1 1 1 94 206
1 1 1 93 207
1 1 1 92 208
1 1 1 91 209
1 1 1 90 210
1 1 1 89 211
1 1 1 88 212
1 1 1 87 213
1 1 1 86 214
1 1 1 85 215
1 1 1 84 216
1 1 1 83 217
1 1 1 82 218
1 1 1 81 219
1 1 1 80 220
1 1 1 79 221
1 1 1 78 222
1 1 1 77 223
1 1 1 76 224
1 1 1 75 225
1 1 1 74 226
1 1 1 73 227
1 1 1 72 228
1 1 1 71 229
1 1 1 70 230
1 1 1 69 231
1 1 1 68 232
1 1 1 67 233
1 1 1 66 234
1 1 1 65 235
1 1 1 64 236
1 1 1 63 237
1 1 1 62 238
1 1 1 61 239
1 1 1 60 240
1 1 1 59 241
1 1 1 58 242
1 1 1 57 243
1 1 1 56 244
1 1 1 55 245
1 1 1 54 246
1 1 1 53 247
1 1 1 52 248
1 1 1 51 249
1 1 1 50 250
1 1 1 49 251
1 1 1 48 252
1 1 1 47 253
1 1 1 46 254
1 1 1 45 255
1 1 1 44 256
1 1 1 43 257
1 1 1 42 258
1 1 1 41 259
1 1 1 40 260
1 1 1 39 261
1 1 1 38 262
1 1 1 37 263
1 1 1 36 264
1 1 1 35 265
1 1 1 34 266
1 1 1 33 267
1 1 1 32 268
1 1 1 31 269
1 1 1 30 270
1 1 1 29 271
1 1 1 28 272
1 1 1 27 273
1 1 1 26 274
1 1 1 25 275
1 1 1 24 276
1 1 1 23 277
1 1 1 22 278
1 1 1 21 279
1 1 1 20 280
1 1 1 19 281
1 1 1 18 282
1 1 1 17 283
1 1 1 16 284
1 1 1 15 285
1 1 1 14 286
1 1 1 13 287
1 1 1 12 288
1 1 1 11 289
1 1 1 10 290
1 1 1 9 291
1 1 1 8 292
1 1 1 7 293
1 1 1 6 294
1 1 1 5 295
1 1 1 4 296
1 1 1 3 297
1 1 1 2 298
1 1 1 1 299
1 1 1 0 300
1 1 1 0 299
1 1 1 0 298
1 1 1 0 297
1 1 1 0 296
1 1 1 0 295
1 1 1 0 294
1 1 1 0 293
1 1 1 0 292
1 1 1 0 291
1 1 1 0 290
1 1 1 0 289
1 1 1 0 288
1 1 1 0 287
1 1 1 0 286
1 1 1 0 285
1 1 1 0 284
1 1 1 0 283
1 1 1 0 282
1 1 1 0 281
1 1 1 0 280
1 1 1 0 279
1 1 1 0 278
1 1 1 0 277
1 1 1 0 276
1 1 1 0 275
1 1 1 0 274
1 1 1 0 273
1 1 1 0 272
1 1 1 0 271
1 1 1 0 270
1 1 1 0 269
1 1 1 0 268
1 1 1 0 267
1 1 1 0 266
1 1 1 0 265
1 1 1 0 264
1 1 1 0 263
1 1 1 0 262
1 1 1 0 261
1 1 1 0 260
1 1 1 0 259
1 1 1 0 258
1 1 1 0 257
1 1 1 0 256
1 1 1 0 255
1 1 1 0 254
1 1 1 0 253
1 1 1 0 252
1 1 1 0 251
1 1 1 0 250
1 1 1 0 249
1 1 1 0 248
1 1 1 0 247
1 1 1 0 246
1 1 1 0 245
1 1 1 0 244
1 1 1 0 243
1 1 1 0 242
1 1 1 0 241
1 1 1 0 240
1 1 1 0 239
1 1 1 0 238
1 1 1 0 237
1 1 1 0 236
1 1 1 0 235
1 1 1 0 234
1 1 1 0 233
1 1 1 0 232
1 1 1 0 231
1 1 1 0 230
1 1 1 0 229
1 1 1 0 228
1 1 1 0 227
1 1 1 0 226
1 1 1 0 225
1 1 1 0 224
1 1 1 0 223
1 1 1 0 222
1 1 1 0 221
1 1 1 0 220
1 1 1 0 219
1 1 1 0 218
1 1 1 0 217
1 1 1 0 216
1 1 1 0 215
1 1 1 0 214
1 1 1 0 213
1 1 1 0 212
1 1 1 0 211
1 1 1 0 210
1 1 1 0 209
1 1 1 0 208
1 1 1 0 207
1 1 1 0 206
1 1 1 0 205
1 1 1 0 204
1 1 1 0 203
1 1 1 0 202
1 1 1 0 201
1 1 1 0 200
1 1 1 0 199
1 1 1 0 198
1 1 1 0 197
1 1 1 0 196
1 1 1 0 195
1 1 1 0 194
1 1 1 0 193
1 1 1 0 192
1 1 1 0 191
1 1 1 0 190
1 1 1 0 189
1 1 1 0 188
1 1 1 0 187
1 1 1 0 186
1 1 1 0 185
1 1 1 0 184
1 1 1 0 183
1 1 1 0 182
1 1 1 0 181
1 1 1 0 180
1 1 1 0 179
1 1 1 0 178
1 1 1 0 177
1 1 1 0 176
1 1 1 0 175
1 1 1 0 174
1 1 1 0 173
1 1 1 0 172
1 1 1 0 171
1 1 1 0 170
1 1 1 0 169
1 1 1 0 168
1 1 1 0 167
1 1 1 0 166
1 1 1 0 165
1 1 1 0 164
1 1 1 0 163
1 1 1 0 162
1 1 1 0 161
1 1 1 0 160
1 1 1 0 159
1 1 1 0 158
1 1 1 0 157
1 1 1 0 156
1 1 1 0 155
1 1 1 0 154
1 1 1 0 153
1 1 1 0 152
1 1 1 0 151
1 1 1 0 150
1 1 1 0 149
1 1 1 0 148
1 1 1 0 147
1 1 1 0 146
1 1 1 0 145
1 1 1 0 144
1 1 1 0 143
1 1 1 0 142
1 1 1 0 141
1 1 1 0 140
1 1 1 0 139
1 1 1 0 138
1 1 1 0 137
1 1 1 0 136
1 1 1 0 135
1 1 1 0 134
1 1 1 0 133
1 1 1 0 132
1 1 1 0 131
1 1 1 0 130
1 1 1 0 129
1 1 1 0 128
1 1 1 0 127
1 1 1 0 126
1 1 1 0 125
1 1 1 0 124
1 1 1 0 123
1 1 1 0 122
1 1 1 0 121
1 1 1 0 120
1 1 1 0 119
1 1 1 0 118
1 1 1 0 117
1 1 1 0 116
1 1 1 0 115
1 1 1 0 114
1 1 1 0 113
1 1 1 0 112
1 1 1 0 111
1 1 1 0 110
1 1 1 0 109
1 1 1 0 108
1 1 1 0 107
1 1 1 0 106
1 1 1 0 105
1 1 1 0 104
1 1 1 0 103
1 1 1 0 102
1 1 1 0 101
1 1 1 0 100
1 1 1 0 99
1 1 1 0 98
1 1 1 0 97
1 1 1 0 96
1 1 1 0 95
1 1 1 0 94
1 1 1 0 93
1 1 1 0 92
1 1 1 0 91
1 1 1 0 90
1 1 1 0 89
1 1 1 0 88
1 1 1 0 87
1 1 1 0 86
1 1 1 0 85
1 1 1 0 84
1 1 1 0 83
1 1 1 0 82
1 1 1 0 81
1 1 1 0 80
1 1 1 0 79
1 1 1 0 78
1 1 1 0 77
1 1 1 0 76
1 1 1 0 75
1 1 1 0 74
1 1 1 0 73
1 1 1 0 72
1 1 1 0 71
1 1 1 0 70
1 1 1 0 69
1 1 1 0 68
1 1 1 0 67
1 1 1 0 66
1 1 1 0 65
1 1 1 0 64
1 1 1 0 63
1 1 1 0 62
1 1 1 0 61
1 1 1 0 60
1 1 1 0 59
1 1 1 0 58
1 1 1 0 57
1 1 1 0 56
1 1 1 0 55
1 1 1 0 54
1 1 1 0 53
1 1 1 0 52
1 1 1 0 51
1 1 1 0 50
1 1 1 0 49
1 1 1 0 48
1 1 1 0 47
1 1 1 0 46
1 1 1 0 45
1 1 1 0 44
1 1 1 0 43
1 1 1 0 42
1 1 1 0 41
1 1 1 0 40
1 1 1 0 39
1 1 1 0 38
1 1 1 0 37
1 1 1 0 36
1 1 1 0 35
1 1 1 0 34
1 1 1 0 33
1 1 1 0 32
1 1 1 0 31
1 1 1 0 30
1 1 1 0 29
1 1 1 0 28
1 1 1 0 27
1 1 1 0 26
1 1 1 0 25
1 1 1 0 24
1 1 1 0 23
1 1 1 0 22
1 1 1 0 21
1 1 1 0 20
1 1 1 0 19
1 1 1 0 18
1 1 1 0 17
1 1 1 0 16
1 1 1 0 15
1 1 1 0 14
1 1 1 0 13
1 1 1 0 12
1 1 1 0 11
1 1 1 0 10
1 1 1 0 9
1 1 1 0 8
1 1 1 0 7
1 1 1 0 6
1 1 1 0 5
1 1 1 0 4
1 1 1 0 3
1 1 1 0 2
1 1 1 0 1
