0.012554932054878454 0.21543177566302874
0.6007778816010549 0.1612466620970432
0.25569573927631584 0.17170718710058486
0.796998102432941 0.06282951662180358
0.7278360417703298 0.07385235944259261
0.5666188432270477 0.16797784713796482
0.9235202045669146 0.009439705872279824
0.17247077177832804 0.20948270822636073
0.1457890154895447 0.20991213923019325
0.6262016468980638 0.07847794311157252
0.0038112011730860873 0.5704640992825167
0.613554535646756 0.13606216136706384
0.7878205624762245 0.07335346901799478
0.03760028335973453 0.21100516225205834
0.8961973581285654 0.031457063984000055
0.007788132262049108 0.4797978630479216
0.39097582226791117 0.17109437132237482
0.4757998086107331 0.16880660000436987
0.8483336919724415 0.037591171321486594
0.9535728946624774 0.0014646654932145564
0.43201219340326924 0.16953847313821313
0.560582059786327 0.168301090163126
0.8269102814073958 0.052038126369868154
0.8280114381240984 0.048067051927788484
0.6209439919739762 0.13576352493766863
0.004734536201179251 0.5090870368818058
0.23519995918490222 0.20721517713390858
0.24122734076590424 0.20320067068945047
0.046627504228236694 0.21058085255500147
0.9370315179477414 0.00466915958135139
0.028437176781258455 0.2147173107982251
0.0032758815609240655 0.7456238828329552
0.8278140715881896 0.05065425445519112
0.8305141175423109 0.041960844982447676
0.9221139224070948 0.012328595167907075
0.24631542566376785 0.19509669727154966
0.1412914938888209 0.21011553922683834
1.9243335697944859 1.7647951021664916
1.6132275952531006 1.9150700636778035
1.9481457771061579 1.2172192996271776
1.6921591934602302 1.877360790414861
1.9921835366288256 1.0719664059321588
1.362148254710702 1.9674623937597793
1.5150904917063626 1.9541385612889381
1.9425905366890222 1.4741883790362236
1.851943440362688 1.8611945606199405
1.049828820095516 1.969431251492474
1.857821322015012 1.813356244474078
1.7796343065882247 1.870427057514835
1.9316732513592434 1.4935736097894283
1.962122648117634 1.1588093534282127
1.5273282889671695 1.9453344099097158
1.9232794020254484 1.770275989495411
1.8000297757272754 1.8622752842900967
1.6547245151743903 1.8869312947544254
1.943256871619492 1.3537792622816704
1.1524165365845125 1.968815407852397
1.993407375673406 1.0431905755643789
1.6502735463856186 1.898175764635679
1.7699003284391823 1.8746505942398302
1.454781960103396 1.9631682306780596
1.8672437624801876 1.7931333242452612
1.8531917414945547 1.8410611850408727
1.6457934541886274 1.9139472828225392
1.567039679082697 1.9182808655226165
1.9269242384839056 1.5796147126849536
1.9491716266823698 1.1622969430722376
1.976600872768041 1.088148841634864
1.0270723440993637 1.9933419395315277
1.5039773993673804 1.959570174700151
1.7960346718893647 1.8688623980949532
1.0958575958901542 1.9690386306374745
1.3924836371689975 1.9669536780359178
1.9442412776039373 1.2463453193827834
2.21640533273891 2.190441393111773
2.5428039413381676 2.127663763974855
2.1528429228963057 2.5330821451812824
2.7854464752397785 2.0597759499979587
2.1991704957719187 2.4895970406755565
2.0136431636624748 2.852296230581249
2.0248206874002155 2.7963122144413206
2.0471445241399384 2.5542617829681853
2.616758636746928 2.0648947561743434
2.946778943023391 2.0249651221578873
2.7081409883325502 2.059800803091534
2.3440534816877223 2.1424505456229035
2.276188299090718 2.175702056877446
2.207481595067412 2.246536155757388
2.848815667297057 2.0363995965292156
2.565371499842427 2.1270696660149406
2.012714684463362 2.875730709421573
2.037922600552731 2.6951439815874605
2.6922163031923207 2.0624994598663835
2.353195317664674 2.1414400956515336
2.568797442953054 2.0826605715425326
2.4011420466055218 2.139721017062568
2.2834577411405617 2.1427380862525
2.986059548965029 2.0039072695735034
2.281683673884538 2.14891908424716
2.0352018350204677 2.7950720016477177
2.144663489257476 2.5421884078801584
2.9670269110679524 2.0071036442663726
2.1197988836168076 2.5507957117670097
2.956376395213447 2.0123618088065767
2.0401094527173957 2.6734336851521756
2.0007186341034053 2.878315712041662
2.0417795994212584 2.620673785560186
2.8154079478923153 2.04937727002785
2.205157364970324 2.3885335881274488
2.4702990501190616 2.138461418524127
2.1554481252220117 2.5203451606943457
3.7009631824936204 3.4919101074535535
3.633353221706029 3.8404667259535428
3.9846054930847368 3.3313903386006722
3.140195605428037 3.96402689940376
3.995707891900727 3.1933599312568814
3.1395249441798705 3.964297206505371
3.44971058897564 3.9262355053399576
3.1655511285422153 3.9495670029936303
3.833792627077962 3.396354030442692
3.994903310254806 3.2508922707953003
3.7435276499604297 3.424803686765607
3.6681617435664107 3.5432752448161065
3.409258757622025 3.940891200622776
3.660780930640306 3.75345403891013
3.828412565743247 3.4050089868821938
3.0402439903489937 3.9963222871565423
3.6619313686492148 3.64903362337492
3.609059620480028 3.9229294185171364
3.642364203832731 3.777343972695315
3.9525077806130975 3.371361572562734
3.94919926626203 3.380743165687856
3.706748072637356 3.4791094078805713
3.708577251512713 3.4371644386897877
3.9782745866409415 3.3525803858301426
3.811736618880018 3.419980038802737
3.849790744075556 3.394578888022152
3.549692711021931 3.92499300089553
3.9372215062757725 3.385946944145866
3.0605702471126865 3.9852364023142
3.9917394020911834 3.309046813360572
3.9697785216296855 3.362544673499526
3.688189362399571 3.511195641059122
3.611488448622585 3.8561027223901725
3.0659667705017033 3.9665100873467707
3.6766677990656618 3.541067285419852
3.6343573779228873 3.8275076621064463
3.4043473041897383 3.9438549902588083
4.692046553207363 4.456235135376321
4.276178869769851 4.533106794220424
4.866781789873942 4.358921083861722
4.15275420605283 4.704590365035328
4.009030454153712 4.732861869959098
4.745866112885617 4.405560744548623
4.221999274770591 4.602767668669804
4.358495507689442 4.500755022212441
4.7049786240371025 4.450434748519101
4.93976435838806 4.196862119778716
4.715521677564302 4.413715585280688
4.031495506883512 4.730643001533212
4.266230357555724 4.561452283762085
4.909389391472615 4.320844521739932
4.673421838940345 4.496142991497862
4.933270508717555 4.19767689650366
4.151714395148322 4.706535458874615
4.26827969078814 4.555699585401876
4.319938484857684 4.502651709891919
4.043127068164632 4.728132851917329
4.9932784578637825 4.126192447823149
4.754152056646819 4.383501489665252
4.004966402542044 4.936998209342345
4.205671730685375 4.674706577743516
4.867181532881378 4.325337669140929
4.99897831603648 4.111484878250126
4.724664159170082 4.407724010709678
4.824126465160876 4.377760659144467
4.094070628837408 4.720384913261915
4.8638155269108685 4.366773541435792
4.212031831705 4.6318265427712735
4.983577359082006 4.195418019604718
4.207026269111716 4.665436253026915
4.919478854760499 4.252551121937854
4.673854522324048 4.486657548462835
4.0870709075091884 4.726492224886144
4.482826710578643 4.497981909697282
5.098348667592844 5.804049933890355
5.07798548012038 5.968762738371421
5.624261478075016 5.181438477759807
5.3242195494328985 5.717560422955786
5.658161486076429 5.083885377217922
5.384684796182807 5.566711170045231
5.236912936348914 5.753038927409567
5.429168684013205 5.379989440292954
5.540989492372482 5.369746536812933
5.869029887014875 5.066921185402232
5.403575603970094 5.509211171862542
5.5471471942612665 5.299866499539853
5.62439883694705 5.119090168724533
5.949589385534427 5.0114768438456885
5.547354523380146 5.291696593007845
5.935460264525672 5.028399734956417
5.298364058105122 5.734642295472936
5.5099729380441165 5.3754656855697025
5.548573654974061 5.23612263362723
5.565832495969766 5.200358790918976
5.0926150826138485 5.938404466772398
5.762212481176322 5.070015765339463
5.213842517449864 5.761130795035588
5.095198241403493 5.910482185431112
5.426561239988768 5.477904149451437
5.062925223591416 5.990054009069336
5.192461996900508 5.767051647503495
5.339675607858339 5.71202884417843
5.090953928416901 5.957893038324095
5.10024922363131 5.791475066978314
5.294467837490106 5.748434547796626
5.360946027112491 5.661239394910483
5.549398233498001 5.207081528779135
5.0142992488455125 5.99992583847728
5.171177283619988 5.789307284788245
5.396090938791015 5.55268034142142
5.890049002269124 5.053601853838659
6.6105071184702116 6.187412430068971
6.196381321197527 6.622136715639552
6.213748456898007 6.252589291715662
6.838191350180706 6.112203882788329
6.676074749575684 6.155948336196664
6.7366770754138665 6.12426059080213
6.121708406146684 6.932547437066166
6.144540639947628 6.838762116729473
6.5324785102521465 6.242086360541145
6.552636720495518 6.227908842887563
6.578710983631201 6.21077694561804
6.059568142421352 6.984141001609238
6.3181457324939885 6.2432329765294075
6.876180396089303 6.076203706900402
6.977249508740448 6.045834865784194
6.565741782526855 6.226040072717877
6.976639285578835 6.0483580411753275
6.619788101422456 6.159496285479467
6.1866939242767565 6.688337060566541
6.193362017068017 6.668971985467548
6.9998562815424386 6.043968695348378
6.207611269310069 6.297954531733456
6.534239768956853 6.235326793362767
6.12349952195987 6.8635792182639
6.214685443234377 6.2518954328408185
6.90252855092173 6.056480570545693
6.19784077843346 6.595914924817909
6.836072815495938 6.123502080979433
6.205226169591113 6.593723724239826
6.853572790628975 6.106042733162619
6.182008529818766 6.774289416864019
6.090045628541749 6.964279889066922
6.534590634439146 6.230802038702231
6.570109211374483 6.22104050477601
6.123157685265943 6.9153191464148325
6.2076082263447105 6.406854662354148
6.168743065766958 6.820937120883015
7.845106850551508 7.156257597515297
7.384595000126994 7.787618481730265
7.680480176506462 7.647984970110327
7.25729027684514 7.999422231800235
7.33482740574972 7.834572200458632
7.445999450547325 7.668946883871659
7.863254746186465 7.064690609058344
7.70110578959329 7.257728302803427
7.9011572287973015 7.031782306864536
7.443614975645482 7.682505970241159
7.294662980718575 7.919636768550356
7.386190132909928 7.704493843388444
7.7858042163079 7.2307024114567735
7.318523799990988 7.870973771252601
7.2821594884713825 7.919819295714829
7.690207826071305 7.405886308149532
7.803075804891022 7.16555483881031
7.314980590965986 7.8974018222846585
7.78374466935371 7.235427727122734
7.259902330044092 7.978928845859772
7.462299500096392 7.668699605747699
7.6854646916987335 7.626486296986747
7.634083309456492 7.6604843619507434
7.787334224785035 7.172472615115005
7.955259011280868 7.011832575487317
7.837203940324873 7.162264305810937
7.987726048047195 7.00616989754739
7.3473460989958035 7.812257374192756
7.904163562126142 7.031765094840381
7.275303621672393 7.953935131957557
7.69492376127765 7.330416707667508
7.695365251603811 7.317338335383515
7.552681070262661 7.661825894827186
7.88071282203446 7.0515656920509215
7.73492520346425 7.253095843409557
7.740851128978431 7.243140918645595
7.860353500230841 7.106963457237444
8.178577508703647 8.370478185661542
8.905940181019519 8.363922437983668
8.140610404882555 8.786307655150367
8.931587891092978 8.0442260599948
8.027912810538682 8.870198230085078
8.014833728104705 8.947304774134325
8.176680167604763 8.773563215102481
8.137151721762345 8.826230580445788
8.937982267081049 8.01694197765703
8.10521730394655 8.83137288173366
8.91741801480726 8.205731299608773
8.62534578428131 8.370199113265553
8.016262284578849 8.945325984207363
8.098907434152206 8.864923883868034
8.920113286949578 8.145108715832267
8.01866539312083 8.944914764784297
8.697342635783407 8.366815877755872
8.913443704862056 8.30574209967067
8.177118812182485 8.422825404377265
8.065855830204647 8.869571246468999
8.916265698101371 8.207851493120312
8.020645808836598 8.880029544764712
8.713546977511342 8.365983475079629
8.108192770465012 8.827129750517692
8.986795144169632 8.007922892373571
8.92039933335072 8.136111158737455
8.146029048570808 8.777503072259458
8.638359668345855 8.368884407863266
8.176860544109552 8.533582213116214
8.013540521375466 8.990843369227637
8.928492326067493 8.066703779740433
8.920811638577007 8.135583647611568
8.992168211742957 8.005092302361437
8.01919710979604 8.899511233216202
8.719223878305982 8.364932053887397
8.915731409234185 8.279155516494919
8.071110201761696 8.869176305451935
9.434213397026161 9.441192921758288
9.283955273360458 9.859121892867627
9.810124507638173 9.247872861071551
9.975856964552493 9.037429593197057
9.766484867027794 9.41239818045352
9.044899620684305 9.933702321258712
9.844612408294074 9.084403871516134
9.125030498647345 9.912176237015037
9.40283342204105 9.679396594357566
9.397918756964033 9.714076600455964
9.3171976414402 9.770233058511698
9.374615379544966 9.746781283651988
9.403000589464696 9.551305018052624
9.601008565946012 9.422237155915381
9.904584009817327 9.041352018748006
9.427834179119175 9.51979859600935
9.139253395301346 9.889656953432832
9.298396382923436 9.854022326621935
9.779263063855707 9.251177398444055
9.81641767614217 9.121576974370365
9.151633873382082 9.866055428004126
9.131411644171642 9.896964524846165
9.454745811919247 9.4388540393967
9.31546983484714 9.813796890389678
9.77240658311992 9.37140168258586
9.343490400761905 9.760198931489091
9.845819431270234 9.041737516334607
9.172235129932739 9.861346658054364
9.547742405663776 9.433719398104662
9.00177787949808 9.941908604491365
9.841485502219198 9.107512299100295
9.110612725971055 9.912605180971186
9.128939400823727 9.90189365055932
9.346762731457574 9.753020068368874
9.427358544341008 9.529031973019862
9.07379676429816 9.930103546847272
9.089817923443455 9.924567029771655
10.27075491115172 10.346033288571117
10.492572251613964 10.017898373599804
10.238026628451557 10.612419225112216
10.00714400949973 10.776089091528618
10.336311850916223 10.20858132708173
10.142907463336597 10.721830286408663
10.351995521946193 10.065261383558695
10.377213650837765 10.058066784710482
10.277580061085148 10.22574675906832
10.168031660949186 10.703375505687243
10.002565292188468 10.917654565742007
10.67972174904066 10.016993636201216
10.482805847534944 10.032382918049006
10.029269629283862 10.760549512793471
10.68309814476364 10.007735642803468
10.24378665144463 10.591658116935333
10.262454744714187 10.356423165137569
10.141137967039745 10.726219624250856
10.441603247845975 10.042803797880895
10.223637858332372 10.628461767298045
10.34855202061359 10.089074377321158
10.372200381736075 10.058209422111778
10.346380710010708 10.099804930256928
10.404725637275451 10.051786122633485
10.434763892381492 10.04703090444722
10.337818344677883 10.127895415782364
10.10021975115085 10.757553018001763
10.386550913779958 10.056240904579647
10.009503913124899 10.76194744366802
10.26268351923017 10.34984576327003
10.039754753300262 10.75831723526834
10.006005629741917 10.841437748495467
10.257773498569318 10.571088107509153
10.274303564415236 10.340051095150313
10.30513124677336 10.223595579394052
10.17663509445867 10.667015256648558
10.259118403696576 10.440050642955542
11.60008428233384 11.51695749946014
11.72707338486905 11.453216641526781
11.135809923447392 11.858473838568422
11.965714253879321 11.265250625293334
11.789240766069272 11.271593350361426
11.401192262925269 11.736889380500017
11.209664136857741 11.816934896669554
11.1108516345404 11.98705715466422
11.56498579085815 11.731354624174548
11.128866171827081 11.929515489976641
11.566266920561262 11.666627573914448
11.7746146161014 11.400480288993158
11.968458898971182 11.154282001543583
11.665023114195748 11.511071353014163
11.206041947052633 11.839566964941579
11.999758619187377 11.046447838388197
11.287964515339754 11.780760434613178
11.162405436110818 11.853179410819683
11.119284182223367 11.943829061032515
11.589733004814107 11.580735487339709
11.116888392149272 11.962023377520927
11.338605844707219 11.747489850586602
11.465695943088601 11.73522475870589
11.596000800454888 11.522739259212075
11.406158677107417 11.73612868829156
11.981512328188511 11.074740302542972
11.727364411298701 11.415258980353574
11.280952147073858 11.804273363271214
11.92277172882394 11.269621654304526
11.718817924009215 11.461553843311727
11.997277982912339 11.061404714203787
11.057215656706477 11.988894867012716
11.701483436513032 11.481390732674909
11.980275662735982 11.07822016307816
11.507913426415488 11.733980911960886
11.330745232213662 11.779678991958379
11.569348222894062 11.633739503210384
12.205504216881844 12.225158939059398
12.476249065100042 12.007916051850309
12.036955639993046 12.823287194295563
12.103848425166788 12.23975940418552
12.100000837092155 12.654372982311044
12.359707627556782 12.195872565546978
12.47198794163849 12.12000037419018
12.257063544567828 12.204877793154107
12.05808157010728 12.727553252556229
12.052703436131656 12.811846703885816
12.025195417857187 12.962186472102456
12.597599102715899 12.004847775092314
12.760330029137085 12.002016286551692
12.39891482724561 12.17537747211991
12.413150709654682 12.166715796507113
12.434208522457258 12.149306570099425
12.236256939411797 12.225093032113449
12.444812438692132 12.142179616626086
12.100274396234836 12.442710057619056
12.030940369061991 12.848950142167348
12.026309026249201 12.880274105436984
12.138788872611238 12.229067408251304
12.085548125213192 12.707168057891796
12.596152298439492 12.007407510591626
12.354134888870119 12.20400930789388
12.02553345626666 12.93226677345375
12.276005698380803 12.204825392313213
12.11290134647937 12.239061599147599
12.118187776317871 12.234729055137171
12.091006801284404 12.682471556510226
12.377813591459509 12.188157632893946
12.472942058452425 12.020373569077144
12.387135346583554 12.180150379122667
12.101281623469674 12.328232318374038
12.241383643541797 12.205162790413057
12.080893780146361 12.716014243885668
12.46033039031841 12.13139096757574
13.122016600716881 13.337357643863374
13.741102912067674 13.025485379076782
13.02160617271347 13.431309608861518
13.309262178619315 13.321299546562603
13.703522681521227 13.236194281059525
13.114984214239653 13.377162933263493
13.704012419557662 13.038327071583845
13.600541088935367 13.28929723559595
13.874993323789548 13.01306135873629
13.16376078293427 13.32652500077699
13.383424028726406 13.311660227118589
13.84017692391019 13.023579818391218
13.014195037437098 13.9525482968568
13.509583187830893 13.31112290362107
13.113021108432383 13.395827129166246
13.017727163897089 13.849978663045821
13.017727844518426 13.441905883280725
13.564242178841821 13.3073075173532
13.094193649903373 13.396838070692677
13.086223219022063 13.399490554212626
13.611682276706707 13.25507160711761
13.119225203593983 13.35078972386904
13.911215548704188 13.000266492758595
13.61726295035594 13.244680673241502
13.00794609772547 13.977553256440817
13.016390377000214 13.888666998277888
13.310639544503193 13.318678346717919
13.084911788748459 13.412992492607696
13.709123335854796 13.03498391431107
13.25732089829353 13.323901620476219
13.607771141134995 13.28249665568764
13.079544964894534 13.41478314190569
13.04769999179659 13.426800125506228
13.01322937251849 13.964097638394586
13.192454219875344 13.326396145808424
13.35389181438937 13.317647141174072
13.78549891081905 13.025200334342474
14.914807134072838 14.500313876209391
14.221540088629627 14.935974056479655
14.448649361827531 14.725111512535612
14.656474685270501 14.545334009496049
14.579925326759001 14.606835013411834
14.310461863873758 14.821531012911874
14.307530644919458 14.867236940541273
14.914907731216706 14.273863619598158
14.130636375603858 14.981144049882797
14.57860675139661 14.678855234499238
14.885680394968174 14.512906475472723
14.943289786690807 14.074074737172506
14.80666226844536 14.518577347464785
14.304810538072577 14.883219399252038
14.957819488302098 14.0135238950972
14.320759706310323 14.750283973724843
14.490624715247193 14.683597023923072
14.49059838716585 14.715443891712816
14.598870755437936 14.572756097212968
14.076695834238116 14.982602229838122
14.190506100113897 14.958125684538697
14.77528748086285 14.529614388530433
14.040814134431917 14.9827043863638
14.938904664225275 14.156576239615706
14.920478377026209 14.224955837313601
14.761670426416206 14.529903493923456
14.731491904095572 14.53062813515651
14.604758196645387 14.566426974555968
14.582467825148273 14.593199758405419
14.25965692785203 14.93037680179169
14.965469027580752 14.004894724226405
14.278910338586927 14.926526045339124
14.792717280554138 14.521143428965612
14.28632783949181 14.911681263258208
14.488438452982976 14.717546799805033
14.421488537898261 14.730724897748388
14.936430194138277 14.193561831313582
15.104701168248589 15.115961903891883
15.092517867007562 15.936864965319234
15.703946309847712 15.082129626013067
15.754548632763779 15.069215046891912
15.947831353325896 15.013034482286626
15.045026664307974 15.937463539011066
15.097001841870881 15.581330565788749
15.10033440148435 15.263302558708423
15.722739491304266 15.07700189667609
15.358589737510519 15.112408661818558
15.872059814330598 15.027962237807692
15.78271076144873 15.037427396019387
15.433991423663919 15.102739316710034
15.773128413116458 15.040788513221454
15.09254620979637 15.845224575092125
15.99094377483414 15.008313829909763
15.617843629809105 15.098733180113413
15.023174665348101 15.976183097139687
15.688456523749567 15.097243294328504
15.092705660175918 15.671654649239828
15.09867166060208 15.484401215489603
15.094279123651493 15.661261495455307
15.985954963977399 15.011978826475843
15.69847448616135 15.094870936428418
15.437757147863548 15.099413326008552
15.09466308413628 15.614984792107085
15.933364851417249 15.0158788323874
15.739008035205453 15.069596540564648
15.037690265662013 15.948710961867523
15.433448665083176 15.111325910239216
15.987184855492263 15.009457639463777
15.011361026578921 15.994384015881113
15.997538351027963 15.00220385073718
15.768855036465736 15.044605976207045
15.0213653198874 15.982086196675354
15.336448609948448 15.11263196995694
15.83248906783102 15.036542817664461
16.733036656446142 16.366314869182776
16.82977545364246 16.2368021493716
16.174396360064883 16.976273978924976
16.535458362158995 16.55207327666768
16.85086690116552 16.22650353759056
16.6370616472381 16.37414142810587
16.469695913867884 16.857326010202822
16.577078401412827 16.388892843560413
16.404169376317533 16.910291715708517
16.779671498323847 16.25300812576973
16.91896539690322 16.191448999055147
16.303106986512297 16.964809151767454
16.349683577707147 16.933269765070264
16.768206765512225 16.330636679969686
16.48540119462943 16.769478943580882
16.11584962866698 16.98630719790436
16.870258295705614 16.195463131769856
16.081281160033637 16.99532877686725
16.129654501499058 16.98293584234203
16.2802363442343 16.97224769271263
16.5694821879537 16.475116775738076
16.980347968332786 16.088393514105544
16.493083939751827 16.71010881297292
16.987353419134585 16.02396229468362
16.34542156701665 16.948173768217693
16.529486097105675 16.6117084149433
16.46420702880807 16.891457065892556
16.983691607993904 16.054343069383332
16.369327534960412 16.912326431294336
16.62117424759737 16.384536950240044
16.759843821582397 16.34143202030388
16.567561730280943 16.47866054965061
16.024073713279527 16.999022910609373
16.76925755708546 16.25721812106435
16.36495736467006 16.928143382411683
16.758929567984104 16.353033811616136
16.78545552552154 16.248848367626405
17.991481970424843 17.865675590509078
17.575352957100876 17.945443176732113
17.995360774027926 17.25707460387616
17.576063735437625 17.936410429817666
17.966290219218568 17.930220080821865
17.19976558326487 17.963178312752135
17.998144945245162 17.013025285237813
17.210994283864967 17.94895143415957
17.064495703490795 17.970279278734836
17.226022960909567 17.946296272854834
17.967041028083436 17.891162045713102
17.658498289929433 17.935018213401452
17.565641253709185 17.945669961498115
17.993441973758905 17.511131163045114
17.150560654266446 17.965733967359228
17.091734509266754 17.96614042286556
17.66428098182132 17.93129008084538
17.06099598721119 17.971261198714416
17.992020377952752 17.806748639523306
17.993444875774216 17.411754753021267
17.760345599643053 17.931132321511413
17.026314232988735 17.98474254037712
17.28090655831365 17.94590738953229
17.997818854850387 17.196347071405395
17.11167290771154 17.965763654458964
17.059898022301123 17.97996009480878
17.04622245286783 17.981952811515058
17.208900109443675 17.94953907478377
17.97679810483087 17.882781217330184
17.014446158789777 17.993325661785782
17.993458100306515 17.282862972599307
17.99314676662403 17.78637615199436
17.628268022789626 17.935966499700214
17.65012415221777 17.935855007971966
17.437662804140373 17.94572554362162
17.846862223229518 17.930491276512956
17.322676664723126 17.94590003116461
18.578309847906088 18.678308482188477
18.851785584220732 18.57406993398568
18.851957394013663 18.434382809065283
18.4296581363641 18.697679611569527
18.308121507805524 18.837863240947456
18.91204213528858 18.404017795612628
18.81409825718452 18.599826208026233
18.976112378353545 18.35901539902159
18.18018427821338 18.99885944542821
18.67466385946326 18.601008986491294
18.231891833304406 18.87913509369799
18.98238158507155 18.22002293526837
18.99557910361834 18.058720387451014
18.91465613320269 18.377714128173203
18.612225507042012 18.63144999430595
18.901513459416858 18.414991866275646
18.42964736295968 18.82686683908425
18.451662140207457 18.69712755005504
18.266768137407748 18.858773802798993
18.49795096991379 18.69040323294262
18.661754426145418 18.60172252334568
18.99098398083923 18.185702510745305
18.45859144936642 18.694391657967067
18.292578656781405 18.855002277061974
18.978018613466293 18.266000238034323
18.22007527390468 18.953409540301458
18.577248206618318 18.684424495824523
18.611148264383942 18.662278093622014
18.99343293825641 18.157586468257996
18.320465857314748 18.834552354272272
18.85601967385111 18.43126225294691
18.223774445383732 18.8903449812096
18.646743237217883 18.613847894640493
18.3279046334136 18.834264100651094
18.189668588627256 18.955244199606966
18.614180093770724 18.629798706939923
18.992146411559993 18.15891102303386
19.519220293644082 19.575069331721483
19.297714218831004 19.62650768217312
19.295824354794103 19.954189069094227
19.77664126100818 19.470834294462726
19.91052334067235 19.138239990628385
19.84988879505567 19.40714130627664
19.934355829679042 19.089868040891012
19.852715793612113 19.25367075367286
19.23099447393098 19.97909472649844
19.385494230347838 19.61944836033955
19.248352709149486 19.95798844158563
19.753934992016575 19.5186697847026
19.44769142004029 19.600056388312023
19.51110445427702 19.583159307895226
19.55582177587643 19.53368227648899
19.771914182178197 19.50221950302837
19.44807553153184 19.593697303795416
19.88954413025793 19.248753405589902
19.900478148954367 19.17907182469266
19.76185100032066 19.509228509953118
19.418903965523896 19.615918001697626
19.105181921385157 19.984809176583042
19.8515928494355 19.30092465220144
19.24294742565447 19.97532216799543
19.051679694036523 19.996778959461388
19.93428495177775 19.135732298387328
19.991462195475766 19.002057440351113
19.44764449434219 19.614820439591313
19.759674173346326 19.512580758517174
19.541947083907854 19.544863710383588
19.978023688822564 19.08732153534472
19.90604212465976 19.170268631156777
19.983702266428327 19.044041475757723
19.789418207076892 19.466162359387702
19.066168784610163 19.99182178263737
19.98292106845739 19.044846661903946
19.453206375097793 19.58353840427901
20.79040753181988 20.33196355362278
20.895197036322564 20.049095707413567
20.325310496103263 20.950831484745336
20.326212272097308 20.702703097670025
20.37870898361991 20.654935628654
20.65105238524245 20.497949612541607
20.66964965677464 20.475265163723368
20.74890555686268 20.393072470159638
20.761649986845647 20.38632165063743
20.122273817791925 20.963598057356716
20.383799870494297 20.50028814187512
20.80542191898511 20.322620346882864
20.844610947473384 20.130014708201248
20.112178378820637 20.990955329890607
20.726840953440103 20.4532959965142
20.70951924199974 20.45783092238102
20.87861063540644 20.055375347142228
20.014439930039345 20.994587303313196
20.3791098296206 20.563812115770403
20.741707631337473 20.451008695741216
20.837397191111073 20.141414051279313
20.957264947453137 20.000615164521104
20.25693333306524 20.959665794945604
20.325700856547606 20.72483367751192
20.80860734487463 20.258742987046933
20.765871376153488 20.369479526066364
20.904577272185875 20.043532362697107
20.116981227628266 20.969583754823088
20.641410022395437 20.499401813344523
20.77798348586901 20.340591534985474
20.863514105224148 20.12544928728338
20.81226687015159 20.182811956659933
20.91082565983902 20.040669168069325
20.368587931671687 20.656039548549888
20.343281488820217 20.675753361883842
20.805968067898366 20.313544632803495
21.12249969780735 21.208858307711424
21.19253114731455 21.109013006612884
21.225955978093193 21.092297233027736
21.745816129075934 21.038073642235975
21.042121221186658 21.80646347216023
21.949097709963738 21.02599310770757
21.07699935263279 21.421199941962332
21.460270728933377 21.05431114611709
21.071450712372243 21.77328502247173
21.44081584129963 21.089519926866156
21.069540161730828 21.79130963535963
21.18157891783579 21.153206451640465
21.071259740313625 21.77763786354646
21.16272250889952 21.170564127059727
21.121181720431057 21.21148808284938
21.75137885514678 21.03488168114059
21.591252863817488 21.042236442513993
21.654987497051664 21.03993358500469
21.155003986556288 21.171327972217608
21.20244773529624 21.10081608778057
21.025787684196313 21.959889411938114
21.092272718229953 21.41052734909944
21.27409008730664 21.08953646797583
21.124249577452648 21.205762943418566
21.097714710614348 21.297632363084727
21.102010720206277 21.230985080415376
21.07689168657988 21.426301399959883
21.034027458210478 21.930816674679406
21.549523302366474 21.053215181141006
21.074596572803767 21.704081176651812
21.144021971507655 21.186030061938048
21.00971002450499 21.994514651136807
21.908094361843393 21.03256260484906
21.03695368029101 21.877475919357813
21.021710291827688 21.961289292576176
21.07549595602785 21.439815810847715
22.538791032310215 22.870714537623815
22.56394007178761 22.067501927565516
22.5523632657962 22.45175131952683
22.143398020864232 22.897337925810145
22.199429500095363 22.889832842602562
22.257094075013786 22.88959618102724
22.341009493117127 22.882343420446972
22.606020605862994 22.062915823597713
22.79448251127915 22.040561699904362
22.065922707809023 22.962680943408905
22.540483539189943 22.81993028232954
22.79538022586077 22.026688735306568
22.562857123946902 22.22664065904735
22.082819548416808 22.960900867145746
22.837310281466777 22.023542276801912
22.858349552765027 22.009396751278494
22.10550911655306 22.924277441208908
22.551949005456716 22.67463478874353
22.34592015981353 22.8818602835978
22.105491531336924 22.957981328115267
22.95881134354304 22.004724515513225
22.685174038099973 22.044412303328507
22.54586670971667 22.711233918937246
22.552523146043644 22.393754306112083
22.910920665162088 22.0053275861043
22.552179877858038 22.649098749862475
22.063313644830313 22.98455495643796
22.55509223846155 22.339578099729682
22.908965894656358 22.009162507995477
22.985884296013793 22.000251071494247
22.11432543632212 22.902937907731573
22.567372708310323 22.064425465431874
22.274086480218365 22.88763263939606
22.416351854990445 22.874543255683008
22.01181595502733 22.992750683904244
22.620500134515428 22.048407667252114
23.81014407403904 23.19467819821995
23.625110384574427 23.306931559329133
23.10839379717419 23.309936267756896
23.001266467215668 23.40391799879463
23.63394746108039 23.261966946969206
23.96120233187198 23.03238633489479
23.00116106826416 23.90531106673949
23.717980517168815 23.24550859912163
23.9429644171126 23.04366006147643
23.786347635046162 23.200187351392913
23.68026961294732 23.249735241793736
23.009114290510677 23.399062625438322
23.85448727961483 23.118670798597357
23.034215289405562 23.334549745613806
23.61522932204754 23.309244275102238
23.826297138064522 23.187192074992506
23.094464796776382 23.321380712672017
23.660286487140226 23.251694449709408
23.847962578673805 23.186827386375946
23.64534427548312 23.259759412455605
23.874519445943868 23.112138403028418
23.62961862383424 23.281905162644932
23.97421960377166 23.00979521160187
23.881990246899036 23.072117774423493
23.01650807752936 23.38132339327856
23.937498152015763 23.052941363010643
23.783958977048183 23.219151569478093
23.08110122415369 23.33397010861026
23.02383353431214 23.34856666907704
23.78300859036404 23.236514658712085
23.762858243028298 23.2429163876457
23.446142585633876 23.309654999855997
23.863839203507318 23.113559125361935
23.81542379451288 23.18868232639268
23.009293844264377 23.39511320384738
23.85158155947956 23.16933483659638
24.7306954770462 24.97054183927903
24.880524239035267 24.245651118506334
24.980611683924064 24.00333533293398
24.74246923996621 24.286367540209334
24.862915284777483 24.25363053933995
24.94610265837704 24.066322950820606
24.94665084210492 24.031222289035107
24.89611016732232 24.080880391009103
24.888818896551687 24.113548120848527
24.73124022926915 24.894926144574754
24.73135303683911 24.418403555284083
24.52023581122803 24.992515744016583
24.730933755966564 24.96902826217302
24.986639628082287 24.00330477556947
24.53004498255889 24.989534113023584
24.970735546601638 24.01313777803499
24.244148979002706 24.994721353182122
24.733266540360724 24.340973045854312
24.63805007502055 24.98038444094709
24.91781688323657 24.068223275485625
24.799696058700366 24.26392547272515
24.886317688896106 24.21283398676644
24.297230240101786 24.994612909603376
24.736769692760305 24.30147592931753
24.827218485145497 24.26241220612434
24.72204138852786 24.970752336696055
24.69891383875722 24.978244278347823
24.385745716081136 24.99370599963053
24.914961346677373 24.080427473374666
24.705448734027094 24.97602593763236
24.88434212880278 24.243985733635242
24.953469515680414 24.02360759841842
24.95126497518988 24.029135438557304
24.798081844825486 24.269633076638886
24.847207207243287 24.25600803868551
24.74387278329852 24.282745531199268
25.625912274148646 25.17595521750044
25.61833752485119 25.229838542300886
25.523307435170718 25.682367761193497
25.52420241175661 25.361682023396057
25.282716352837326 25.710780309497636
25.897774581075698 25.12662946328277
25.711873705381922 25.12683498697655
25.177822573471623 25.86254938741876
25.930424997253805 25.07550690151534
25.118869034823774 25.970149053737757
25.635338632039044 25.167821797672808
25.12155175622221 25.955693828551045
25.95327359245526 25.00287621357904
25.33536136952308 25.686513107463774
25.562723889280466 25.244556949079396
25.523707821289715 25.454161513215663
25.19457010607148 25.79444635014381
25.53214901621876 25.323122671532435
25.951545978700665 25.06091521241137
25.923018478389714 25.08933520797304
25.711682721568128 25.164757076415512
25.59702841044911 25.239803710480615
25.61957828929619 25.224999172923884
25.267431610121328 25.74755130275846
25.34963856936335 25.686312145705045
25.911456266724407 25.09465708311034
25.271109816950847 25.734270323328033
25.92406989845404 25.0832294218845
25.134199452151346 25.94132893590169
25.18669997172411 25.832468491763265
25.062883043878873 25.988026356730376
25.164664895935747 25.924279287758754
25.280095009953126 25.722293092672714
25.11921350382876 25.956002239300023
25.256153823050415 25.77731713964951
25.074489006318768 25.971342044790546
26.69472727004271 26.201256817429357
26.55450985140553 26.963608728786888
26.58774152604801 26.823451147547136
26.67803888281687 26.2724274459564
26.588337708373395 26.79044936906621
26.821817034672026 26.074749459492445
26.718070009033813 26.186563063920058
26.512419186128536 26.971193371874882
26.860163430153708 26.035543180874985
26.653217609204365 26.662782472559314
26.393999784674445 26.981097843876952
26.65912767859026 26.454555530659764
26.815066021763705 26.083762794435884
26.95936191580611 26.016587980303672
26.010207215490166 26.998080782544836
26.1772926071417 26.98859350415604
26.624246044451613 26.739653002565493
26.647039618989357 26.671079798451196
26.56277499561076 26.930352072355035
26.675051871703335 26.357757106463527
26.586719287089835 26.893416412086694
26.809836590431917 26.119572899586956
26.666627802796015 26.45192092280432
26.63684831958831 26.672324145210872
26.315146215846138 26.98827840660915
26.5767026415362 26.92291064999332
26.805304450445384 26.144434268783066
26.52980291942091 26.964863875194105
26.667464904968824 26.403215698375433
26.58535898735363 26.89769473384108
26.917610456585972 26.027748053992024
26.73367401471359 26.172328802155537
26.654462443320234 26.474845880315364
26.556803825027217 26.951207135830703
26.769738149339293 26.15267125151451
26.118102993220923 26.990011633431788
27.061160781941346 27.693177980954093
27.337490217650405 27.642918449474916
27.03813288104669 27.751372771523894
27.94890070162053 27.213216308341824
27.03456913889487 27.819759759129518
27.737168412744786 27.459960846604456
27.875789407937837 27.33784761189783
27.587737016399927 27.62270942374462
27.78097529805955 27.410849679488532
27.257581185614875 27.67653897991507
27.96534941670804 27.07617044207186
27.594616460909958 27.492918599768846
27.610058849542277 27.481291298621333
27.976159434020712 27.070193673405004
27.408332515092145 27.63251866970005
27.01013546747067 27.899043955223217
27.99108724610873 27.043329540165193
27.860912576932165 27.40829203327416
27.93460527662828 27.315305729621816
27.935190720115475 27.229293061191218
27.08892396395354 27.683632000240586
27.69552474955086 27.464108057866408
27.644006495268915 27.46478953440071
27.98818651438069 27.06782325231341
27.767757131873612 27.445887044362493
27.240743633794356 27.680904081475216
27.901133701733315 27.318902781184743
27.994739689307615 27.04064018312484
27.303676396900908 27.661236476670076
27.59459214159709 27.566636488758856
27.357731341465136 27.636902954521105
27.613974123919608 27.47989854342449
27.38586347957801 27.63499603369016
27.001887764231743 27.95576226079556
27.03694622768852 27.810478922103968
27.026571797058068 27.873561605379166
28.239742208639175 28.33128181910949
28.823428270005667 28.019070832019107
28.090200491754146 28.673619893445974
28.670884102771623 28.225178687518614
28.07075618620645 28.77464696133672
28.635131808802495 28.2712999548005
28.136889650254925 28.342105351128993
28.812282956166356 28.115691286802463
28.431675296708995 28.30641614967401
28.11796483791892 28.35120850318266
28.093288168768037 28.587869159531937
28.789062024181177 28.184340108508508
28.443254318053203 28.27792360530188
28.06849317234763 28.814556727100403
28.109930867245097 28.507883543011843
28.275162770454717 28.329164372476967
28.015680742942838 28.90343496401944
28.43820157805606 28.294124785948554
28.795153675457055 28.15348347072242
28.73351937955495 28.22062110462757
28.050967520273552 28.899592401788375
28.56110178997221 28.277811174213827
28.11721454856162 28.506952912361612
28.00058735587902 28.92195656905705
28.85312470305874 28.00690401718279
28.417238368098566 28.31463414484103
28.76820144154484 28.194677044398368
28.003225029618076 28.907806767805372
28.075620968803833 28.73616793475892
28.09173545807631 28.611165284598385
28.05325187022443 28.815997091657568
28.87007597558073 28.006826375925975
28.00183918927234 28.915957756009256
28.816824250743153 28.068458087962107
28.6763956529178 28.220988608007673
28.414110630419003 28.32405864107836
29.592999935570393 29.31703075046804
29.989714702142923 29.111408510151655
29.525415080924624 29.36054882466533
29.241940893878283 29.551560240589033
29.27027965193803 29.365821054475038
29.18348110322934 29.87535126771884
29.679944715254326 29.250325864198835
29.811028111572174 29.23724186450653
29.939594535123888 29.1488520470738
29.185830697705722 29.862498585245465
29.25525948770576 29.50302045793941
29.113710834137457 29.973894783181905
29.164519422541854 29.93668457883178
29.55143539939674 29.347416607941245
29.859608600604478 29.168242577455025
29.18432381784096 29.86735853251497
29.181412431173726 29.901670702200917
29.719501237285744 29.24253454243799
29.08082646482906 29.981388396750724
29.857996238777226 29.19777357409155
29.218096853853627 29.56574846442512
29.67102860587863 29.28119296902434
29.21076636653723 29.788003266729255
29.261208458150243 29.473273850866622
29.56176445655461 29.317349094719642
29.289537776951107 29.36129790147641
29.73148757263515 29.24054996011372
29.8298274225082 29.21794574250891
29.613459037653747 29.29009205681642
29.205169967631917 29.85863853960058
29.55870749151634 29.345547385438984
29.21178336167426 29.785912457842105
29.59423663413138 29.31201199604561
29.213260353420285 29.737459379744674
29.83035822356782 29.215876101957434
29.042816533534157 29.993281753252223
30.771411218412585 30.705241267726933
30.56586820931789 30.84377571296811
30.42411072440391 30.885323892018988
30.440240830966378 30.846400438853088
30.874136473328555 30.560388687141277
30.92438631913435 30.180127402563638
30.35765735985741 30.934962886719237
30.867745565185523 30.601180717346743
30.34883651367395 30.971328089285322
30.12582211640561 30.99903479379932
30.978923673918477 30.018614884897307
30.880673439980548 30.493001384239594
30.88259340240911 30.314351898010408
30.725656372261888 30.723577513889406
30.662717557656688 30.813208984000674
30.24004627601323 30.99194301872069
30.77692782770145 30.64238241783364
30.29640193387974 30.973469212653157
30.349803980475734 30.93626387502474
30.948582894352874 30.06920367534908
30.811285377297473 30.632131618196464
30.94913940729843 30.064490702269175
30.81305979827241 30.60514840118252
30.93867470916849 30.164404896801948
30.3902672657135 30.923619877246885
30.92062530243255 30.26479923917002
30.711294232595773 30.802285203449486
30.888253956726793 30.296249901802515
30.942081070791428 30.14862738263315
30.679219176584972 30.811651296302045
30.606800578747926 30.832117320865212
30.921462736633718 30.263942066255456
30.91654710936136 30.28923279944637
30.948304448076705 30.07331622639228
30.90156400386813 30.294160555516886
30.41257166314751 30.89371535324667
31.030322476363796 31.828554469478988
31.583106064203733 31.002930294405996
31.095998460246566 31.322597240231218
31.094817744387345 31.353977882591405
31.389973306106832 31.31511077991335
31.074554740908518 31.68515947839709
31.439838759959844 31.270819407585996
31.064699927515598 31.719953781908163
31.459284937879 31.051408841129497
31.08399591761915 31.483980654233847
31.034275357005217 31.785018218946195
31.44718378924641 31.204930558560516
31.109875037533907 31.320229630577202
31.492586900558898 31.024591810512156
31.01154277322229 31.982464944035982
31.01848210984211 31.944536640893872
31.00886279298628 31.988197943843538
31.026846582852436 31.897059481432002
31.09181322022606 31.35812980536615
31.06322557461733 31.748801518355755
31.410831195331674 31.298269814538386
31.43558932318375 31.297480943473026
31.460685962544904 31.035854709967847
31.932928745521572 31.00271777384252
31.45671769682407 31.184510875753045
31.54915510675455 31.00794623408346
31.08339916878602 31.674986954802623
31.437529146754013 31.290534214543626
31.530193363488173 31.01925764628662
31.06037267027473 31.77088477220968
31.083743202792466 31.53630344837599
31.397291375542977 31.3046014330785
31.065017736795777 31.685954747082523
31.17978800868975 31.3153723197823
31.16134684668299 31.31629978611378
31.45863636371204 31.14563825645773
32.5220565977935 32.73415942012451
32.01025525539099 32.82989853695363
32.59296294725962 32.594498859569676
32.88261455907543 32.52864419873582
32.87012301237379 32.58567828915695
32.98845057296059 32.209105561195095
32.1362335813257 32.759893687140355
32.91350471405415 32.29385760671261
32.990039022584995 32.002656622335834
32.40409617790948 32.74410668238876
32.88594887514666 32.30459894985082
32.535556674992876 32.68076675865
32.00396609050472 32.84957491094791
32.16418045782032 32.75603827113889
32.566597519202816 32.64015122595577
32.67029301777447 32.58745190587249
32.13057297718546 32.80403735827193
32.92461714208582 32.28357555412435
32.56749888599483 32.61806660320211
32.43560903515479 32.7341912357824
32.41782171540137 32.74040220537611
32.955495755034384 32.24061808198229
32.038212221759174 32.82383258637548
32.29571690939071 32.75291455477143
32.946734876947815 32.24949098313663
32.85576545778564 32.58608841434364
32.93242969207771 32.25177186908719
32.55065289722929 32.645570739882956
32.88094585217603 32.576504074895006
32.88188088597648 32.54500504066212
32.141230059435 32.75691871669424
32.884569605184026 32.349682523728205
32.883112677249855 32.43281429662646
32.972756779157656 32.23130687143413
32.59032376155917 32.61240917651819
32.924375571629994 32.292840431853215
33.346262273615494 33.17973150708382
33.14912521765405 33.690532254458894
33.73747548379881 33.14125927664056
33.24747213594066 33.36156960836713
33.15708470034649 33.57308841534869
33.25165336152761 33.23865958873309
33.77669997748537 33.11518052554955
33.11253167025442 33.9441326928957
33.88225345630992 33.06380305315116
33.90108848255783 33.0101157027569
33.070026827114816 33.95646572033944
33.64797555742846 33.16640655825383
33.74639081916548 33.12950185419575
33.11292543780437 33.76599188655461
33.13074470800077 33.76271605162099
33.1782258116249 33.457499832304556
33.18906155292139 33.40587754190003
33.332642542256636 33.188679392856365
33.88175522595549 33.10903575577306
33.40908015266336 33.1691534858605
33.30596043939728 33.22184440141198
33.89356739968404 33.01708529396999
33.18206331729295 33.41451787093519
33.196194781317836 33.37850057911595
33.65806232643549 33.160691979242465
33.462812370758925 33.169108216944196
33.39613490244086 33.17857693149274
33.16051028348937 33.526468414851905
33.04281467582353 33.961951097505214
33.25133943287214 33.242474410424016
33.14877645382221 33.73604421669198
33.29240307008246 33.23330594852935
33.14955350550033 33.61212230854639
33.14565514199762 33.7536793064093
33.2499814630957 33.308929652092196
33.17128329866143 33.491999114838315
34.52976032486829 34.79897752028896
34.878504818617586 34.569961974694266
34.78306734480217 34.721016886088016
34.20769595361823 34.817978373580736
34.15761971666537 34.82318110469247
34.01739679506377 34.84909355749006
34.68278313987555 34.75072347409172
34.95841330218079 34.31213637068503
34.97926513603325 34.296646900085236
34.847099568243515 34.585095638374746
34.73938037729928 34.7472129786078
34.78389001134995 34.64051967885364
34.84574226314835 34.589104319465775
34.92679893133008 34.48181743276679
34.31743000698814 34.80512227785017
34.576315849110365 34.79301692198016
34.76340054030851 34.74444814264558
34.94703615929846 34.34148752908799
34.39803019022016 34.80399251547034
34.78375483286803 34.701493598449716
34.944255270652874 34.43900901133886
34.003077250997684 34.86786723091027
34.98989788739123 34.01424615018599
34.54591594952104 34.797352960666316
34.00084261367685 34.984570533653645
34.66218363146512 34.76076907528164
34.643489506584565 34.77712052437746
34.83459706424632 34.589898091014675
34.90099536174347 34.49559478582063
34.13965234926543 34.829038989983545
34.57856508361553 34.78128125025924
34.79575804715422 34.62028359908956
34.88307584611248 34.54666506336493
34.940529392028786 34.46740659460273
34.78500525401872 34.624205639130224
34.95443796034956 34.325859136176156
35.37588412850362 35.61793823659412
35.3912523974811 35.498038356968564
35.34806087632505 35.92415477530998
35.362845637442206 35.76496999128675
35.65352313897716 35.12183436506178
35.43446148857142 35.489944124311876
35.568532378113936 35.3772076971668
35.571075701307116 35.34017885419824
35.72932258583494 35.09237514777772
35.636888606805556 35.24820181904785
35.64559788447729 35.15642378889636
35.761244577586325 35.01002556433095
35.47255032510983 35.423830998301256
35.232507682810876 35.98954822572886
35.26609931340819 35.92681248304134
35.64745670365362 35.1401029736338
35.59034300530142 35.29114245628832
35.37815743228285 35.548549151075115
35.21986070213134 35.9962151910464
35.95760994667991 35.00071038133488
35.23389133722145 35.96424458544147
35.593803149421134 35.26083649338624
35.37161954100335 35.686819620958865
35.38257844022138 35.51811689310777
35.47054581216146 35.43237996138636
35.377947270653664 35.57872259652958
35.254965163391326 35.937679046171645
35.16393058280933 35.996702869087116
35.83578366804806 35.00893172170762
35.35556680557361 35.86048498736337
35.35919787785691 35.81837105477059
35.534258964405616 35.38469939830778
35.24256417353961 35.95420785803392
35.35751186482952 35.829130953458424
35.57170569452676 35.33279660863203
35.511085972528015 35.3929655359808
36.04009732499341 36.73288964950789
36.39709041783758 36.4639586217603
36.75667014996415 36.174981089187675
36.33592040543896 36.689934081980475
36.525458051656734 36.442246526330486
36.65999107181185 36.2888554941947
36.0022944817774 36.89341663586185
36.74332008183088 36.27629472050662
36.90377789622194 36.025677682691445
36.00824926405376 36.74002982128533
36.13360989105687 36.71158383497019
36.58348947617969 36.39593456417689
36.348220960576874 36.65232741846134
36.87122895063921 36.147174711780316
36.234149729291694 36.69349451128577
36.624184409432836 36.333801979139714
36.384403888449334 36.501745000729834
36.609996457351826 36.36136500845942
36.588899677975746 36.3818356309555
36.91625425377367 36.01336119447048
36.87898985376739 36.073894693187356
36.437295872658424 36.45889054418012
36.36382503570509 36.61789927494966
36.82665787274538 36.15143281196034
36.8106097515797 36.16032572876549
36.34086209168953 36.67736621061758
36.54440382438593 36.400299208202384
36.38389959143938 36.53746504127934
36.63904420601175 36.31165334716364
36.38584437840047 36.481018887418955
36.4573736693729 36.44244625544671
36.53224459025401 36.41990860690968
36.83231690935911 36.148729270834025
36.973409109480194 36.00818955574198
36.88118102207354 36.06142844841137
36.61450094574733 36.335305537710724
37.917901547077406 37.21964775203504
37.09549070728365 37.89268600054492
37.40401357847695 37.779827377336645
37.64876709767322 37.57919111459311
37.7199119539791 37.533141333367894
37.58075841583639 37.7451667858184
37.26508141203524 37.822935873570366
37.178395871032926 37.84509098658727
37.99661634657512 37.210197968118294
37.66195778597423 37.556398436720144
37.73132724963029 37.23649494766177
37.44439931624244 37.758223817196445
37.037352667129966 37.90270940370376
37.64052800107954 37.63368837387537
37.72981426947006 37.2923922933393
37.456639030493335 37.753319298155716
37.64330664650376 37.62263442991433
37.12000449151302 37.88784074729968
37.47890876549412 37.74776969993622
37.846069921393095 37.23064385116211
37.66507791835779 37.54972320986926
37.61409183031027 37.63698327521574
37.60327333128527 37.649290719959914
37.05026811582481 37.89821136690143
37.38575751666237 37.793339980737684
37.1787709154864 37.84430912731629
37.58420903448967 37.66608814032539
37.01161414817389 37.998818839703084
37.726907103457336 37.29990172692509
37.66251158796691 37.55000162436905
37.591789713480026 37.66544550557752
37.408029783175955 37.75875547308269
37.25195225200909 37.827762632442024
37.22990692580464 37.82794023026257
37.145509848602664 37.84754135086534
37.683904756551286 37.53606439099626
38.76874177850769 38.41604013697735
38.109228221982995 38.793228619909044
38.93448647162217 38.34802112134954
38.952100969869186 38.29917162581678
38.6545179758475 38.480673033400194
38.192222356999565 38.534561541567484
38.011330830881235 38.87370039028878
38.21644013911498 38.49166050575382
38.41240737339725 38.48434336030146
38.78868800754721 38.3716620178734
38.670111399444664 38.4501423640842
38.12352614462497 38.70150027747892
38.16260629606323 38.681293798421194
38.89757616996478 38.35995061910626
38.958523002806295 38.010495528831015
38.584640306675205 38.481961662450686
38.012944568943475 38.86815530526767
38.00286715937101 38.95495508969596
38.18149023836897 38.583954486127766
38.764302114196816 38.434531119848906
38.0664409167903 38.82109618334533
38.94667755575374 38.3348801031113
38.95470339982856 38.211285548829174
38.111219946663496 38.778430744751084
38.063205404498405 38.82280726724024
38.03917864168107 38.86290488857485
38.738128585508115 38.44711559550021
38.190073750217756 38.537158773894376
38.10676280376535 38.7998885224382
38.0558296767275 38.84491655959212
38.26241711486609 38.48867143952083
38.009235197815755 38.947302541353245
38.773712466920365 38.40638662132017
38.208291644918184 38.501993119367924
38.19877163389338 38.51319097392196
38.81348588658295 38.371274715094685
39.58892638912945 39.28425211466278
39.27608189816004 39.31897518949217
39.016110797273875 39.89604860224689
39.16211752979844 39.419121273262455
39.84573597535498 39.018812688406065
39.09759834014607 39.60967117925193
39.78773762081561 39.164793912020535
39.802500767920506 39.134642627749216
39.69306045849341 39.23934844585999
39.28177535082957 39.29752906578297
39.03866747907761 39.76523600454183
39.95610453525527 39.01862443854659
39.80365767884404 39.065260415651885
39.14255196051497 39.535036742517065
39.08049764857509 39.676607840216235
39.72194813391246 39.21684001248658
39.20173920393744 39.325637791049395
39.111208985344945 39.56975302019253
39.079217937759694 39.67809690394453
39.392559390595025 39.291129805635585
39.770822227656346 39.17460207903374
39.62808739628424 39.27085973615643
39.68921342899799 39.24881321774003
39.190110369998855 39.34380481215569
39.16279924995393 39.405325870651566
39.03634488601533 39.86264443496039
39.769573818685494 39.205346566416004
39.0858264161031 39.61281538008224
39.082702071719794 39.623599559606106
39.173370278387544 39.403734354861264
39.84179441128579 39.058452759165526
39.18455764576243 39.35915494342404
39.54726956252316 39.29102560996075
39.00717439317028 39.962074357261415
39.124868585180025 39.53735240693404
39.02508147015504 39.8922721955264
40.73113929379354 40.076390754614124
40.598310952410024 40.27652078286018
40.14172839704402 40.82307366548123
40.57136218187195 40.587181025219024
40.095902056613326 40.88157493770274
40.516147025794716 40.60222500769528
40.230248313539384 40.65133555261565
40.71911273229134 40.26086472712265
40.84346289108837 40.05586872327297
40.44579567566861 40.63904370134478
40.81401451492204 40.05588646289921
40.06878410008398 40.89641411890557
40.20185150419396 40.67287132721995
40.01891282033612 40.944736498094514
40.22782891999326 40.65591561496319
40.58540259424179 40.32554361936979
40.6097599375876 40.27525666227018
40.00203060983816 40.99264733890414
40.78862724618514 40.0729729239255
40.19405297854359 40.737333847010376
40.98093950796394 40.0525222151746
40.58111245076292 40.5475007658831
40.32309131929852 40.64205182686167
40.076490207698136 40.886800506939665
40.9903698027896 40.006681262723006
40.583537607464656 40.464989784771156
40.47061780009635 40.60923918633036
40.72898569218977 40.10508013799741
40.73112020569386 40.09312887716486
40.28315841613383 40.649571162412826
40.21227917369493 40.664163030972276
40.72537578335646 40.161613429033686
40.188508250559266 40.79342569446195
40.08069496707198 40.88620103903112
40.80696812284784 40.071335320439914
40.591035416676725 40.301119458470296
41.451521723977685 41.86798525042387
41.50996759840557 41.42063000547191
41.61280991770785 41.13228359932548
41.35445184036842 41.95203465666712
41.87885720653039 41.0871305123482
41.09432024055189 41.961222143802786
41.50128064604508 41.744970290191745
41.55172202524667 41.372206223150116
41.58005561773639 41.32915949795025
41.998297564251615 41.04258832862432
41.70525123113231 41.11895537639486
41.046460017404726 41.98519781378789
41.508682811954024 41.6911950318451
41.481368825722065 41.83724722472065
41.3582095896154 41.91842118777026
41.60248505844273 41.16936088546552
41.26062766473999 41.95808143217481
41.102468678632064 41.96010736521609
41.62438794772668 41.127436007363876
41.88301957132072 41.054639544444754
41.02569717520663 41.9924035160038
41.95595650904894 41.04730350229366
41.866421880033656 41.08857413159199
41.450496364205925 41.9005702320161
41.52911526756582 41.38567951416887
41.50657693047398 41.726484554887286
41.73255600795251 41.096721265531706
41.4737880411633 41.842325648757075
41.063956442334096 41.968912834261886
41.059140138440306 41.98436594415982
41.43799156776973 41.90658853184537
41.813468495413225 41.09010978926265
41.72379526957822 41.112608098735784
41.49531261114462 41.77276762316728
41.647797838572984 41.12077046275635
41.52786482229884 41.38945908841524
42.34075721471743 42.432290491192916
42.0034483660139 42.76823822594708
42.54299003392963 42.11870680520698
42.07023751617858 42.55009601101903
42.89653666770093 42.03970766488223
42.47713523395314 42.42840295311766
42.706692636018886 42.06000255197468
42.21284560529451 42.46307742160381
42.49363551620331 42.34385396212157
42.022363666280434 42.55661422902211
42.15700215788636 42.51045643731499
42.538694977277764 42.34376666789082
42.55895787641692 42.116823697619466
42.62530721314796 42.07619268195753
42.94617064741154 42.000927011085146
42.1460584575227 42.52430744222158
42.56289982140053 42.10974042106616
42.23266081106177 42.456917669053595
42.85269672448512 42.0433939967985
42.61301552457839 42.08981008500597
42.011048967872966 42.662083855023795
42.733778568530845 42.04754338925024
42.10874324657881 42.54605668275681
42.942277726285 42.005163982347604
42.642158028908796 42.06012751552179
42.13397576281457 42.54163590431472
42.60872936464166 42.10746982714975
42.46567232480636 42.429726586324975
42.72384676786711 42.05136356620118
42.00269952877506 42.92559232733706
42.620651470993096 42.084554750645914
42.611784743120396 42.10201191752172
42.49042560003017 42.35976027923667
42.78563264839767 42.04398154373953
42.278907364361025 42.44063944735255
42.981479262807596 42.00052745011275
43.16917177923901 43.43150527751767
43.886019402473586 43.17560154940766
43.94782234199323 43.09306586675735
43.64278322478436 43.2358409268651
43.157243371400455 43.807281102678104
43.15975639041303 43.7024089103327
43.998866372480194 43.00818028227283
43.42261265918721 43.301275767858655
43.0334131927346 43.840785166247
43.03331294002017 43.99732253175734
43.967621419351296 43.06393648365753
43.42672402844706 43.27220914461499
43.73453133032085 43.21554530133708
43.291508556502954 43.37226444723648
43.62296406416068 43.25596392029458
43.15929258715576 43.75798167920749
43.939422440968485 43.14270335809188
43.16799828529596 43.679943225123566
43.936744750455944 43.15424493898383
43.3701445585763 43.32125724412278
43.34659565241449 43.33298674118047
43.24604304273914 43.37334294266599
43.21520928453947 43.3885688791245
43.41456100726799 43.31311247783035
43.74841568723619 43.181915061337094
43.43441646891561 43.26329676008858
43.7319820997707 43.22595858493406
43.339624399369 43.33567495972187
43.82388111202709 43.18036780522999
43.29751233465666 43.35218477565352
43.84525399809584 43.17942676568526
43.31571062303587 43.341951530833605
43.17526250326255 43.40611436999332
43.74571529186839 43.19409056855709
43.62512371132872 43.246647973935076
43.46375581556513 43.26231104468926
44.02790861029157 44.61636272708295
44.7223909529821 44.338917952191416
44.16808698348706 44.519175176612826
44.88827623923935 44.094251400745755
44.87352793635474 44.177754099940316
44.42370562390706 44.51638170055426
44.48106649982567 44.510031477258366
44.69432375242232 44.50905360237634
44.10111834579006 44.604505465134544
44.836706007313424 44.3240242999227
44.13067035367318 44.560084985797594
44.9733219964018 44.084885197901556
44.136103111125976 44.528620127921016
44.860658357885235 44.306739222056486
44.866075066371025 44.281969233335964
44.10407109267228 44.58788895439335
44.882273673486814 44.09856237204135
44.70738771643098 44.39137930847428
44.7630884863897 44.33762881737959
44.99763426648362 44.02275833565593
44.002537843804056 44.696357843468846
44.85656717991047 44.307491494231286
44.02407578283699 44.67228643565512
44.69675793352648 44.41269349568816
44.80172087616393 44.32454126419725
44.39787888868269 44.518350299956786
44.70582786084595 44.401302900947925
44.87387860953508 44.1593679098144
44.11589794360672 44.57865548243855
44.85492690237812 44.317755090006415
44.98893581645082 44.07630461308536
44.05732673559965 44.612349117638736
44.99730427814404 44.03643191468017
44.88144502721217 44.111339544026066
44.870188771844994 44.26427070327126
44.720808837288324 44.35593794009765
45.161696725691925 45.569978779630645
45.16147626449223 45.71158322192387
45.68376297145469 45.39873256306478
45.25520001116736 45.505171046153066
45.738428763100444 45.006717552037784
45.02189928891178 45.96199899656656
45.21509449699706 45.55961539655622
45.134488117526914 45.87756232412869
45.49065008163012 45.43728121126889
45.060274156931484 45.899251859305856
45.447833916236895 45.47281028928569
45.71763200957118 45.234986691363076
45.36754420888518 45.495294787096896
45.727163523929846 45.04848919949369
45.2427979130823 45.51471404128411
45.60612355395842 45.422976265345916
45.09189432418954 45.89918331645767
45.26572942644883 45.50000185726651
45.82410931163736 45.00200178138136
45.009959335418664 45.97553115484011
45.766411726423655 45.00454360254091
45.72123972642938 45.21385041723361
45.16374323611546 45.56089589311645
45.71375820980724 45.31403284321417
45.04857127282119 45.91031877618349
45.47968787967962 45.44005692733079
45.7006261266411 45.322878692677506
45.68783509129824 45.34807016106362
45.14463002978864 45.80701352205485
45.45443457245673 45.456658065586915
45.4338001872521 45.48264317442712
45.140126365085486 45.80867867474879
45.69115536796267 45.32944866969335
45.0924059649087 45.88146017524108
45.81656458626601 45.00370344073363
45.152480582327485 45.75821906174645
46.981083312795754 46.81008473601097
46.65157179726975 46.88949166493077
46.473234096514254 46.92271894805446
46.42514226988967 46.93738241378865
46.97371570455677 46.87248531584396
46.20630594936334 46.94705882849176
46.02198082640269 46.94722088797345
46.567650854713776 46.89399175768471
46.40773041539501 46.944196012321804
46.99112298329214 46.01253952532385
46.990072189041136 46.18622773130244
46.862294515940285 46.879750209673276
46.98367835335537 46.232416060248866
46.49183298461237 46.92254797591238
46.019574132950915 46.977464386461655
46.495285129210764 46.91573870328054
46.94919804298862 46.87287530015977
46.822408074460924 46.882668084179684
46.98396659466767 46.215874837646396
46.352937870937765 46.94514234980033
46.66000173307381 46.88391310481996
46.51003025797814 46.90503245771914
46.98201306638561 46.67218737976934
46.425500575539544 46.924095447158116
46.790619346420605 46.88337108877518
46.674918621290324 46.883450029223184
46.65598883069358 46.884188532397474
46.98293552279465 46.5747685315848
46.978579131511054 46.818532096549916
46.322612267697046 46.94688207414888
46.98451218025643 46.20626922290847
46.56902353563591 46.89279939180937
46.513685073689174 46.90244027106036
46.99109139460033 46.10360669272791
46.9913641386256 46.00252308260758
46.97633437686335 46.8549250500982
47.84612056444232 47.62896173130929
47.73846706880237 47.92921206725641
47.75866058011355 47.88920835073168
47.47941813407841 47.98736234424065
47.938464545832 47.034119834415165
47.52809608778367 47.941066469352656
47.92811517866618 47.258044716149904
47.87587008239132 47.40558375530225
47.7606950687651 47.84211710686718
47.86076386907251 47.44643146841341
47.8804595659175 47.296226864149205
47.489476670917796 47.95834464874164
47.930184445677796 47.13839022755551
47.789332482053474 47.70198503408906
47.86014363523153 47.50127240779207
47.9596209597677 47.00797775996474
47.77918544230783 47.79134084492674
47.140338903320924 47.99314422365256
47.99537873639142 47.00553614413607
47.8134457382814 47.66126435588284
47.57451516205008 47.93962332721647
47.85695897125009 47.617163381851235
47.84350810393162 47.65810965946149
47.935840719415 47.03839619356263
47.29075977719367 47.98772296607922
47.0290392852941 47.99483319867492
47.7155611045741 47.937203097811306
47.767884419981236 47.82760694053296
47.93249804575715 47.06224390977451
47.78738756520573 47.723498597979585
47.75210697339709 47.908695223981795
47.75434597835499 47.90258852217541
47.74188974528327 47.91151127267054
47.89470753048275 47.283787753298654
47.84501077992309 47.65720281364278
47.94359131454063 47.03209294017284
48.06323523070246 48.5855009709034
48.68449611615025 48.05640813204593
48.40958552985365 48.304152775291534
48.0702495543921 48.36017877538388
48.75149025357814 48.0361982552907
48.62114438166961 48.25710334739672
48.62823857409446 48.21437684377769
48.32491455894971 48.31323621806824
48.00665715377511 48.65952703819242
48.53224178891862 48.25987276096475
48.068983359456425 48.58117607260963
48.29442165654996 48.35410929212678
48.02244747629338 48.59477805328831
48.31405642038735 48.33403851568769
48.867716112496964 48.006635369679714
48.679715152956646 48.133190795287945
48.496588458044236 48.29054150300754
48.00283556031763 48.77481065302298
48.62831517379087 48.154403535792085
48.73118511202201 48.04081081969228
48.44202163545721 48.296402813840615
48.9225184814801 48.00401709897838
48.49712231540796 48.27829852966779
48.032029006084514 48.58946020017649
48.674281233272296 48.14932686957175
48.81401862925431 48.034583959975244
48.00299920343781 48.67974634645877
48.020344261140146 48.63591182188405
48.32381818574115 48.3301980276558
48.060792814362365 48.58726896356601
48.180025905229826 48.357428177021
48.29021542145449 48.356606264790265
48.51150221378493 48.268517286752015
48.71448859823733 48.052238732198305
48.921075360620904 48.00578822752724
48.00268013546942 48.88630532923738
49.40191243453377 49.502523103617236
49.24017108748987 49.72269493651452
49.29142841341258 49.54888905780827
49.94202795284442 49.22138556712261
49.46915468352175 49.23804628940586
49.21620870284696 49.84698502122211
49.253808928736426 49.6975146315181
49.45399838408995 49.238659551562975
49.04445714160165 49.951223020667854
49.820010870274366 49.222737569242945
49.514777315016296 49.236168633904434
49.758295759414 49.224768401658054
49.20476989921582 49.87423136619499
49.43459810145912 49.39409634176063
49.961899367581196 49.16421936905661
49.95832341730291 49.18821884258475
49.19824635486664 49.90916872462054
49.0378913338999 49.97496568312334
49.45306887396229 49.291072066100114
49.01583511221995 49.99806137758854
49.178689861163996 49.94928382033552
49.99693816421128 49.068470212904415
49.4177759493605 49.40936270240687
49.232953337674324 49.795246732199544
49.305392745460665 49.50376229138983
49.405387105665085 49.43612870449358
49.986156263641895 49.12647383410138
49.386057537953775 49.503043581876184
49.28572668208688 49.65236987582738
49.432764074778646 49.40018907509579
49.97856625704152 49.12871409231564
49.171808925963354 49.951041957640925
49.44932736203022 49.37585689977031
49.59641690427799 49.22791087044749
49.28693358207971 49.61438704194985
49.208683372891855 49.86253411091129
50.51153267922149 50.538667425251404
50.44130894716481 50.95644493478346
50.99168395288132 50.05783517779672
50.92633848581033 50.230943867827655
50.63342514382493 50.40969958507406
50.30219539745849 50.97733441937634
50.441541604068185 50.841744910908865
50.489148370918976 50.56930965566282
50.63005186865662 50.486363832372284
50.6346333634316 50.372020235502426
50.58276065783497 50.48849517930728
50.446114846556114 50.66825910303116
50.858742375659816 50.257362048782966
50.06586243485794 50.994762456416964
50.48277221298473 50.62824799428914
50.96189260125665 50.20474914558746
50.831574862559776 50.295904730617075
50.729412876958726 50.29940926125351
50.495784965939364 50.544618175969276
50.37817467038787 50.9716905122677
50.894182346629975 50.24914142629571
50.99128022772728 50.12470138062639
50.638642364802166 50.33521387491498
50.5807380911735 50.52770510599527
50.34018235953334 50.97417427640032
50.723604362539724 50.33325124247511
50.08488612575454 50.979678941162724
50.8549821781549 50.29305357943168
50.56921781245819 50.531552073890815
50.632516646788986 50.45774791724035
50.63508404035092 50.359169570840756
50.557107954444874 50.53705723319537
50.994303240251334 50.02068337554914
50.98309347562075 50.19136064937237
50.44503183144835 50.75658466800801
50.50047584995547 50.544268451370165
51.717929667714 51.75360235741039
51.10621326307697 51.76085054598648
51.08213744976264 51.79997868414768
51.78997677454656 51.183791404218354
51.762096723235096 51.60505777631892
51.05434498237857 51.99662100782043
51.76619675397041 51.589942160362185
51.7491723715628 51.68185034463056
51.85198384450776 51.11772336306048
51.86908052200897 51.04463160459965
51.07572583376384 51.88382693842197
51.82262820257732 51.153869892978115
51.78348875275138 51.32962820837088
51.86534951675624 51.079468952062925
51.847405888168474 51.15093793044286
51.06050310064018 51.93013143226789
51.0792663325449 51.854794616455116
51.775921344451135 51.479372896210506
51.203443339407166 51.75426129699993
51.97067063856063 51.02483953995091
51.71963243052376 51.71643179054599
51.78879111441417 51.204801466152865
51.87534584992997 51.03956126874244
51.76005035456317 51.66502091156155
51.0819572081013 51.81817707316185
51.809352722135756 51.161464404351555
51.790937062084915 51.17689221683126
51.892030443606416 51.025574911325634
51.58924279043989 51.75417079835074
51.07315807142911 51.91187212380686
51.175399907627906 51.75598319357429
51.09455043687947 51.77729573332935
51.84113697540974 51.15277131906023
51.78873864407851 51.287628643591404
51.775974698017876 51.33565813686957
51.99264126509561 51.00058952080832
52.587695067101976 52.38712356950954
52.52806710535175 52.64285207405077
52.163120062171025 52.9730016114097
52.66272261904003 52.34121124857984
52.87266655650865 52.1097214418935
52.82799229061049 52.20567245628302
52.166604341720976 52.750685426289095
52.02947745553907 52.99258205052726
52.55368440663122 52.42071503572384
52.87794497741671 52.04302364687376
52.37201237708887 52.71875921340503
52.081478034537234 52.977077586046505
52.489292522036116 52.7094207394176
52.793810615503155 52.23986068860793
52.87300620132055 52.06727629758024
52.580520528887725 52.412556630185385
52.40348854785224 52.71801098541643
52.529997271665906 52.43431646289231
52.849982219657655 52.186004350796956
52.32941994349913 52.73214328813502
52.543260378944645 52.43072519952588
52.50412447010177 52.68931100304379
52.596330488954976 52.37262647005151
52.58972101022213 52.38558863308266
52.43559012022455 52.715431345525
52.35171810656975 52.72011286826291
52.66650159174696 52.25087410123898
52.6811078363737 52.24634002301822
52.869280460595526 52.16024485538986
52.803672444249784 52.235129760333066
52.27494584464483 52.73675624823705
52.072910003055426 52.9809074061258
52.933482497792326 52.020843467910254
52.5976754520155 52.35404451307789
52.87627795961501 52.04811491618719
52.15783066590783 52.97469686908006
53.27512444064353 53.86965790718497
53.72266609457888 53.17337056402965
53.31367531804105 53.442420451194515
53.6571451134447 53.20501952361001
53.802077238879434 53.017104203274556
53.620408966711345 53.353201312459746
53.30012002210181 53.65359686384818
53.51837598402497 53.392257154306606
53.35368364255334 53.42769245507737
53.58820661028708 53.365296862592736
53.655395738544456 53.27011452296522
53.29252982196318 53.693318447498186
53.045806689908126 53.94047268058844
53.68943571103241 53.19051038732297
53.07775651531456 53.897902674450584
53.575546084460576 53.37768116906903
53.483068987685094 53.426647248045654
53.79631248633254 53.052893810529405
53.308689471089245 53.48051059114288
53.70586488074982 53.18122308230467
53.287312059475134 53.86858543986499
53.28887891189277 53.82250241466654
53.78072818428729 53.12816401468603
53.927307119551635 53.001069543962956
53.574722914084624 53.38625742030569
53.09469906336234 53.88792548353428
53.21767986135665 53.88185096072065
53.68475170214809 53.197074878426776
53.0577041684142 53.91773171232773
53.02763980059121 53.9513450613333
53.514952529751106 53.406187466997935
53.58951018063138 53.35764477846295
53.64906181968126 53.28824261755929
53.78671487416947 53.11889160545469
53.52529665621202 53.387034512012995
53.870487249924764 53.01591995985033
54.84523017147352 54.12615049621129
54.69117126627446 54.749280358984805
54.82109525315747 54.48305360705115
54.59084983643992 54.96234065890551
54.73229841845258 54.566442269692516
54.8371169519762 54.47445816188676
54.876475881163515 54.10764557147674
54.84365050523175 54.13018800288781
54.17479771449741 54.97505111257257
54.89734397476499 54.05475552856466
54.509521610894254 54.971238800961245
54.705486663056085 54.68311546045097
54.842944993363204 54.3118265743651
54.683562531339945 54.79164375685048
54.63471075990977 54.89808399263327
54.102853148351116 54.99198146698065
54.71687634126505 54.65304978429151
54.66339709596721 54.848319730865484
54.592867347291296 54.948766840205494
54.28202214492927 54.97499023369165
54.7405133468621 54.51162455709774
54.661241930792045 54.86127683499431
54.10027145464121 54.99764778254558
54.94728836128239 54.028769974596194
54.61287669938532 54.9173742671796
54.95425916843166 54.02345904258672
54.62298011400479 54.90163893737158
54.67200831738352 54.79423334860424
54.49556228813939 54.97295041367644
54.59988288280755 54.93595851962961
54.8398991607497 54.41977005384864
54.72374060597023 54.56738496374045
54.78640932765291 54.49289257526454
54.66883920636826 54.797484265154594
54.76453226248342 54.504747580951815
54.54956448016686 54.966545212359144
