0.29465405500515673 0.32812776111481623
0.676323378741203 0.04106809205312312
0.1731097659935994 0.8153059749378387
0.21175814156574613 0.7716389053866173
0.10647046730667542 0.9960945212911092
0.5762728897839541 0.19066143557644677
0.8459286815311272 0.03142014205566779
0.23258151968807306 0.5519250081267218
0.44058824717174483 0.2629277193085814
0.25071904484878615 0.34847481647885037
0.11170379761287086 0.9173511767770905
0.4396632261928841 0.30947761381036454
0.1701778209059045 0.8585720399913999
0.6147649595122231 0.09287383260592497
0.15288305657924373 0.8605432986671818
0.44228059290384436 0.2272861836120713
0.22013418579736554 0.708220393455291
0.5556658568621922 0.2064751473513864
0.2321670140765867 0.707955289712369
0.20553808432802 0.7746180899389136
0.9913356803850495 0.013138007805336693
0.24111127657167397 0.4775059823673481
0.6836680435830286 0.036411361854345126
0.2434226232164357 0.34959410745066655
0.06541220899993827 0.9978915251395087
0.12899834043387626 0.9008397039995769
0.6123672299568477 0.12694931183223312
0.4307656787247732 0.31378960126428557
0.6250048643667724 0.08564178146298262
0.2649288590650699 0.33353183932807917
0.2429250034367233 0.3553457293705544
0.33828835809248925 0.3243334977925596
0.15959017286506283 0.8588749407081991
0.0744577192737087 0.9971027239412242
0.2324332831115925 0.6289058521806851
0.1757714098376254 0.8075952655335367
0.9636828146007681 0.018480950765774606
0.4650635853482401 0.21098604294456846
0.6661337651020137 0.05839073278481832
0.6030853647205621 0.1341262807390584
0.13600597188661412 0.8820950889938765
0.582702593633242 0.13923038608206173
0.498509266292666 0.21055041233899952
0.8753113695388689 0.021625959900371194
0.7900545307262345 0.03591215493451683
0.6006402956093033 0.1387966077496008
0.51447911309175 0.2090213064730364
0.14870387089359294 0.8753711541627123
0.17842711369730968 0.8004217585248321
0.1732700951672258 0.8085784325212787
0.38209918807980314 0.32052118601934865
0.6265263939457613 0.08351154212659029
0.5547236360921572 0.20665015251887686
0.17170153258667187 0.8441742849263014
0.21935733748489772 0.7224729641385153
0.582261396020515 0.186571336975759
0.19703835206693476 0.7790653232769135
0.44075872628782375 0.24503643743621983
0.10811182184493606 0.9370202348470694
0.6133491164024654 0.10478723425459413
0.4541532127803978 0.21517344117027493
0.8401946843268686 0.03177187283583094
0.13856900127780802 0.8793401537758896
0.2411218010923044 0.4764932930397554
0.17294390754997968 0.8251378448003427
0.5575815938386861 0.19167172990361392
0.12559488087090742 0.906830358554448
0.1823843404531157 0.7982057248381653
0.31922108877882394 0.32806073626142296
0.6690202728179894 0.05356978923297673
0.23636008178665113 0.4814109095536133
0.5073985411738002 0.2091628059600984
0.2158475708880292 0.7624388476688869
0.45457665403160075 0.21307762659149643
0.6465342234314205 0.07859561286865535
0.14542236288336607 0.8786460742207728
0.402785773820319 0.31778204355824247
0.18348247259393913 0.7929488003767301
0.024255292277578167 0.9988007098237224
0.4500230448596809 0.2222112720596331
0.15139352567177844 0.8724946367929055
0.9017732600074159 0.019367931726161913
0.6713462483907908 0.04327611067921222
0.9734221032109782 0.018301967734381752
0.9159113324371327 0.018727186348216796
0.06673971080665198 0.9971161325098864
0.18369242772021888 0.7852594994234485
0.30930010818269993 0.32807539825819076
0.21763620577263287 0.7599574567366711
0.23288926137272858 0.48775414362263925
0.5434595908225636 0.20875843029427377
0.24233537363027458 0.4326588698815428
0.8353671728564408 0.03301462667782151
0.6348144818699978 0.08111745812563753
0.21916952522427058 0.7534601540676207
0.8591117441111528 0.02913263219676443
0.2579846439544242 0.34235691265798374
0.9949856354584234 0.0026582685909936066
0.2550112039410175 0.34481433593591015
0.12757670702129753 0.9030146335462852
0.8477371302287208 0.030572051478305773
0.24254529176992445 0.38888012062918287
0.09998367371424743 0.996908772494153
0.6535288962256639 0.07561335537677061
0.809004800601428 0.03360590038624689
0.5778566112106762 0.18969415742111273
0.9745889816234884 0.015391070875667046
0.9021582137550036 0.019012793239765235
0.660832480092496 0.07291707339320164
0.46346289462236623 0.21194755034272938
0.44564735673747924 0.22229514000821304
0.867660875208012 0.02754666111015358
0.23873908952443845 0.4808477863470464
0.232468325852075 0.6206801233730407
0.7803405984800105 0.036316959238315794
0.24165172369925902 0.4413788102401166
0.4441705645610522 0.2259810561842105
0.6861983996417595 0.036387202434333465
0.858229267589213 0.03025805972131157
0.42390077568245055 0.3139937643987267
0.05091462512831901 0.9986132501808073
0.5684936842865216 0.1911980179878927
0.665533569741882 0.0666032131089942
0.6562587842227007 0.07311040835335014
3.806894967415264E-4 0.9998930678409546
0.1855121055162181 0.783334406082497
0.4182121991615485 0.3163610624840657
0.40061028955351974 0.3197527792243342
0.2344761289447832 0.4849934067523568
0.8940146406413542 0.02028825163711223
0.29130807133575476 0.33102800187015313
0.17264365651544522 0.8433060428627449
0.48716972485364574 0.21077246246013104
0.4182515113553339 0.3149758358100565
0.6282160934422634 0.08243200975027987
0.2622576962138541 0.3338104916707165
0.13523343865570892 0.8821343943839491
0.1850729549312553 0.7833633763065936
0.445055806111753 0.22233848277964718
0.25525162017076264 0.3428557316149906
0.664886827364081 0.06734815631079238
0.6725087095550323 0.0423515088294264
0.6702770945897945 0.04422289062688323
0.4353524646267608 0.31193437802139
0.6074346991593769 0.12936123315538473
0.23248353897075036 0.5633880665968817
0.19787292865534545 0.774627035319236
0.4405564665723375 0.30824392354241426
0.2322854821369128 0.6983679928415031
0.2896135440996669 0.3313626503600797
0.6130804938234442 0.12576935733676164
0.2584142360050248 0.3365932701237271
0.12621012919007957 0.9046429871181372
0.3354487273347807 0.32658700616942216
0.6064750447475014 0.1329414175941004
0.17083230927372284 0.8451520566899859
0.44113921165621706 0.2274128101799694
0.13240365734482862 0.8858077293670322
0.782498681634417 0.036062190912406145
0.11094734108871473 0.9348790645925281
0.06557276709205706 0.9974778776326455
0.679245519742511 0.04031354657857189
0.11335265117913917 0.9142268013988597
0.2875283534953521 0.3334532849387293
0.6137673857961455 0.10124109501073897
0.6054434790894287 0.13320720998526947
0.1290094519888184 0.890799458072642
0.10697500588182529 0.9848828855661548
0.14771255062927502 0.8785751522287887
0.18785650340898652 0.7791686038177569
0.10753523387785446 0.943946424228442
0.5819909597847236 0.18726759415806393
0.3589609821210097 0.3239775958287793
0.5571072326945956 0.2016229990816656
0.582547452999478 0.1845079051862052
0.20890756574212133 0.7736859695359662
0.6299527166475003 0.08220299527410324
0.6664430742402545 0.05800282002762336
0.1520936597487852 0.8712185857194178
0.9952265984611893 0.0016026605041729036
0.602597034186189 0.13630329002556107
0.1155026592520878 0.9075277964548797
0.5447244002729139 0.20778458687543588
0.3620162335452678 0.3224238619868691
0.13014646151622866 0.8883973658072309
0.665596116019792 0.06537409249006887
0.6226944045624707 0.08702751255579178
0.6192802346423372 0.09227680534780924
0.12478673612711522 0.9073675810475665
0.15064156952660035 0.8743233534277165
0.1528565658049682 0.8647436994089833
0.5622480837981363 0.19133559513786091
0.2199524948886903 0.7220127495771668
0.012771191317229702 0.9991832712919986
0.8732347063264245 0.025941082643380464
0.5174636725616014 0.20882399748685798
0.3268089623395485 0.3270711656786549
0.2143849928195043 0.7696891594101405
0.5892782400236892 0.13898996753832926
0.4522777211091398 0.21968109732047436
1.8063783825120034 1.9619244321548186
1.8339655961483108 1.9283190702166224
1.8634844660562218 1.7879582150365636
1.769499727941576 1.980278786589852
1.9243208756217163 1.5362704392338653
1.9379117504419217 1.0289685581837151
1.610128001861712 1.9874758844227531
1.8889474432897169 1.736514365478953
1.3667021279689449 1.9917435395934566
1.8409917921174077 1.8607270438175234
1.914381506555645 1.5966793952425022
1.8563764918660608 1.7896930270911355
1.8425096626416206 1.8163529492303538
1.8640127883341415 1.772017387492109
1.9024804276077893 1.6692519977096154
1.9256158623989346 1.4943856153739379
1.435037506284094 1.990892829685593
1.9135227462737059 1.6378665669543806
1.9314366295193754 1.4004395047137717
1.2942978005046983 1.999167102065695
1.7064272940614513 1.9860813330999352
1.7839489632630747 1.9800071879846057
1.9220661131534187 1.550942748180389
1.8658270917604238 1.753495952243417
1.7238658285360793 1.9855245194744051
1.9369842660478975 1.1798939961991772
1.8064385010877242 1.9448221334490494
1.9338297752743834 1.2116374732540318
1.8954675908554934 1.6755249493678175
1.1508182047262718 1.9999590423853084
1.9724407924971084 1.0237083273188874
1.927121886051077 1.4475958088729426
1.8398660286445954 1.8863148811171215
1.8314046765540493 1.9296698319482677
1.3476516773358125 1.998922889042302
1.9130993038455557 1.6390593071449324
1.4724449819684617 1.989570204709549
1.8056886376198307 1.9712473284109968
1.1934304382960885 1.9994560139175794
1.8828532637127293 1.7508029833947072
1.9140926653779495 1.6119887765612284
1.977247633274223 1.0198904716703834
1.9078816131613352 1.655014953479744
1.9337523393486786 1.2706481953279782
1.9378190629754712 1.080548434077477
1.8435440420813047 1.8145047309158666
1.928065265631909 1.430482823796459
1.841142596373996 1.827324028254667
1.931662329747601 1.3499607934258935
1.9164689412933182 1.559931337172755
1.7359988335458294 1.9846328275160454
1.3502357241738134 1.9962964621315784
1.848603114753043 1.7991071490087793
1.8897450276761876 1.7263766050946785
1.5723907114454354 1.9884375295904726
1.931790881764591 1.2905980326738706
1.8163801024053132 1.9316107924421875
1.9421555951624214 1.0265588473225196
1.9261790596390067 1.4840988135483597
1.9365155135366452 1.2081872559836933
1.577228407816777 1.98798675437029
1.836865299363065 1.9240894522230554
1.894142762105088 1.715498727357946
1.99499530376713 1.0149635011266611
1.9378557286465927 1.054444668346376
1.6706563810165647 1.9862884787830222
1.8818376991173782 1.7533845167445032
1.9301733876195715 1.401189297441396
1.884107065539022 1.7396220813363175
1.806451835202127 1.9416066944531691
1.3521610836762936 1.9947950668596444
1.8918948653273862 1.7181715377095956
1.8372493793618665 1.8918771851039515
1.3623851758606091 1.9923354682124337
1.8993280537546497 1.6694331869014318
1.808798782723334 1.9407654416531417
1.9119901914262913 1.6464687905205955
1.8944048885409404 1.6969566247493633
1.9375168236661606 1.123875126233342
1.5612876953870778 1.9886279376500688
1.5876792310064798 1.9876008439714434
1.7903842085455555 1.9744123530324136
1.9956021702554223 1.00361573314765
1.9155734406881455 1.5762988791425094
1.9162913433876647 1.561606900306558
1.9114945546426538 1.6548031232400808
1.9142375038483281 1.6101085695633945
1.9375405662968646 1.109676888800759
1.8225394871662408 1.930636979772772
1.9318074825561196 1.2715087234568334
1.841629189190005 1.817902442794738
1.9474305483085705 1.0250569557972113
1.7528884850337145 1.982364812756822
1.946990636339161 1.0252317696702238
1.4266244933294878 1.991010301893665
1.8448954064994707 1.7992707517193165
1.9923352048513892 1.0188013011159236
1.8943026577294342 1.7025651759043592
1.7586195688327615 1.982228250164869
1.4131667043687632 1.9916954655715005
1.8038392988849026 1.9713593694083613
1.9367536087340973 1.1973791535312341
1.8106833733883043 1.9340935408650173
1.6467875308813762 1.9864257683532989
1.8407496090411346 1.881874002183321
1.8140093422301966 1.933402829852934
1.7505371103793916 1.9839754628382742
1.8601770488447704 1.7884719529213549
1.8899732230158284 1.7220582336489705
1.9287292784492038 1.4111674598047075
1.9071461288320222 1.6621086340258804
1.9870822664112122 1.0195782296333273
1.81894286764315 1.9314559487397793
1.9142589346578878 1.6041266580625038
1.285550957934395 1.9991831369458013
1.6444405776567712 1.986587741410647
1.8639090946022592 1.7824137708703267
1.8647526609406628 1.7660333445294558
1.924470964105721 1.502994603754831
1.8557029506195455 1.7969304168618412
1.9229742047786593 1.5416865624172726
1.7380627089056877 1.9845074929701698
1.8017335525274492 1.974328703389783
1.1168641503840284 1.9999896777497992
1.8898502200187237 1.7225933591422296
1.9204503882309254 1.5516016359117566
1.885553033672863 1.7369238394345987
1.8441263910148045 1.8127758902472628
1.952991479520477 1.024536981666452
1.9155895416411788 1.5741846504271906
1.8321153679602467 1.9287664968399019
1.9280714771550291 1.4120695414995845
1.3576605320242745 1.992865404778837
1.9273870626494936 1.4344057583692913
1.895142265513337 1.6772164673781336
1.935294158868135 1.2112242112564644
1.7769178353687878 1.9801483593857891
1.8947169670865591 1.6868194537831733
1.5480993673018655 1.9894621873437894
1.2615995744594857 1.999187104299968
1.8645062461680995 1.7696275519441245
1.8853995190721602 1.738494360079227
1.9317866560696395 1.312762762321836
1.3560909989543022 1.994391708249073
1.883925088963315 1.7461263773063784
1.9190207171803388 1.5548535815600102
1.7864586707563672 1.9753659026051826
1.9051784222842447 1.6625225245830475
1.9201100891697502 1.5520864698158818
1.8447140469310561 1.8098124588127802
1.7023825428597612 1.9862806457389972
1.9243126693246766 1.5415912588313834
1.3312767114540691 1.9990989379553326
1.4581196728117245 1.9900186625044214
1.6092517697894373 1.9875626747832007
1.8374386351942695 1.8869392706347745
1.4437558503585899 1.990541188478164
1.9268436112732117 1.4686025599887222
1.9179987796177156 1.5597490654686708
1.7165607183796248 1.9860037012185923
1.9427253408340617 1.026466793272384
1.553435213654366 1.989103323040933
1.8370966940970055 1.9150578362073305
1.9128437324100136 1.6456494684571172
1.4856390548667333 1.9895435452993406
1.9725686208151987 1.0207781619672884
1.2389360464020736 1.9992102212656824
1.995243851217289 1.0036763300140317
1.9292313013718618 1.4056400894951606
1.785462976136091 1.9771395704780756
1.7591383434176708 1.9818129645290141
1.3552223956219465 1.9945353299713837
1.9243375105954201 1.5154381939290702
1.8819472975562404 1.7518283010388123
1.937292650604183 1.1651254582121333
1.1791094186460618 1.999926189920615
1.9365890368255156 1.1977656104589576
1.7654195096597984 1.9811084826761802
1.9228756743299134 1.5472982044056627
1.2351736815475616 1.9993105240782936
1.931471264389477 1.3630962379822562
1.5778980427533258 1.9877421850583756
1.9034485006394943 1.665750491204184
1.9684299303038355 1.0240652549865912
1.937463790710503 1.1632067953555225
1.8501647928222384 1.7982074301982953
1.8648498648754408 1.7570580620108038
1.9627325996614982 1.0244994502534917
1.55375437378254 1.9888917350878406
1.8113224008654265 1.9337190451761284
1.8983439303564587 1.6751521380675882
1.9295597306757806 1.4023443628313097
1.9150556441943494 1.5906472426809217
1.9265754229209562 1.4773982013398999
1.9158003541413002 1.572252580602492
1.2338866752674469 1.9994009263283654
1.8557008940693454 1.7974023169467461
1.7881236283624313 1.9745609912282365
1.8490325811002608 1.7983674551924074
1.918264434434524 1.5550619154965117
2.6421430161151855 2.268078717162582
2.548479133136296 2.825788041442423
2.6413459604591902 2.449281058731245
2.7896390854707542 2.2601216298193814
2.5534565297653673 2.6537049927398857
2.876861344063824 2.003481907192318
2.7975970136117163 2.2392904056499128
2.0270698496265 2.8973929961185863
2.519664412014563 2.865435491500174
2.0283947428931186 2.8826602741294085
2.549439816917348 2.8071562552737284
2.619601371924856 2.504726642539512
2.8440626078319737 2.1466156388932776
2.226726149555355 2.879467465581095
2.6080425647447316 2.6372327450176734
2.856992037224857 2.033164043346787
2.5279665270521416 2.864551086084108
2.629242318763128 2.4525454184183335
2.589702609434097 2.6507998182630406
2.2696298468245795 2.874248395228859
2.618032676000475 2.5363937304678297
2.8519450680045946 2.126197429030182
2.173041608061714 2.8796568556065467
2.8244555492176096 2.167714989466254
2.7879372162379132 2.2678028363175646
2.6095279786910894 2.6274234141615276
2.5512671969827636 2.8001168672813606
2.2775889539748846 2.86940367455376
2.8078576763288883 2.1903864739135717
2.0223725191960673 2.9853630644234572
2.9662735110816687 2.0024040203281497
2.7947465651154575 2.259082081920648
2.595128610821808 2.638373360415942
2.10164254419544 2.881703270901767
2.796155932240975 2.2525685467223067
2.8053297224172837 2.2219966119163623
2.615039374492469 2.5981299430900844
2.541338778381898 2.8516065875581056
2.981679429268755 2.00031918801361
2.62709368062891 2.4954030109724634
2.619271334085109 2.5102604944590183
2.0204512849355707 2.99396452342082
2.6081073187315784 2.6278486374729417
2.797883281241452 2.237464004403507
2.8499059407353777 2.1327376766149166
2.423985716415883 2.8667854995305566
2.4681358814331515 2.8665771231777666
2.544202568954613 2.8401634339681507
2.3653076967318545 2.868072624287937
2.8563760759809207 2.073723004107224
2.612143529003991 2.6187121406424745
2.553237313764967 2.713741802797836
2.6870318275417655 2.2679140414033516
2.8152569101261826 2.169703725835978
2.228484149531236 2.877786843848558
2.0260824418628047 2.9636933143353197
2.6108949727820434 2.6244940659760596
2.859503554552633 2.02846203164629
2.5392246384740744 2.8631658755448943
2.8560959420223884 2.0807758533421983
2.8098950933750055 2.17870926452582
2.617682675891131 2.539557859167498
2.2357135369786625 2.877643986091706
2.9418416615450163 2.003408123080053
2.2585525364191823 2.8775058467081993
2.8610631581520276 2.003733869197362
2.5528373183275956 2.7779585086300838
2.003205421783414 2.9957241223272675
2.5533301673051216 2.6874967522822537
2.8564591017484036 2.0714721944546715
2.80569243209099 2.22087671689801
2.491980217444206 2.8658896930659328
2.609954900754366 2.6271430814652836
2.8408231290608503 2.1490875881381593
2.5442787425976516 2.8338025488426926
2.9766061579170615 2.0008295496985427
2.026984616800794 2.9269453582605878
2.8291004267602653 2.15223134047054
2.810642132980126 2.177644758943564
2.6182307476539615 2.535550770612022
2.1366544179013642 2.8804663327525963
2.1582257716602538 2.880008369410782
2.2743922800433087 2.873088332731449
2.2719157465234394 2.873282953632472
2.641590180838995 2.313749687228581
2.000558569034023 2.9995663919955122
2.613068006428831 2.610302694765484
2.552174680895803 2.799780019902446
2.053007231302277 2.8817174692594234
2.824848990804847 2.153892310946807
2.025897142908915 2.9726737245620347
2.5541192903630505 2.652875176471157
2.6414223264459817 2.3280411952912465
2.6165476866081674 2.58254825237722
2.852551483818016 2.1201641683483023
2.7938224006268584 2.2591521030534194
2.26324896675871 2.8742824083962724
2.8003923753621422 2.23686101987301
2.355917184161419 2.8692293207802244
2.3751174343289216 2.8679794081504006
2.0235281706286345 2.976627409107651
2.8111307956917284 2.1768271994561803
2.8559436363938326 2.1138587336784074
2.258753448782196 2.876682006794042
2.4816458084468915 2.866274032738908
2.6170935468744623 2.558007409009949
2.8300058927883653 2.149987637589757
2.628631252692803 2.471880597153148
2.3921129516062813 2.867155091735112
2.856293214093822 2.0796672310290054
2.0110950894211927 2.994028912681287
2.0452290215545927 2.8817786213360064
2.8239873218876124 2.1679441852409718
2.8068991838269053 2.1960251378935562
2.804479133042139 2.2351854937024775
2.0008475640426573 2.996146459244901
2.5532231685049807 2.7432838001229296
2.5912821267167416 2.638501468190867
2.025805537854604 2.9733206021061385
2.59029620352674 2.6477386185444356
2.8604307449211825 2.02457700134649
2.5508731297438034 2.805432865361693
2.6328647570109838 2.451070925234556
2.6273599054315713 2.473744232006179
2.6125072012774866 2.611642359421014
2.628022310775509 2.4720915397467014
2.5525957267053814 2.785245320473499
2.737608406089657 2.2678595376334356
2.8498016510383835 2.143659630697707
2.6176246425096696 2.5429216226542373
2.8083983406634694 2.188509196990373
2.127012324805638 2.880878147449822
2.7902111849539124 2.2591570346289456
2.5447021752275005 2.829910076759121
2.541441908661667 2.8504225665422
2.6139487442435025 2.5989030523075543
2.806152858905703 2.1963274314355257
2.616717308952862 2.5663364369758987
2.590635923732944 2.6391581539046554
2.6151841755814997 2.587436047753116
2.5489644830263263 2.8130036151562643
2.6269341461058326 2.500379447514603
2.800937540964213 2.2367993035747116
2.0273025910942035 2.88790316534216
2.0053747137499895 2.995129569864345
2.539525746456978 2.859127104288147
2.55288694018553 2.7772831669143128
2.3962967397202224 2.8667954952613357
2.553003786978688 2.7736299980851262
2.813031279190653 2.1756354045873048
2.5435278814325497 2.8419246599178587
2.0229220503595977 2.9772416037728315
2.6330866444725824 2.449318776750684
2.5533353340284766 2.665822592940122
2.5474385509382347 2.829159378522732
2.809124644790786 2.1823317906586386
2.8274458342338518 2.1533275291180587
2.8456878726025936 2.144640119588659
2.5980427603277807 2.637776702929372
2.259683930867482 2.874572630566043
2.24851187929265 2.877517266331768
2.613888092936377 2.604081284892188
2.617448816735464 2.5521227201098413
2.9533704558572222 2.0030833704140227
2.5418682369013705 2.8464386700419273
2.969708956020891 2.002267021962515
2.6138866424505425 2.6069853393543507
2.6150622141017816 2.5940120508113362
2.8049872992387637 2.225786769244424
2.5508974898541625 2.801472662091731
2.34439468437267 2.8692460571733736
2.590049768102282 2.6504781870216325
2.8409092136085965 2.1481768659294835
2.8172396922961545 2.168397430558045
2.5700203777234063 2.6528700594694477
2.813048857282663 2.173521152137261
2.5532836915529944 2.6940820568632624
2.001177986102241 2.9960529646819047
2.6163461746163703 2.585678251874245
2.79695852722469 2.2399349743498673
2.553193849807217 2.766220632924843
2.0211379780988663 2.9862126516490455
2.787987901527885 2.2642156860348073
2.615081990403881 2.592516195180523
2.8540146246969083 2.116934127864856
2.0266779053554975 2.9538773950578125
2.57657069616741 2.6521495075433523
2.6137782509722927 2.607851094616146
2.858416496379544 2.0302304958509545
2.8528657882214765 2.118093200121534
2.9975242301108667 2.0002015232094688
2.487761027264341 2.8659521452213688
2.5297537828003427 2.8642584462912266
2.85043869855912 2.1282564739417267
2.8605186065935087 2.0059842076835
2.540747586822106 2.8562690895516125
2.0378174479098004 2.8820834714222445
2.679471520200394 2.2680430804288636
2.6415616524970535 2.3273994559646436
2.8503516648754235 2.1294348855650544
3.732801281487464 3.257039209976958
3.1870874501309547 3.5151991077241425
3.217466872218015 3.370856079705069
3.4636849987214666 3.35662409376369
3.8472598105618507 3.0087799613784183
3.6243234036057492 3.28198085163394
3.1198610749992612 3.9632050796683047
3.136225560664017 3.531907965148145
3.794005059393183 3.207008516669664
3.127316232036784 3.6344554371143585
3.207094783610137 3.486512128490089
3.801631335094287 3.051949403530606
3.085053904151989 3.975595447870796
3.5244383324177813 3.305882921530454
3.530252822771332 3.302081304385136
3.797776329807334 3.152167358332367
3.4887860547958605 3.313590748702717
3.120732344574838 3.9209492595268722
3.2105896489780354 3.4167574446051203
3.869219023459797 3.0079852311734294
3.803020345849877 3.024435999543205
3.1983191055892015 3.4959526501800466
3.317848660190352 3.361195367889597
3.8113658966667887 3.0128525223034828
3.783765539602512 3.2229422543806567
3.3606420273339905 3.3594342059566573
3.119901773359442 3.9509614230001744
3.5437601673024197 3.2879846912195863
3.976720751409709 3.0030895040074506
3.1251331227640162 3.7188180697794926
3.1645296564298735 3.5171432151841024
3.760826422246198 3.2523265038064415
3.12151435479312 3.815543421661343
3.2034607085200255 3.493041672420754
3.6762865649476257 3.272304110892673
3.3414881160426324 3.360982877389268
3.061322874877379 3.9815509592681044
3.30660452628375 3.3624028822810206
3.190946994596001 3.498295268161246
3.0648881214165926 3.9765646135765964
3.0997211929488877 3.970303572595247
3.476187825440724 3.3563212862026637
3.783595739091891 3.2313265666084527
3.7270135924460397 3.261911748002806
3.6680485314421993 3.273460908909821
3.7986239755618203 3.145778614573757
3.756529893427507 3.253133092226941
3.8275828937871044 3.0101185152530205
3.241260053899916 3.3685850086507436
3.13097094638746 3.5969907026236867
3.51141330396182 3.3125411278195607
3.7609006915371683 3.2515063069860415
3.0607515375795815 3.9981848801037696
3.4793252488928292 3.34222360513026
3.1214773776991604 3.8330218980250863
3.4857747454025274 3.3234657470278393
3.26781699347643 3.3661649356939396
3.130571976461516 3.597914780391015
3.9533543428776188 3.0059029371368253
3.135819315068008 3.5866177351732027
3.1632112350876476 3.52072723680085
3.7371103917417754 3.255464421607048
3.122569148782152 3.757580483399242
3.771456357559453 3.2403655264016455
3.910736046642265 3.006714862769395
3.2130551594226544 3.396349131268961
3.210582653066705 3.4580316842478918
3.864697428887887 3.008424785067827
3.3760718539693957 3.357424885704287
3.2156535738229506 3.3711478057798736
3.655546014214808 3.2802435063663182
3.1963013926835426 3.4960036114687303
3.5432501702983066 3.2902398953305836
3.027302747975034 3.998244288110085
3.1061173888611893 3.963295864885678
3.878043689465974 3.007824726407394
3.60956556111112 3.286093826677955
3.1251770248758786 3.7150253576317747
3.960950562900555 3.0052839972263543
3.8000856675929713 3.065485352976581
3.2136486727270954 3.376108341192441
3.273291327096857 3.3652322183287624
3.154020977761527 3.5296671713475263
3.908273127004764 3.006857492552876
3.4834708161223946 3.3336608057022152
3.1201299508110516 3.9314626250408797
3.6792838849508627 3.2700838434510637
3.1301113994458474 3.609659459426581
3.1217074253705106 3.774858873525428
3.8032619486265062 3.023914274531189
3.288242554373093 3.364219727289785
3.8184605677522816 3.0105147631022615
3.020250754458288 3.9999004038108152
3.945451681384533 3.006115923656289
3.762569700521092 3.247230060409371
3.277974047934803 3.3644334653738013
3.5532368716233584 3.2877460766982134
3.9833371141387 3.001759471612531
3.20824164545184 3.4769249297861076
3.2425677864366262 3.367000422238169
3.7942638855882724 3.198530146635933
3.971520167802743 3.0037133315945876
3.5404696862001357 3.294471524822079
3.7970862752941583 3.192317842734631
3.150537985527437 3.53051259096953
3.681132604669789 3.265673743598245
3.6808026354528476 3.2684431597785397
3.775072180109548 3.231787761574913
3.1269813442730086 3.6984654335557723
3.842078219656382 3.0098278183094385
3.5431468202794396 3.2907490295166486
3.1243420646078555 3.7311046229513813
3.79880101950219 3.1239339754990474
3.204148028769211 3.489931711363276
3.2156043882945315 3.3723385330295312
3.5365740221753095 3.301809843300603
3.7731427458049027 3.233125324420428
3.647876576719363 3.281243329691883
3.0911169360438375 3.9725666730940015
3.15763843627112 3.5232807592545594
3.1554830302055468 3.5260718578315764
3.213186264024158 3.382608042718468
3.1234233568907848 3.731193855517887
3.124781514918652 3.7261942046954104
3.7205669416168448 3.2643430172290695
3.4658364392689878 3.3566190434216527
3.122869136049645 3.7459574450062427
3.7990372758501283 3.0982907701175004
3.2232450177429874 3.3707489329679006
3.805639080806538 3.022952938301291
3.8022748042132433 3.030073467758179
3.0987470719390844 3.970941643732735
3.1296868068389974 3.617696667207017
3.37194673607824 3.3576119473942616
3.1772683905806174 3.515962362697497
3.7677620309892967 3.241001018975539
3.0646478643043507 3.981209283015815
3.793240431581901 3.2170495310325804
3.402578643743265 3.3566635877937743
3.1554191387559003 3.527118055203905
3.267847369889225 3.365605227805456
3.5371490213203596 3.298623847038267
3.9789742053191945 3.0018871721348255
3.7973766489201815 3.178901731036862
3.162680789774053 3.5229460365811
3.4708529114063076 3.356537496250934
3.605134989266077 3.2869918335101103
3.703705748118183 3.264584986109994
3.134811765468667 3.5936546620747567
3.1899450587612863 3.5004591122573556
3.1210225728316088 3.8721308683966194
3.1358914107152844 3.579402671521882
3.0222220742349806 3.9986018162621217
3.9909175422246363 3.000032263486042
3.7665459493543234 3.242275757875593
3.7724558119439555 3.237575540803283
3.588971779776654 3.287662835166234
3.188153968915015 3.5146313363423083
3.5298645331551746 3.304420463416973
3.269182769668867 3.3652664030151547
3.90282942524606 3.0078182360611416
3.798868532673561 3.122007537595117
3.1341563115762923 3.59655162474269
3.120684970400432 3.92190155079449
3.797528051598363 3.176326829343498
3.104092827778208 3.964907896034309
3.6234142643885434 3.2837177997673455
3.480568213841579 3.3344999069676042
3.48567183936907 3.330543709751934
3.121453939910772 3.8703499987805654
3.1001090335375103 3.9656657873476684
3.8074799248311635 3.0196535912110782
3.660323677451615 3.2739171922314436
3.794338689205442 3.196592997745298
3.3941704499306504 3.3569704228182204
3.864981864210947 3.008031056648469
3.2472077198477227 3.3667287109862696
3.845964281584255 3.008862972375595
3.3022230547690903 3.364006556743482
3.808058630898761 3.018624113602063
3.072762196297011 3.9759196293513437
3.1955040609296717 3.4966158411204358
3.0489993609326778 3.998217689742909
3.0610006658135798 3.9907742544611455
3.977643403138467 3.0019432115621383
3.982917466077639 3.001841119748053
3.515504214802617 3.3076433832027092
3.797329507956023 3.186463822567108
3.4788148526623037 3.3505779331213863
3.209324060217983 3.4757509561284765
3.690478565529335 3.264947141610705
3.2104549224580463 3.4707713198867847
3.129250433772299 3.6190719549861967
3.7960958694863103 3.194725177525695
3.486385663600518 3.319456014722651
3.211635129932908 3.3979925047664317
3.3150174999520847 3.361238842207861
3.1207878482863594 3.8941254899173225
3.1210015758015013 3.877115073175055
3.126025616548458 3.7101758458763565
4.871774611160658 4.1533429987539
4.311478743154957 4.266542691938905
4.1894706302673095 4.660285362177445
4.197716390311277 4.551088881694915
4.146643157736017 4.9490204424783535
4.730805466487057 4.23726388601084
4.879183035364566 4.039473960398833
4.28658714351496 4.389163399010321
4.977646446681114 4.021151072604658
4.158589769042552 4.847833244791885
4.296675995255574 4.382306612695862
4.050060002484327 4.96155510632832
4.147098914158066 4.902124635966303
4.283032594094444 4.419739862994555
4.308492872621068 4.370593320025012
4.776630092219151 4.225853569289316
4.866736597908546 4.172747544311391
4.484044547930847 4.26639419085026
4.224503262123634 4.499496874219045
4.2302655435649035 4.432310854681376
4.5870734435325495 4.242869871301904
4.856578961882013 4.192738366151345
4.007956755558858 4.96761105513158
4.839417190020884 4.217665728274458
4.65050680782034 4.2388474382723045
4.918379813863148 4.0233742882380366
4.8504704865768975 4.203629708589409
4.124106632089553 4.956296710719287
4.618161958989575 4.242127534841652
4.188291308424545 4.847579940810017
4.223137628602199 4.50631250117304
4.8336538609642465 4.224025914823975
4.773189574190853 4.2299225735924395
4.990203454482314 4.009714981702914
4.310685892350126 4.2890282624458385
4.1930935651646255 4.60180925725205
4.221012266298002 4.534594177164957
4.634900466204505 4.241605931712853
4.23237625957558 4.422907223392162
4.197343261534862 4.585171304679061
4.759781724195194 4.236327672293785
4.887123996615284 4.03684939611307
4.00617591417576 4.979740241773365
4.111444749807486 4.959065427378722
4.023695224841161 4.965055886195245
4.671860156238341 4.237854466394894
4.192940004932047 4.645633971298481
4.059115371128415 4.959070947805137
4.213100292331993 4.541374233591228
4.893536460295647 4.03512819057262
4.532199891292506 4.261929274603956
4.806015696296313 4.225231074806235
4.198562510571664 4.5507388274372325
4.842281366450029 4.2159400130555245
4.566703982133577 4.2436193163492915
4.878245691595856 4.135285145599961
4.991553875612407 4.006932461335159
4.209157173240196 4.547207041486024
4.56353302985328 4.257453370203193
4.14691638832435 4.912160430862582
4.265913501939026 4.42241342048163
4.971470912353706 4.02120423122696
4.915718058204736 4.028099811916897
4.897381624550449 4.033465466596483
4.002971142241353 4.996142739551834
4.373389502204828 4.2664904980276654
4.296417414104184 4.385211356879268
4.2841563751697995 4.390890595863651
4.230704048046256 4.430743044401202
4.988496701709622 4.012568791869898
4.835861052126219 4.220792951677889
4.3051333843102295 4.378390276677113
4.221166383184017 4.523873400325932
4.490979058416567 4.265159979477065
4.31127886937908 4.284736268359629
4.30304959344948 4.381597695150379
4.005029330082584 4.987770477480744
4.859508953839701 4.182709131904494
4.153483966430465 4.863715483406235
4.188836870240559 4.728899360509413
4.2252047150833425 4.497647580503938
4.192028872858415 4.65404002753286
4.148340927035225 4.898438061902588
4.308836801330967 4.311491369797709
4.980904419163082 4.020445975610871
4.5536675554496036 4.261807608223124
4.188604147828457 4.763499926160444
4.872190471474415 4.148868745828151
4.642805622811281 4.2395455567793086
4.001325126451889 4.999636681726235
4.955858335314928 4.022993309390393
4.043188457217963 4.9624523322082235
4.8447124759932505 4.209743148551365
4.559209382834447 4.261525473090502
4.8789911000610715 4.124184749755709
4.221854707677128 4.517429559344729
4.907171615026728 4.031442782637898
4.188585045936205 4.773998740866444
4.767563461431352 4.232843436509098
4.8791171041129475 4.074255650222122
4.870300927730767 4.164274475060611
4.850580515084888 4.201249555369791
4.041338816069786 4.963738510361932
4.151933019612519 4.879615497012261
4.123522450140269 4.958071772006089
4.522398089988811 4.263148614398026
4.876823775869273 4.143205895120419
4.284111806338579 4.41875278775569
4.906965521387132 4.0334104037637735
4.153435879571973 4.8709794793680725
4.854601529215608 4.1946396529637395
4.852738368486307 4.201049235196062
4.769066093056402 4.231648554080856
4.225527048837808 4.468470550532329
4.226517131406867 4.462427656168007
4.87079937737479 4.159901950168104
4.05432208324226 4.961186004253701
4.00755975048863 4.972002985199226
4.188476560806596 4.8150732138695505
4.145235233054177 4.953290497428314
4.1397944156026325 4.954783797020739
4.026331683775404 4.964373950544355
4.28736733198799 4.38618869727995
4.982782738017189 4.013704551221649
4.8230907368307046 4.224432700143597
4.195000126360159 4.599237800609771
4.881712224324497 4.037835453741695
4.229068723532452 4.448282063390667
4.208789972311523 4.548645021452049
4.981273340735481 4.016748021372209
4.151503410057653 4.882176536761426
4.982652650477996 4.01519456364829
4.745057901107438 4.23635997988737
4.863716085250047 4.174811461225493
4.156840308508741 4.860626295010734
4.214478599308982 4.540577379020647
4.309991807007713 4.305388586058017
4.99571560432924 4.005510631833834
4.563908502895385 4.252060235648814
4.221440743894946 4.519722624888829
4.763082389879754 4.235261621669528
4.493026591787813 4.263259831469648
4.229848248313479 4.442368094601141
4.153209600171414 4.877460324715326
4.1491681833466005 4.898175878582552
4.853428909913033 4.196559185790946
4.274117067135117 4.4213291711541265
4.848064426838887 4.207835940262048
4.058997177252154 4.959566612136847
4.861891395036137 4.176845154450829
4.559929902839225 4.259173453595062
4.8494093178551285 4.207203346704633
4.530121655975834 4.261949427560193
4.04173002960235 4.962726758107982
4.259107586279544 4.422532000324679
4.857146602167475 4.186508949514256
4.024694578093699 4.964459020914331
4.7948170886920884 4.225388536126532
4.855580199576722 4.194582610433848
4.83734988726933 4.218998380229654
4.843913480749246 4.215830095596343
4.223340339283094 4.500572713934595
4.212263714883842 4.546870242758449
4.195590128243492 4.595213368255806
4.1884305681172656 4.826740325158534
4.0333857894707075 4.9641242213052
4.188838455886902 4.675868691815526
4.912221786494829 4.03013393962731
4.1542643097970515 4.863352582649865
4.999442774163377 4.000029761240121
4.215965220326995 4.539063485084326
4.22222573173128 4.511794529468408
4.740381395896745 4.236440758485609
4.563551400168116 4.256091313680725
4.820298442869894 4.225035690248522
4.65908271109343 4.23787534004547
4.005054751097126 4.9811825170974116
4.897822805434419 4.03341321759355
4.147602946688812 4.899684410272048
4.990166751037087 4.012318259413808
4.192170544744921 4.651657205100383
4.002381240936968 4.99707734262454
4.836941799884418 4.219165845540743
4.1421858785302526 4.954041626084943
4.151139873169446 4.897385797875521
4.146528561244074 4.952378440254232
4.223029848937129 4.506407319082157
4.638013653313125 4.2414417308305685
4.158289524265748 4.85405544014024
4.69042302175101 4.237287411969218
4.871074448648923 4.1560218151351584
4.308352940889527 4.372428571907038
4.657639941983761 4.238243549423871
4.205407234261006 4.550429634517017
4.97014962154388 4.021809802932801
4.960189763709502 4.022239620970711
4.303959901070607 4.379556512535324
4.018917686429323 4.965393843697482
4.15127232901658 4.8867374531113486
4.7692523633648705 4.231604869904277
5.5930575727291965 5.107435319709209
5.39726401290005 5.524171122232923
5.2487468664329775 5.82401104892731
5.59829978091881 5.029300556526718
5.108102870582864 5.982840213092775
5.508441367191014 5.144778776696994
5.461360175937651 5.310215985092043
5.21456291973974 5.919601653644543
5.562724777059838 5.107599759058825
5.868686683667333 5.000967359975287
5.433848364080191 5.410215061064061
5.31642048330625 5.708529624995581
5.316191823025762 5.759219536956589
5.404616903501661 5.491230198555239
5.38306369847675 5.629016745984729
5.7514498410491335 5.00403517162906
5.527667907132171 5.1408280752116875
5.085196806190006 5.9928253389355
5.169286659104369 5.957772102452479
5.392065176494583 5.542869726030524
5.4550312713804345 5.372250766270694
5.052970397333678 5.995274952646194
5.374923513690202 5.687416546991662
5.217674477827971 5.905682138351833
5.221555416634867 5.889875571733467
5.620189414153036 5.004609441602842
5.391975143781443 5.601983587577852
5.253194726453057 5.814382871170168
5.279547925023495 5.808972511441945
5.174362055979238 5.9315074547547395
5.259488434864323 5.813341453398617
5.487169640870295 5.193458607783753
5.163859255974128 5.96440766244502
5.544782152709727 5.110620738488183
5.4706282082889555 5.283843283141538
5.3829883314788 5.654548692309131
5.6020346416732005 5.020029421083974
5.3248203520060065 5.694098993434205
5.424181230749132 5.4809510148076654
5.174595426373233 5.919865508221584
5.471073648510198 5.247415831231669
5.390898170013251 5.627351526000889
5.226988275052295 5.87135642407037
5.791294980432661 5.003697677135716
5.5413416388025105 5.118270672992928
5.290701490414465 5.8039084827383345
5.44833428258444 5.409318495105799
5.338386190385323 5.69029108348561
5.131559284277445 5.970814473676333
5.020996282818942 5.995511684140115
5.469454322160854 5.302992220447782
5.3142238213560615 5.795460490619827
5.606318527553789 5.010059405800668
5.062581800515387 5.992916532826785
5.230445635214322 5.826850323614783
5.59133708173761 5.107540254826097
5.433644353342524 5.445104152527303
5.1207495915206644 5.9721072713184755
5.411792245275655 5.488330581376569
5.536307116611242 5.140548564226066
5.487969815786822 5.1556860906923125
5.375504364936194 5.67758803601208
5.47089592972533 5.263613861984394
5.228010820247017 5.869766152569111
5.484549209209073 5.206574035419657
5.598258207635014 5.0718278960858205
5.802940227111969 5.003417176615133
5.430425606872793 5.450850247927891
5.614055408095457 5.00892688147702
5.481406027006077 5.238912964301684
5.297615532773489 5.79772182851214
5.326010987643708 5.691567647586928
5.457590581060439 5.345957505106353
5.391381316247749 5.61772920393655
5.4943216289642205 5.149144093310722
5.322572871898484 5.7052707815057495
5.222509953693372 5.877205080569765
5.452303438421064 5.392121965619426
5.8193434740599 5.001113648951479
5.377284722379634 5.658856582768911
5.414894101742962 5.485374875589237
5.4578811967948875 5.335350984888612
5.454263222164304 5.391630111996758
5.451749398091512 5.393367543363806
5.17184539579749 5.952317575572092
5.60032229973069 5.021552809642362
5.250035064152584 5.822987199853733
5.462498108515653 5.304071071932879
5.1397433860877575 5.969761024838939
5.271456045759127 5.813216123315176
5.483634244727941 5.230010738983679
5.4486732498307 5.404405048614813
5.494036658130441 5.15483885807899
5.229786037076733 5.857336744959614
5.5941033290055024 5.07752618773035
5.449522404979705 5.3985049625492225
5.27401870131127 5.81137257426741
5.226629616099199 5.87447786193246
5.4798614110758805 5.244011791629374
5.092223905906103 5.98985172061438
5.220767243300173 5.901511194262723
5.620259838951819 5.004231037311298
5.541258765291292 5.124534515805951
5.230196462268347 5.827813643858564
5.46093870689921 5.327939686524008
5.504586975147516 5.148557288277019
5.404509364947342 5.5177119401463255
5.222431535411754 5.886754632027854
5.375145063847584 5.68114973171852
5.4583465577436785 5.331963249273526
5.483302731834728 5.238735909333495
5.510030883543613 5.141384677187114
5.215730734566921 5.9096603310059495
5.221382204647191 5.893954314591052
5.368274247588706 5.688930502529171
5.450220377171572 5.396127650103688
5.426655930814306 5.4607706806288965
5.316138251685018 5.759433557588867
5.898560600230077 5.000515849855645
5.429353340228859 5.453746123142593
5.614302046558526 5.005396737840684
5.163143202777287 5.9689943784219945
5.472419084733279 5.246257138800713
5.273120223451151 5.812916206170775
5.391635445106416 5.613258522467334
5.443742314419387 5.409607247120438
5.469693615116633 5.285488921533104
5.174076735218709 5.947356980238274
5.462035071980927 5.306519945512566
5.388058534880159 5.627372930657085
5.376921839545441 5.671174403505949
5.107594583935732 5.988924978541872
5.396115801814967 5.536534471025662
5.000227277806488 5.9960757909914015
5.537500359165425 5.133819784446301
5.225639363576913 5.877099840658921
5.562283233398427 5.108376422870613
5.32370749713837 5.70324014924377
5.43382665428224 5.427926958767118
5.357371011729396 5.689045207889139
5.3147506011429275 5.763509879919811
5.715675488886749 5.004106096946472
5.120592655601108 5.974612622642219
5.425220305847884 5.473032272253117
5.163838363011128 5.967167686371469
5.509902924932167 5.143058931605669
5.425338255573205 5.462333993755519
5.3996076162983595 5.5222461094829995
5.4490020450451055 5.401811636882411
5.378628392686237 5.655394050536582
5.120119667523496 5.979228624680214
5.413180540011909 5.48687626341939
5.330255060899488 5.690414689326612
5.3563362295846995 5.689406536652983
5.2779529516612005 5.809365435728981
5.2975812343912025 5.799654784986043
5.608259871606732 5.009588668603749
5.5473803055825845 5.1105990327023125
5.231193126760594 5.8248247199241545
5.59313022655195 5.098104694789956
5.919714354196415 5.000209210642551
5.53928895358439 5.1290693947431105
5.470767547629485 5.264336709041057
5.135957454568759 5.970162969289724
5.98711301620783 5.000099048471647
5.561435568255171 5.108716985268398
5.494266638728125 5.150344962002551
5.316282132870587 5.753872863645459
5.235778749727363 5.824472696002905
5.45683740613833 5.348852659135416
5.377149931824564 5.667223024324622
5.21798835113332 5.902188238841865
5.054531152343972 5.993977618301912
5.203849525903957 5.919714959792204
5.883037372514218 5.000527538704112
5.208027910126075 5.919674986572641
5.229312540145646 5.8615689767183055
5.54462285493234 5.112588972051071
5.402734103615716 5.521057782526239
5.484185751334832 5.208866592246661
5.317655529823796 5.707254463814175
5.171011838593884 5.955847865614174
5.430252760748767 5.451717557471223
5.215493524378177 5.912190037255007
5.45507651434815 5.36249012313347
5.487413190255855 5.159626819835702
5.550006477989063 5.109365715118928
5.094716584206679 5.98920473327572
5.0874790134265035 5.990315818786206
5.412608541681372 5.488000963783314
5.4753410746964 5.24479220166334
5.304858929299182 5.79678648130123
5.45758284906954 5.348074844060619
5.604081091922502 5.012428008320294
5.50572830891683 5.145330716898146
5.299670475033015 5.797432850122271
5.281091266592637 5.804349268311812
5.455607828635026 5.352933367892355
5.903804496761957 5.000282425637456
5.593210391702122 5.081979156027105
6.492493218816135 6.719666725925167
6.760792635871559 6.503442811801609
6.355193426458846 6.8614906661910995
6.603143752945555 6.642926356637153
6.763438410927487 6.374524678363697
6.812258512260781 6.137879159833443
6.073000333447179 6.973557423269604
6.644745187563216 6.572458547820873
6.862322614096226 6.067514241104799
6.372235391315663 6.778325519789493
6.622905285976797 6.5811343688964765
6.272494520319399 6.967202693413765
6.571133251803157 6.684602190192697
6.786687548707741 6.291125448656153
6.391988409474164 6.752904931994255
6.2771993186588375 6.885745670847009
6.499234201514435 6.691365497658516
6.032480631400783 6.992072985348158
6.332961454928062 6.868321569971074
6.421915185810056 6.724829403732452
6.767893569647497 6.308967414870689
6.80849473252189 6.274804328023618
6.689005582727333 6.524627060813575
6.851731105366327 6.088159270632657
6.414518981759309 6.744319970749658
6.314261583645193 6.879763721864826
6.722628588567454 6.5169183494661125
6.366585803751176 6.856497400388202
6.573585034952387 6.666186254006354
6.958138027245776 6.048475540355299
6.660097097205378 6.539555345017981
6.3677031454717055 6.790304621032074
6.580150125548571 6.651837039373177
6.81201828078774 6.254717388310242
6.90949397423524 6.057955788725661
6.970935520136826 6.034422919982735
6.240092977139441 6.968910442909816
6.153643307515417 6.971468812085892
6.751442265977994 6.510006244355083
6.428631958990291 6.720183680026598
6.984879738255575 6.032549275379821
6.60824329446252 6.626673656996718
6.848051359545469 6.1376515474821
6.606112224534874 6.632270399615082
6.994937050537133 6.018769528714093
6.767128396981372 6.336435543324862
6.242497641591346 6.968311796310779
6.916512708914248 6.050500860289194
6.667347154674983 6.533453737454941
6.766872978814888 6.3429573114929605
6.622401623682667 6.582275938281808
6.326670271245633 6.87051757219659
6.656868881556733 6.570021116238066
6.618716148486834 6.590167893377834
6.856155441655544 6.08012256029345
6.497184977705456 6.716979081536147
6.37788864526236 6.776504390592938
6.780336359883215 6.300177533476674
6.231638296781972 6.970865974203113
6.8051204692408085 6.2843658060213805
6.018622405016297 6.992709946807258
6.594359210681972 6.6512259528155555
6.033469100458593 6.978918786338022
6.992774456525688 6.025394751013041
6.383990958481465 6.754915040574044
6.62203209512586 6.583916122367626
6.995923249586688 6.009104906398934
6.774599977815207 6.305683560281354
6.793609466048356 6.287292052664405
6.539593751910463 6.689103135823262
6.612719555457373 6.626408826125376
6.004448738980592 6.998972344027228
6.564107362461014 6.686216905112744
6.313459419222337 6.883978943640525
6.350900561973396 6.863833965527437
6.698791240168261 6.517121088692872
6.421247719202222 6.741099242826291
6.786860852134234 6.2873187157454105
6.680216738482235 6.5332645728329295
6.201956835150552 6.971274595521038
6.27651189603727 6.894301094007821
6.6488613530515 6.570622129486249
6.628730509976016 6.578959025443471
6.2848476532076205 6.885380302606694
6.761322055742616 6.392191941754821
6.018020912026027 6.9973771337480875
6.864886517865934 6.06277576124238
6.892090378085385 6.058122960034132
6.16882176408429 6.971314855710853
6.251348730670771 6.968091789112697
6.126911608534428 6.972114298217459
6.8597849484638544 6.073200748871758
6.5522492431036365 6.687828991145781
6.985340837835402 6.027242322895509
6.638421150302962 6.572494476856439
6.3663162638094715 6.857791861057548
6.808781742700451 6.259328468836627
6.275547714924352 6.941928477514648
6.851012709739176 6.12734623443642
6.684661428619061 6.529369117231114
6.755586264777233 6.503566023554608
6.761073497199276 6.394546122315571
6.849511914257249 6.128407474652811
6.766450163555072 6.355897995390266
6.6174118765205625 6.60020639629537
6.575637466011253 6.655780516498592
6.3439693407536115 6.866674520963509
6.371556893321224 6.7862110187530575
6.691917981311793 6.521201888320063
6.764481840842492 6.356091841113067
6.133733858673409 6.971543143948793
6.367537158048951 6.8209891002353515
6.522335103000606 6.6892165389461535
6.966289117258227 6.035790583024575
6.603722185744239 6.639316328935813
6.910906599214141 6.052638938104065
6.855214447939477 6.080357737726879
6.366830592401148 6.834173671585697
6.0025793981945945 6.999760828333731
6.882648375022102 6.060675740805755
6.275559563855794 6.899954745566674
6.74581609772457 6.516662056976539
6.571610052345166 6.671532656822122
6.807549629116712 6.279609258995763
6.449116788245357 6.719804863741635
6.780715612092899 6.296041554068565
6.39489609595095 6.752416668555533
6.363041225803079 6.8582776471398645
6.253482612320566 6.967634005426009
6.619396308713673 6.58956064370167
6.6154189007786055 6.625438358072791
6.878336536685305 6.061664875932527
6.367635707960812 6.7970278670116375
6.767281981813374 6.3307593996322
6.795006298040486 6.28461899633454
6.910314815229388 6.057199892292557
6.9598482912588455 6.043149106663378
6.928854120009404 6.048659151989813
6.3826465803371 6.7653258994433205
6.769602614197603 6.305993533471606
6.6584177789508 6.567036071609618
6.616738426245524 6.604460829486115
6.274190030674473 6.95791040820188
6.616322119676879 6.622382954128996
6.855107792204571 6.08734202021288
6.485547554885544 6.719771331155439
6.620082061304241 6.584928903711345
6.513651088618769 6.690120103649323
6.405762398578425 6.75013416817496
6.975595661659476 6.03347722413844
6.597074309784544 6.643568137106677
6.497495543250833 6.7047711879219385
6.857961638633022 6.078228196826672
6.345950016921102 6.864796439280215
6.496323931803666 6.717112097782643
6.113508086743376 6.972114651053096
6.303296404193117 6.885295277010924
6.906226252754113 6.058084930291642
6.851436294672533 6.089974095701307
6.420238966798722 6.74263390567824
6.858959378080116 6.074958447611537
6.31433160524513 6.879128211664433
6.505439111226833 6.69052878756214
6.3191886857186805 6.87110934715003
6.995804844420274 6.01225650455817
6.6826502320155 6.529939918924117
6.0374757765725136 6.974595096631293
6.812056518608007 6.159735346000726
6.629801848286464 6.578467924562105
6.858439973323476 6.077832608783396
6.638014620109021 6.575360069761358
6.860358303996484 6.069010054413496
6.9632957495661065 6.042184457632299
6.658558189985007 6.559302609461054
6.848821724732845 6.130789523513882
6.578587697782887 6.65302138221561
6.596024309603923 6.644796017574782
6.234068704474228 6.9690894245226245
6.775150281240905 6.301426067205952
6.923564625486919 6.04919515221886
6.381526750507733 6.769638946205346
6.96466068045966 6.038180992479847
6.915539713676562 6.050678317553881
6.645840859886685 6.570933090871964
6.378986338968921 6.772983680129411
6.362556865225979 6.86035910818633
6.996508321674272 6.004832861585509
6.369085220291369 6.7895917136951836
6.676682212176403 6.533288180118772
6.09115981433291 6.972480650009318
6.879384985763801 6.061487747666133
6.033036405555184 6.984661097425989
6.605934391082133 6.632733747110126
6.595812549981399 6.647895167383825
6.579606128631769 6.652681625959953
6.738072334195137 6.516715149539569
6.760895412316982 6.499038984587931
6.314879912275436 6.876997110574869
6.864695376419204 6.06620126763832
6.007554170380314 6.9979903908372325
7.633255924557452 7.607108428736173
7.723141457837081 7.015239125799876
7.038435859707123 7.8483536107682905
7.5855489448318885 7.680521610766435
7.028260414387 7.983158952669169
7.6727214769351075 7.288534066212652
7.789974849153574 7.0145295954231575
7.7092996820096085 7.265582709898615
7.590358922570418 7.662587272562124
7.638183376257409 7.456901289425636
7.114204844066437 7.804711232548119
7.2026893080774075 7.7563699847920295
7.540244195453174 7.70966570349603
7.694662764183902 7.282210869463869
7.721862077417009 7.101468927525859
7.664065166886339 7.367854885404012
7.880539447241205 7.008909081807234
7.591971881003214 7.6328200630214456
7.585697576084938 7.674067362533815
7.489158611058248 7.737955041234232
7.593517519899444 7.6179266159074075
7.716326027415709 7.138630168353567
7.493435543079286 7.72006283367082
7.183120998689319 7.768391816720541
7.6421679540340035 7.45288973816931
7.92196605821529 7.002482948326356
7.524728824477418 7.718173334734265
7.491735839182216 7.722460934556159
7.638178419528642 7.544146965798676
7.427395600681547 7.751169459054776
7.355409298188423 7.755693674789532
7.160196874043276 7.770694221432871
7.049576934937597 7.808597928582183
7.033197676750131 7.86216758886812
7.644098975155812 7.382637546765203
7.137534871195552 7.791712666423386
7.677253652981417 7.284781000465559
7.7113696681315265 7.210061306112642
7.482366377504147 7.748928212296308
7.925872305137255 7.0012880083715165
7.195018216904344 7.75715572156525
7.012175303084286 7.997849492019477
7.5421231048754835 7.68483472654076
7.135005278714665 7.7942211779381925
7.457219091425819 7.750007613529007
7.1862871106012385 7.760047414126512
7.6255525769793255 7.614356045111898
7.801799077855329 7.012020841276216
7.835699269766564 7.010493840945518
7.030853602638071 7.934821348022132
7.666746168922768 7.300434487215042
7.664097129386808 7.334615843938728
7.6369035065608575 7.548975836635026
7.380886095298841 7.754056568290194
7.884732202785434 7.003319499907181
7.1832569676819915 7.760469637596941
7.039251147691213 7.821267672343108
7.490904957699167 7.728556250016552
7.714569162601499 7.180520968568065
7.154029657021633 7.789625818552311
7.1247274561831455 7.803194629463102
7.045131793028057 7.812157014600797
7.459231953989605 7.749347610497186
7.482490772745197 7.746253069712176
7.529567230508555 7.71029844952516
7.1180748267658345 7.80332890479662
7.427604149201156 7.750291622447586
7.643902012576797 7.397146670195866
7.711525828877033 7.208702573233908
7.6746859469665605 7.285616576818987
7.169674254189622 7.768946174444848
7.718771145415082 7.114374157906455
7.542051274029437 7.69300402480351
7.698283163530501 7.28187227502373
7.663604870039481 7.372274301512066
7.65333862192601 7.375543698279075
7.029894605396713 7.9826740452507154
7.635794198934703 7.55453778323956
7.938881969031158 7.000643789642161
7.812373837846062 7.011644842685727
7.709201454721247 7.2749183380062465
7.6423982541532105 7.4452017985959955
7.558873158844261 7.681537296124976
7.273414910063943 7.755761652927352
7.501480305609698 7.718768318224321
7.03973481944964 7.820168546325424
7.0804673650380785 7.808216462805993
7.0320634451111665 7.874191827310181
7.988009352619797 7.000306311126806
7.649162737298117 7.381133219160212
7.643382815288851 7.4239139296182
7.013022519538565 7.98370715924833
7.855544586683622 7.009431487498357
7.665912734268565 7.328215149668738
7.142277051246117 7.790154493297128
7.558439837377396 7.6832877623269535
7.044220297550268 7.816348025759375
7.159439183958106 7.777393344746605
7.643823222839673 7.41447588353834
7.37424356361094 7.755197116197606
7.615823982407954 7.6156857927583745
7.0382066242849985 7.851993930018673
7.028634958840633 7.982950894305217
7.131453175481423 7.799049293196599
7.5280182081378975 7.714807097535104
7.661653587700028 7.374492515303172
7.699991696307809 7.280260196335501
7.1555169239895315 7.778821367078742
7.088029157688943 7.8069120983009075
7.030168626167867 7.977160652203446
7.642538523783248 7.442825317879497
7.712853129874955 7.204756633884263
7.7139181026189885 7.204754157952408
7.390430955074814 7.752414347484092
7.633380711007017 7.596497498770729
7.590189550266448 7.666792373241249
7.16947562662919 7.770023799182351
7.0130175136148685 7.983759943883409
7.099239058039879 7.80509820283976
7.587657083384774 7.673213905090136
7.627913364659209 7.609880114982267
7.6245879130230785 7.615567875073713
7.855415914032475 7.009613732424165
7.483066028603352 7.74164360213031
7.031466097421916 7.899665642849005
7.682444986556299 7.283304141981073
7.667373823319101 7.288703589375028
7.637819935713525 7.548174953879548
7.589542688357 7.669018778032077
7.215395978257199 7.756104222443159
7.590600280766112 7.653551113300289
7.714122062925568 7.182342065129718
7.416922605728568 7.75210050738501
7.722304618091057 7.082057351513975
7.720129102244057 7.104802501345905
7.030497378597665 7.9751158977499905
7.709667184416366 7.243849026399792
7.131093413226665 7.7995085516305585
7.5912331199980985 7.64065167953379
7.155166027220995 7.786716160850483
7.635285408265943 7.585968190177699
7.516582825171417 7.7184703824776335
7.127314201068165 7.801117548518822
7.854028413896332 7.010253704170607
7.679567022589361 7.283668224640993
7.178783592717806 7.768675068948665
7.542042912606802 7.709518054286205
7.689263185590458 7.283151021057027
7.248007637767503 7.755766809275318
7.662688553346969 7.373250066678972
7.128975377319143 7.800246336359466
7.4897602255525815 7.730306216164641
7.668261569612672 7.288642272714791
7.034702728730936 7.861147807143443
7.710106869302296 7.223006851987576
7.019482215431992 7.98342370179358
7.02994549552704 7.980081108513136
7.626226795487018 7.611847471641655
7.722898237515625 7.042129264203225
7.634793564906092 7.588586304482035
7.635519654024071 7.574177513141446
7.027859884950247 7.9833271354951085
7.7015815195326685 7.279860261757678
7.6346271015480065 7.594453192906749
7.745606827841397 7.014935774052928
7.487244954625174 7.739521765079753
7.666119046120603 7.317789839080231
7.5546093984051765 7.684093468742937
7.590677469719341 7.642001235854929
7.790397527217219 7.013657801442411
7.70264978342814 7.2768329601649375
7.719311574413879 7.114137596656139
7.497164321038546 7.719248149277245
7.030606338601368 7.948923719795857
7.715215857239376 7.166407752111519
7.031703508564628 7.8940295199450246
7.894279388625964 7.002672220263759
7.715381469049671 7.153434018534717
7.012724905146963 7.992961450216059
7.482999519511623 7.743603816213544
7.005990336728863 7.998664787680634
7.191437135006878 7.758749548988142
7.012825527983415 7.987707518090725
7.718468483696285 7.135025618007238
7.863359270033896 7.00941641418357
7.227284015654293 7.7559637603299265
7.134998195076985 7.795394081866317
7.1086760842620675 7.804749782423615
7.6663169034544385 7.313237926977026
7.71977453207561 7.1055992051065555
7.223804127701839 7.756065402787833
7.5969190172037795 7.616201803624392
7.039049715286044 7.838557642878721
7.186287132581148 7.759349184382513
7.630100831631548 7.608151204610417
7.030600409987031 7.952796986851297
7.590676257702205 7.65304349098265
7.038811047002776 7.846465491477566
7.9910368265303955 7.0001988691593855
7.092959633201443 7.806143178981489
8.660757495192046 8.71355011571688
8.872084630824439 8.589473585223589
8.903543700810163 8.371330298081133
8.023040499535812 8.856445695766723
8.686804659519906 8.61719314645734
8.598430513602981 8.743524456999788
8.55596088449717 8.78076688291756
8.90110920222531 8.487185679726522
8.709969311383487 8.594803212247392
8.672525793876886 8.671789358518541
8.983891782476483 8.143161439184713
8.99565523108581 8.001001418376687
8.634296260916487 8.733070332052698
8.181059871760468 8.842409283178233
8.979954627644751 8.161279789246636
8.773355554306088 8.59340262058115
8.280431739097699 8.795385231635818
8.913910356793956 8.17695203364745
8.209366965463275 8.817637846469795
8.096857441987146 8.85458391816068
8.258441347955296 8.798957312156446
8.898917351377785 8.53387942064319
8.906973895543915 8.350579800529832
8.875414986381237 8.550558662219544
8.694477970211283 8.600873073529296
8.641229877221008 8.714469892545493
8.562609694937276 8.766144369579791
8.676848062907297 8.664315404339144
8.406521280531177 8.79343494392513
8.985529918136212 8.135544170444525
8.993533298366403 8.09343053189956
8.907879409021259 8.250595020360361
8.167661269218783 8.853195152470164
8.608410636996885 8.74350380104633
8.749031602337185 8.594125289525241
8.678471744501245 8.632453982525053
8.621046128582163 8.737503527685545
8.224349724818447 8.808715699220622
8.848087513658651 8.592078000712448
8.572250334412333 8.754799992141201
8.876284504963113 8.546895769776606
8.019533879692847 8.862162551260335
8.006520423411542 8.920055056232338
8.987189463197293 8.111176397967682
8.66384944801531 8.685532478248748
8.538757195461047 8.790790518669068
8.913366407021986 8.20600436168002
8.176872875522802 8.843939681796655
8.80319227194035 8.592320024886147
8.902991504031547 8.434299521852695
8.677305589979147 8.653336632441524
8.191801456661944 8.838101951723226
8.902622977822473 8.45978623603304
8.608646890268394 8.742943151379672
8.031388551392212 8.855620601857357
8.972070361904038 8.170710520560506
8.40772284720876 8.790879670304983
8.973920395999873 8.168304213103713
8.708659315530456 8.598972481409191
8.196975737665404 8.835408721152035
8.013295955930019 8.903290276281469
8.361483069212104 8.794316672929975
8.577903369539792 8.749622708017942
8.664300328614543 8.673055989823514
8.013717263724184 8.88564181962317
8.561919855156837 8.776409818051619
8.172029593118529 8.852602241384524
8.993951611624258 8.065943710044113
8.004115113106398 8.94501175009388
8.019272132136619 8.876079132256226
8.91008496928236 8.241183554138868
8.245886225552097 8.80610723820853
8.212535158951804 8.811032907755004
8.888576013810491 8.538265178662996
8.012891845907445 8.914266111724045
8.002311877893776 8.947336280466088
8.881899744862704 8.546834161456982
8.615447818997271 8.737657755483543
8.33710900696531 8.794681390552356
8.584462456047637 8.749129432542935
8.979416972621834 8.165477343718736
8.661989134948396 8.702756090296875
8.205128600157039 8.823761984008197
8.981060770617638 8.152746929132121
8.635643973319059 8.728617935046499
8.274483220451703 8.795405885358484
8.013448505069634 8.887041333730409
8.198350360516566 8.830275647173302
8.099870213433222 8.854075483508739
8.27409633195533 8.798359757096899
8.988091597811072 8.095435092320182
8.006171941983816 8.926478882781716
8.61373289389289 8.742029250387139
8.692465339187647 8.607038155404659
8.887219940984378 8.543450377767105
8.680451359570434 8.629202258544513
8.944933540327103 8.170759130528518
8.02244079592188 8.859585134213559
8.907094132221983 8.260972086808849
8.547250941724531 8.79046718067793
8.174927415221646 8.845395299138552
8.567627756993051 8.760177401353213
8.872819744237955 8.554299989156817
8.325984950532462 8.794811478200476
8.122437145798868 8.853207875931327
8.980686873450452 8.159217952047946
8.872155635607383 8.582645688645641
8.781148729472863 8.593055859715584
8.8726381472349 8.572555046661368
8.592585515356657 8.74444934083936
8.901171609256172 8.475832993945962
8.661782438723218 8.712184454348717
8.914991067431183 8.171290331769075
8.699092536475526 8.599023332042888
8.640345651778992 8.728419316208962
8.250940226108213 8.800570556288172
8.184708153588456 8.841161842142132
8.17457505351206 8.84786829331387
8.5569040408668 8.7767937995783
8.17344825123597 8.852594705056456
8.987171756506651 8.11525603563719
8.67562667881689 8.667476362757007
8.658933171443008 8.714319896986364
8.901065392151567 8.489140192512078
8.911140402915251 8.220186453595648
8.014013322448369 8.883934036607911
8.78582838846636 8.592894282758486
8.006465419191228 8.921993629755907
8.899533004327864 8.52171975594989
8.980083059065887 8.159252375656713
8.995653859775604 8.001344805025408
8.195992672168261 8.836002450658274
8.68875303775546 8.609572664777147
8.891057972487463 8.536458985093406
8.662107796415052 8.688061662164616
8.249598637378218 8.805772507696256
8.994835959116674 8.026201686246566
8.674991998939719 8.669883838870126
8.886932099925872 8.546036356596959
8.00699661191057 8.919573958619987
8.995661966123333 8.000634316566362
8.899933445240785 8.515156903001884
8.994350659416371 8.060000414293569
8.89519168960718 8.534161734970573
8.903268413810455 8.429311573886421
8.68435313243709 8.625461420770101
8.569769674049612 8.754807603725823
8.268831524662488 8.798850693721771
8.856436605378475 8.591858287580052
8.546436568183656 8.790659225028698
8.569313450349588 8.756818306224577
8.292948417276277 8.795118192372733
8.017757024157955 8.878101236918354
8.984303904879798 8.137532459515548
8.99518601252841 8.010071102097532
8.005363868244507 8.937721255250644
8.19908469426281 8.826354410764722
8.549470592836114 8.789174655713182
8.98557715673313 8.126508760343388
8.709679901725847 8.596195454750326
8.875666634328127 8.550133286503293
8.993876798042873 8.088116077290978
8.005644485972839 8.930772065293795
8.630033175034479 8.734058089143657
8.567476615014307 8.76534176879843
8.62604189198639 8.736675917938523
8.208900560528612 8.819702251660882
8.176329990245748 8.84409826987882
8.001775757740795 8.990816084579746
8.555737276589065 8.787668316028531
8.680842005767916 8.626144861572097
8.678748965633078 8.629505008573
8.91080339797049 8.224984456817994
8.900458064174467 8.491591952565447
8.995331937570498 8.006632369473591
8.589976744963193 8.746728257608435
8.20680557080401 8.820310920923392
8.985852101545833 8.115987759033915
8.904489067117865 8.356672596214205
8.568930449148931 8.75938410685117
8.98735851803802 8.108613820357485
8.99234070965338 8.094971006870447
8.911002855493443 8.223447418986522
8.688744855795143 8.61258238577503
8.984916482049282 8.136150615039936
8.90909951311105 8.247688762671652
8.217471792683849 8.809986981311638
8.03734734455417 8.855388858359198
8.013390430514164 8.895977241331778
8.02293068141927 8.85746604949803
8.109719255804295 8.853820002511727
8.995066372032914 8.016093678800368
8.002172083294845 8.97661921883886
8.672214901122523 8.672017965218043
8.021800310560984 8.861270022144199
8.017210190282396 8.882583961939348
8.692597886539723 8.605791730175078
8.678136623776854 8.63349425168797
8.994461579047227 8.053775829122218
8.210373041030875 8.815081007440378
9.824288582475397 9.218985827779306
9.319109750072904 9.244967083742756
9.232589333282014 9.477759738339222
9.263179068790064 9.273573310429885
9.171651241388048 9.99339115504239
9.20872328900952 9.870992495294233
9.838815182458466 9.023738309404163
9.22919818399371 9.49835603560094
9.955532223549213 9.00344280240924
9.24701656829456 9.27419794643868
9.21540867573298 9.724785084419446
9.634260171429956 9.222261861056756
9.888660547684328 9.016132189694506
9.228787018850168 9.546955420243457
9.472600685612493 9.223904589104786
9.235604267616848 9.469255323633224
9.8926953921385 9.013517569838452
9.460938606577693 9.225869142895816
9.837816051346808 9.106941440343515
9.190767634405635 9.944307498143814
9.135216478676249 9.999901435042469
9.28760721834588 9.261474982639273
9.20908342079849 9.788856312136963
9.19070919735444 9.959668737772553
9.320937118147304 9.231166292737521
9.832291623069224 9.13006675023151
9.198077002667912 9.9430846693635
9.920441711039398 9.003511434312058
9.85754546329019 9.019554168405442
9.21187267096802 9.744899405564729
9.466709921142371 9.225617469222504
9.185672225022648 9.985236842849217
9.201844086694171 9.905455847432057
9.218490754290551 9.59583332455486
9.90122867475343 9.012821136704828
9.158855162417797 9.99798287614793
9.263678350693553 9.26643344165482
9.21765374567845 9.68743073690476
9.240316005403855 9.39615883583843
9.30641556002925 9.259489713118144
9.308912249201287 9.255316592444267
9.379213532135111 9.228508353853512
9.24382058839831 9.334139834728116
9.243292329311599 9.338094409089711
9.176611790220267 9.99229858687595
9.826268468192287 9.204726025336907
9.837939011366501 9.089431596199212
9.905538471340373 9.0115161713942
9.210092072307363 9.745601079290314
9.915162254354126 9.0061908102595
9.199404626573967 9.926795024484198
9.204073378329067 9.88320153545229
9.272675120394243 9.265172356035288
9.236303495546453 9.44827504041409
9.31800472545162 9.245034696704552
9.511766049185502 9.223276402002963
9.330254769757632 9.22999488283847
9.241089623233593 9.353779324807947
9.83845202255022 9.058000765333906
9.230061314794566 9.49639969784999
9.675733628106398 9.22026899797484
9.220277902425828 9.550857631888137
9.881821180513647 9.018186661805684
9.177664703788729 9.989697077742674
9.218906631027549 9.58314856168999
9.239303946467636 9.397297976106493
9.211980646567591 9.733368117116079
9.830350592622473 9.135901748921633
9.768568677971146 9.219093824859623
9.909029571894608 9.008460086773422
9.759788093229558 9.219954085266917
9.408371518262866 9.227567995569673
9.188471664080385 9.984628393979103
9.762778506537074 9.219610533321738
9.202009761487398 9.895542022867517
9.236822956547293 9.399431762855409
9.60980278006086 9.223197275725193
9.219183892384935 9.575428892052392
9.826602998943345 9.177619908535677
9.215653347368601 9.717855804547549
9.830010653760668 9.166198866444033
9.831138055715073 9.130345093718876
9.246242799669142 9.323226131681677
9.826413576651252 9.203911957723857
9.958058051357446 9.002606422296694
9.825888776223113 9.21708422658812
9.834010167791083 9.123328210376036
9.1849549379245 9.988747091687152
9.200338208434491 9.90893913933832
9.218015859091249 9.608142640274128
9.199296471761121 9.934570228784732
9.242518122515119 9.352550854091952
9.965985091560212 9.002353543206647
9.700802754711784 9.220048247326197
9.199516106834574 9.922125866742588
9.834729313437423 9.116659181729704
9.96639086572655 9.001630568104675
9.164358407062288 9.997643673462637
9.279474248300776 9.261714327606942
9.315313899611247 9.25330868347142
9.217467373925638 9.70273116360769
9.322523862219802 9.230214803428295
9.420313051192446 9.226067397931043
9.344155695152025 9.229351888704187
9.656692930092364 9.221217876671341
9.242907272310795 9.34261124524703
9.63370174591201 9.222537082707014
9.388235668640757 9.228474636943867
9.228950197873322 9.545237315336259
9.829635858428475 9.172928132206334
9.181768084293127 9.988934750406257
9.2081883633801 9.87767821610175
9.224671665894522 9.547741083342572
9.15990265802764 9.997684848706285
9.169788190794542 9.995233836577581
9.644155949640945 9.221907976377372
9.884198409150544 9.018031269688919
9.233201934188918 9.476177019474143
9.401013804216989 9.228200474070626
9.29293923060845 9.260479247710991
9.213052889449292 9.726249687487293
9.992896027859771 9.000772603952713
9.915716209331785 9.004364386597574
9.340930616048276 9.229773256153768
9.225606880935045 9.54699475462689
9.409416828229677 9.226323254428127
9.269994633446299 9.266292465956097
9.2741442038313 9.26415934184737
9.209648478098643 9.786011056906284
9.850814142362927 9.022136330794469
9.231022282438985 9.479213422659065
9.621755167410091 9.222646864170207
9.18917677156517 9.978031739541402
9.20882104124667 9.839317820755586
9.23649663140322 9.412080814849277
9.246919805714658 9.295839718483396
9.168248686698337 9.996194781308581
9.209679052519613 9.758905017389285
9.366364330632038 9.228619383870196
9.891369256390112 9.01481077995018
9.858474431584602 9.018416063295023
9.189548008280303 9.961679280392197
9.215990422327337 9.71063035365377
9.672097857842314 9.220317740990104
9.586110773478476 9.223238170546566
9.83848166194819 9.034523780415979
9.320237728994897 9.244791414049311
9.230147313157108 9.4961066083586
9.189196540847968 9.962656322470886
9.230622718053429 9.491180751378764
9.479340394412093 9.223397303190943
9.833966417292082 9.123604559946472
9.838187267592645 9.069389342761847
9.2404438531157 9.375213460219209
9.263390948823702 9.273139444018815
9.74117788551581 9.219999584220352
9.218889885866322 9.593336190841468
9.829856974808324 9.171716754323054
9.314552759533093 9.253874218038224
9.21770498608387 9.685775462306104
9.236231619708501 9.456706018423866
9.442509863905205 9.226060996251604
9.241068269562595 9.368026010735123
9.30263935960046 9.259638244781517
9.31656777336517 9.25134641340479
9.246803530207492 9.30466609803045
9.205901944019272 9.882267852022805
9.326492039529148 9.230006602208604
9.14932996591046 9.999318192201946
9.825676219530571 9.217919120228222
9.22140525020921 9.54960148861057
9.826083358873168 9.210940962330078
9.219864801150367 9.565884210559705
9.246172062382852 9.3285512756249
9.857403364184519 9.021349736329391
9.827813640640974 9.174177031545371
9.837569534495188 9.110667235950125
9.857449619577274 9.019891831462296
9.236161213825312 9.466715628110126
9.217909658674925 9.673029566737426
9.31291782562119 9.253970533832977
9.34608074113628 9.228799517491849
9.211987002806147 9.732322667546521
9.20886569702096 9.820195927268221
9.830027774724817 9.136493313614332
9.828325115425363 9.17308654019406
9.217474917201256 9.696084217341717
9.256527476169389 9.273663959789683
9.238487137817994 9.398277994316087
9.213110281255513 9.725181005065176
9.315827761861124 9.253129449632954
9.20382094013319 9.889170628617233
9.209976593459272 9.750630116822547
9.911373884507634 9.008312211688319
9.188850403785269 9.980102037134532
9.212363949218089 9.729590523802925
9.982157489660999 9.001141454004246
9.47030912739143 9.224871251004455
9.307523022461984 9.257135238406667
9.109330800343026 9.999905393700386
