0.5588273383140412 0.1809412143820276
0.4814843897623564 0.4750432846680671
0.7377424222140406 0.035673409542736345
0.8653343384003477 0.015562903773853609
0.3508489953687749 0.8151794557297882
0.27831730267734733 0.9790637815937817
0.997785365564612 0.00279211358607645
0.4813034412608008 0.4849648249130549
0.5974030139492306 0.08472666998837874
0.32974929245159346 0.9398914571584907
0.7275254316104499 0.06854684244215503
0.2874842192537863 0.9673211780241063
0.5340792759336596 0.4706612482144401
0.45494248158003114 0.5383387135557327
0.3486402821463862 0.8321811340316015
0.32339843428760795 0.9660729259745698
0.3750280737662255 0.7862754611324384
0.39405741368548286 0.7247162984228825
0.25888890553095456 0.9991187487011481
0.4048236469291129 0.6564437496468021
0.5559809749091336 0.454543599715998
0.33605985694964524 0.9201780923752545
0.9518897518535542 0.0068985322669953275
0.3455703473469359 0.8845882122838065
0.884749084143975 0.009810162566968206
0.7797469478224788 0.021241256786257323
0.608876647387765 0.07455980630275161
0.5657400057475401 0.15322718380903244
0.4791814629995773 0.5026175413183493
0.4122032028881868 0.5905524013487925
0.2643694495900437 0.991866975964674
0.5907480502737301 0.12838890989576845
0.47808077449245145 0.5294255037511395
0.6677295171199302 0.07167727122320644
0.44425903583052617 0.5490335711946538
1.9696765329487378 1.1026839081498307
1.8049068706945588 1.2156462047581904
1.134511976599632 1.9445562099308211
1.3989121277316805 1.4505097721876083
1.16338566776637 1.569510067272042
1.5758987325058618 1.3070224255288196
1.4989167172725701 1.4273351812874928
1.6762568994534108 1.2558690642826522
1.5446795128220798 1.3307798994455116
1.2144622073826556 1.507767924003832
1.8682076321459098 1.2098847965626307
1.9642241690459943 1.1549821057167895
1.5668001673663456 1.3167593670384539
1.148325667993951 1.9328951922408932
1.6239511570624232 1.2847983127421507
1.7097045107095987 1.22114765473679
1.251262496901657 1.47073882200975
1.9493428448917114 1.1718630174420577
1.9910944931688308 1.0335678381055389
1.0097107324743986 1.9882463619827686
1.2384295480993333 1.4861053202994423
1.2565844588226922 1.45454501697518
1.4559891094953796 1.4368931958566176
1.1508297143507493 1.5892236257216599
1.1068976832546136 1.9727863890844697
1.9675818417103275 1.1379000845993446
1.6486934390110077 1.2589760042440699
1.5340148713649104 1.3888999433940683
1.9308477017761188 1.1986324766197183
1.986722568505058 1.0934716658610715
1.9021998053400726 1.2091367313458505
1.1497269042590867 1.8437474239533078
1.6012647605429384 1.3019792811003685
1.2164458207388784 1.5001599379929473
1.524144533645515 1.3889820616803865
2.616455789624082 2.7876451556255057
2.8346515986897636 2.347114372294392
2.778519880414388 2.356662225848122
2.288608483680729 2.8748766012602176
2.8765312453473366 2.270917396213656
2.6391305883452487 2.714834382306653
2.9061231710655937 2.190215166070906
2.1438106899957834 2.884403782902132
2.334155753736824 2.864956080738259
2.1254526252905603 2.960425197809501
2.408357156900504 2.854740942402443
2.8448886432772627 2.3411577604639113
2.649859998284769 2.554480726508069
2.941676501800394 2.0067905845837615
2.741378919420964 2.376423301095915
2.709942317743351 2.4402496708377
2.6200136676775916 2.7460656072038203
2.409782309437053 2.8379646746860496
2.578072087167107 2.8374802078479093
2.579205340459974 2.8143031933603813
2.6668267108340737 2.462313894474844
2.9307109221879895 2.134497423691443
2.113365529222313 2.978711818300634
2.0605262724097395 2.98750756842825
2.803762704342197 2.348406280684115
2.8480199522757483 2.2782259254889956
2.6923013289786395 2.443943012375049
2.940191004298458 2.1292939137154576
2.7240013805416634 2.410628790828013
2.044211335140919 2.9944216788379996
2.744626013331813 2.3700194130826664
2.140133172980151 2.918825909683311
2.8875204551695894 2.2378765668519423
2.586350432763553 2.7958908738481076
2.639493442372192 2.6032836952317586
3.418451321306985 3.4144436698776763
3.841109906280953 3.160694891021958
3.0061998572861564 3.5170315165381574
3.817446568392225 3.2348952595957585
3.8991042416623287 3.0911718532231616
3.502271734362206 3.3868576039992067
3.9694179063151602 3.0185413777067294
3.009147080046437 3.4676213425674387
3.81700751321642 3.3648963158255385
3.691509164205936 3.379013733990959
3.65726469334357 3.38346721879211
3.2720771508533986 3.4574064485965605
3.284546972294372 3.4567604424172904
3.4831318486761793 3.4144400923855995
3.4153480794523565 3.446889598988221
3.8663318407113847 3.103633446252706
3.3489789715653475 3.4490607340369355
3.8451285246976554 3.1162589119061668
3.8377133417947906 3.1703809565541867
3.9541635894827385 3.0411258900498246
3.881654594746535 3.0929257538882178
3.9154299964535046 3.052568860101991
3.501973025597692 3.4062461126608197
3.7911287647912886 3.375896326247089
3.0058799921722823 3.964290630691323
3.9070349326739056 3.071865276942052
3.65699638577707 3.383626311332348
3.5681159559119617 3.3836519240513567
3.8885491642647967 3.092216949502051
3.3395906076500395 3.455605735491446
3.8714986324576692 3.1030105309856326
3.550810148922547 3.3840370986962336
3.7409227095735136 3.377016216576536
3.0346099610622446 3.467556065560677
3.83183076338386 3.1708678872645244
4.248487384855589 4.361813022995753
4.131019988708344 4.894706391340039
4.247414369703919 4.559926443928702
4.982449376133247 4.244428951310946
4.189885071657983 4.728822750478621
4.353373363248938 4.360704825367676
4.811222620824391 4.293629094721366
4.4222842905689985 4.34299362558526
4.1625168606913 4.877440665483765
4.080885760928072 4.934984414806496
4.527252318872929 4.336776605980889
4.653046141799872 4.3354821300758415
4.195212302008921 4.646866822735236
4.789314562810758 4.3302778375133775
4.164084955576269 4.823869711284601
4.121224045146571 4.897300219603582
4.147576873322699 4.882595799150795
4.996606859136479 4.165997239879836
4.20745932313113 4.5857333396112745
4.873269347140953 4.267268265203217
4.176455416356529 4.814932351836013
4.984305386870398 4.181089642214062
4.8873258075872625 4.24513271044837
4.814187573644195 4.2687746019994135
4.472132037232106 4.342472481015667
4.3551162164940935 4.357888003765624
4.992693616709329 4.167869073922111
4.022058859247921 4.958042523814892
4.418547355546789 4.3509755382434205
4.178323365502631 4.777144344241052
4.033322827868449 4.942062556082867
4.983667661080342 4.194177267939327
4.370780183063559 4.3527355431964585
4.019907207704165 4.989319348732442
4.182385101106101 4.746549111089565
5.320566502403607 5.948334714641365
5.4164461408418365 5.694165588424638
5.988211142569096 5.108850216575126
5.908910620688944 5.403337232180448
5.5998114515024 5.569213188142109
5.14145176039992 5.948692174779559
5.973270670730683 5.20957153018545
5.353488677598969 5.795556659644635
5.877979233520328 5.460802160901915
5.917479826629295 5.3805468591469054
5.478543262654444 5.630516355797484
5.6883729880580445 5.544007074757777
5.8063046535346645 5.511863357100423
5.323450473845492 5.924965075493977
5.378918087371819 5.760837091510925
5.429017620448003 5.6659432065520825
5.097775596195671 5.970827109622524
5.925453090432525 5.2308124539989205
5.483442234631348 5.588241581953347
5.329167282134194 5.875883637162639
5.483822044586828 5.577632963171174
5.1214785613334906 5.970609314441241
5.49741250740177 5.569468939631893
5.395150922919635 5.716443720392489
5.882310891985424 5.441523901837751
5.707950982928502 5.542172898418858
5.9836566127485495 5.13293572639807
5.974079390459639 5.194301118040967
5.800648899092304 5.515156989380321
5.422566927383789 5.692428323278935
5.467995927706372 5.660920008346382
5.748400799634824 5.525281228309786
5.335511864618838 5.79693182546531
5.096707792012259 5.987695928211435
5.964552972787764 5.225432421666942
6.833719230615497 6.4164398304806545
6.608031230883761 6.494129768554044
6.558686619274396 6.57892879105178
6.901288530367884 6.278134965530143
6.4380926994213 6.774543466342758
6.363304527225573 6.7959302202030845
6.733481406680968 6.448341080482586
6.22056633044393 6.9941738038501
6.833746053199556 6.326567930171866
6.2278531377052575 6.814099924430354
6.996220068810553 6.03321316949724
6.458488609642873 6.707650774981894
6.895945982773809 6.310841016210868
6.923943785440975 6.046268648775902
6.46167744707794 6.646869224854477
6.627837646465285 6.458244623777692
6.575040305947291 6.56896240820115
6.458734222434797 6.6584154664295685
6.910747708157905 6.243204834723094
6.756068832494176 6.433494515616775
6.497205837363092 6.63379414897912
6.7809197388178255 6.423297596860822
6.9061856489648985 6.246880624565267
6.250522051096116 6.809929526945696
6.530049966753605 6.587851364726207
6.0888307372462815 6.998625875723574
6.720476200145728 6.458181241080835
6.419645986574579 6.792811851248604
6.2265994026835365 6.877127821436618
6.619312557715641 6.460437184040903
6.586933108720815 6.564443038370358
6.446401866657089 6.761288424366699
6.905538042631681 6.253190588422929
6.111771627127854 6.994636237768272
6.335399591452347 6.809374984818752
7.999511800659026 7.494929684500544
7.708826703487848 7.987111139661478
7.911694843809803 7.964683836905444
7.434159512630462 7.989383814759196
7.925915105978653 7.674749382718181
7.921710439968338 7.742360731630652
7.93544657628927 7.573068612516777
7.95634795793173 7.557403493860433
7.978451071837627 7.534207585577132
7.930550582756776 7.647940021421642
7.094893331692587 7.998056025128709
7.197923184502284 7.99163155303499
7.773030711459676 7.972091109544309
7.965815645861828 7.553756765192256
7.950566744427548 7.562019667521126
7.745909415931633 7.984068593722506
7.933071822898449 7.594406310995948
7.137757022031549 7.992784424283418
7.711984515993314 7.986449199448787
7.999558798068448 7.17814846546109
7.916111423850124 7.822005473468761
7.971226555905586 7.546247822014851
7.920381028782237 7.778488223510688
7.001532675403539 7.999969069108505
7.915847956148028 7.847374575401604
7.917245787021389 7.789529628886114
7.285476208953523 7.990422011813171
7.933522549011283 7.587923169311605
7.120069206228323 7.994991697217001
7.915759002537785 7.931235700387313
7.092044785635426 7.999229413351575
7.991900255243645 7.529777205046143
7.924952040729744 7.715719758941334
7.9246463319190115 7.739783664825016
7.105494302459459 7.997519908578723
8.17106159018033 8.50208479303735
8.019142236890792 8.920344449883755
8.433963341233795 8.23746884763879
8.090657177721909 8.650809892526883
8.531452244057867 8.002897826944833
8.339425442762048 8.244460046475341
8.290863054264312 8.24996477452301
8.19406721180026 8.285749784772467
8.490789046813626 8.08943709225019
8.031552970559426 8.871864140251677
8.528428521829827 8.06703223325396
8.058983269237888 8.77990866037074
8.068893253057341 8.770066069594662
8.128577860981958 8.622640555696506
8.636206957822042 8.00045341394966
8.459439806104736 8.18743762728478
8.47273103060497 8.162206584983494
8.189026559875192 8.426244382321869
8.179996750546472 8.431078066697648
8.04570576197259 8.839937884940108
8.221186086522815 8.28446660348042
8.191831677531026 8.387558796572218
8.04645552287188 8.80859215303218
8.001735032072657 8.989597997213608
8.473230591499822 8.15057675304244
8.056989713776629 8.79604418955377
8.29952047791854 8.247449581591685
8.070569515230499 8.731630921234643
8.166597178480208 8.618365872155367
8.490055483645161 8.123517248512977
8.757034491007095 8.000089223958538
8.225903338930351 8.277319940608612
8.021125452775694 8.919013556787549
8.03251575057473 8.87143943335317
8.076760749151314 8.727582236141869
9.356784964627138 9.784010154400645
9.906579293062123 9.074462799129774
9.398736892080995 9.352736890004628
9.093750102485926 9.95728583770226
9.779729103819703 9.192834854620843
9.347790603443727 9.867713418971245
9.927507096309071 9.035583922148513
9.16189049048032 9.89064929029691
9.863287018265266 9.128488999631738
9.299163135749804 9.87386557643042
9.765617263919387 9.21398168741179
9.742843568814713 9.237519783932825
9.114142851196151 9.956589336889834
9.39557572524679 9.568804385800156
9.569764567137305 9.349241141300567
9.672143328346948 9.309851892172997
9.73321058005003 9.276261209327311
9.983749008290872 9.000894013078659
9.384993288439677 9.738692734020237
9.3504274006986 9.846264282928892
9.02458363339207 9.975536965567569
9.837389596792178 9.141164787143826
9.125223198457508 9.932676964981015
9.83113484183467 9.189210385390213
9.298121216451683 9.88980775938852
9.968859238978276 9.002577657729587
9.581181907724325 9.323796008770735
9.964559059536713 9.01394676442956
9.87668854270337 9.107389444823074
9.742067982581432 9.260827638502946
9.398115987297267 9.438493741304153
9.862609293624764 9.139761379268515
9.960599314893702 9.014510342300245
9.948188565662043 9.024111485010298
9.896818544360334 9.10457936818169
10.534454283213755 10.452064781530241
10.17221649742571 10.749728668013127
10.976500967963892 10.237051088393493
10.387138175574297 10.455905400163822
10.984889015742818 10.138992133081592
10.097581527895645 10.768467668424636
10.638107549246671 10.424620348931406
10.059324980357815 10.91158899689354
10.991542202194294 10.036332064367487
10.209043692935925 10.469195605289572
10.002010371705264 10.947228436275562
10.91224207937856 10.336759155311505
10.07620389548624 10.843440764270696
10.752225670998463 10.416466045076067
10.073569043948865 10.890513372245898
10.684132528007092 10.419370952100778
10.936685429274691 10.264844156313764
10.820248576441962 10.41035105141739
10.194391808424175 10.612895945344393
10.929859837606331 10.303924741650311
10.08731462902403 10.81091167529028
10.208124759945624 10.513528887495564
10.207516415128444 10.594530618075297
10.833662119454011 10.384524346766554
10.57488853162551 10.424725982496561
10.189460084751781 10.64625138820359
10.916971042384365 10.306373992655363
10.846115450617743 10.337787750212827
10.000412232746909 10.992986232815957
10.392454667430874 10.455055509978322
10.042717779097188 10.91607782847802
10.167435266146564 10.767600095123958
10.954939544371118 10.242045390145647
10.981648910508234 10.221072848923516
10.015156222564878 10.921733208929645
11.478201148005068 11.566287952874665
11.5556949166311 11.13220728713562
11.154626732709774 11.941097516545927
11.22885388611742 11.860488162978093
11.951813633606333 11.105710352891341
11.319186629787048 11.688299407481564
11.628933535726702 11.115319252160216
11.397274984079305 11.598502319924926
11.358922278152255 11.65892137990977
11.525522079339973 11.47598940781032
11.45230042423362 11.58914751801342
11.170957163334348 11.912069658700977
11.772022075800342 11.106585355369432
11.299975478947163 11.832434389925963
11.479820584044944 11.513039041643873
11.307808552869306 11.810860484805247
11.309912355205944 11.743526460105949
11.962496215020312 11.02138199079751
11.38537443337355 11.629179759455935
11.216469698026929 11.89189690675605
11.953444880771436 11.100655128576133
11.118760584084805 11.996741327231595
11.5449713150016 11.328299261666249
11.280715466675764 11.854912103848793
11.16649437556688 11.918243206836346
11.5511683093854 11.310389055591
11.312365449918543 11.721934160912895
11.127034937128318 11.968431999014777
11.536973966694989 11.354957536082988
11.333650057827425 11.664721722013644
11.15720233237573 11.920067577921042
11.522246561094107 11.499169079796893
11.55294757195852 11.205172594615906
11.62179225160426 11.13142939568234
11.521217216466288 11.505159932907123
12.6925078047846 12.62533476298942
12.380878322572883 12.735757784353574
12.825309532983367 12.02832646874389
12.03280126761715 12.946410898194381
12.415602043549091 12.687631181551644
12.094943900747586 12.892741353570244
12.692997467445247 12.435611700593958
12.126854627325612 12.76020546326775
12.72794251016049 12.3197392581493
12.462901660898156 12.644099679510086
12.829920896503387 12.017044017546942
12.130724613408464 12.740126566574844
12.818830090149739 12.037638873547223
12.771720971127918 12.040433085782846
12.664165814050897 12.637961694772699
12.396307304032742 12.727183192287537
12.72767248751064 12.419167457429085
12.176203912200773 12.736682425713688
12.764208149650749 12.27297416015167
12.085158602096673 12.938347852541076
12.086922705921609 12.913406843463948
12.015580425246588 12.960197904754658
12.85276752014938 12.007000809721093
12.812088353339636 12.040073242720737
12.12281345454527 12.872510024507573
12.101908837268871 12.886399256781175
12.78771416399153 12.040428432587014
12.747024637016883 12.294385372814398
12.88808360595606 12.00061063490668
12.02297718025688 12.955752634235894
12.123603815623223 12.852885515286582
12.699157204732058 12.427922440356527
12.68718677222133 12.632379762854324
12.008257619049198 12.99299393616242
12.240295356774837 12.736495542917675
13.682113473515718 13.819127840014612
13.418458377747019 13.964421591842314
13.7641420705207 13.05753633649699
13.736567513138201 13.788222582414631
13.122273979207979 13.974079165474876
13.646413408867119 13.954307935714246
13.739294787778114 13.755224110314943
13.830557138802602 13.038822344069656
13.754653933022622 13.167371504694144
13.097464886390272 13.985982141484843
13.74703164007582 13.61793339481075
13.829645989482975 13.042440320280473
13.419032866128962 13.95962809084475
13.6567023615539 13.858708581422285
13.957228462638788 13.014746404651472
13.750219593818583 13.501862914292852
13.615538244112253 13.95591333371279
13.762803929217231 13.161423092596191
13.940935929707084 13.03785825420628
13.46045046639984 13.959417666073556
13.656192797109796 13.859526402966608
13.754272091845092 13.273837265519214
13.834238022878651 13.038670426824988
13.795257230054563 13.049352891258907
13.7520244796327 13.316052043412473
13.721142666049913 13.798382504806398
13.751019013185116 13.431665917922343
13.196891898271607 13.964838147787907
13.132249667633705 13.965612183248547
13.953042298215143 13.018096894592693
13.516940999559344 13.95805437963003
13.031672849749967 13.988369077732147
13.654179204615982 13.945398335280837
13.739492400692722 13.63346435049179
13.76009435483978 13.16185957795546
14.78671068107836 14.633803387529449
14.444920563425484 14.756921049897851
14.902945508290326 14.4354976598797
14.859914288169124 14.548164470564338
14.673241473030144 14.653607578333762
14.321955838411338 14.793340826707773
14.267708528939355 14.8954856152661
14.150034565080983 14.960216579130833
14.92432683878072 14.392990606727077
14.94803183679252 14.00120838049142
14.314866540945875 14.815409619720464
14.194770727376547 14.939968112646268
14.140327405452824 14.986674051653578
14.243966551360499 14.902995247334092
14.30851358321215 14.830165421358155
14.568610367564908 14.66660922269722
14.311705314501992 14.825793734250373
14.94560571564298 14.293629176633981
14.11812106872077 14.99319456778206
14.862477920665821 14.500611412921906
14.458370256515174 14.69610877869544
14.279095178625372 14.869121999323859
14.930801095367869 14.301650526949695
14.460429205611938 14.681184674383339
14.926506754424635 14.30206899228453
14.399620303528234 14.764878328326898
14.393609077072117 14.779076630709707
14.687891635318467 14.647403668518484
14.825849187614608 14.619772285921425
14.22265610175337 14.903520700899241
14.946482280616834 14.03166507848871
14.844194226369925 14.59958772391452
14.917869589131922 14.403262581104482
14.85924238179189 14.557514233091002
14.211221708535392 14.904659163716941
15.251861995327287 15.357427042634946
15.99079112899653 15.143243317233287
15.490367820372247 15.306225800789887
15.203920931114427 15.940554966042905
15.232162179734413 15.841274169887797
15.73620134776144 15.177617737349692
15.752468824218262 15.169857643653861
15.13168011367472 15.960558161858195
15.284273128534815 15.356559770464424
15.059585775638471 15.967153049882882
15.557805449680254 15.210057015120094
15.73143996359155 15.180491067114527
15.619131888547509 15.209109340194047
15.309008635673212 15.33455280748461
15.929276254353207 15.146530830791075
15.243179828519306 15.798249247458772
15.634178300846337 15.19671870403354
15.538796564151182 15.289917931774596
15.472382939418848 15.33288404105074
15.514126979658855 15.293411022651064
15.174980541980439 15.948355315417963
15.542359369999833 15.279829094064281
15.299637311532964 15.350721622162295
15.212932847374159 15.894512537365543
15.251140282132166 15.762389315341
15.055314831534211 15.99177472412529
15.216670205622442 15.878408453738318
15.908857372605205 15.149803640530527
15.62217176911862 15.203985806854112
15.52065984263044 15.292587119677862
15.252194661492405 15.357032828939097
15.224090119605009 15.855183092111805
15.741672104584554 15.171036621933613
15.999172779758478 15.02540167864775
15.234219122256336 15.800075209363339
16.88284357996325 16.303850390985147
16.360583563197974 16.455517037689656
16.32476258144589 16.872380935962497
16.65128127597808 16.384909090788884
16.681250201944675 16.324163781756514
16.312588841620464 16.972189649034767
16.31987317432766 16.959856145544528
16.541007881333027 16.39061595405356
16.086854642950502 16.9860277872649
16.33660442518468 16.729457403784448
16.99879482466149 16.284136482679134
16.66220154346981 16.37189580690464
16.137113497908757 16.973688844946196
16.891551028463322 16.302677813581326
16.357725017801403 16.678397021588463
16.5252479040868 16.445853033882088
16.488489819460515 16.451930289266492
16.82504136788432 16.317856713513166
16.328362446167972 16.781653902912222
16.00883524830276 16.99008477481336
16.83684604066469 16.312638165397924
16.74480536767364 16.31873039817314
16.676253959215128 16.343489813273486
16.841086531914456 16.304803154198552
16.525610755502917 16.43391825639509
16.53485442662815 16.40843482430932
16.291795195056487 16.973557878914747
16.6673743418427 16.367637922190866
16.89644263780675 16.297049964978264
16.939636369562585 16.285946697896044
16.08867957743343 16.97482477291116
16.360086325540383 16.513632047783318
16.519216045230213 16.448809177604836
16.31991992709558 16.940734162329793
16.575093151322054 16.386100013814545
17.517730431665647 17.254654071787947
17.47333745231677 17.596875144293463
17.24394650514708 17.802578998815367
17.89600160882342 17.102676918244605
17.026562124382814 17.972784829441245
17.403284866806132 17.760125512116403
17.418024765723633 17.65470497833738
17.964524039462905 17.102444933126748
17.617175876832732 17.21459989092378
17.228414481116076 17.903345990762137
17.603081537278385 17.2149853278252
17.479518507383176 17.412165851004474
17.504444661380123 17.27369480446506
17.086840269266045 17.937303755769797
17.001171376001412 17.997986116946016
17.8596288879661 17.10524899221985
17.846706607739037 17.164782670897132
17.51980160267766 17.23622112716178
17.771114202065117 17.187585499303278
17.09292221785249 17.922867495173307
17.47668660758415 17.492548661425392
17.08514921984342 17.943640362850907
17.715634373770182 17.189676114022113
17.4770243107746 17.4673508487052
17.105075955222397 17.912103648464246
17.474054933434804 17.531738833046198
17.235118940230574 17.851904174120765
17.852714318442253 17.12126730053835
17.97262332858897 17.07873239638409
17.424860115580515 17.646741837195083
17.270550238276655 17.779552515752368
17.513467637348185 17.267610553282854
17.53282382910381 17.231742463848658
17.984642391476445 17.0097591630599
17.33129726805567 17.76775972525929
18.580579496366287 18.79124266275603
18.403048636144007 18.945589326909076
18.89614882597527 18.734915509978432
18.999736463317788 18.66670560149648
18.47077220496972 18.832533885331156
18.77205655494606 18.773369921754483
18.830688352075825 18.746934002437367
18.130409884225973 18.950716577679426
18.951857527407213 18.683215043352316
18.007805337796416 18.994269315568523
18.516591744128373 18.820032374147665
18.453392806118856 18.945560999779673
18.999947100138357 18.344211355756638
18.533301371770634 18.813054999423386
18.649984462343543 18.775666878308943
18.09764538209484 18.98246824759182
18.130077151375094 18.962148690368718
18.021378710190486 18.993262937916814
18.844529353533563 18.738802866588458
18.130219608452826 18.95908473912783
18.90983315291894 18.68835757627215
18.086341552492538 18.990234995080392
18.46357193438243 18.85264962424634
18.603091799298074 18.787418531536435
18.29772940904003 18.947477244462604
18.462585055001856 18.941736846980568
18.249687286850385 18.948287228919327
18.788418268604065 18.770562574998745
18.553979521469262 18.80117466979448
18.535383030270324 18.80654711085063
18.08634132702423 18.991934148003818
18.598976442375385 18.789407404005054
18.49763319066601 18.825588961284293
18.463029020777217 18.94020114894958
18.995251382200774 18.68226584704258
19.041364891896777 19.66510048041299
19.096468143211123 19.15242600352837
19.872620525535297 19.1141076797424
19.943107124641685 19.040696251719314
19.79479142772285 19.118144188537503
19.20842600643527 19.15160462622915
19.085095976485032 19.610834843994272
19.635226618068085 19.12576048965019
19.005179612230588 19.784163828230422
19.085852684654046 19.316164926134014
19.918183535205543 19.11396876304714
19.93341873445538 19.066700948190178
19.573949930380255 19.14781276140067
19.00246391615673 19.88250647558813
19.0155001567172 19.767922430013368
19.085279619483707 19.330736245756516
19.087865425391882 19.275900369869625
19.60928201727168 19.14322863208587
19.989490980073573 19.012131601566203
19.977167228290913 19.036021981170858
19.092036290855866 19.16375305274644
19.02864216111965 19.74763418476611
19.021732105173076 19.759248480668973
19.626876682900246 19.137245320572408
19.97853151811412 19.015148385595133
19.058329510028653 19.62202753911854
19.67392917355126 19.122205241954987
19.08937323776477 19.253817752078294
19.05528267632949 19.62471940467311
19.030819688518818 19.70789182504685
19.94084903316377 19.047354129657954
19.578034842460724 19.14392188157939
19.298909206800936 19.148265237809806
19.02693226584916 19.754831655039812
19.63467838916122 19.128763628916403
20.796508370873354 20.82433670312782
20.41374893191375 20.878909640840853
20.822925126537903 20.00911514259881
20.81980106591301 20.640020453450038
20.009052299284566 20.968926406799614
20.654420643940803 20.858669689026367
20.138826814661776 20.944609150901243
20.23912273448372 20.93488059766013
20.71681954856519 20.853899980956815
20.81994166410792 20.059518474520193
20.007971990030224 20.981448917017673
20.396170151087084 20.907583956378122
20.24747837996399 20.932881966436902
20.565346140970668 20.86314344414216
20.123151007554565 20.965693927868287
20.255648443221673 20.90830591315492
20.867288268171304 20.00729717298646
20.813700748591728 20.819974313211244
20.751390308608865 20.835370427985264
20.251251545810597 20.910739753596697
20.430850487580667 20.874828415725194
20.934727609677665 20.003386631256586
20.410975528503275 20.902478463920637
20.816177351487745 20.746659907988487
20.505026116238724 20.86546917214961
20.24663646098712 20.933162349794014
20.216220452341364 20.94244108022859
20.82133806165554 20.055437222181265
20.001991068786435 20.986982257225268
20.82281335196227 20.033886467318496
20.434550621346407 20.866329283817887
20.14231730589545 20.94346139047419
20.74695795130321 20.85300427297723
20.128885294002927 20.96167343205657
20.81507879881297 20.77273719902681
21.757559638954582 21.366130470466654
21.738824046825652 21.57593217756551
21.366510596063232 21.748905302137544
21.763996919501302 21.02655619928424
21.28694169062115 21.972378019215707
21.63083120000368 21.59524983211717
21.44851106889192 21.734683940887965
21.05706534771344 21.980870834016986
21.014808876008836 21.985534938258102
21.566197093076905 21.711869534539694
21.598493003747592 21.675894016315176
21.35708948611649 21.757220587604753
21.446276282388784 21.73828400852773
21.320746858939625 21.912369701204334
21.93638906047307 21.025124234168125
21.41127254276265 21.746762972228485
21.959187678833462 21.022002543021756
21.74576343310339 21.567395359229888
21.749288122737045 21.552008951440488
21.495778608347955 21.71852178673258
21.347243641228545 21.881803602364204
21.139759491287315 21.974132001525103
21.616856499712238 21.65742310114982
21.353076157657167 21.851829771841686
21.979853942136316 21.012905564919283
21.709283791758505 21.581662016515722
21.287339293107234 21.944867588334077
21.57292710317395 21.682037002736788
21.753766494768183 21.414196762711462
21.34572643678034 21.905237891939887
21.373684651789947 21.748093350469517
21.305250707589863 21.915227728778035
21.036631481160367 21.983314240150644
21.742000813684253 21.571693386033253
21.758874878521446 21.125839760004688
22.534578502012888 22.3722025718779
22.155120706522787 22.377452702121186
22.72325193473317 22.369508035600646
22.14589983236814 22.651075471482482
22.067475868147085 22.771367559147865
22.048318667748223 22.791130168843218
22.863910405246497 22.29932126734065
22.869573572603574 22.198169574019154
22.00368267519401 22.90089578523991
22.89166721280487 22.106445229219524
22.76054919444866 22.341429154367276
22.911285475845226 22.010975870902183
22.13459028246311 22.705698773880332
22.15373993842621 22.556209324507964
22.265278784202717 22.375238142620535
22.857599207690143 22.32718910363044
22.142553103524598 22.66262539388103
22.12111750154527 22.733832798858966
22.862483457443904 22.32082341497504
22.93601760294677 22.005088636476156
22.006615757576682 22.870459130268078
22.151884765758115 22.569128422816682
22.010670385112395 22.82947518983423
22.12880708326259 22.709550510952262
22.028581487626344 22.81028259896408
22.15127077352315 22.643435805376765
22.68135503618625 22.371922236604437
22.101449698756966 22.73446990064022
22.06240700185236 22.78836206455472
22.088434553653368 22.74870879231112
22.86826751346922 22.24856628536689
22.898585645978596 22.075352583756455
22.1233905619758 22.713213578222053
22.98562172230179 22.000204898791008
22.14408677558575 22.6513488420117
23.590407507199178 23.309560009010898
23.5709696205652 23.396988014081064
23.683875355106572 23.09286691998408
23.280265398409266 23.590746219698104
23.161881760711594 23.83374721383486
23.492158664540895 23.448447167167046
23.323946360140653 23.480481719145814
23.8460276668191 23.05984813786075
23.93373000393197 23.03735245339475
23.22327171070182 23.818760154918333
23.29966013182915 23.535043792095067
23.538990792670525 23.427348385368962
23.61546195603811 23.12811317143777
23.03847028908443 23.918827238547365
23.029765743556965 23.933582577421316
23.215502977677442 23.821916539501807
23.987936215599902 23.036609966994774
23.24730582111607 23.7708881387294
23.01869185682943 23.978325032714892
23.107528368581885 23.891002133658887
23.86575149278161 23.046518180490658
23.05669099669542 23.903390930874675
23.372108377287553 23.472958129855147
23.272603077590837 23.675363799759044
23.24758281487841 23.691173598933105
23.051483279916287 23.910003897250252
23.129199685363066 23.86934527016674
23.5456892880878 23.414122350676944
23.459088581907345 23.468831068690932
23.61135740230988 23.14306955860859
23.596073408567364 23.180512693840406
23.77435049540298 23.092069162508064
23.676790963122713 23.123905350411885
23.285243135337524 23.54289127422587
23.114204955458465 23.871635706859557
24.040907368301944 24.932979273177022
24.895006289602343 24.052820175074594
24.08034571504236 24.478144580576416
24.870401548161947 24.452053961289277
24.933833555135926 24.008397368024195
24.910402666231086 24.024720944933865
24.05406817144978 24.76180269093114
24.40362270258092 24.459978562837257
24.06726789990306 24.524016321103144
24.15059492118158 24.470432844431336
24.87823799081149 24.410287804808263
24.048921504813897 24.82645919209261
24.070819137914423 24.51809293343939
24.691749162327415 24.456345906846547
24.001264575510135 24.9738506329319
24.88505603557656 24.2847413497353
24.087693201987065 24.47431948236546
24.046622192233933 24.870565768247868
24.014272477614124 24.94668175372576
24.06607037881869 24.566824383535753
24.059714080099702 24.728974731807487
24.248307071202387 24.468420088272484
24.908120716794294 24.047086399716452
24.008312237995845 24.951935689343124
24.872187406353184 24.42156925640306
24.06385639993571 24.58045159795237
24.985108369787955 24.003802499234983
24.88524993163186 24.142089772808422
24.17818381023008 24.470071364966202
24.885360827107675 24.106296792873646
24.038693672205827 24.943322901608198
24.04194006304047 24.90171742733248
24.953599802965556 24.005249833391442
24.802318493056955 24.455716319992504
24.87966125174384 24.292939787416884
25.017969078346084 25.707374984907606
25.724294212918654 25.02683593287161
25.079290085401595 25.70322788237048
25.400603781658766 25.14817383030072
25.362334109482617 25.478244818352046
25.205964139171083 25.683448620691824
25.48912659118195 25.13682622222209
25.226014922560903 25.51139711168047
25.521872131007072 25.02907405273531
25.01777661517305 25.815567104001268
25.897228385732024 25.005745989432228
25.764019104364312 25.0181810295275
25.38038546822887 25.212070842115192
25.491121996122498 25.113958076391363
25.210379343236607 25.519256569266343
25.515206760041156 25.094900483549708
25.833680605197284 25.013403471678405
25.006083700548928 25.9420487892828
25.093834629906333 25.692411459472844
25.367892543819433 25.387271141136598
25.02782568067955 25.706588106816678
25.871205343566835 25.00982928162624
25.38379280339096 25.150778960793875
25.376135208578194 25.22715944350695
25.210229158485923 25.582973558941237
25.99042350290207 25.001536233243723
25.01284401536116 25.84690707236278
25.18002843175125 25.68779795042298
25.437898450757103 25.14229181381687
25.323780365900987 25.478419424606695
25.368620066760787 25.372004519312764
25.46834719096058 25.13758741973168
25.521481904838872 25.059792211730887
25.280469745346775 25.506311097807423
25.373000750030037 25.351941457280937
26.14339721886048 26.89504445846651
26.87181330482169 26.263326485354824
26.856101793656997 26.482197408272935
26.63569362677733 26.526871987019163
26.014628010421333 26.925311045860973
26.229734363115945 26.78997876046569
26.735520771983772 26.484042776804902
26.961308941828243 26.120509476966813
26.48071888226572 26.555211040751246
26.26076159476636 26.769618857963525
26.69841954133829 26.51820658975448
26.335786055710695 26.633112327063863
26.475004160010663 26.595483443912226
26.9633730347634 26.039802685635355
26.86582135634054 26.41004221523741
26.969610872376485 26.02718702744551
26.289359246305587 26.693393144600368
26.892882362960158 26.24742785373195
26.287715834984034 26.763562049619722
26.929509785137846 26.240972147547716
26.70318873544677 26.503768257077716
26.333403900213465 26.67296401886821
26.434620202370834 26.606196853075392
26.954493196766673 26.233343792322405
26.227568987158115 26.80164074080589
26.200631773291057 26.823652309278113
26.869556659019572 26.341233730400354
26.334135320889768 26.65656001167392
26.194253873370673 26.832577911278044
26.62193000619545 26.551032040582353
26.189735954727247 26.86540895728535
26.21838452597868 26.805730564188806
26.563765750306885 26.554456022948834
26.321696618952046 26.684224269229993
26.723051429068402 26.501884569062753
27.675259707280464 27.57586639294269
27.51683202999774 27.909512057786625
27.952938260916138 27.49282686889508
27.989166085650027 27.469624723443115
27.88485310757619 27.544886481319026
27.413954846431245 27.972734477343522
27.649161294776423 27.78043235551257
27.239683068603636 27.974412746929403
27.04217747264205 27.98507081170745
27.993435791478877 27.039046925677365
27.957105965398753 27.472108887614088
27.416525376447883 27.96949448938979
27.960559311942678 27.471315288111718
27.631973254832797 27.830019207087826
27.56955464562228 27.89471596019429
27.990609969024035 27.447992733993907
27.588381557400574 27.859238020811688
27.141790158466446 27.981818096764034
27.539623726557775 27.89694295392975
27.68293481696726 27.546896922590605
27.514754457796215 27.92934481496634
27.896646338093372 27.527789668195467
27.64848841031699 27.797569198652173
27.653477071061875 27.625525492933185
27.463582925132958 27.94804516403737
27.018863311403535 27.988497260208955
27.051661115400627 27.983196144665726
27.456295010457094 27.95863974613026
27.996998250029208 27.026650543352098
27.659284167903717 27.614542169682796
27.992451167585568 27.344210598305377
27.209399949114577 27.976823259628702
27.572944626182135 27.875231636761917
27.927365919194433 27.522968146059203
27.517341559851147 27.90469491576279
28.08928327928214 28.20461392989375
28.006635188149964 28.25840513648587
28.165723670020764 28.156253305820186
28.297055136563674 28.141444971294728
28.796368044495985 28.079986165201568
28.4428388010416 28.101379360006476
28.000354522025468 28.577655430030635
28.97817130083041 28.065631998621818
28.436174685861534 28.11198554363274
28.57323659327177 28.090656589995504
28.030616659766874 28.219112035550104
28.02857883130803 28.231295401019224
28.128043379699037 28.184998114229952
28.384951138894962 28.12507554211017
28.288556094513797 28.142383921820617
28.83715332026405 28.070885949927426
28.04285592323396 28.21690075588381
28.208011596795206 28.148741391349716
28.900983821979594 28.065997012541686
28.07784399580029 28.21279833983742
28.66904775044269 28.08487306460566
28.004654244478797 28.419852279172783
28.09655584244821 28.20038005643279
28.651382728076324 28.087171528726355
28.539795565898434 28.097096158680078
28.556793136440827 28.09364680353586
28.37771430385305 28.125893302599277
28.826785359780228 28.078562948630495
28.879414926623 28.069497525763065
28.46426126348236 28.098947558262342
28.180712010911066 28.15188205898724
28.38625200172386 28.120926079931703
28.191045624102724 28.149529126765515
28.02304016440337 28.248810293871664
29.85904186077375 29.051898256256816
29.25639743987059 29.11756289864991
29.0930514535649 29.773135328259478
29.22262279466714 29.56526403356904
29.2854793558098 29.086113167579718
29.235203231229196 29.166175028323906
29.0222050947509 29.92496732894379
29.179394125345972 29.771946598996877
29.861603223010682 29.0141167558552
29.218722769908467 29.769391015305505
29.672119108259036 29.077341925049556
29.222848109877546 29.546790019568142
29.245478765480218 29.147930318069907
29.7322225383289 29.06097233627996
29.567580298658253 29.079464402200568
29.270418159327388 29.11219906161715
29.224883714295355 29.26139516129983
29.088114627608007 29.916583936923185
29.687568488841304 29.07317794586419
29.219624131658897 29.70181800492176
29.924347015411694 29.00025283162088
29.353133062019104 29.08607717066557
29.986158478349463 29.000136647808812
29.01918467045529 29.948647422468714
29.70452495112506 29.066389112755378
29.020616783432146 29.93825474232109
29.882462976920944 29.00122357183326
29.27314969627248 29.10342365023075
29.474286598516233 29.085522933626216
29.220349420433973 29.61386631069244
29.01561558031111 29.955442015980474
29.591598484590076 29.077412371032075
29.21993972268485 29.643674012090713
29.79284103892256 29.054307094534916
30.42220287461603 30.994115035800327
30.90420614664632 30.767246381829594
30.904331924481323 30.503584482373487
30.942803550830195 30.326951874643385
30.99915086262354 30.233297340609358
30.607041924707403 30.841695612558254
30.93219938797923 30.41347681581636
30.43873263502876 30.897225392704886
30.90624106818423 30.481561948056967
30.768177128854038 30.779737731241152
30.43262860242741 30.951798401686077
30.185689986147064 30.99767830025495
30.621923004404902 30.80305629507122
30.853375525939956 30.768539002050836
30.981972936402205 30.272754366990554
30.432774599976362 30.914015316969852
30.22469168598555 30.995810338821684
30.507075682677456 30.893571987851566
30.558210347921744 30.859908804313243
30.63803121425904 30.788646902415422
30.7323125182039 30.786784022879406
30.509833686938883 30.88848547978498
30.545658058361795 30.86970598476042
30.91245528213588 30.47344358324706
30.012593485885844 30.999281747417573
30.93769410848224 30.383740369021748
30.955271583699624 30.305744076487933
30.999622505299932 30.161241436468114
30.823677867131966 30.772599143823577
30.968150716677787 30.291190482237845
30.574519107690506 30.85127626296545
30.522499748297502 30.876086971002028
30.96012318492493 30.29239394618593
30.553517090986382 30.86221525148415
31.57122184626011 31.245271874121304
31.252487255877192 31.713955555840233
31.569575635802895 31.43654602828891
31.645007427215514 31.231559035754444
31.69844556485187 31.07049495846614
31.161870417681342 31.75823479475187
31.407504196400776 31.510903636681913
31.110377042303565 31.944953379954676
31.5069162002314 31.492195711551776
31.104545139755224 31.956656807501776
31.890674737041824 31.009819928372305
31.01338461518028 31.958724825145126
31.368064444982394 31.587557318816835
31.889542640935492 31.02634467847231
31.132615318671505 31.89649279653536
31.54899455888917 31.445073202987007
31.668135609314824 31.130791494354717
31.30797550063322 31.58761268634673
31.255066882591862 31.613648958004877
31.516469723589513 31.481134817106106
31.17816613479249 31.756995314256486
31.136991376651224 31.865114314943114
31.639654696913702 31.23678740134608
31.646849295483328 31.202576136545765
31.28851405684247 31.6046007585103
31.767663263093368 31.051068554081333
31.11160267169402 31.93147444617257
31.18612215728577 31.726243954441085
31.67401435910333 31.079357280716273
31.146243451648523 31.79990494503411
31.405284152686683 31.560882007796767
31.137150104848168 31.830292769724565
31.685788467318 31.078388300740265
31.9294679980495 31.00940641983543
32.561974956001976 32.47228082356684
32.207451861532014 32.800496415681735
32.456333608629016 32.6370862989911
32.64714135222292 32.3649425101329
32.94656172519559 32.12021184301002
32.79567384203349 32.202354911144354
32.885548403658824 32.18422226125089
32.50491977504364 32.592058048050255
32.05565061216479 32.977394867747144
32.20867226835009 32.79663769458732
32.250355753088385 32.661745502789636
32.911352417033896 32.15742011278899
32.1711928823441 32.93066403476329
32.57852233683843 32.37405070781885
32.33443239274066 32.66127645081105
32.690921378078855 32.29578685587962
32.18284761839768 32.90203237187592
32.23157422813837 32.74882069221253
32.95600707968831 32.06450127456221
32.18562536400411 32.88063132444748
32.68334085655665 32.338032133725605
32.966236374693366 32.04971463797197
32.478837019106415 32.6063509800877
32.89685637113469 32.182254181505215
32.87363753357905 32.187055991896315
32.57009475711621 32.46231498180983
32.99858398438108 32.01764825977568
32.77144265115012 32.29245137283818
32.64548605006029 32.37239704643051
32.48055937821185 32.6020122709255
32.099259459514776 32.93322735029177
32.00015862734169 32.984616751933785
32.7852870757104 32.28544326951829
32.38717585943186 32.64881777893486
33.24937423367854 33.88369823315914
33.43265979519421 33.523854304572716
33.64613537767342 33.3974074230212
33.86150794873512 33.36538655021271
33.22049095333434 33.991526172987264
33.59952995339444 33.49471514001645
33.32366677127635 33.784015850951214
33.28839287903694 33.88106881023806
33.87707603871915 33.06164286619903
33.37059055214966 33.625548607875395
33.872656838777424 33.32549056020314
33.978248414229355 33.000953196254855
33.431099214222556 33.60465165394469
33.359278248824495 33.65825969211393
33.89935262381777 33.03551362085696
33.56290706879484 33.51924422000606
33.736782844488225 33.385900878001294
33.368331803940784 33.65255467714892
33.53062776234269 33.52015276879805
33.888867792293766 33.05721901933661
33.90283374906578 33.01656073253989
33.32074573149279 33.8673735337914
33.34714969694285 33.711903702868064
33.14162085534908 33.999274304281236
33.59682662050985 33.49926757155472
33.889038320309716 33.057054407276325
33.34033891188421 33.76823994900901
33.87492694449521 33.259900623212644
33.87684183374434 33.10555948938671
33.95901794286317 33.0048035589593
33.89164345384281 33.051242291873606
33.34734818496414 33.71150556312154
33.62696490368885 33.44678338056324
33.466183456915395 33.522553666177714
34.32494956112433 34.624970724038995
34.069497234384784 34.723976722314646
34.53963093629873 34.479597394971364
34.54355428116351 34.33823815112003
34.60838200443036 34.14021746381528
34.08780613047794 34.6871574620571
34.49796858450684 34.51635180893373
34.65598774807925 34.086004132435484
34.598177448074495 34.23293828117645
34.68272408143352 34.0797688508206
34.68945853102113 34.02072750200037
34.040356836712526 34.99807217779405
34.296890301945176 34.675075732163975
34.5834934979429 34.25601437644617
34.043943658399684 34.767443645112614
34.47749546200808 34.56601506149881
34.685312950018314 34.05527620306659
34.04082394692055 34.931257797301804
34.41029569550363 34.601002572185166
34.76396699738071 34.01236873330533
34.482132221328605 34.56333270344277
34.05147546560408 34.745358877217164
34.54435055229207 34.33036234146241
34.92101185899176 34.008108586161434
34.539872398720995 34.434660373081044
34.58271446322528 34.29325325922811
34.55888087816799 34.29906259253514
34.37639276813162 34.61018018613926
34.27623795028176 34.686548040020284
34.429830453410695 34.56847163350855
34.74557811035344 34.01651653520006
34.55439957235346 34.30204201286929
34.521759570344976 34.49447006653477
34.61262460810005 34.10029752377493
35.84599061942771 35.07230232768478
35.800896961489556 35.3754665099338
35.95178785193252 35.00946678241387
35.211006866360385 35.617876165053865
35.13877555416878 35.6522497430621
35.124976795492444 35.8788138915978
35.54207623910615 35.37808097342783
35.447119190385926 35.60147456785414
35.00663286939604 35.99184208558825
35.11379290734737 35.93876946114361
35.18920850085596 35.63966630770066
35.64917384943883 35.375939764782125
35.812235641989574 35.23367549920214
35.52213030655931 35.60031945619764
35.88484932819745 35.024249241779586
35.019422332162314 35.956155039277306
35.838247051224535 35.217037781422256
35.123106361749606 35.93216508437748
35.43214182209533 35.607933155300834
35.12747893478794 35.87223857171061
35.20984546114753 35.623893561814256
35.5287786339028 35.58983270906604
35.35591225029555 35.61196771865105
35.94753920571569 35.01115634920228
35.85610704202344 35.07159626573628
35.52938732714146 35.44444525029656
35.81136462712627 35.34946429310728
35.84288552829719 35.08513694264315
35.086468753815716 35.95019604160318
35.07395499899587 35.95256191971515
35.870508327211084 35.034185599899516
35.13639213694276 35.689844132804176
35.140809084953 35.64384620151977
35.93927037494886 35.02173536781112
36.79115160744563 36.28320358844526
36.27292891922771 36.53569419292044
36.66972592827721 36.308005847700336
36.36694467597182 36.3333314270138
36.03898612941012 36.90358541810421
36.94191764022236 36.01608075847934
36.10920896483075 36.83631642658749
36.25413905528244 36.80543202716294
36.39327098337747 36.33179196223524
36.87539874264769 36.27779683629086
36.925662804850866 36.27399349423233
36.7664378459628 36.2837608226424
36.350110093637575 36.335730296181005
36.88831458203989 36.276093450446126
36.27230077275803 36.56702960926565
36.016627271084666 36.90743739457161
36.14772930188478 36.83367561132755
36.32117810984684 36.45698684055772
36.937442315454234 36.105789073222546
36.56621225705478 36.32349846326843
36.92739715883024 36.121351967984175
36.26703190201709 36.63400970873735
36.91065973433939 36.275012090125635
36.26209256901723 36.76663806963553
36.335571558445544 36.43317030097033
36.317845405462165 36.472596097123116
36.93249822945192 36.11194044220488
36.00683816193081 36.9425715159482
36.25617299498009 36.77167724192674
36.93937497939002 36.104734056948466
36.24935921127118 36.82390447862234
36.056427747885714 36.85620903799539
36.983235902995084 36.00929797641702
36.004091833429236 36.980837876335386
37.607148010343934 37.62150417656287
37.02568330839527 37.962386785018836
37.02949996311513 37.79960978791276
37.74091291475541 37.08089802545519
37.50806577359314 37.771578771009565
37.52520953934052 37.63857189952898
37.735551281119534 37.09716789217526
37.62365074517915 37.26598240814981
37.1214277734824 37.78046224182199
37.612590438525615 37.42919967186988
37.938741411355394 37.046181889097724
37.924730835845615 37.0611648275552
37.611603480241385 37.45793266701931
37.56222497293464 37.623748255413815
37.685200108744624 37.1107245233197
37.891185842345 37.06508688373684
37.62799736411555 37.12737621351753
37.94565331533594 37.011967115111275
37.61311225954776 37.349782798976435
37.098035543849676 37.79329383122244
37.618765609179285 37.30177797300475
37.85393528779491 37.073528767788176
37.51236028566458 37.68773826042167
37.96570221512266 37.00635979659873
37.61134695645418 37.499971086943546
37.07172789714436 37.79817228985556
37.618368173552035 37.32270374480627
37.027713212121164 37.86691790769185
37.72046392129309 37.110509584693055
37.24607641604856 37.77363591144623
37.75540547339801 37.07381023308459
37.16994858484019 37.779346830589255
37.62661342433827 37.23076956682981
37.5188892605349 37.64348511746512
38.87169318090551 38.31657445396788
38.60689692407022 38.70333851605272
38.80818382446583 38.64159291551017
38.206325963901214 38.909951519418485
38.41486322218507 38.89731243365489
38.53251177716961 38.84633788557241
38.93449820343246 38.14945647853467
38.966413743735735 38.117117631938555
38.9906777189545 38.08233672104529
38.821587011542135 38.40683173066936
38.67503533972122 38.66959656738382
38.5796082495765 38.77470244431968
38.17129645978985 38.93995782999413
38.52071492997407 38.86553394294882
38.08698709567487 38.99280992052365
38.136948355567604 38.9631361863948
38.81755170981622 38.60701804459036
38.90736855763094 38.168801497973824
38.806220806859415 38.666903468904025
38.48592532099037 38.88659050757603
38.882986099804285 38.240173739447606
38.838227637397196 38.34550884307017
38.840700978335065 38.338422195516074
38.672587448905546 38.68963619852041
38.89262247527962 38.203691903916834
38.320367153300104 38.9011868775303
38.14970120048501 38.95270911582447
38.891609798996726 38.23843035725902
38.572397725999124 38.82783237800954
38.994070008651136 38.03915758637779
38.90036121983411 38.179518163848094
38.64246426952611 38.69626587451437
38.42240994268534 38.88682408925557
38.59898421166903 38.72408397739344
39.81380075877359 39.71215680204714
39.017214995517286 39.734337935345316
39.920765998799766 39.41224951750626
39.968633596014094 39.10435651408244
39.87643521381636 39.47938213501971
39.70955943833239 39.723726263583536
39.015020101212905 39.98352140844969
39.82473031958901 39.61361803088978
39.96594690489011 39.11114750486989
39.84530002967082 39.570727348380444
39.94241434181739 39.319316724445976
39.90207065279284 39.45355643864264
39.91789740198283 39.44981326736803
39.86244119722608 39.488535001954894
39.9573754695498 39.168461278808806
39.21459605333391 39.733367536140214
39.85758403929223 39.49403001525791
39.998644593143226 39.0508057714148
39.98050372380577 39.1018875513081
39.70105990897964 39.72383991862606
39.01013845370829 39.9859084677099
39.23798907223335 39.7250112506343
39.953750077193185 39.30757443747696
39.96204052969583 39.125909948357396
39.82531606414761 39.59766560933525
39.92127325143401 39.35799921741388
39.92287293323647 39.348334511615526
39.01646671211532 39.82868753559552
39.434953480017306 39.7239308068642
39.005121762895406 39.987571989225884
39.92584576445176 39.33208551559053
39.87321995534223 39.4867965173666
39.81641858880384 39.6908531474263
39.820956034528464 39.62827126693078
40.25060700853138 40.73979023428443
40.802526025812355 40.18809155381705
40.74540049601337 40.61754446057267
40.92269825289721 40.17686436038525
40.062774476379644 40.76694037267617
40.505306114897124 40.665269182723506
40.682305346658524 40.6183856002447
40.951928135820644 40.05019493421062
40.037446306549946 40.92314358057508
40.3172441055719 40.723755746382835
40.94782623678208 40.074533824435505
40.15708644305682 40.7466830270583
40.4366589681571 40.70470002819046
40.79275057016898 40.57602840080094
40.474435035973634 40.683865164221885
40.24718748783848 40.74351014398531
40.05918025146427 40.820496239511115
40.94688051698897 40.11464387994796
40.780551704475286 40.60873958339999
40.795117907234534 40.296033906887835
40.51617661495494 40.632019071339016
40.04289303281305 40.8607591672408
40.0424320266328 40.92187290046011
40.77213073318393 40.61258454806732
40.984441185387105 40.015763010902106
40.60859201935497 40.62943167563936
40.01273013065923 40.94628083102234
40.428804972678606 40.708309556347324
40.67458830952384 40.62553854645006
40.51207755685483 40.643684159702524
40.50909768621443 40.65891684056652
40.50530606124731 40.67867769428558
40.44219817034459 40.697759342963224
40.78269827604135 40.60268103690349
41.98805056393812 41.39152891977148
41.545264652701384 41.68507086837399
41.03474302711528 41.76840438872406
41.90739215066671 41.68223015272843
41.03167988060421 41.794573306540904
41.92537179045969 41.67265227391962
41.14057069456225 41.72211920741411
41.31612371279631 41.71063918081862
41.13689908240188 41.75799243453556
41.96405678833056 41.500178228419976
41.40132599860975 41.705527324744594
41.95326230861665 41.57983007210757
41.98684007714666 41.45212136695335
41.93625907139794 41.620100146612586
41.30727951984576 41.71947406470094
41.99595169917985 41.1164891943625
41.98829878120123 41.28045484846604
41.08571878025186 41.76470168820318
41.46552155692305 41.6877533707205
41.99435217273806 41.248763263535295
41.996882917470174 41.05374152174936
41.51273488173752 41.6873367074668
41.995894875338955 41.13870373054708
41.01215008562625 41.794875187656615
41.92579643645585 41.654779559170365
41.81794002601721 41.68412880886243
41.27089306117683 41.71955028434749
41.94478419560321 41.58380809979887
41.99794562862538 41.04714509983168
41.99534188131106 41.23160756293157
41.008323790561704 41.90182636656935
41.524826129812624 41.68660857361379
41.127331929721436 41.759820060395164
41.97694601742593 41.471504446119646
42.54675456369591 42.77803419503947
42.948540887775195 42.69922178755759
42.07422424381538 42.947119564371455
42.961846706315875 42.186899489697794
42.03559075727308 42.9744878208611
42.6819011358564 42.7367576435791
42.32314025980584 42.91226272244941
42.22319368659535 42.92150320727557
42.4116338173898 42.832293085992035
42.156589549023664 42.93039653886577
42.37638372534846 42.88333704270948
42.35269863747136 42.88425123599836
42.903546035446155 42.70376654233127
42.553854942438534 42.740836637017935
42.24195547958909 42.91754697431268
42.955738009124936 42.4555096100608
42.99938987744103 42.03417556633521
42.96752424030192 42.14014952349645
42.34491492095856 42.90900604906403
42.53859966583453 42.808444511682275
42.997810768838285 42.119172055064254
42.95715901761586 42.312813929140525
42.49520990880972 42.81387646188802
42.84237412985672 42.708645336404246
42.26252475370266 42.91737586264873
42.5472815435417 42.7500818794861
42.76457148598802 42.72956104057787
42.81695803403185 42.72326558076815
42.27227389570037 42.913546105128
42.47336955176179 42.825618331477365
42.95320946871314 42.68282942671718
42.16531304914956 42.924356523909
42.01015693630497 42.9824343917427
42.40907172059064 42.859736477034026
43.73544329936422 43.62443803056423
43.50017566898752 43.70580461771995
43.82165011992817 43.50728024788445
43.91613448434941 43.18801930892653
43.23130387428732 43.95814409310954
43.87525463752729 43.439253279136686
43.677303983681135 43.66179936007009
43.408523091900186 43.7928425490593
43.357786323052615 43.877920583559096
43.92850521794322 43.04229801904641
43.67659150595204 43.674143364955775
43.63699955091346 43.68424615397795
43.73936015613161 43.53668704113883
43.42473578051343 43.73766903886033
43.56253447382392 43.69936894016893
43.96342061753244 43.0009833738784
43.74603345309922 43.51279864228378
43.89808911063853 43.24212414510606
43.948268246373885 43.001974735351375
43.3200582188277 43.9240843839907
43.03804107467876 43.98141115376314
43.88664001264519 43.24751283874542
43.289392102860525 43.94755510321966
43.38138291192423 43.805655067736545
43.3646110794852 43.81222984699401
43.51199411856568 43.704745922007156
43.07211410889178 43.96932929233645
43.899942426115565 43.21260251517899
43.05861297578374 43.973452443327325
43.8856844721673 43.28892571706107
43.85004004794782 43.454265987152326
43.88224256743061 43.33104118564754
43.40969673518192 43.75465176425104
43.844520882669414 43.47631204422882
44.234869786875116 44.79545972299619
44.65651674715568 44.12654827010076
44.083593125690385 44.99100109130964
44.34937705643305 44.48523625387271
44.57514827925025 44.24825656568986
44.99125565642446 44.019858824107025
44.75000194994444 44.057510002392846
44.685325418435646 44.08585194526504
44.46658536245213 44.274420481170985
44.939325826948576 44.05513702561984
44.330063460666686 44.69410437037665
44.217239436640476 44.82451778603298
44.146560899185054 44.94524467286908
44.44954901685049 44.48080345069005
44.09488504304386 44.95203325431875
44.271984470156 44.79405406864466
44.322745191325936 44.745374489614065
44.61473588757862 44.202445447819315
44.658083760524555 44.10932883924902
44.33165038532647 44.52266565536298
44.52406178225639 44.25874103146481
44.08713041124728 44.96615861519463
44.722937960153295 44.07866104726525
44.32403663811535 44.72647396462027
44.19036222967266 44.835556799915175
44.45618686420756 44.36905195000547
44.17393934914216 44.896958058525804
44.6365642340678 44.15697306237409
44.315360235440934 44.76953190042121
44.60994701609796 44.23181113423182
44.74123815731182 44.0651489377465
44.14971733476708 44.92156360922422
44.34626060775314 44.50581466082279
44.7838032124308 44.055922581341285
45.696644478981746 45.249787449465536
45.06018392279633 45.62720240118987
45.94542921723367 45.24715597156617
45.25877405991618 45.561939659622126
45.37337839892886 45.411423589795405
45.017169565680504 45.82863642641262
45.3083200185897 45.512056728192675
45.38548842056359 45.282920294861476
45.09879932860998 45.6001850262917
45.98676449360276 45.12994967426313
45.66683650512553 45.25322775717155
45.999396353453655 45.001339647143986
45.04458206277025 45.821807026777364
45.962027034512765 45.2209016953959
45.012071308517804 45.944030513260685
45.223986927065425 45.584581240487964
45.33692119686164 45.502443893383955
45.632536290451185 45.27272850254215
45.05974235653387 45.63360411318845
45.12840037058166 45.59048573378918
45.91176199691659 45.24860933130729
45.546851146682215 45.28200542822495
45.348675376800344 45.430197928678346
45.05687972009987 45.722036664046755
45.998600849425316 45.10799993443845
45.977439180493356 45.1822390668472
45.95555759885564 45.24583682443938
45.045939911777694 45.80499371523057
45.97676491492863 45.21722557192405
45.056396729617 45.726836741289034
45.590178402592564 45.275131332341054
45.28231837607281 45.547179785882825
45.348568101750736 45.48731788823618
45.285273465358145 45.518229215628686
46.14417382763564 46.275587943038545
46.66425060643427 46.01659015242527
46.10134211998404 46.699696476054356
46.39745912010474 46.08754663094267
46.217501536735966 46.1837473445749
46.00030504704047 46.71454033113813
46.619197429033115 46.06773641783007
46.112006760266 46.64242421941369
46.113314354157396 46.323487943515616
46.64223897279364 46.04227456652167
46.03488327803531 46.70105625592197
46.25497265166871 46.159343918853374
46.810818840923254 46.013057070747905
46.1587297007097 46.20073542831814
46.23586299935237 46.168116060688256
46.14513410954147 46.240110039525035
46.30133647492432 46.09634622424408
46.348658741415754 46.09351111826657
46.11228034212344 46.577115960272536
46.65063826646431 46.035244403437346
46.5646626061082 46.077540212734476
46.12521644964334 46.29863356067544
46.88261224898657 46.00948658691496
46.129206249110425 46.28053571012793
46.865855000211866 46.01277525956896
46.663218325454324 46.02830724094572
46.6419613499202 46.04377429155213
46.26184630304265 46.15352424126323
46.2300572327986 46.17208858106407
46.27714542230801 46.10822589025999
46.7375564882987 46.01630604274239
46.25069313163161 46.16090978937602
46.11256606593269 46.4728144308563
46.988946899540004 46.00878862530407
47.35401254792762 47.342698772018096
47.042124418277794 47.74960306511906
47.218274483844056 47.530178488956295
47.70777285782226 47.22639371272413
47.78132283241195 47.060356077706516
47.50793986981958 47.30393973416052
47.817368880107935 47.03348445122126
47.029345125750034 47.74996453435915
47.15212852316617 47.72603157593028
47.21213578853146 47.563193883060606
47.39657415005651 47.30396024815857
47.672670677507426 47.23089735806509
47.31312854248616 47.39075732300226
47.191574085674574 47.59343040054006
47.719018623136314 47.13026203210343
47.286598571994354 47.49790389072522
47.18156142755722 47.70903492804852
47.01265123573813 47.79220440512048
47.16692749336437 47.715533689112846
47.64465223255941 47.276297904550866
47.28992905769955 47.422808510099
47.61120626687375 47.28124428278243
47.76110796574666 47.1003704375795
47.123084347187785 47.74770205542469
47.20448863655338 47.58819251339399
47.318627178574765 47.343111797272854
47.55863841343002 47.298525623953566
47.76723640277028 47.09500984006487
47.5937059369617 47.29374164879363
47.21819957685423 47.55851220666326
47.23529116751638 47.520317821659155
47.82225162829269 47.02621623065953
47.29195122565907 47.41572358512339
47.79799008956892 47.038589346488735
48.857556256344665 48.85604943734547
48.63879986367607 48.916825896525694
48.753342908713904 48.87839118980104
48.87014327249069 48.854218132274916
48.90920625341218 48.52570115506938
48.34421488446615 48.93476703221406
48.95987239931432 48.39483300365905
48.894165493048156 48.832017816869595
48.96988427304505 48.12580467510317
48.2228738888476 48.94678739749557
48.158848698298726 48.97561705452549
48.21418748838765 48.966010249757396
48.89564571728592 48.67619856331606
48.95345431978862 48.44489497085078
48.96948305023499 48.28663042972998
48.061095771702355 48.98292483908402
48.57738708686837 48.920839435526986
48.15271436633156 48.980872481904825
48.72318616319745 48.88515613578293
48.360999832970364 48.92688449534691
48.014535416165465 48.996280769556016
48.937461895325974 48.4537001579702
48.981008138571866 48.0751207791848
48.92207401888478 48.50329204981436
48.998381830385966 48.02881925092081
48.6688384446301 48.908686811908694
48.84180173142613 48.86426318364731
48.811074479475465 48.87556680397991
48.297224354309385 48.946201394450696
48.90621585288472 48.64936964798658
48.89138749405015 48.83974513087161
48.9877865997215 48.040628778106395
48.97239016995195 48.11106171253538
48.9262673928473 48.45753445339633
49.3960365647048 49.30450422533365
49.881270317774124 49.293506049977104
49.088065256232305 49.725173043251935
49.09793280288358 49.55144249819545
49.95569032452666 49.07829099846753
49.36930343238655 49.33456702163733
49.27798257028451 49.48997760580423
49.088344559512066 49.57817439323776
49.291708545878265 49.46680683269812
49.36239239047588 49.41386817539546
49.928706111497114 49.08016511584636
49.407877767298416 49.30255518518911
49.893143548955116 49.1619636148225
49.00535248294076 49.97107654975496
49.373488107048416 49.30591099535263
49.02138102773137 49.881002542859
49.709860620006516 49.30038569621203
49.04800965961576 49.77568084040014
49.1957291962687 49.535662513692934
49.89202624310106 49.16245044680508
49.95916089902327 49.05018670683318
49.2843203647307 49.477558286481184
49.196642131852364 49.4960821096044
49.01644886174564 49.92361069463841
49.83927680505578 49.298236480735405
49.88920273280703 49.20340164967059
49.97258257829233 49.01155399540916
49.05721069584841 49.74397075246347
49.14015431402194 49.548256993141045
49.035797751060294 49.87892168006312
49.0532530947473 49.769126349461686
49.15350310650819 49.5359350651163
49.351227323039886 49.41860841497511
49.92699766979968 49.13117408092854
50.115673935129124 50.65740123231968
50.67719581250677 50.542170305827476
50.88791297802412 50.0729356134822
50.739657976490165 50.07610983815955
50.28548801609015 50.64746472776906
50.075817909813786 50.69075059515038
50.704933941675 50.25315816035086
50.53779608300978 50.605065230871816
50.8991109456276 50.00761353062056
50.425527100289464 50.6295118924896
50.69016073217355 50.44497251294503
50.02158783539517 50.726708707366896
50.00953473487319 50.92261150912767
50.47165826152897 50.62365029782699
50.01763098501994 50.91515782582578
50.32266481300078 50.637647165940024
50.67917929070055 50.4509226978677
50.001448259615124 50.98504328960178
50.659683862924474 50.593522372752496
50.01782805913153 50.86026494169756
50.69947835340364 50.327783612526005
50.0842199768932 50.6598120025225
50.048769504499994 50.70248478190568
50.739399274873236 50.09387271683878
50.72360797993883 50.21882418702769
50.89303528186442 50.05256472296531
50.10284465792107 50.659306455407254
50.736407679530494 50.19672292152197
50.98848380950127 50.00627851612533
50.738405551411425 50.10834236301509
50.51526330931419 50.607644990593855
50.48193782589158 50.61070290538364
50.020170667640684 50.7433102160251
50.60381133769364 50.59552213587319
51.820983477729435 51.562793389406956
51.87170200945862 51.445250450833456
51.98570270434019 51.34589941952209
51.71891144097052 51.84745060796395
51.27308900625864 51.98491782380173
51.99339575811603 51.2410059582459
51.515152665353 51.88158697430145
51.381182662344294 51.932224677269645
51.75364988978043 51.8031624020293
51.49227705039458 51.89776643979297
51.760303985560384 51.77705643549069
51.80181349045909 51.71160510609414
51.88276462092293 51.4113659637707
51.45257122690973 51.928176134483486
51.777672857289836 51.770549188279006
51.93883916215375 51.35248638538744
51.7875284120338 51.7165422579769
51.289195296597526 51.93415797512145
51.63524682420441 51.86223650160507
51.89404053329489 51.38299540355006
51.16013863751662 51.994295615594474
51.82728179859252 51.54975934811072
51.46617365726594 51.921200685540434
51.521902758164295 51.880626152562954
51.19828863759447 51.99004790398367
51.81596422824751 51.69519216742677
51.7273565412296 51.81179775528806
51.78731326399489 51.742755005185245
51.78511628017746 51.77053712461212
51.548268799468225 51.87405142593069
51.82877794558588 51.45856675007033
51.272121854547244 51.988921998984736
51.90311115916261 51.36156602589388
51.283182119597654 51.963548943502566
52.17468452759454 52.62863661412329
52.08946054674851 52.72173936124601
52.793833357783065 52.03505573985335
52.64132042870775 52.32042772124313
52.64854288026271 52.31213622475706
52.379971525588296 52.60104406128081
52.57605545439621 52.39895150325691
52.76828534709685 52.15900443550616
52.01356241409064 52.74422307311499
52.151578985439016 52.650854943087325
52.58575193757516 52.37823288426454
52.702653138641615 52.28422344047428
52.76521348264726 52.19858130093881
52.358819179308156 52.61716745642011
52.728399951716945 52.27475467572899
52.09297485860869 52.66032842301418
52.52967502606682 52.5363924302017
52.19505922306252 52.61933749142552
52.43252353149025 52.57971040300835
52.50206346165053 52.53947303121553
52.70597644411752 52.28295629047629
52.13068048233264 52.65779949537722
52.58931064046535 52.3738891018378
52.54242488438096 52.43750901938296
52.498165881156595 52.565435931400216
52.59581495255091 52.36678382741782
52.61973004527779 52.36460518938462
52.97673249965327 52.03461359736152
52.495047542843956 52.575107435244504
52.227992253503274 52.61745677082681
52.648567513961304 52.30469626204454
52.78031163492716 52.151802760289456
52.76487049135757 52.24561329972637
52.00899939026196 52.759504371676435
53.70440843674718 53.212444357481814
53.150313851174175 53.96958077922522
53.48798551976217 53.38872025026298
53.47249805992478 53.7936613942664
53.48266558078225 53.651272344495936
53.386685213418005 53.817270830265954
53.61382871823938 53.22091347110369
53.034626232529526 53.97177017451222
53.29455140734137 53.906698242454084
53.72638980113203 53.14239681357627
53.870121335194675 53.098809549522535
53.59349518086426 53.35321317426771
53.99401212845946 53.02854392747214
53.99867547826696 53.01351282176806
53.44856179273932 53.81296734917509
53.48033468577863 53.71197590216745
53.98645176278627 53.06508620345136
53.72370219573865 53.182343655003876
53.281270270452616 53.94234140789449
53.299763793137 53.876913652513494
53.45651694135788 53.80787221614775
53.01996136327523 53.98452725856918
53.47274323481983 53.74765142479611
53.48980046349183 53.353684016631135
53.738599153365755 53.11262850328776
53.59967467807612 53.31156353145432
53.3341893572328 53.86953045660589
53.76182759808255 53.107332348337785
53.989515489516386 53.034254992123245
53.675429847101285 53.215866753836195
53.91032996137283 53.081054356029256
53.35460625278542 53.8614704535346
53.17686103012722 53.96459746795824
53.0281459918257 53.97223070424344
54.01141076330269 54.22429795782282
54.03884250850822 54.10777302113591
54.1232631472354 54.097161308410854
54.86741214498253 54.0278624648521
54.55133433499684 54.05565821412648
54.011515095955204 54.222508290856595
54.383404450664145 54.06545315835663
54.68802398542433 54.03558915198364
54.724784352606186 54.03487524159839
54.33101161448766 54.06858681872874
54.87978282910761 54.02118204228719
54.931522088275706 54.00738081636282
54.006659641239125 54.63305203609046
54.00955700006412 54.521336669573834
54.64458826089964 54.046042640790134
54.188510918141326 54.08097578807678
54.88388289357866 54.0163876886487
54.00039303360999 54.96463403543669
54.004124301461054 54.64006286097838
54.91357023148036 54.01150524387656
54.31029185382352 54.074823227302375
54.57730779216432 54.04689192454086
54.94696175101552 54.00495541969539
54.00363850158947 54.77119229196016
54.098444789007935 54.09994045697396
54.01983502511744 54.112652156286394
54.010534521867115 54.32564199496242
54.192189507184075 54.079239177514154
54.6602539043225 54.04191149011352
54.009991597665525 54.410270798310485
54.46542305084569 54.061178225562784
54.07351218482102 54.104554349914764
54.767385410732984 54.03190696775847
54.015262153685576 54.16693459748835
55.05104685979812 55.38886915710804
55.51038910882413 55.08949735382538
55.15641618652926 55.18019093539524
55.016454400850506 55.67585457237429
55.02935677528252 55.56308517749983
55.07355052220508 55.22364128373004
55.906799676883274 55.084930437572595
55.2804371816296 55.14576610974397
55.39235705147709 55.14354753301255
55.4513335453738 55.097762935630556
55.43671635195976 55.120199766678425
55.19082428842498 55.178769139534175
55.03805124818348 55.485481556157225
55.00203212673873 55.95045525773785
55.017258913844415 55.60162709701704
55.966938797167614 55.06820989432525
55.98777268018627 55.02746722456668
55.21566373956319 55.17659455142569
55.00596939672942 55.89588840762199
55.920633073404275 55.08105772291404
55.02715704804402 55.58870481056956
55.15639711494426 55.1985335122484
55.01487935737807 55.810421989711465
55.44735337912581 55.111791844299994
55.051804139372464 55.344906776444795
55.064993148401975 55.24118525664365
55.24486718730315 55.15145326939869
55.119310616502595 55.22285628943627
55.23560804640252 55.17616632655113
55.034989369957735 55.54187536777386
55.99637106388165 55.00288089425279
55.043747194274495 55.4239249441659
55.00786021321882 55.865992752426315
55.42340151333131 55.13885781221899
56.663756455555514 56.67041814358089
56.11062849470593 56.96571807569066
56.797771073581394 56.191626603153836
56.27997863478751 56.849146022872965
56.72264414578087 56.668749062811386
56.436770130410906 56.72941747978565
56.912546797658365 56.08199667328231
56.29584983358191 56.78137538981868
56.5798737302085 56.704268976093104
56.30955096431935 56.73218791512619
56.73876556526271 56.4759259803411
56.011810563973626 56.97497191708701
56.75195228198007 56.32744143127542
56.64842638093182 56.699241001090556
56.53847050707714 56.715834977425224
56.826022035360616 56.16480197049743
56.96327971351088 56.007814654398054
56.96002868927665 56.073904757648215
56.11627711743006 56.90934738789928
56.77289760649559 56.30295119797615
56.73797679121095 56.623555033557196
56.74488326632094 56.332820679477585
56.84579795531286 56.122827541955736
56.14224954479654 56.87790197415794
56.74482446729879 56.37458785604258
56.78363710479371 56.230936992931106
56.65135530291432 56.68190107257792
56.88696645871869 56.117059438017954
56.15519528832261 56.864432549280515
56.49322236293071 56.72369280063248
56.77397330318364 56.243913504526525
56.841282754160574 56.15626717636343
56.80331854935985 56.177278063170384
56.28176366481574 56.82289306204099
57.74930692334234 57.299150131109506
57.71040502743291 57.89616941368783
57.2132267138455 57.978943489554275
57.7370672718843 57.572952545787885
57.94140422337729 57.020431875747654
57.82344211214216 57.151203878117975
57.867986982390526 57.10219306821863
57.65233722537061 57.927679047916534
57.300662836546955 57.9489431180426
57.660807776341166 57.92398674933365
57.783429149663164 57.23052258729972
57.619790678216496 57.93873472606013
57.66884886674888 57.91036429691569
57.02978417866443 57.9932711288678
57.7724066844687 57.241560255528356
57.67177327531298 57.90285123342513
57.84265630749496 57.125358216130216
57.25329979385082 57.9639175758629
57.149191059324465 57.979982320187496
57.04557732924708 57.98281993615298
57.72178464789349 57.75456264234733
57.35439827121395 57.94556866159547
57.82328100030653 57.15546547263125
57.38201507566097 57.94369118140025
57.72689996601634 57.695086160135205
57.89633615385513 57.068407103841764
57.79490346087037 57.208545539014445
57.734706808784345 57.613960569305675
57.716181443710624 57.88328659957513
57.80351424685651 57.19723636240542
57.46867365060146 57.93983437960793
57.703899297652335 57.901791934541976
57.65488087854752 57.924740619236566
57.737226075177354 57.317253800290146
