0.7671716268597207 0.0432994053533029
0.46443393354391915 0.9988236502595589
0.7134838261683804 0.7404315994474194
0.635265568966695 0.9549091410336379
0.49645431362953163 0.9823729970463869
0.713923811968481 0.3861930939907403
0.7548151774988892 0.35586104944154573
0.9580403672656218 0.003048539134204331
0.6438052754752392 0.9459880500736383
0.6706280335492426 0.7989980164591495
0.601035795748705 0.9606874448255399
0.7600496857199643 0.25328695122350786
0.7913884233074512 0.004979993055309051
0.5906764253189438 0.9719130007194763
0.5503079650940848 0.9783519975127832
0.7777263841955059 0.028367017852849785
0.6649686587031666 0.822736785507532
0.9979484267709485 0.0012092955905154135
0.5965893836356148 0.9617117276204621
0.7637109628954012 0.14359480767998467
0.757934675015313 0.3002250334391705
0.7713447606495385 0.04170346929095792
0.6446892963952487 0.8297613644549379
0.9027773962150464 0.0038560593872178917
0.7190311140860857 0.367512382226968
0.6916173126637059 0.7480149790255394
0.7608568009939526 0.19629126482406145
0.19231755927661653 0.9992347672440997
0.7670455798708403 0.1261050296228603
0.5921038622986744 0.9622335526206603
0.5630157733747001 0.9720084418477177
0.6710098043495714 0.7503665481369743
0.7256387609232006 0.36204450510778685
0.7614781672987554 0.1837981048535291
0.79633668498686 0.003874034365115242
0.9898441381638063 0.001355157875009727
0.749791753862171 0.3582613411587653
0.7597215587326114 0.28636125190721406
0.6391761431341981 0.9516489017691011
0.759978918378709 0.2807229361043988
0.7841303421190903 0.026791405808026858
1.997873185103027 1.3093317695947062
1.2607471461698747 1.7074741651490002
1.101611742453374 1.8920806824112926
1.9724555754287554 1.4240647595656366
1.5771393809729608 1.5094771339925557
1.0865251408306222 1.9720898640378524
1.289591811275121 1.6578499929889245
1.2939168695288377 1.5563653382698166
1.8461546374631261 1.4952760458261247
1.6044348812240519 1.506076541147852
1.968289332885515 1.4825121245463975
1.9938752243437832 1.318611047912861
1.0234543892443133 1.972187622491667
1.3547976117662084 1.5510080873515923
1.465291926354913 1.538218278941718
1.1393569599259576 1.8569145451939653
1.2518827013832805 1.7624485186385601
1.2083168777321984 1.8374111930326378
1.3571075059275497 1.5481717225992306
1.2543761350627562 1.709208933268686
1.4916852452146556 1.5340460667500544
1.0925156312832018 1.9672837928323919
1.108375850462429 1.8916617190594607
1.001831951101423 1.9922395074748898
1.115960138793581 1.884282865621521
1.4981535657243743 1.5310784508974427
1.2897492927188279 1.607032458483703
1.272939395645424 1.6627152338514406
1.7844058172809736 1.4996291773969501
1.2219147594544253 1.797713530210428
1.7044925267367614 1.5027562760048685
1.0947127147396645 1.9543195939169695
1.132044761888824 1.8662421448218103
1.1704254466435453 1.8390161117421262
1.0948992765167596 1.903725438339166
1.4001469815140815 1.5465638537885595
1.2483097863879191 1.7950286484565652
1.97907361935969 1.3231596509341248
1.158238506559697 1.8547326671120645
1.0040202405013063 1.9802180302461077
1.568439527866418 1.5222294271994146
2.9932850408169123 2.1700367545533097
2.735384938487974 2.3863024643878457
2.1418774187488934 2.6644473735085734
2.431163696171492 2.571452885057165
2.181948521483469 2.609340244492143
2.121639450774394 2.724634367847824
2.606930189817709 2.5000781307608264
2.7132387857567455 2.4538840012710366
2.7898137070985447 2.35805913020662
2.467076578637412 2.5110365865315076
2.8523287058127202 2.3039467316206306
2.8588502537405476 2.2258619402982998
2.0116826815275406 2.832569217876612
2.439416204145042 2.5597143595608602
2.883426304071021 2.2169271498130487
2.1783355883394613 2.642996547309554
2.637718989322014 2.4710532124962863
2.857577382306656 2.302851100083995
2.2930134042884216 2.5906206058506784
2.054417459418959 2.7418199931061977
2.6416869983325433 2.458462177608709
2.1308121630305505 2.70940046923365
2.870300151148559 2.225218684077829
2.0020712570405403 2.9043406393111963
2.7565463676397224 2.3787902563144887
2.800808058803037 2.321082122144039
2.924219581137839 2.1779532300196864
2.275105761394979 2.6006133565648084
2.0442335539105825 2.7736407231071527
2.8906696399657053 2.200021226327173
2.1194208679453803 2.736380950169196
2.1477940727488862 2.652871153587307
2.0044671736598647 2.8403509850662916
2.0216248447886938 2.8113989639840593
2.7249705203260746 2.388242802908679
2.8660267156725956 2.225272749403521
2.549376971560627 2.5105084998250278
2.3187853869429285 2.582731913786568
2.439452249007017 2.555293133005364
2.6317144818227622 2.492014124057539
2.7940823071300875 2.3409284050071615
3.113350498325205 3.963821704248058
3.630739378743831 3.8976423713206003
3.671505736107304 3.264051057582268
3.8467953387662144 3.1798262911951056
3.6631289895919075 3.5043736166031123
3.8565302159949044 3.03770222743102
3.5894437569178725 3.901898464607849
3.2766809827886836 3.941315725031972
3.749817632701523 3.238686715187205
3.9887679704715118 3.0223191608600617
3.4458312934479833 3.905430067197144
3.633229687319289 3.776854598757335
3.9143675417360404 3.0251145660020713
3.011123889249724 3.978038909879466
3.8490417524193266 3.174511711569058
3.640525488289843 3.575756590809915
3.7530055635423345 3.211671579377871
3.8490449738922856 3.1175030775766794
3.891722105671682 3.037355463400343
3.6310154542715276 3.8646967789971867
3.3144795302015098 3.909682247634751
3.1567015242959506 3.942647742232756
3.991350904210918 3.01146790167824
3.2820291389942553 3.9260299148429088
3.634729071684756 3.5990307615992645
3.8048699986552297 3.1801137737066427
3.778246167511237 3.2078261856425714
3.6332189316884116 3.806035204459669
3.697157328794974 3.252320223783369
3.5243970812915695 3.903180061921592
3.667645794627874 3.4827196303724377
3.1371144894064074 3.956861901080079
3.0307932755436613 3.9754959131130234
3.083502150277827 3.963955948023985
3.6695577383986837 3.4351616203538855
3.904261708014073 3.0318968682342824
3.8505107551314683 3.0768275579343403
3.3741579538093087 3.9058271491455923
3.0731050172484875 3.9646789267236016
3.2925880411283637 3.922072881339657
3.3042718641313638 3.917713513107598
4.460024098097252 4.824993063250046
4.979976890070926 4.151921804643951
4.3695703411431985 4.882461826278679
4.553619229699646 4.439308448810082
4.920070448489247 4.291043649461212
4.497609821918316 4.800188317918341
4.403504448526437 4.8406588722518284
4.532002845377355 4.450498106845476
4.281417020826671 4.93668451683591
4.819960134706676 4.374725883330199
4.520353219851267 4.785210646436233
4.928615635508976 4.279953383091847
4.963221367224683 4.17735747771722
4.995391739419235 4.089342307675532
4.738609048790125 4.37503846041354
4.315008414801354 4.906550899247216
4.420320968032124 4.828379149945251
4.655312504471964 4.418159366578297
4.03470861650773 4.974687416117195
4.151190359436012 4.940456996876129
4.673594957678311 4.382292117890584
4.950367660338296 4.2610128321016765
4.9361515549607216 4.267304532236222
4.068767796893842 4.949063836535873
4.557420140633698 4.4185162875163355
4.4006008785605655 4.880621924498977
4.524135911072434 4.454307038760019
4.0419920089339225 4.9500571669062445
4.885210522724279 4.317120332973646
4.033981827009744 4.987674247382153
4.923926488052709 4.2909853772230475
4.10651320845212 4.940476023759164
4.95328407909429 4.242954884152105
4.906496106436559 4.291823788357675
4.857248593658388 4.3537008164956035
4.954895941422527 4.230430302826585
4.702460834367288 4.378324654577424
4.9564388495347345 4.184271192693514
4.55741895923254 4.4185301051199515
4.863812711850722 4.3304285790714525
4.965732374293247 4.159359423587292
5.402843421774053 5.648980928174841
5.833888118064341 5.423349874051505
5.233696954302739 5.697877779660688
5.46409383153634 5.521630819467924
5.2512583704108255 5.673840589895155
5.064596073466056 5.73244060056707
5.730519334085122 5.498360974817579
5.883614538568543 5.134813192374503
5.496890084277212 5.501937275887013
5.020985716719817 5.774368658237952
5.016900470790716 5.992055097915924
5.901466256800352 5.031441948666137
5.879558116846262 5.192492177429223
5.147618076483201 5.729316021064604
5.897541317393862 5.058836532545344
5.0467691480831 5.761978795125094
5.839642380796661 5.219547484267289
5.837606376446376 5.222116865983453
5.311687053019095 5.654267941621044
5.40941613782512 5.624183249463692
5.115919148725677 5.729822796379335
5.443971795837847 5.588049863590836
5.297492219875352 5.6684169329750205
5.764164800375545 5.4481102581952365
5.87034887753662 5.198719632753397
5.793566250704577 5.4375934081964505
5.193367277839748 5.718193411954323
5.948374739305275 5.000639959908904
5.35721086940222 5.650844162019896
5.212791834489095 5.7029952665273225
5.886271684526392 5.073216720525492
5.758127380830114 5.491346482729101
5.836670462158243 5.30013130822066
5.472902283062504 5.519958019915529
5.048946559562657 5.744393880075252
5.246543210993954 5.685043345684537
5.837071106394687 5.262005503339199
5.834609086857436 5.417132224613928
5.745059422402608 5.4963943797468815
5.55144937093662 5.501514944153095
5.882324342909847 5.178306469618978
6.1313625418916295 6.730748167371722
6.49725897311027 6.302133952529382
6.2171502679224275 6.483544587578249
6.770770759558424 6.2754721964730145
6.088590838444293 6.9858852499433315
6.182118473407047 6.6839644505477285
6.826954397307611 6.1863016659774885
6.727167515090269 6.297152152520445
6.368326019474493 6.430222704872422
6.220652992336342 6.4523570846759
6.469357770111279 6.427611861720546
6.961241195501414 6.102916479360387
6.956312073241018 6.18205555169413
6.987236527281347 6.023041674701652
6.102920787325752 6.917605060288644
6.815987496643132 6.223459125783915
6.1033542626178905 6.880209675518205
6.061677609302282 6.996544506802337
6.966763190671982 6.090186411356045
6.336326760669966 6.438496090439653
6.116871176367315 6.803440724783567
6.193534835311331 6.662927431698622
6.20906153985714 6.600418282599865
6.130249892184499 6.78171892599632
6.072131665745851 6.994567870859658
6.0741897064130725 6.987788688714728
6.285242930068619 6.44868182843693
6.99525165875991 6.006041444887473
6.8182630407665785 6.2209884176269155
6.636955025300237 6.297238652485568
6.819553531351213 6.2172972220077725
6.455982383182389 6.429505016191049
6.49577043092937 6.410664287489502
6.1952708589016305 6.652002303024096
6.210149127617477 6.5433942780103855
6.9995694691378185 6.002670575120527
6.112137237385719 6.859224524585608
6.35921315686342 6.436028696111659
6.80142024031624 6.2348099550442075
6.261285283722523 6.4518293684594035
6.216387960645041 6.543001128459599
7.307901130143871 7.484841879645528
7.563978050792404 7.0955637923710855
7.524627441531089 7.399620696056094
7.288685787300164 7.655561608257976
7.09304906469549 7.74205146282854
7.624676501713151 7.050005175019384
7.072501997385508 7.872868015759912
7.293438513206631 7.566244665236508
7.456277689322424 7.403586172273305
7.280814296850687 7.662645019589342
7.0487282398726725 7.932713537439319
7.900216966046464 7.003507487270101
7.846256279684613 7.0102550664139525
7.730043008712815 7.037845453826085
7.173998512342139 7.740769805496343
7.3680788239024935 7.472374342128842
7.529574239639988 7.215347993931655
7.847840973442484 7.006691341631569
7.292974861661065 7.604372015565942
7.209369902266049 7.6828681958247245
7.55783185090282 7.211056453199618
7.558268275437308 7.169661712641703
7.378279357584884 7.412835158221421
7.016994593898105 7.943116707600014
7.977032489418539 7.0023714678558955
7.746954209484273 7.013328292140284
7.431412003732069 7.406260777586212
7.315086295949049 7.480624689488361
7.645812920126401 7.049195840571707
7.575087501014486 7.089128340393029
7.05844778678642 7.882189503500857
7.083428251615377 7.744880842328863
7.725705982354846 7.039313095256242
7.072859302688483 7.760778088852775
7.027081787637393 7.938366147590082
7.706622332909923 7.04660124045226
7.29228366185709 7.640005711989905
7.372847456459394 7.4443450787835275
7.077953635033072 7.748005023738459
7.329478388473517 7.4752009751629025
7.299264044731099 7.538202294220628
8.726269147414667 8.912974846100171
8.074951227133202 8.983733700925082
8.882435493434398 8.254857976122477
8.746542796511585 8.503085162797117
8.90450180615203 8.060251625634708
8.805075859273655 8.47802932204537
8.821738313010211 8.376712029850996
8.89389523156009 8.219037783018631
8.582063165750515 8.94405071896328
8.972981710019818 8.051189688854878
8.806063692834735 8.441402850365067
8.861881675044748 8.336265397200203
8.8337338715684 8.355873105824147
8.7351638781412 8.77614441078735
8.142625714524886 8.958075910578954
8.444471471905814 8.956069732134662
8.740456694087968 8.755715279805148
8.638365732289788 8.923030052067615
8.98478971973996 8.005795647568057
8.107456964410915 8.97726139245274
8.732412112895474 8.854339397439118
8.89641831242714 8.201439553362682
8.768667626433913 8.49790976325964
8.789729245024445 8.497061602909733
8.866921119372808 8.263273533774754
8.405232618661312 8.95683780459335
8.885052216355932 8.25135958178997
8.619924745338798 8.930723989968463
8.799231719967352 8.486140576824647
8.819235791437738 8.408952673405235
8.900545115101755 8.18944503761899
8.81050149043919 8.414799712343038
8.598598340050325 8.942163982989252
8.949923220065084 8.059332228228596
8.73553939096186 8.771124097533761
8.745920722004415 8.524117143813964
8.039692748482928 8.994454962383246
8.90146278138191 8.175704159341985
8.868651219712005 8.25830110736636
8.601769634011088 8.935952123042764
8.123521149446999 8.959686064235575
9.138037873548631 9.86662522126954
9.28532493443378 9.446676306690117
9.411691123817146 9.114633685568561
9.735356496123737 9.015471598989018
9.249280274773572 9.592097614339599
9.364485459422522 9.340696144474109
9.641721392739562 9.06353316938105
9.330332313570176 9.343197825792783
9.222858505681481 9.62379389232403
9.114968460932642 9.912942626876912
9.164093472702449 9.663421992078554
9.381155107531669 9.229221954473022
9.377553716485092 9.250737918786971
9.714009386575118 9.054999631648657
9.945378184768725 9.012567245206109
9.440587962597878 9.076570885285498
9.189087972269476 9.629208585312753
9.105315062531142 9.92552485724309
9.287309274975721 9.356694071426844
9.365171390674677 9.309051780774956
9.437276644185946 9.094426386740407
9.402783923709453 9.132548650796066
9.716929019864555 9.032903474342243
9.038055293085948 9.953175322379375
9.27054764393068 9.454477096127688
9.157161539289046 9.835219354398314
9.027887114394956 9.971562311260053
9.561853001202637 9.064479987431763
9.138314843477824 9.85660779414668
9.401241726800329 9.172347047911709
9.31380387482604 9.351649464366837
9.147589639865497 9.838435539435489
9.025590567857325 9.972277709423729
9.25108806960839 9.555541120675898
9.410795555379378 9.115450861098761
9.037087574918624 9.965325840951957
9.254281925151563 9.552921249713314
9.947255286410531 9.008877390396275
9.058981421781022 9.92831023134392
9.399125800659442 9.195058981227758
9.025463178209744 9.972395878997961
10.313779927579427 10.734602067229831
10.511575845872382 10.628532240159103
10.174433725788418 10.980521064715377
10.825559890467202 10.034584653000323
10.645435882743676 10.256217220074655
10.283858709465942 10.79584985493307
10.830536350147387 10.007298347217693
10.583798848733935 10.571534997874402
10.406054081215911 10.63593043894149
10.700128764132849 10.251974701689564
10.520503514389485 10.613793901604778
10.743298772500602 10.099142813957048
10.592714988354405 10.342452613218628
10.091664114845189 10.991607975127991
10.725609734164298 10.14787908322142
10.353518258755182 10.691462306259863
10.180369980201966 10.8390931870364
10.719588098899985 10.242849419240367
10.426868340719073 10.630543600815177
10.81177328551826 10.048265048531405
10.784024868188382 10.067305833431227
10.924376369609327 10.001183231891453
10.223462899186808 10.830581452796041
10.278574974293294 10.82809985696715
10.368450625655273 10.666851572290803
10.325615942683132 10.692657886663568
10.58455283125538 10.350424708061597
10.197759196239367 10.837055782977847
10.390677264294826 10.65227093973777
10.609249643077648 10.301856871127017
10.360859529335928 10.677612132427177
10.050013915557813 10.997925058438016
10.63978573065056 10.28219307979926
10.626194955154494 10.287564069429857
10.573849001662362 10.592305615462383
10.89084656491426 10.005737838929777
10.738753302954452 10.145580005466378
10.679807319466036 10.252423692503362
10.314292171108175 10.731447708482118
10.288685815847723 10.748583847017146
10.165028760045105 10.98998446779262
11.967627771335119 11.654787718923505
11.810885176122502 11.658426133837287
11.402719662092242 11.705458664090742
11.052626557478899 11.991631058110595
11.112670212765023 11.856372352743959
11.388695494462267 11.83590920659608
11.342140868963583 11.853852425948924
11.380890787277709 11.85218309792477
11.568698814502936 11.702447205432561
11.981870705162281 11.103766280063653
11.96822712680961 11.280543920619333
11.578058870619456 11.678909694177003
11.088678720039525 11.927614752106376
11.667160269358883 11.662411124802805
11.971391206765077 11.133577115814195
11.537281508486316 11.705044446349762
11.394535159376899 11.80775866736268
11.06397142787135 11.973801301887452
11.074454984571439 11.928991518501023
11.096145284872486 11.90410717382537
11.391848469478932 11.817378893824621
11.397623513879669 11.708554621902538
11.06532964430844 11.952898798063915
11.626232982238765 11.672130828135293
11.323164598124688 11.854808695825739
11.970987451308126 11.196976628780615
11.994708109696168 11.019260010290012
11.995102910630877 11.006257679403602
11.967782230003717 11.509246369326913
11.395098447699583 11.768113601384185
11.985885305254572 11.044856475297081
11.395589548028518 11.761007810538828
11.384989231591353 11.841913744759674
11.819572394401698 11.655958161228673
11.63643735567355 11.670494397632213
11.970282963088842 11.232892805994876
11.983978452014185 11.102761194658187
11.970805918999122 11.200477802489406
11.594333377191269 11.677381304342838
11.074431613009427 11.935203400045145
11.666099611171914 11.66819468831304
12.88560148166481 12.878110843569903
12.604592282573353 12.925838030305965
12.88811512100259 12.072466577439195
12.311930477365815 12.937041606101173
12.918114742120366 12.024933534683083
12.224039516984229 12.994343167682079
12.787843127858135 12.902186418405625
12.269926216334431 12.984770840672667
12.781722076097658 12.923834178235694
12.87983254690878 12.891356120719678
12.886097671916236 12.393541804157634
12.808443384148912 12.896152996840984
12.882817992119708 12.889246348521157
12.443189806941842 12.926024574698795
12.330105740883395 12.93457506089823
12.303815983852461 12.979626201613634
12.804097138340703 12.901002030588353
12.977869964824155 12.020890973131774
12.009119750238233 12.99557417169721
12.656834479751685 12.925688388337347
12.418693400729612 12.9313949395887
12.701986717763102 12.923883868518121
12.081853442740295 12.995022182535283
12.351270844255152 12.933874177234461
12.891263787230741 12.035770846784613
12.254882662589873 12.992937815872024
12.914691478417952 12.027654855298962
12.20402078214545 12.994909361972768
12.310331174725881 12.942611857979461
12.900587951946097 12.030927252501687
12.310369471775811 12.938753526492759
12.97825318847193 12.0144015252309
12.305409667977813 12.953384927641743
12.384193625524489 12.933525465267557
12.660666509861487 12.925482194731922
12.965442228528701 12.022504619899335
12.784668405048064 12.906183971029268
12.886057996480597 12.807773275758212
12.81828352288231 12.893395653318244
12.886572223537263 12.187949961304069
12.785548901358688 12.903469180259503
13.439503906953396 13.065704328523386
13.205324738730008 13.860232822064052
13.291266850985261 13.285711508744505
13.439487882285412 13.117210441362918
13.262970357714794 13.70315587311812
13.555865617943564 13.006852438982008
13.426768025105792 13.263384844577255
13.189580344368903 13.894711298919592
13.448763589429777 13.027538937714521
13.287789362780188 13.536610536756053
13.212628877211365 13.80536777215613
13.04974808266482 13.956828621781787
13.77126710883461 13.000034003913555
13.200572414748468 13.88320229353104
13.183479340405608 13.918970274451931
13.306729604535608 13.278440568151984
13.215204781059327 13.768032463052297
13.048788419818122 13.98405066956234
13.174217605597581 13.95012239033152
13.430486471745878 13.136656042754604
13.289799493817974 13.348321749061574
13.543850448519242 13.021497796176675
13.177883615154185 13.936629034571846
13.260007649458764 13.706937570846074
13.240688930069531 13.751640509676058
13.394233918728291 13.269210656143425
13.28083096415237 13.67052522382078
13.286881933121666 13.585667329090926
13.258187572477299 13.715054426600641
13.27929093666569 13.683909333582287
13.333172578474839 13.276745591592622
13.28462893312041 13.660537266669877
13.29886597658771 13.282984376085526
13.577981476576078 13.002935382444692
13.531358412536276 13.027058617871527
13.021616037104147 13.999427173552784
13.566187039240988 13.003467250747793
13.440596895569206 13.032660501332913
13.096122411640867 13.953229288371023
13.432753673174517 13.129402827683682
13.104336405307327 13.952010886799169
14.108804390698928 14.22316075208547
14.05417277605724 14.448013781297432
14.89397281921125 14.164940528851306
14.388760294678773 14.171842249957653
14.950906666368168 14.130955911362168
14.068051743568033 14.298702041255886
14.14485794015883 14.207592876102808
14.010440155472978 14.735847198165745
14.94179284346815 14.138060610001814
14.313106806525365 14.187436947324708
14.672884604216833 14.16625051066787
14.019779869239203 14.634778272593966
14.018343853794347 14.652670071277084
14.990937183191715 14.043832555798504
14.210964029124328 14.20003523480574
14.36559776843346 14.184101484562197
14.025111601050696 14.628486201955004
14.040731122168582 14.499631194794986
14.920579536694676 14.162131325751382
14.002322450087878 14.826898692413327
14.007100663702929 14.8267958136173
14.962552452976391 14.048068602407133
14.08754358974303 14.289721523817246
14.918219700100268 14.164473676889324
14.014001038672099 14.682491968647101
14.001064521803876 14.976715993447067
14.951860667072541 14.108234626192596
14.001891814067221 14.906082706416878
14.028889146844644 14.504244947910612
14.044202068754041 14.481735361264091
14.090347248969476 14.22770558623475
14.01254079484171 14.73447006145381
14.0604974890717 14.350704593786787
14.366736300581431 14.178137672058304
14.375910843971893 14.177911052855801
14.059809123884843 14.4144680119013
14.585154442037183 14.169208443338341
14.015510359885674 14.669784901954605
14.2200077678644 14.19016674195531
14.218111098791233 14.199340241896815
14.047674216743076 14.451022989546951
15.494470838925793 15.762447701704383
15.354131640575783 15.883251771950336
15.788946836258592 15.384573368579577
15.534771101242509 15.588427880089892
15.94981238366275 15.29414959991782
15.912259811191795 15.307676484975046
15.708630213285415 15.512242339376392
15.981610122818891 15.08164650656524
15.100307319232956 15.973253252431496
15.952255085176859 15.218086599636866
15.423911737098953 15.813304236420757
15.520232172204485 15.692897960969907
15.291991725769702 15.971692586573212
15.522057370213684 15.669541582767541
15.765947759906902 15.400646694462885
15.788963370958996 15.319400618709745
15.566537683007303 15.568597137966819
15.58162313832851 15.556887432481592
15.32893927924251 15.934682119898877
15.622625099822947 15.549450201912125
15.429254158713873 15.794401337817561
15.30862601068415 15.936524293431921
15.983352098164659 15.029977282790693
15.754008521144684 15.46565747371577
15.954462981806026 15.18715927735633
15.967031069644557 15.124747258651015
15.95796627204107 15.168061466765506
15.976040001714443 15.088174155367128
15.742042564729202 15.501698710309581
15.86953871627197 15.314300536307446
15.505977437469287 15.695838655783243
15.373630341869854 15.817752277364903
15.043830175122093 15.999741011811132
15.73817930452093 15.505395478622365
15.921415573533414 15.296414793651909
15.367769714221895 15.82627050110826
15.352319961734937 15.929033476229723
15.53007525100518 15.611850136426064
15.678847684490341 15.532303454291212
15.636213426652866 15.534369774345077
15.744416365434233 15.496328341551962
16.009846999821928 16.370322877840977
16.439880784839016 16.26488501815822
16.79915008294772 16.05071331993217
16.655108678887288 16.234659117935593
16.902951009469138 16.03611303395206
16.129519770552623 16.323511863406637
16.329578777657513 16.31240197874717
16.912083350537273 16.020070595558987
16.72263255311028 16.190356277988478
16.000351040361814 16.67770404498432
16.00157649782552 16.648463039067046
16.982488210086 16.014733042920984
16.602379591547553 16.257092187968652
16.486763866457295 16.257781562740092
16.042659112207545 16.325284129530516
16.263934079641718 16.315699311133578
16.629541491597834 16.236982203348738
16.745531966592434 16.08732482618905
16.435871598388818 16.27075174657057
16.571807707448436 16.25775102788224
16.7364120311132 16.104919859752304
16.005512641640305 16.42187675437667
16.773516275853886 16.07643688709233
16.03389205649416 16.343056301066333
16.62411588311702 16.250502747429397
16.38934834240985 16.306203740292986
16.75298963710849 16.07957100199211
16.1537435600276 16.317271505796718
16.408633667193172 16.293139409677984
16.686131481295448 16.202284039689832
16.782838067491927 16.058343485899332
16.83662920689643 16.037989787981896
16.727953374097073 16.135914279569423
16.81813429590982 16.046990010157256
16.77958403908635 16.059325327784904
16.00287413713747 16.602444763865037
16.015017583679562 16.354285170952803
16.71068142715018 16.190825772924
16.30782422727952 16.313770352589767
16.939893141673203 16.019531586185547
16.6121292281217 16.25595940532061
17.652954329757353 17.320270010457985
17.44955303462001 17.37127334206235
17.14385304828744 17.39015801295787
17.98595995276506 17.188670243424497
17.862988116108095 17.267383942710797
17.340646468476457 17.383876821453107
17.597936042233076 17.34605380246696
17.491958443626118 17.346968227485736
17.127335417981875 17.99470045242346
17.990149024300297 17.024174765462927
17.72185573252659 17.284395802007193
17.830358761891723 17.26782066503376
17.718059491274264 17.28672911143873
17.989603779891908 17.034197539897594
17.129626737249254 17.86817797093289
17.13069490489433 17.504442430401102
17.94025498160778 17.208943805414197
17.910665233653432 17.22571716014969
17.961389450501677 17.208230949332677
17.186682956289065 17.386582612612195
17.964791931639496 17.20649437679387
17.45791904337032 17.349243377962132
17.138778391267813 17.50132833733266
17.74340429180767 17.271650779692383
17.87491360472849 17.23305954398865
17.988746776689318 17.077013987501672
17.986724397891592 17.176597402534966
17.638316353447564 17.331450713530927
17.330667122769007 17.385366077698386
17.723455156069363 17.27389639064174
17.141952665866018 17.452700306304546
17.665127113775366 17.294709471406925
17.087023182205797 17.995428143952246
17.99079681509291 17.008586474719166
17.869033315631196 17.24713480553782
17.12762545855691 17.904263092934684
17.713511652050883 17.29315079247909
17.391704361663198 17.38107688112448
17.057256754033286 17.999702678723608
17.989475061277545 17.062086203399584
17.88626927591194 17.228203366554737
18.558391238808237 18.51489237426198
18.262427475911593 18.74792979080022
18.63635514345023 18.19996906902038
18.21313785518789 18.88285333333071
18.52182139558158 18.60269108295136
18.023065055925407 18.930021142158484
18.48796015240556 18.745849734939245
18.796235072214113 18.15645378304093
18.87612471633558 18.10420983787236
18.617310231806247 18.330541045549865
18.623648524323915 18.318028710941494
18.594694669103774 18.45225195094712
18.826330038888425 18.147270933706952
18.59249644304745 18.47856742191911
18.610103283877073 18.410738869916205
18.971281739242027 18.04491116864612
18.65424967541127 18.160592254204538
18.88779770096115 18.05663607071423
18.62771566790086 18.26303703118325
18.257398441827863 18.82403088614387
18.001329212896227 18.999207868461077
18.02308972149858 18.89967522844098
18.21560987217867 18.86815390165882
18.58940960705886 18.501822695183364
18.496921106237835 18.683474307010002
18.207282033998304 18.883696086847053
18.498512239535817 18.607494903742722
18.815990199389695 18.147789834237265
18.863656747807482 18.14121444309425
18.22764557972177 18.84819113791356
18.121916286394956 18.889242177884974
18.09961398021937 18.896381505565824
18.55060543077877 18.517977674885195
18.864844657514297 18.123409585245145
18.99749513943092 18.016031599023457
18.017531913974576 18.97133509988729
18.01923066436602 18.96848675093106
18.63418443721269 18.232542426235536
18.98109387859461 18.029538278447028
18.529316133986605 18.53857859561516
18.54792805173002 18.538237228381476
19.977565157116857 19.045860355549582
19.241001172177327 19.96783612330422
19.651362124593064 19.429723796856088
19.27973000610997 19.783246667247838
19.288083080300144 19.71269984302819
19.704537483986602 19.238963471673827
19.525564875036682 19.456619649145747
19.33275383914526 19.493871614742805
19.172759284256596 19.977775515122204
19.811976418907598 19.080411998037007
19.745295899812643 19.10481103780021
19.580314403049705 19.436806510991282
19.14408350398373 19.983691815932104
19.681903123627436 19.336469009809186
19.733954694313127 19.221811148815615
19.24756327441464 19.94162022258016
19.383980377149065 19.48298764131443
19.695532649260393 19.24698506157192
19.683126700370934 19.27578018446791
19.653019313897033 19.38084872639588
19.540838366661255 19.4438537125647
19.012006293572654 19.991510181576135
19.253424062438835 19.915558378777252
19.29161491254249 19.65452744611384
19.88731177122383 19.06545258948429
19.26398982982088 19.909122495554012
19.295642889719137 19.622461885642632
19.30652160619422 19.58315664721119
19.30836570707249 19.552246486557184
19.981775816391842 19.011275289856098
19.95724889570275 19.060132991841396
19.673688662599517 19.339193238477407
19.80673717995603 19.091028010442887
19.30241163491479 19.592317365098065
19.09897392851104 19.989067793931657
19.33258705011745 19.551429502158197
19.271430889045813 19.851221358007223
19.817528768957047 19.07015363849786
19.735752892937356 19.176576175689185
19.489209982494522 19.47909808434871
19.00551314749796 19.996234423087273
20.237510860532673 20.296319316558595
20.77084654339356 20.11963712004425
20.186111385787353 20.675117617633543
20.556166785761096 20.139361551276806
20.501913380402666 20.283251400078385
20.05882727550084 20.8671302032595
20.908356240298495 20.07224677403346
20.034582140524517 20.88556652165427
20.060405374775215 20.735828792919722
20.86240862345032 20.085150029167316
20.81347529463891 20.10163077834512
20.609184529059437 20.135149853830878
20.210218454115594 20.460654705619003
20.150961049323513 20.730637826961193
20.551991880512436 20.16042093521431
20.782714199766787 20.113232796915177
20.01801998282358 20.9707790687298
20.999084378875246 20.01999935615401
20.88357335243678 20.072810288742414
20.222613946072304 20.41338084693611
20.188775232247462 20.64083387337694
20.543271764141448 20.177057415746667
20.69836249523731 20.130899172666822
20.51525175087204 20.22720180878271
20.024824427593547 20.908553887479577
20.196705450950486 20.502559307135765
20.16223441624369 20.725850625662726
20.969290203149132 20.063321918171887
20.253415565062806 20.292665785342255
20.9761980056231 20.053109605834006
20.861104356974092 20.097309276841973
20.19586090430966 20.550976619108095
20.217111358486882 20.417383878964106
20.976807874745152 20.034291649243208
20.04992806630079 20.875982743381606
20.535153635058542 20.1849107226397
20.109621273070125 20.733480384983853
20.421789457104286 20.28456487810979
20.19170425744808 20.596051595725438
20.03223221855158 20.903927012928875
20.23099528198221 20.331888095089717
21.20064042873811 21.0190320630109
21.085942401185747 21.60325301248976
21.103068004559095 21.15628970440957
21.104084352001696 21.092435099352073
21.067671781029823 21.607484907090388
21.019801418929433 21.697901896574347
21.029349670203793 21.65792983078382
21.117920940266398 21.04768703256755
21.018594023282407 21.898698144085945
21.95291893511568 21.00850097903668
21.09639242401634 21.19054964403177
21.335177304516318 21.013397678401436
21.096305624928274 21.43525965214375
21.22639679706387 21.01863405287646
21.381923518440217 21.011553999789637
21.089336555709274 21.541277092570876
21.12572423001061 21.033195358739306
21.098203339481824 21.161084449262862
21.17364400220374 21.027972544444168
21.04893939721799 21.608151906508716
21.012886752897973 21.995863252261124
21.031862140469556 21.629547033439795
21.02055716262364 21.694394167105372
21.10501412970131 21.05266560159299
21.704693210496863 21.010935892637047
21.63383639796225 21.01125959417061
21.979525450295597 21.007122412384735
21.01521121169239 21.926771648082546
21.478719191406626 21.011319936222794
21.490463301096675 21.011288333843098
21.00594067815501 21.99754609663253
21.041003551544076 21.627119185363608
21.168206021457703 21.03035880955094
21.043606351497928 21.60821841788012
21.30478114525548 21.015107671254892
21.019461606845972 21.858168764537417
21.095747073372735 21.513118340127786
21.993993900822293 21.002851477866905
21.025892725283263 21.686997868202443
21.890815889288387 21.010551575003163
21.089824599633495 21.529513825348374
22.31046271829491 22.31567902354451
22.0371055460301 22.7133184792918
22.539672816945306 22.178222615958656
22.859782573082594 22.044596504506828
22.328214751238242 22.244076582274776
22.254884591937337 22.698321946977625
22.29919710360623 22.43823664950956
22.78058071082903 22.10155571703384
22.607369192190284 22.175976360470987
22.01949361264541 22.833856634635822
22.278902072877155 22.689077821343904
22.287589952122005 22.654445721918485
22.336324676939682 22.196321900421097
22.808911465303375 22.096563894405246
22.763773524398726 22.101582975031782
22.968450996226537 22.039077491432597
22.01929274361363 22.90797509931934
22.004379547622733 22.987825658440556
22.055196307790254 22.71069450211696
22.996566366092754 22.026174629947167
22.073504368223485 22.698794521555968
22.8376224228459 22.05603293514351
22.325463815418193 22.270564410993757
22.44994389873198 22.191011579060003
22.82962199633215 22.09080248205405
22.258362161457 22.697423872379172
22.78868292077355 22.101024464093218
22.016189082917908 22.9710640160613
22.629549203522835 22.122114480736847
22.293876076879247 22.581838707959122
22.022317843479833 22.75906311193606
22.010283123660784 22.971572770526983
22.36666327111775 22.19494700653579
22.74707916495328 22.113862295999503
22.47757395944871 22.18350750097342
22.951075718226864 22.040822401033704
22.297919756044585 22.53327899350937
22.28016022157437 22.68541777240093
22.6157605391237 22.170237529023577
22.027992436154054 22.745765564327634
22.035549433704404 22.74321686674936
23.627164383988294 23.658723994355856
23.594226150863737 23.948940397361202
23.69099820941659 23.319749388694692
23.671132593664513 23.636472258381247
23.985426594580996 23.23598729698843
23.9093481784049 23.29307459359574
23.794688586441954 23.316764034706583
23.201014679088285 23.952045570105042
23.677404186775437 23.466416241378123
23.049764471696765 23.9874549217965
23.98624309724985 23.127059363175277
23.17225806947072 23.97997369975825
23.255078021384737 23.951282527821295
23.61101880037405 23.80912170397917
23.973260898769112 23.263426127972718
23.670993891807107 23.65659645333165
23.807980179601746 23.309047537806126
23.6830360831916 23.345161650169423
23.9410438151754 23.28387280124073
23.987662297553587 23.095860739908137
23.679091717368 23.373588292800317
23.168321567899714 23.984957292348014
23.99925530941968 23.047794596921708
23.958955376218075 23.27753599192186
23.197019466631822 23.95435033183027
23.21172813160011 23.95155024998264
23.9641245875017 23.26846670438306
23.611795544424282 23.67086015752361
23.912172401831892 23.29074608571738
23.603231909440897 23.94607054894963
23.970905928554608 23.26806333540253
23.60878565238915 23.8251804207815
23.004176703026125 23.998796589507286
23.046083135610203 23.98890230321608
23.60339198455064 23.92230530082215
23.194695579499104 23.963068963965146
23.860682157009364 23.304647623420085
23.679283005855304 23.355479751729764
23.604562965800568 23.85275198209334
23.67686654058148 23.588504272049235
23.677217897319757 23.5589358480793
24.720466831472958 24.300915023878716
24.16619107248115 24.750414864490804
24.403363527683595 24.565685285851153
24.605914973461324 24.423257760281512
24.513008141016876 24.430033912512425
24.813207067159407 24.090100599773887
24.799307709747293 24.090582210095842
24.117962885402605 24.884428513703384
24.055444607048017 24.93655463592254
24.401423881651723 24.658332894580205
24.7286391214274 24.117344266614108
24.84955491056963 24.027700880856987
24.486721045033217 24.461774849573185
24.358271872104407 24.740166059069267
24.156506160123534 24.823235551490253
24.622598820548646 24.405683934238255
24.752005104254593 24.097854258459783
24.270206540866216 24.746510894137593
24.720756297684655 24.21885254532122
24.63973534706908 24.34427602907626
24.838758092383316 24.089713732077705
24.842294505222412 24.076986785801328
24.466326847116694 24.495826059737094
24.474117818109107 24.49314087405914
24.014474650613387 24.98538493838521
24.911342512642126 24.0205010941309
24.419312257883046 24.54240807062215
24.370473832932685 24.67339934302437
24.1655904168252 24.78166481104301
24.15018991361942 24.832574648995475
24.014621423701314 24.938819497693572
24.439727606343766 24.53230076626525
24.367941565462743 24.67883335361561
24.123570567028086 24.87737783730061
24.502901361469934 24.436183753109685
24.719195287630352 24.303184069745935
24.66833814325287 24.3070236429845
24.065446859549485 24.886264226536692
24.124543304495536 24.86009971827021
24.439805529679642 24.51265383471038
24.72335484463929 24.168443125111175
25.27463806767919 25.62876718403107
25.44469352982683 25.519575772368007
25.63089986979481 25.36067775005208
25.449792490781803 25.504452367641967
25.47257078498613 25.398469991562862
25.052107877611885 25.858635067745247
25.756343325046604 25.12686454919166
25.56803332136702 25.367271571314994
25.141741178107505 25.695101112910248
25.18031988427339 25.62993090776831
25.737797839468946 25.282040589122758
25.838949987553377 25.018157142172953
25.65856055254393 25.291623473954594
25.79781972776687 25.081875212180698
25.36429601204002 25.548399386041314
25.7637787684516 25.0826280528156
25.28550600138519 25.590361348155582
25.030698020215688 25.99867315518827
25.12372867778064 25.728197302647786
25.288640711183426 25.567170506928367
25.816222503913174 25.023744662383788
25.096799310961 25.803451785426937
25.047707552849964 25.89773005416535
25.648508211745938 25.302633591289272
25.54712386636109 25.384693215386825
25.373686504248678 25.520868184419783
25.581889093253288 25.362805892631194
25.859646864146548 25.008479219261588
25.277001257598048 25.624285748668054
25.09692135010112 25.77186092286509
25.749216838090824 25.148617398419468
25.107992889073767 25.75106047991343
25.452932729491312 25.48356871368342
25.04765072570566 25.91575758273263
25.97686750959073 25.001030127784475
25.046240331807 25.941874121864355
25.366713585509462 25.545211760953165
25.749130624185767 25.224948441038755
25.80320975872533 25.07408667669296
25.469659875596314 25.39933129253568
25.074076059908382 25.84903991265699
26.379912598090026 26.59442062962401
26.460114484444937 26.09602973212581
26.812111198895444 26.00489411697358
26.04331596046833 26.903338817455218
26.312528098748416 26.59715659597748
26.409142255802962 26.498612256721465
26.004454039174753 26.92689591591212
26.80257577018655 26.016714942396536
26.227893540667957 26.673040726586887
26.438671271430483 26.360854760780665
26.187565317646975 26.90012600657635
26.721872660510776 26.076571886843467
26.460109243543116 26.162158614788066
26.21541531988435 26.850137449196712
26.195280288882948 26.890534865641428
26.220689885244152 26.839954927098425
26.254293801824495 26.66659030675376
26.26257076806077 26.618126152841487
26.12126148259928 26.902387465691223
26.724121659194907 26.03879287450404
26.453382881528995 26.326174335656813
26.008681310990237 26.91490573469316
26.48791940859385 26.08742732479685
26.222168678941657 26.691441053899407
26.473146276974372 26.08954916517585
26.416434721125622 26.439382449841816
26.2922236431031 26.61621975657778
26.307474575442075 26.60590602721773
26.43279192449069 26.39623661494564
26.455405362545154 26.254029392857028
26.556871197795815 26.07723647080073
26.172916608481778 26.902024659545315
26.39391096882079 26.53821773418368
26.546892149097985 26.082300167762845
26.77799900376609 26.03589492336558
26.206044747392852 26.858429863662035
26.81285333992914 26.00381135381844
26.436311813229178 26.371418543773597
26.006491996775004 26.92179571456498
26.3836359970195 26.561836529545015
26.506449085131873 26.083396807103828
27.706626182789424 27.897376248560878
27.96606259668935 27.080540212541266
27.242557975903424 27.912227205347307
27.7799830714511 27.82286755285163
27.772404569546666 27.854741426152334
27.92426257161075 27.671725615000682
27.95716159778093 27.5859791979936
27.720291814350713 27.87133311018695
27.454688200512983 27.908008930482346
27.112235087194538 27.94960078391394
27.876175524061548 27.764110318784706
27.05741880655812 27.962846013543817
27.683534986687093 27.90447456880726
27.959148639285775 27.242541101560878
27.474876036643558 27.907484066489104
27.216159686238925 27.943933821152356
27.99165572538772 27.028350689608555
27.823121096785076 27.809018293518413
27.226831317950417 27.935200640122062
27.879612053252128 27.71141611532195
27.380076846558598 27.90953321763003
27.951306675339204 27.594829502943238
27.94020286054477 27.65875257979644
27.787462672564946 27.811750342957332
27.957918853819677 27.38672127758308
27.965761588965943 27.095901546341647
27.83233747567679 27.796241190967216
27.957375416283412 27.521680091522047
27.24263812130566 27.90986244455858
27.649563991285312 27.906572031896847
27.95918649884414 27.227444328739615
27.74352286622768 27.864028707851617
27.011617451802188 27.99113995386468
27.62848521997596 27.907049447348903
27.87787007158236 27.7175743027454
27.03932369787509 27.986450952682965
27.795135745550564 27.810254667864047
27.88172574755824 27.68675039042981
27.882943989597848 27.682789575132333
27.234582816804814 27.918452676794647
27.865199277252568 27.791926709530596
28.379929820815008 28.092660112558846
28.17278619832479 28.281770941524233
28.682329526047315 28.030364240658496
28.158181951670045 28.42582126444625
28.156683222561384 28.98772894756032
28.59662126470107 28.04062958245339
28.303205206152978 28.278008956277503
28.16846026496942 28.39454807858769
28.34428666005893 28.203710055657552
28.41400582486671 28.05410655609688
28.58495988878854 28.045472872220763
28.82161448566659 28.00052676817643
28.32379347482822 28.216266348405505
28.1578626931018 28.84675402825818
28.812112900531048 28.026025881597363
28.69193883064719 28.02708652581899
28.05036939070722 28.991073403169004
28.050786411364005 28.988659995151856
28.3737878858221 28.100534715029866
28.38941543526344 28.079831387658242
28.305247177846883 28.271952832065853
28.372420757400334 28.100563435349564
28.179919784130828 28.280267288093953
28.158086060870573 28.445222515771533
28.574797903805887 28.048706273326356
28.370834028564676 28.120439786669476
28.352388001229755 28.130037135339332
28.034928597261054 28.997668576684283
28.308839436248142 28.24047767428956
28.32432073702453 28.213644969163486
28.172200453016508 28.300857995377847
28.587721618782773 28.044702327271285
28.657108892566228 28.040193212610802
28.024613365928193 28.999905316813315
28.15798115992614 28.809434985223913
28.471047002058114 28.049391331266204
28.81556422879349 28.011182206245504
28.16156744447345 28.407366699591126
28.29442648693391 28.2790749549707
28.387618543168617 28.081973507050407
28.346143315768355 28.196110325802724
29.615973817868465 29.932763906333378
29.307578442475318 29.96278316919927
29.616948694351617 29.850568038442105
29.863446067416156 29.520003556541095
29.87993154263135 29.25314921827083
29.68278382502019 29.82470496668441
29.883215180663633 29.038810928271317
29.748758679464604 29.557290864822612
29.789312252464974 29.55042577095463
29.26394014643142 29.985413009946637
29.563180990414622 29.962062066499783
29.6770138413912 29.838204477201778
29.880512893660022 29.060344233451506
29.298593080580368 29.982706270223616
29.707140467018412 29.714208904393132
29.874550537460912 29.31058857206382
29.880259140612786 29.10842356801339
29.93025613660135 29.00448690835637
29.74153021772873 29.58889202577186
29.685108685434514 29.72460575345673
29.87215831902691 29.495021982571423
29.717262168189436 29.59936438216628
29.669643082713375 29.843672477328617
29.04004491041723 29.997742291144874
29.684003833570188 29.813378327819656
29.07257528334882 29.994137322385193
29.107826804545653 29.99221292967417
29.975227510766654 29.003965853532012
29.90782083624047 29.024738724662832
29.709991505278385 29.635692701533436
29.87481552695939 29.260863025310336
29.729203942046155 29.595393199533223
29.84717825428833 29.549589245330154
29.86560942653727 29.503238710169935
29.172665021415174 29.987155422288968
29.603025218102623 29.951614420633945
29.69208077012385 29.723284262035907
29.747770300686216 29.573279358641937
29.710607196333633 29.621606341905544
29.774216129802248 29.55451715013489
29.8887237009779 29.032125999559227
30.113086146509225 30.034077837414053
30.01774741429063 30.182030017508364
30.258935618879494 30.016494256222717
30.054088075423323 30.127872068926674
30.017003330115973 30.45995484784511
30.01551090762874 30.813482659730667
30.540523751540597 30.00003841770081
30.085906508237763 30.041868515673794
30.003345494926883 30.839693116134086
30.14016674605766 30.03397224768081
30.08145876414964 30.100581316669548
30.410115752408263 30.00974565891685
30.048025424826637 30.157536383032518
30.017026266684073 30.43023760555078
30.488079448700436 30.008137009083296
30.159681952390528 30.03070660007339
30.345765707403345 30.01402415510421
30.47410880559639 30.00852703534235
30.11083326562035 30.04058502232177
30.333372579296714 30.015792511496745
30.002087561030464 30.956364245112667
30.209983122231712 30.0305323367817
30.02733950806057 30.178950239030048
30.017419089821935 30.387045378817753
30.247302164221683 30.01979572872793
30.497358362846846 30.002443166283857
30.50042997583858 30.0022914665665
30.491421492541836 30.004843918836798
30.000604015774453 30.997131953485166
30.00596148881909 30.83212778600462
30.047172742832377 30.172082064671514
30.212648541894996 30.0200357871304
30.071430662618297 30.104027857059926
30.008524361681317 30.817314119272236
30.408701089556722 30.013831509334306
30.048115065081888 30.13391072284067
30.08586896016009 30.097589069361153
30.537365876870933 30.000216678755493
30.00232903700696 30.912377713207835
30.21201245188974 30.028177370725047
30.06315556981181 30.104142112041337
31.132189150003843 31.43077731691876
31.70740836260796 31.04538408534256
31.22993137221904 31.14566429924305
31.144782928777417 31.322646818621198
31.00245940661835 31.59091409782578
31.130138757473723 31.469120029550464
31.653368807880653 31.087754095843618
31.24412220875087 31.1399219180486
31.611546882018047 31.131135989481134
31.14068906552768 31.379309705078622
31.17440994919327 31.31549412790364
31.85609605883321 31.043398235536387
31.05918076102093 31.50234912949324
31.96199903232506 31.040425932104174
31.419277459340712 31.134218182342895
31.140334361319606 31.41154749342371
31.972961959513142 31.010958176986694
31.17878385315485 31.232934604010634
31.44493464079872 31.131443560008492
31.11941386881104 31.495781377255614
31.016527347443933 31.512467540920007
31.651759986416142 31.122226562537293
31.66302431989556 31.071282036640383
31.22087560310118 31.150496551153587
31.013292795806098 31.56423032022744
31.972867586558138 31.026702128560547
31.116539948830283 31.49951528034787
31.20370207784122 31.205848729581337
31.9692823717665 31.031610097186817
31.679193256158758 31.056387213247948
31.324887105467045 31.138991257752423
31.001176487108406 31.735624684786853
31.127322721960816 31.4950149834922
31.01094941906085 31.573238020315983
31.175261518333226 31.312492567332104
31.013721709558176 31.536691545302098
31.98995491229993 31.002844233873933
31.73311504808767 31.04520537385547
31.203836322889554 31.200932686079124
31.401135300973174 31.13660934553906
31.04416291981086 31.509995637816203
32.9657202194004 32.701123757740646
32.550608105698394 32.81016472803607
32.324721115615205 32.812925461506566
32.882566232449946 32.804461100950604
32.26746151347316 32.83962189326906
32.2406116170742 32.91497550796639
32.99329657763826 32.24494314760623
32.25075064024894 32.857001205198316
32.07809326528801 32.98765834562786
32.272196566477454 32.829119934861836
32.98374496118914 32.42404946912708
32.962264160843276 32.71818266397825
32.246265190050366 32.866920720104766
32.21957176342927 32.935669228396726
32.92987504887821 32.761519046574236
32.96764164799351 32.4360586049847
32.15163206421111 32.94210732827537
32.06181667475591 32.98893118246676
32.5167494334339 32.81240852022005
32.98381578390861 32.328881551543915
32.993731116914695 32.00991732105523
32.22406488100561 32.91637807536822
32.12346209315987 32.96980115019303
32.934890694755154 32.749230594769074
32.94770349630216 32.721348117413086
32.295936853522434 32.826517859887886
32.699370301092856 32.807901639485884
32.05217559699921 32.99899979375606
32.96742380449305 32.55349971116868
32.91297650246457 32.772021426958915
32.143771494789355 32.95164694890736
32.34431367631008 32.812686732106954
32.215611861130526 32.93903858409505
32.10779585298684 32.98736615856842
32.96277212290624 32.708856776962726
32.882673207869374 32.774766827449405
32.96723080406527 32.64887945482945
32.11234417037757 32.972804430536456
32.9457772456064 32.723845988532204
32.160223530196596 32.941078110449446
32.965795351064436 32.67063118728594
33.55831854074016 33.59549136982648
33.986075076483 33.03294514165436
33.553295815996385 33.72284521463163
33.13738163203103 33.880621744563356
33.66859844296501 33.52304286694607
33.31911019250817 33.78931218342199
33.952739477569054 33.32672639891058
33.8682088438782 33.44301172833418
33.46989248724049 33.73526520440999
33.57227174025254 33.55598086256014
33.696707988428976 33.44652594324232
33.68426262640962 33.48465164443418
33.507607992917826 33.73210116350974
33.27133768849855 33.806801074282234
33.037268868477526 33.941940321139214
33.67238650234434 33.48544382363873
33.34300064948013 33.754162558295214
33.87042581380787 33.40355209262859
33.90894381811596 33.329944875281
33.51414879068441 33.731195960096386
33.977734517055566 33.06221590873254
33.96468389466077 33.07492517867594
33.88920285939085 33.37077641895604
33.18107659578104 33.84620151081292
33.665732367184404 33.548695986326955
33.4483947936205 33.746172897904145
33.257192505518745 33.81477291839883
33.00374240853975 33.96874910048405
33.18740276403628 33.82049821625188
33.88609722442084 33.372573958653845
33.32111197472182 33.764389687848315
33.95614939145169 33.18050200296345
33.14158801052027 33.8701191458291
33.121951597794144 33.89023673734212
33.076490151331924 33.906358023378
33.29023879555463 33.804113227194506
33.00812288014954 33.94394156705566
33.68464553411967 33.44808687001333
33.178325736232324 33.85370212140152
33.116653761896224 33.902692205944184
33.89237252793137 33.34252501632552
34.814066397780536 34.78656283760576
34.14178658856514 34.87446014954905
34.81574753700856 34.13080228461945
34.7741642959627 34.814718821251276
34.457384893295185 34.86077458098184
34.34393453600476 34.867846957566364
34.47911948287814 34.84634370111072
34.11959103747201 34.990845166340556
34.91946715528341 34.04993500743043
34.46529734691078 34.85139263232606
34.74257142314487 34.84146756138091
34.14002679029222 34.95874607701159
34.175171692654715 34.86793130998356
34.889505665008286 34.0635370655667
34.81435802427953 34.165559500678334
34.833603481107836 34.09807949339056
34.963090171228124 34.02012364250458
34.13394131662013 34.98868988817472
34.87331654953815 34.07292530429473
34.844287768232675 34.08375266055362
34.70156109442633 34.84187596204914
34.92889725777271 34.038549726810544
34.91258819493729 34.06194477449528
34.824083697949774 34.10462651912521
34.137233277367166 34.971769604372305
34.69032663422686 34.84538760561935
34.80683990823891 34.791783058654495
34.8746248964785 34.06525484480079
34.77123941264391 34.831134934350075
34.99662910261424 34.00269042111592
34.81425401927532 34.5930997621467
34.02047176061109 34.99574786115673
34.39519134746997 34.86169840540788
34.06655483975065 34.99378051252066
34.4757967377288 34.85089576800094
34.798162054677675 34.79990664514722
34.776811510352346 34.81451156534648
34.76030221618126 34.83355818696067
34.98289294147133 34.01690107702483
34.81838137110833 34.120120457669636
34.814279903862534 34.561487052652964
35.85988370489927 35.899400135828074
35.98274316427272 35.729852660185315
35.64059603940185 35.93251340596299
35.99575946248618 35.57926640053546
35.67687124617971 35.90692565940859
35.88756992441242 35.81180616094621
35.44799596242376 35.97665130089076
35.99608406876528 35.47594906810239
35.3658293095801 35.98488844259261
35.957554804868444 35.76961060956319
35.552655042248155 35.9370245379715
35.02492645798492 35.99607966078244
35.99859704227584 35.458280535254
35.64699814976784 35.91348195397504
35.714654274120704 35.90203631162778
35.9159596149896 35.77497643261931
35.478310373434205 35.94314780113555
35.459756661969294 35.952269449257116
35.88480848048355 35.844417844056025
35.97081718722767 35.754152866236524
35.99988948794791 35.392004209990574
35.94265207419028 35.77351934196313
35.30056104174344 35.990123865256216
35.98506446142481 35.5951371983806
35.96531491252214 35.76328214584552
35.542348434802555 35.94206502219618
35.323965505476046 35.98828459721377
35.356705076955585 35.986907704949935
35.10286397043749 35.99432785317871
35.43456414330583 35.981871124616994
35.86372078450559 35.89523110532188
35.45432298764765 35.96281687598024
35.909640248023635 35.78054054618423
35.9836918428828 35.7170474687334
35.0085963885599 35.99630069613052
35.99760966001402 35.45885144277098
35.909231649731545 35.79921881807323
35.316576058476684 35.98914008806553
35.11132367535061 35.992192079857965
35.980794041543305 35.73266345700327
35.11188674163406 35.99065336673221
36.31610566426863 36.04279154535647
36.4981649553133 36.003804498201504
36.14300905167139 36.33641336542475
36.086664308972765 36.55429832971465
36.086900524757596 36.46442298173561
36.018101218089534 36.80863571381648
36.14574924505117 36.131432609046776
36.06456677806058 36.75371876596499
36.248218127360104 36.05952517066607
36.23490026056888 36.11127885506261
36.3605047484126 36.03830579366186
36.08819828242279 36.38121509210413
36.45169034351402 36.03476743095908
36.46418297354583 36.01440864400055
36.08232731833424 36.63264678775911
36.075829425570454 36.662642588809405
36.01507261166888 36.85309061416149
36.004934277163706 36.87057598023062
36.01653632118842 36.83559025166204
36.24858141980739 36.0512810196832
36.14171994573148 36.3690794419735
36.34924235499221 36.041021250482586
36.031111969420856 36.78822078329256
36.314991575435855 36.05039785265389
36.07532547195078 36.70169302187884
36.001149091468285 36.92200580345975
36.144272825169786 36.18059543325981
36.23754731373591 36.10602333602408
36.231904571117674 36.11232359177634
36.46180017515915 36.03444692639802
36.24612374444791 36.095348589119766
36.17855492476459 36.12451103038076
36.06778948307243 36.73171913044668
36.20101835248948 36.1213503602091
36.60588174699092 36.00101535928713
36.60321980476794 36.001998000970715
36.077426339703756 36.658008305430215
36.02911941884701 36.78954063082554
36.81750043505781 36.00051985318798
36.04217526565805 36.763918770609855
36.05309255322223 36.7579154595056
37.45202984660074 37.08567697582492
37.1020615053258 37.32409696230291
37.06161326149561 37.40062537008051
37.19322831268162 37.207090161610616
37.549233756556355 37.056796317072724
37.74277788157542 37.01540362243054
37.010100553154295 37.408648828808666
37.344789953773976 37.17744315782469
37.90925771856012 37.01019540280428
37.78185368120509 37.01489274817876
37.45141339581497 37.15136493639582
37.00316563127833 37.88730705989817
37.49970007279477 37.070295989445896
37.11534830894269 37.23148340431663
37.420092344313815 37.17547092390584
37.724254542755595 37.03442268202628
37.44746079138179 37.15350063419407
37.60354687571425 37.03945504783807
37.20561785041098 37.18276505411472
37.00419743085409 37.67153775096624
37.005253714124855 37.48674029782556
37.10339323269 37.27764451026728
37.455225123702924 37.08453647594702
37.0620459481043 37.39864327667991
37.42348407862759 37.15393856420738
37.09070135513635 37.34049240848109
37.88376810948573 37.01049093750326
37.47992126163537 37.08397561591646
37.00879535618179 37.46418830911843
37.95135972702154 37.00152592743343
37.10418144472725 37.25791422302469
37.93867803807446 37.00998091962444
37.32281871071612 37.17844418293518
37.13780460174996 37.20840235633444
37.25026203349547 37.18023810486549
37.06372063252923 37.38667631831052
37.571496802305624 37.05181184074085
37.07812314504584 37.37733927189054
37.03140707103663 37.4025951788468
37.1252767386297 37.21728447744745
37.55937064446611 37.056738025576614
38.37024243256242 38.5997165806774
38.99736219192152 38.5358188924939
38.34583127979349 38.64602442589756
38.16995507406939 38.84352822884689
38.349997579423835 38.63372738317566
38.14646655938745 38.969728108242414
38.873081500589144 38.592155324359304
38.27121370045154 38.82480739259499
38.88203252465816 38.55648065178925
38.91429916368857 38.55324590621524
38.146563044180574 38.91681572591657
38.34315159618814 38.67366303856459
38.17572235292543 38.83729497025168
38.07986675311754 38.987155392947436
38.291232191578885 38.794971028354894
38.13327873375572 38.98575007667234
38.25825774902938 38.83128606791092
38.76008009524303 38.59604449697974
38.36473505310152 38.620637669934915
38.33665679826915 38.689077899437464
38.706575494645534 38.59717407439922
38.20656968394208 38.83625568293284
38.80999559090421 38.59414541792246
38.99991030092059 38.16724297654271
38.298943078193 38.69790632797863
38.00599937571884 38.99239012297324
38.628098032626426 38.59823874130153
38.15076023460278 38.915346697190216
38.16040655876793 38.879221044082065
38.29467150527454 38.73684833751258
38.306700091402384 38.69105629608533
38.96935858578812 38.54091435582867
38.87632924157386 38.556663245204206
38.999446369818656 38.50445179401344
38.97076863632937 38.536735588098594
38.01073665715201 38.98777541212935
38.88279352346255 38.556462959896194
38.16952080083139 38.85331221628869
38.89255453648102 38.554864350259066
38.29981026149226 38.696188286567335
38.1412276451295 38.98246815088883
39.78020628750011 39.72337396552252
39.138050379687776 39.768860762606025
39.94280345495991 39.04544211611163
39.888878974217306 39.32369557747132
39.347982722226426 39.733428667239316
39.82585999629947 39.58279507155593
39.935248443049616 39.27561774763
39.84596390313183 39.44201290725073
39.99533526820698 39.00698735515244
39.082831544979314 39.97476104817635
39.005812358408065 39.984772237892074
39.2079357056172 39.75777502669443
39.09819755964762 39.81024664993401
39.82737865248581 39.58216458218503
39.218149823435134 39.74052205712114
39.79774710784759 39.60983608848732
39.14261182867541 39.766046213085005
39.83871839368256 39.49968763063638
39.62255593189029 39.72920186933317
39.84011107940519 39.46256560789879
39.84814239953366 39.35108869180199
39.317096540908935 39.7354552582671
39.73956888975019 39.72868250699936
39.09060969872442 39.824414915310086
39.50692847501851 39.729904895508824
39.05435300677765 39.97811090659589
39.983817117456745 39.02020848970297
39.8128758197127 39.59253310908747
39.82938676384913 39.542807564425885
39.125132734736766 39.785910640865424
39.785301815912405 39.619066381000145
39.911363991520496 39.29087381474854
39.01521310230946 39.980044419792236
39.55489714918459 39.7293072233549
39.8978034014085 39.293180412690376
39.78399503543325 39.627309218321386
39.869609787200964 39.33229430323991
39.93704434501003 39.23064896395345
39.680827835903074 39.7290283440322
39.822044256860785 39.58610303450359
39.151896518497885 39.764174604681315
40.210392899175545 40.176801966355406
40.03181954460849 40.51040466633858
40.90694312557783 40.0028297433421
40.76186299591369 40.081777354230084
40.10100996493623 40.45719464151962
40.22442109447955 40.15060594129584
40.35274077463141 40.086419285277394
40.15447329837217 40.324378741631975
40.024726297013174 40.64838270038319
40.28280712916733 40.09845356205719
40.89354309738763 40.017675228557486
40.81726992105974 40.074608765583356
40.31211305502468 40.08717550431586
40.017653723819755 40.78701120532966
40.1986346945076 40.248739311029496
40.01059099895586 40.97056485635725
40.14065248820126 40.435654834016695
40.147542773751375 40.359021346608394
40.11196406655963 40.4433837695847
40.192703501177434 40.27255119509924
40.18539404634685 40.29065262542688
40.178301109609 40.292087908023525
40.24589508874071 40.1497284248786
40.823426426749066 40.0742650841954
40.02383082069427 40.679725866186104
40.35661443881878 40.08385371279968
40.01445684942302 40.78962686981039
40.8301159928213 40.071216679796265
40.08871500357885 40.48575361432514
40.16930204419932 40.3225666934575
40.872842735625326 40.06300747894457
40.14566599796272 40.410600076273816
40.03732455724766 40.5039434134232
40.882093211801504 40.02780880105621
40.020653414190946 40.77583191701637
40.197816531080846 40.256007937937134
40.02545908223165 40.598507840013916
40.059562318082946 40.485839588421804
40.255380493051995 40.13691068788652
40.14841329119237 40.3360574345732
41.89628884323219 41.48655129267432
41.19892150468482 41.85917217731193
41.62747012506962 41.80336440857691
41.86563548105115 41.7743098973469
41.93230338958232 41.34196622560686
41.116254939213384 41.91839315131044
41.369119655014316 41.831670413997
41.89919621302522 41.46493094227939
41.98952130747305 41.11424847549747
41.90255572638019 41.408438276638925
41.8668902069739 41.60715110437072
41.932516315272196 41.25422690800957
41.159395789073685 41.90915417564624
41.98278323259998 41.119183719029145
41.99417436163005 41.07351604943361
41.97352657168469 41.213172412836386
41.89067637510831 41.499597172834925
41.05802956402367 41.946749671901905
41.904003940995345 41.358408624543245
41.002235927002516 41.966499174340186
41.4179956146213 41.81986084944549
41.98232810118983 41.19187657026784
41.84193162888766 41.789064089943736
41.88233272379614 41.5855092924652
41.885688764702216 41.56825136849459
41.84443656246903 41.78695371088887
41.31891543736556 41.85166050410309
41.76149483944513 41.79308642579847
41.997526590340186 41.04431531341237
41.04819076371199 41.96230965814726
41.86705090730487 41.597319046044696
41.305672119472014 41.85399496992736
41.18957529395252 41.90135540391722
41.110566437045605 41.92946333674266
41.07526104435598 41.93562781360161
41.98403657989156 41.11539092496281
41.993238669303196 41.08599308834692
41.93896741170853 41.22734014253531
41.158672672114825 41.91272879118939
41.276211150313756 41.85532224110869
42.349026409288676 42.946362374753576
42.95565783068051 42.081724496953875
42.86755094768542 42.34231083496857
42.60382810118235 42.570788351684676
42.41921266570716 42.84077919291549
42.53936035919755 42.80037310521721
42.79167196066972 42.46054194822489
42.790369345672225 42.49808683758522
42.73362419586762 42.52318250141961
42.899067341642905 42.11414982386646
42.55394124862098 42.752519926003785
42.1512373189908 42.95924351549482
42.86003390220234 42.36631574641255
42.37094713487826 42.86245156591395
42.43375945874953 42.82304230962999
42.27852490423681 42.95060951216048
42.87748464248471 42.13684277829639
42.87644623708675 42.247362538010144
42.6687513455316 42.545121899906896
42.79397208613435 42.3862653864469
42.57661345105257 42.67641695514332
42.30939738415854 42.94849849997422
42.71769696951792 42.543220448734914
42.83466239970279 42.36740067534048
42.75371088757552 42.50707770466983
42.04334598114382 42.995072444221
42.539714797903784 42.77224193545069
42.50023247947439 42.822477460256046
42.9610334934286 42.03397036377183
42.972153651410586 42.01823568021084
42.068590853323144 42.99034151212046
42.87071522073517 42.25393454936195
42.75043939522903 42.51611351219935
42.79169764345064 42.39496369631812
42.36070737638657 42.91710640508047
42.72740782068013 42.541550050702796
42.09895949510867 42.990024693601995
42.50619194667925 42.81350860135954
42.76789640203074 42.506364604746636
42.54342395581783 42.75354940322171
43.12576654569982 43.24446338243593
43.10616851132787 43.9730323660593
43.80775660265525 43.21903934077474
43.1176804656036 43.359085569417836
43.867803765973576 43.01136315503281
43.746643424256945 43.234020016917675
43.83838926423038 43.18836435795395
43.84031735974973 43.04928846345307
43.315349524842404 43.23742761610547
43.76861871820037 43.230221403171754
43.849477693024475 43.02632244732804
43.82122789794917 43.20943870451415
43.89884539850354 43.004784224894536
43.83977187676701 43.17945508453014
43.114522395833404 43.54379908321807
43.104660698242725 43.98418158002967
43.19915075767074 43.243941256673146
43.11369272735805 43.635673060710886
43.123257468560865 43.282980064156405
43.10903273851252 43.660936783214254
43.12396951388728 43.27805234642249
43.81406633807514 43.215229917578384
43.83478447970951 43.18952942353358
43.11806807214807 43.31510674788308
43.424530240711896 43.23631657697831
43.07191129962537 43.99997571812369
43.265227234737836 43.239336283510944
43.1066228841419 43.86961923938062
43.08692339231429 43.98970786137095
43.10855874953908 43.716642992499416
43.108461261954616 43.84639451671454
43.57539330094221 43.23614701851633
43.231490889930356 43.243404806878615
43.116499763246836 43.42222540071568
43.26868054716411 43.239312526093315
43.20963695155079 43.24377215019983
43.11140102600483 43.65491372182858
43.08161624509553 43.994550989895075
43.27425604824763 43.237619294310186
43.248715861619935 43.24131824476805
44.332628711221304 44.87292724740128
44.97423371394095 44.00671694839571
44.80177329600274 44.249675003161066
44.085864507105875 44.978157136316355
44.2509180124123 44.96383104833476
44.70479237106838 44.73317004600416
44.79474503540715 44.33366231989403
44.812011185952095 44.24640626687872
44.83148702679306 44.048472623158275
44.75504792048821 44.73102459941536
44.43814974225979 44.76863102760931
44.81207507612422 44.183605970150126
44.38536546530038 44.809529751879964
44.66688827154058 44.7652073685107
44.827360636245494 44.06659996051315
44.7708984862357 44.423845593703284
44.06654663378349 44.978843983788096
44.33303849118735 44.83821591661168
44.79440343841339 44.41458816421176
44.25213769183033 44.948565287730844
44.6791692527096 44.74338715138501
44.86772015622747 44.01421696734528
44.75726909691538 44.532711792533505
44.68518972697424 44.74243784943351
44.42458417440471 44.773243355231855
44.23244114857091 44.9651924044754
44.82919194015604 44.04997178466387
44.57179774277579 44.76624724506552
44.103817594082535 44.97400548927722
44.9106792623561 44.00957960853469
44.756925875233755 44.727672547572624
44.26686193434327 44.931645022631486
44.3245819552369 44.88475192705271
44.06297448655811 44.99189685829239
44.42847609767762 44.772608837233534
44.28598784675312 44.8884492700037
44.81945885793247 44.175670149788886
44.2556975016874 44.94454701407295
44.67282286913391 44.758567500350296
44.10191758789686 44.97425461729188
45.39523992406688 45.35246018761667
45.076426322120696 45.529725785906926
45.963731779667896 45.29687577928067
45.75076796588716 45.318271412732116
45.03076040236584 45.79936504660304
45.016041076819356 45.89171261808084
45.49115150937336 45.33425132978066
45.00941960134022 45.916329449102264
45.25847879492753 45.49218712845747
45.071186416730036 45.73804481177431
45.32087001097376 45.42869244752506
45.99827532636752 45.111037304205496
45.300603388988115 45.44627009767813
45.98537607231205 45.161524459285836
45.083934873887586 45.51081570281143
45.96772227372056 45.228299226569156
45.81730397157571 45.30845929289898
45.47712968778247 45.34688331064747
45.2648032907557 45.44666956094432
45.02681782506586 45.88727765639827
45.136413217216884 45.50241668564598
45.3192344977051 45.43874625501589
45.356163386263084 45.370284113806996
45.067721628916495 45.78500087066206
45.0008624451142 45.93873108683467
45.43583416609975 45.34822357343325
45.98552471873293 45.1222639355033
45.62224093960356 45.32919691626249
45.96838461927886 45.18406528835312
45.069051226221475 45.74423780124426
45.394747333283775 45.36247292920017
45.22829662073648 45.49741638850593
45.342487467653775 45.3824792214959
45.86615599131598 45.30300256226103
45.65759747320081 45.32752800961918
45.610711471763075 45.33103008428136
45.39464303090868 45.36473730279992
45.98233747809995 45.17993718371974
45.96064335664576 45.29955878866771
45.72276221639443 45.32445008814815
46.784497422337765 46.6396692323543
46.653231710936204 46.986157059133916
46.89170111441699 46.05596990761678
46.68155483755176 46.7169298856261
46.85352202002816 46.27651830018597
46.85909162326584 46.09728135326697
46.822783115290605 46.62116017872763
46.42229016702898 46.99503876891611
46.781628763028706 46.65504419605524
46.51051963064954 46.98821384924405
46.70141806624049 46.68072228302935
46.41336825400192 46.9975445239701
46.922983939545695 46.036256728829876
46.765181634448396 46.6635292230555
46.88262024828883 46.058946444466365
46.66965182951725 46.87176233981662
46.00298806035949 46.99879423160909
46.8883411794368 46.05699240354407
46.998808229926716 46.02076236973183
46.86587710663417 46.061973191512934
46.713459341663736 46.674231284817814
46.84464610886691 46.47915270931728
46.825890796775624 46.572678033503706
46.84994427054868 46.293171529617744
46.834294751277916 46.56039219653019
46.855309021729745 46.16599902517564
46.999438590324495 46.015572897533545
46.76369726353995 46.67172497351614
46.825811068785214 46.61624163126379
46.85688549234441 46.103276791187646
46.66899308635364 46.903161608072324
46.79957302301094 46.63943009907304
46.84816423537946 46.45037924194304
46.66946544762621 46.89872917423991
46.918886439309745 46.054859355370354
46.66012857120999 46.965382552531096
46.67831629219163 46.7596325046946
46.68039461145477 46.74123568238474
46.66628547113317 46.961397796326466
46.15611343082815 46.99870911346875
47.6269029426224 47.595302798586744
47.372717308680016 47.7459308107779
47.910214252202934 47.196885118334855
47.299712857980396 47.80903595615373
47.74825820894886 47.509214902762984
47.22840627085086 47.998728158965626
47.70239570068324 47.560316925670534
47.8830787879158 47.28991453769179
47.53363396765033 47.69853606313396
47.79113097272043 47.33563514287521
47.90795976674688 47.28755948666298
47.137499460161415 47.99971932688585
47.58292624996264 47.65425423374662
47.404017709961394 47.70715840297325
47.87673220700206 47.29097251702342
47.92154907499675 47.08019430281941
47.79050942832109 47.43837149465194
47.666412273455514 47.5704649344719
47.263152384753404 47.83596892577119
47.71715330650305 47.53131273212319
47.659593794469004 47.57538971954938
47.50179986935972 47.69946324331708
47.35353221824902 47.76571368622238
47.28777530797082 47.821380470720634
47.31293805955491 47.784904608870306
47.39853340064547 47.73768849682418
47.74306134608325 47.53045409046888
47.236188749136225 47.84518932958692
47.80352671260484 47.301474780715225
47.929654263438444 47.00094501844785
47.54866781743146 47.659196100026115
47.586545240762774 47.60150031523432
47.76235120047703 47.45735353287613
47.90841274495082 47.20758556527535
47.918966425408826 47.15495395242854
47.75577467747875 47.45980025869486
47.641425199861544 47.58632416938947
47.71028957554505 47.559030981385845
47.584640250058044 47.64443033146658
47.23706157279531 47.84486494953556
48.204091771293776 48.02455344093645
48.0127733855384 48.68772520421606
48.04413822148108 48.43742508211895
48.1225089428026 48.05416437086605
48.0705656245264 48.160119783490025
48.292254082821465 48.00297998932491
48.097574194936335 48.14038246513797
48.00662454917653 48.984575498408724
48.04215600588953 48.68566628229624
48.06022035198361 48.265224608122594
48.102557867555404 48.13596378092486
48.05874808028304 48.268122705184815
48.047967394894414 48.33310746650362
48.04361064011506 48.45783462130194
48.0952219307406 48.14206047331473
48.28314515161185 48.009952081683835
48.06401915776325 48.184515115602295
48.24460359379973 48.02092207809914
48.96723083121702 48.002649887384386
48.119032924699944 48.07893547167719
48.01055772522814 48.73574071932523
48.16656088905077 48.03180232547484
48.08576518579506 48.144792569728615
48.0585693769086 48.30373444510603
48.25106171049194 48.01500799672718
48.95532910836051 48.00272855941931
48.158234732286985 48.035505435363845
48.23154297243803 48.023527315295375
48.04739646321432 48.33643410340123
48.00934015356425 48.775263560117686
48.108896194957914 48.11235323091034
48.063508658444974 48.18849362073427
48.239769039177546 48.02334614768278
48.19370483413222 48.03122167531126
48.127107821413034 48.04181479889149
48.194614738573236 48.02721888161088
48.01459229917946 48.687223201206244
48.00836412120484 48.78375737625315
48.07865291287995 48.147138571896896
48.04437245928341 48.422505261258515
