0.6503939562128879 0.5400771415233974
0.5674461163626905 0.9054108176376899
0.6224188875658254 0.5515492964443117
0.7993112450583 0.26873843727159896
0.7595973475312339 0.4895366783190582
0.6069593603123818 0.6280526731156558
0.4286394388256095 0.9780368184135467
0.7939505203632071 0.30380103229471556
0.17228970404681132 0.9844588039370833
0.8504827710173967 0.04164028173159684
0.7433755691167844 0.5302836021624676
0.7833704404217811 0.3622488651402247
0.9295864631227118 0.014847511761294063
0.7493286824117482 0.5044700447906071
0.7521254671484053 0.49265188809490346
0.08614775942209041 0.9975560685930107
0.8282306436318979 0.2553977905999191
0.787040854123818 0.35571137995661406
0.8957089718669753 0.032180296269924136
0.8357371599183728 0.17784995304574547
0.5953735542611479 0.8249233876056173
0.9145204400482692 0.019325081265426314
0.6167378650504429 0.6009503982752717
0.5631814439481142 0.9505860547328044
0.5983876023140392 0.6836320970235565
0.6172760689206114 0.5894666454668043
0.7749341614646573 0.4721307915027354
0.2614085829274003 0.9788687566575176
0.9297056836085713 0.007344079792521718
0.2593233813622887 0.9819340630639711
0.5813667452705091 0.8942473437395584
0.44096594334249783 0.968992644873305
0.7800180186879728 0.467722412551989
0.10329449082905418 0.9865789435872817
0.5460017178951115 0.9506306885317535
0.5306896658061553 0.9516015524002006
0.6304750270290036 0.5409997312084481
0.770287693078429 0.4802695933015241
0.5983471674789986 0.7725805141783711
0.602410852718244 0.6287255591639148
0.6730357323020715 0.5380322618247426
0.42184939198336513 0.9784548774691032
0.7912042832462524 0.3161494736912078
0.20924681297947312 0.9823233108563656
0.8166136539493712 0.26764439074724367
1.1938990537603305 1.425368249076926
1.5638914571948845 1.4236776563617812
1.0681103569517736 1.8209542943550807
1.8152326723855396 1.2580150828361356
1.8557641952204618 1.2211797356220218
1.5812733721533758 1.3583355834386706
1.8685807579849159 1.1076371883770804
1.7858594818956635 1.3005239767763825
1.0876939495695417 1.4634570184224314
1.6262337585528244 1.306595961030204
1.0439146814835842 1.8899379503989402
1.6121908829060958 1.3242210650746582
1.0317861112776097 1.9676750827033824
1.878077584505689 1.08989150530748
1.0845211278182325 1.474277154311007
1.0215123205820469 1.9902293198326355
1.1149445024423112 1.4288928153398714
1.8650474379518367 1.1418668082593326
1.9623428965626046 1.0689605803741549
1.0297625406114757 1.9703629594726766
1.081744967846372 1.6377431724847864
1.965822639415096 1.0599559393994908
1.0790706716646046 1.708777844293952
1.9862730969021354 1.0526081821130922
1.5727250344881867 1.4213307106972073
1.912509769975001 1.0702751925453224
1.1021613055595014 1.4419405950155488
1.6062488905178243 1.3334401956797624
1.6029153694636613 1.3554638203928564
1.7350040431251297 1.3016602039180771
1.8943468771385363 1.074367779717876
1.0976115591639382 1.4463332789302727
1.6238914862186937 1.3129019560996262
1.8270497643466403 1.2435384378266527
1.4486710816606185 1.424011476551969
1.8327134823951297 1.2284623977366582
1.0547824183214327 1.8893111974116512
1.058965217416862 1.851502783733486
1.8880235642753225 1.0749610524147744
1.573866865732188 1.3850795445276454
1.0797638417094633 1.6405136362116985
1.9739179660548927 1.0540658502802085
1.0418855611070499 1.9000353755642836
1.7886199158945773 1.271725354324578
1.995490158760199 1.0009697618938895
2.7921353431616085 2.9788538215820006
2.90305773109883 2.5218485690251162
2.8932236726785034 2.5738441954977995
2.0721900707727476 2.988201072834636
2.7945508673525747 2.9385908552651543
2.8325249648952773 2.7440825239774624
2.9831427894235127 2.1588034758417907
2.9475655541845445 2.340583622859959
2.974533223406058 2.195490483166698
2.8822144440975794 2.726494270442925
2.8079023129541625 2.8026803218220113
2.944780739731865 2.340649685432269
2.944268355526609 2.3465360887719737
2.9605097131618234 2.2891415144042835
2.9965900890900974 2.00570904735841
2.917869855865881 2.3485884295602846
2.968596832185021 2.269563385723132
2.815370198396174 2.80159974002876
2.8915801121427167 2.719913920113248
2.5870914442639923 2.9809987236287463
2.32675852746286 2.9812960245910207
2.3058672184973528 2.985843446812342
2.9842384114788887 2.1502390998174343
2.893089966080374 2.577805229301633
2.803209944362128 2.8620807416390788
2.79888721929695 2.88464361829064
2.051878746269193 2.9908179617706554
2.9919351730741504 2.0798163213924235
2.906360791351163 2.492920765492336
2.976737776695372 2.1818745435078424
2.8066098489848166 2.8224564359433395
2.899383518069877 2.5655754862422677
2.9906557779691507 2.134176622133336
2.8815427494233607 2.743307413092073
2.89988589509324 2.5365069493062613
2.9164898299213498 2.4885864491181398
2.9484357971692603 2.303631065179118
2.796410774992242 2.9328673491033337
2.002342604424814 2.9975216735029893
2.9170333979975527 2.4563532469054103
2.9815022257719237 2.161670002967729
2.968048538471141 2.2742767807539797
2.9720851530911423 2.2393641294618845
2.0239014640066326 2.9923964525467204
2.824754648145837 2.7444583494817048
3.0927938413069667 3.203941489014692
3.001992711633349 3.670465406321586
3.642321374475325 3.0064757601793928
3.2153164638591507 3.129557235385659
3.0826264412881077 3.439028702453481
3.4531202742398754 3.018992323384506
3.399637620035322 3.079500715275119
3.0578100412271283 3.6161834170739424
3.389480315794181 3.0976986662000243
3.2524168176024744 3.1103902923173323
3.6529555021106326 3.0047076505055137
3.37809843100684 3.1059233569304894
3.0082533651659937 3.631712838843618
3.093651918552866 3.151315957885192
3.11832303246923 3.148603761137303
3.422162289229753 3.041604161485612
3.052167159198298 3.62495534396089
3.625988971056004 3.012485345387695
3.604523989263193 3.0132163755499772
3.7520519855775616 3.0038641784066042
3.062664499876321 3.4886160928455237
3.6448269144889553 3.0064018210075485
3.223891948650955 3.110978656839453
3.086744636905397 3.3823432536382065
3.6308828080968096 3.007254219853232
3.061108493361897 3.526051539535933
3.6284530239705814 3.012039271404797
3.94102205941368 3.003428722453733
3.180638523778819 3.1412616491362337
3.962334119868034 3.0029346313487455
3.064413233710572 3.467707306722996
3.4205680091399735 3.0669395605882634
3.581364106113396 3.0178446650485458
3.0068733052034133 3.665079722635601
3.1066276477397583 3.149708708183029
3.1290157825890033 3.1433978470156445
3.2529987049880353 3.108297976884587
3.2874580676174032 3.1077587230086765
3.089098475551162 3.282233339196062
3.073296126800232 3.44342236404799
3.443920689406234 3.0214094028918606
3.001904163524106 3.684498938165459
3.2678968119479235 3.1081076023113856
3.584953202425756 3.014191253890268
3.0002004606086974 3.8177781659720567
4.397766884776506 4.995225300541572
4.503311720982479 4.191246934443283
4.462800845126221 4.369284618298542
4.624471508920608 4.189563211461547
4.403517449757638 4.90376918548024
4.756742949866326 4.016388295046336
4.501904160975101 4.2145078037662325
4.67662294406771 4.137408920070752
4.428196701683287 4.567399514530376
4.419432888617754 4.593267694730155
4.476367964502276 4.342200727397509
4.73944403600648 4.104035532601399
4.439754692204894 4.385704278445841
4.375952270581376 4.99635503755558
4.436006823531333 4.4487373029394455
4.739217563942703 4.110099257476041
4.917815666665535 4.0022558382710125
4.748807397448347 4.038691758973119
4.470693200213093 4.36577210014365
4.428419831497968 4.455938313260532
4.496710363250939 4.255564109902852
4.407309803472582 4.70895254269857
4.746924754742991 4.054579788012372
4.7180843297827435 4.112121577437902
4.491503358330585 4.323928756436197
4.059718746078643 4.99753521559725
4.742699726633488 4.092906237418461
4.449377515318198 4.372976065237673
4.628276041571861 4.161206823677518
4.713214356681128 4.13439555388703
4.4814180656727665 4.333560713974755
4.9130376197008605 4.0085132916061195
4.406898116193972 4.794570798377744
4.421067013915307 4.585047475690622
4.405060735631797 4.891876120365627
4.427503527600461 4.581078078655283
4.629581544330024 4.160411321586991
4.405750000185565 4.881508077172651
4.671253028109287 4.140520454506573
4.852181404155363 4.012660935512578
4.500921886600245 4.242937757261633
4.749048905135467 4.025800900812699
4.452190829556858 4.370488012721573
4.756954857734338 4.0134795504654095
4.924751172262991 4.000576239983681
5.22081451565232 5.561708125014273
5.2589000308255915 5.1284891654274345
5.1466639361058775 5.8512170427239925
5.202106242714293 5.763160351113429
5.675773740976485 5.113446784951097
5.095230760575654 5.925885481667524
5.227196750624262 5.2103339995046145
5.205232806288825 5.762032337829702
5.680374068311003 5.057957540840423
5.739741248240737 5.0406114507892195
5.091146521281731 5.987608533390901
5.123831581215324 5.911527077160502
5.160980586444544 5.782995527052574
5.783208391724353 5.02492006101445
5.246272040049776 5.194484710614635
5.036705129133255 5.999414976870108
5.214105809318422 5.7400161766347875
5.221881128766437 5.248611340140243
5.8737669091696345 5.007898319965444
5.53752174926097 5.127893259910216
5.062577444929456 5.989276072137348
5.709932585867479 5.043860670941336
5.20036007672392 5.771338352797092
5.6465278372449905 5.12447899791929
5.802488987330624 5.021199625357822
5.682039473119964 5.057300753937597
5.830804033783088 5.016918879963143
5.140073122195548 5.884940477749518
5.165267749346989 5.774708485343778
5.2173015746717954 5.6175431750937745
5.22683545974967 5.227022357722762
5.924778296444961 5.002496097859444
5.257878433192737 5.155865016963455
5.252646676261758 5.179218376142977
5.1557220238017445 5.794884028875277
5.061242631012754 5.989550603872174
5.834487771204213 5.015247991216594
5.212170169518767 5.761945446044612
5.132446512637692 5.889845129791418
5.2148406724227945 5.6912254377719655
5.0426470462322825 5.996857174080868
5.151222528420854 5.829220497338438
5.112887589264779 5.91996432604551
5.126260129932826 5.891090147554692
5.650005643660728 5.119548297351508
6.3437253844890655 6.898901308652259
6.955918990762819 6.609584720371946
6.47691764593722 6.868565866232336
6.964391561400951 6.041820565571372
6.516652120584027 6.845384087042288
6.929452543633407 6.777312679571082
6.684226124239844 6.814053654216918
6.961240976138864 6.4592121233946465
6.030960545109956 6.950969179440731
6.488239897153483 6.864428438866625
6.670611708696207 6.824109654167566
6.942648932533944 6.718973313765321
6.362428591636165 6.881098034126838
6.738894926388215 6.793033066188471
6.962533231540874 6.187267643824266
6.149059592933209 6.932463508939625
6.276529524248982 6.928471486479989
6.935620437087715 6.737938072083716
6.954520068426824 6.662450354574964
6.003538278760047 6.977656109293798
6.928066101356183 6.777904566144199
6.961339173918638 6.403156188219067
6.78083144981123 6.786856837794635
6.427648474468343 6.874128007812082
6.962500542205029 6.2259906415571376
6.959873565478083 6.48517764641959
6.303692672187816 6.926599357674139
6.068041555968813 6.938824063557336
6.962186604931591 6.266871689368701
6.560711781656799 6.845298490137041
6.368271571843198 6.879527428137635
6.635505985744759 6.82865237205088
6.642277591354099 6.8257605719746035
6.93923907412022 6.725023926917285
6.76729454197237 6.78756412115842
6.971797120277365 6.023503731483016
6.887468398006469 6.778016705839203
6.976950140300934 6.0043577800807455
6.625324463035225 6.843821725956726
6.135050662512458 6.933463996260582
6.729502393164269 6.797617824923872
6.437804018936866 6.873781438350416
6.628346936596928 6.8319951215550905
6.962505948602312 6.221282864761093
6.334757266475795 6.925939469107331
7.833150170579426 7.941352830273538
7.988495186974296 7.72217207594406
7.995843253868438 7.693230646427147
7.977577903669686 7.934179690494899
7.159620719862041 7.949588670117335
7.274483200739356 7.944912944445315
7.093457643554673 7.999618129642293
7.8390627099140735 7.934780536359146
7.978676042419449 7.767932674492096
7.999498746535223 7.2802885084118385
7.142029828603673 7.966470847817579
7.10274542726273 7.995857184412995
7.153150530100239 7.957967181317628
7.237536354937885 7.944969092806169
7.110058502165102 7.981862376874195
7.9819391339708945 7.734440699786824
7.997270574738796 7.400647089042008
7.137185774583054 7.979118206986799
7.153609073046078 7.957815004380875
7.108009575886087 7.988985875086834
7.7392790571268915 7.9428683661790185
7.114491701431422 7.979840777952238
7.99615549807461 7.601654742835501
7.999638011949711 7.253809884680498
7.577777709175019 7.944283026981869
7.180677338901119 7.949334897543253
7.999674914312087 7.112512813449573
7.106188378107005 7.99537837015457
7.99778931304554 7.32094006688944
7.649461929807514 7.944135822441956
7.706632323440108 7.943735424409063
7.158639543627816 7.957427271655027
7.107914587811526 7.994073733359888
7.2204778764565996 7.948284822007648
7.987895310626403 7.731319581504762
7.203241876496642 7.949176024473278
7.763025928778136 7.942650455523125
7.1403527750511415 7.973485414802186
7.978575544742513 7.874981236330787
7.452457600500898 7.944369425355723
7.325540397495448 7.944374662019118
7.958090098492631 7.934212522802238
7.980360973829529 7.76111376789831
7.9022225254659 7.934629540700981
7.999772327799375 7.009821627138246
8.446398644314232 8.69122598927954
8.802242578866318 8.338666438164967
8.290994090084931 8.848160651914732
8.76874832685659 8.635725429054743
8.909965456928836 8.335640557496625
8.957922082796275 8.170508574221541
8.064513326742432 8.89785356623043
8.021661932035073 8.97051770514253
8.241185711549996 8.863037531825126
8.388914282012939 8.825296608115416
8.990858903831992 8.033229217761614
8.399634697922544 8.69489031132934
8.036441589820196 8.923190622076769
8.791431178992356 8.498882753140874
8.789931374774802 8.564462088447945
8.537998415656824 8.652137881103593
8.033460329903248 8.948220686429563
8.192260492729643 8.86862872015245
8.390581684948469 8.7164438907794
8.008771670257394 8.99811957011315
8.95995938706707 8.166786980368702
8.475357200522094 8.655701140140064
8.975608799999302 8.166507449155302
8.736561686369061 8.650146377442193
8.987510598613623 8.111832335601648
8.69228151412113 8.651206593516754
8.161682252444065 8.89015830913211
8.45525590270286 8.685501246152374
8.798737634977284 8.44017265977288
8.936320718824351 8.332221047679292
8.983598768870285 8.15701752155531
8.171113364534271 8.869083721243236
8.936965810169768 8.329387439520167
8.800728805031191 8.373247223171662
8.039303690681235 8.922732963926187
8.416850291561106 8.69263496110972
8.944283036655612 8.217979423323223
8.776845436713652 8.624017654314986
8.315644522215802 8.826463644311275
8.130487132398589 8.895229214400297
8.474668588094158 8.665965397548982
8.953167594477005 8.179797601745499
8.464071288140026 8.680109289951561
8.031236782797723 8.950864929940977
8.796933360838745 8.48034392972631
9.734775221790862 9.81277291838062
9.858080898963127 9.61630440856886
9.547926233627456 9.831813016302954
9.89204607961275 9.338932700664307
9.23503206858487 9.835348756429983
9.755775376450181 9.67863029099726
9.050440646288498 9.88209703278793
9.119656968750553 9.850647530967322
9.808587319439019 9.653017743280499
9.921639962025438 9.27854851015886
9.816216575647939 9.626296686962004
9.076494052253087 9.87013025699298
9.954095804862323 9.139176343095848
9.954640616141962 9.01958930563175
9.023758664696057 9.958500977399384
9.040604406250354 9.884866735526584
9.552478128119422 9.830397747250364
9.997724562572314 9.018085538595885
9.167738457024248 9.846697300278255
9.891542254007252 9.487357456156932
9.931573632846765 9.153668312181125
9.736038000834041 9.77240843530743
9.09089399209142 9.855827323917026
9.870162736604438 9.52657539347365
9.926614659163091 9.247641201303216
9.753069347102851 9.710798445313767
9.923175493372852 9.27199329260847
9.353818628466477 9.832006695951984
9.172588038716595 9.840484908462228
9.02497221212244 9.911075073690272
9.821644559003479 9.623433651310668
9.740018880011094 9.770405270103877
9.814923522748364 9.649226491340185
9.807758765588627 9.665594855480942
9.646541276778477 9.815597302868156
9.773461333763294 9.667866972341805
9.716848435951286 9.815170296295003
9.746901178431525 9.757254497103
9.894377641543379 9.324233281041225
9.776926758824358 9.667193026707594
9.803226255437403 9.667037766773324
9.034198719364746 9.893528331672568
9.953261087016656 9.1444454959056
9.750362957767493 9.743016250761018
9.07265211038416 9.878128955643533
10.606501483779615 10.244860495329146
10.509064114636859 10.99307212364913
10.550953944409967 10.432692482943416
10.700426740304227 10.076340105080407
10.977759164879334 10.021527502311434
10.556052724693501 10.330441453776258
10.734613164371378 10.05903209037675
10.825372134667122 10.03890580118419
10.651972860236818 10.194278701097106
10.341462732238197 10.997127839818658
10.620229476719693 10.21661823169607
10.536060073854964 10.952439180727454
10.521822558742686 10.992237069141147
10.656888341900746 10.081401186710885
10.96475126860079 10.029767045406123
10.540907637092056 10.574457343666865
10.722732045539418 10.06926841124021
10.925691129474975 10.031863465123068
10.063389756155367 10.9993967086451
10.12126090451459 10.999055316767866
10.537798548590303 10.75427326906263
10.610952107291242 10.237779738502837
10.458015001714674 10.995610700964903
10.541488650333562 10.48783363969239
10.562797808626483 10.249012197851721
10.88427024182335 10.031881634129823
10.560045346178068 10.28247918661649
10.65398259268849 10.093759756217823
10.614361897723038 10.220385518973648
10.64447329622579 10.197211274687108
10.820295213550681 10.053203646218478
10.644372118173132 10.210404596824361
10.554570171235726 10.350026428825382
10.554405005286245 10.421416746368
10.48317934533582 10.994674801216595
10.540893672471347 10.721106597507418
10.489100115832422 10.993293832034421
10.653313484475117 10.142895858286025
10.54349241211153 10.46182155993092
10.531671413918323 10.9812289982481
10.61352221952893 10.229973226603805
10.156832437012554 10.997418538372568
10.797015400488636 10.056091501162129
10.393668961749459 10.996198526506596
10.986929367229761 10.013069158807653
11.977235916820032 11.329042240173761
11.630089156463232 11.32972886376406
11.425307858942752 11.5432639296644
11.384097990401775 11.608038407631991
11.51440377371472 11.385085033472055
11.010266996967115 11.756592237087007
11.382483319630298 11.609142350817383
11.458498297872483 11.522348494973706
11.280664964716689 11.673101351856861
11.059377305378247 11.70103856639192
11.19189570109396 11.699869870591144
11.580934671330924 11.362825742892925
11.98809226554081 11.312877339061366
11.510668969394043 11.510774131726311
11.311724086727784 11.66323467765942
11.025293439399137 11.741643316359031
11.59385380626845 11.34565920539078
11.52672608336562 11.381121874592845
11.99528642040556 11.282967982665097
11.397488047291827 11.572127861920366
11.527564335007668 11.376251233992367
11.370379674765319 11.624491979806715
11.210231423949113 11.68926411416582
11.997374877366747 11.129820773117743
11.412383220527646 11.560587634781099
11.318046403256346 11.65914542244253
11.3357130699378 11.648496392100519
11.510045010464523 11.513024640849887
11.03660248379185 11.727389198726653
11.230711352971664 11.674121287368866
11.0039429296991 11.787266523050846
11.009600628527512 11.761627336893898
11.011392769005122 11.748573643292202
11.513256649325182 11.388691128247778
11.563315862395775 11.371168306267116
11.809843400809774 11.329079740791293
11.312981385537064 11.66172431555875
11.00276851065765 11.989133699275282
11.985896001925038 11.31601341384032
11.003228316849196 11.931755543373033
11.192335353027255 11.697760602199354
11.215914543861532 11.678020697796692
11.339700702272761 11.64145626781769
11.36988051929548 11.626609233216255
11.297351235423458 11.665286171842201
12.585496515877399 12.207209650853784
12.944635484814 12.007465933324516
12.105289283133096 12.249999705457064
12.01337598159171 12.886368900569101
12.623897965549732 12.136372400804241
12.615263610647629 12.15706781903568
12.020020948314814 12.509928987786283
12.050005432739068 12.476168991233756
12.05274245018542 12.321272488708782
12.828415119759033 12.02854369126861
12.60424490944505 12.183631051813775
12.296098392015878 12.239447605115325
12.051926808349034 12.439758996016542
12.453255266630492 12.220768549453938
12.67883191300319 12.050201299627291
12.490771755293416 12.219875208287373
12.018023430792498 12.625248376253051
12.815056004286134 12.03144547661149
12.765891413824182 12.04544845811439
12.582523944216133 12.207255966915959
12.6311522663965 12.092631807918146
12.058444716722306 12.293057950307942
12.040681228951845 12.481706859907082
12.01815141047788 12.566534670603527
12.018927926384366 12.565922485598982
12.612589957045628 12.171565331245493
12.041867446779268 12.477556153954668
12.383689408851346 12.222444964813375
12.244999082521659 12.239624610805135
12.052370298080113 12.354105182813404
12.084219457540627 12.26751149207768
12.591881633274175 12.20299244793173
12.664134639584548 12.062428192415473
12.064950945239053 12.285134519352761
12.685047169415846 12.046683665819103
12.00178722517376 12.972714316291869
12.015620411990595 12.741996439974068
12.052389114011376 12.353722683010222
12.555214560204947 12.216321395182367
12.608621327426736 12.176868704316373
12.011256859792118 12.960325654208866
12.18519245900391 12.244518569611593
12.064399760593206 12.291873428434613
12.927129212031218 12.028503026277795
12.101995516282319 12.256194262223401
13.010106148769085 13.927369828409004
13.888473145898553 13.684605591990262
13.904249412212996 13.338240490508882
13.459678395394539 13.697822359826807
13.297649990908747 13.763302924360609
13.905404385959796 13.028586381335812
13.737227386771073 13.693329178171744
13.405099584984898 13.71453005349265
13.167666476981324 13.802217343298532
13.127397374452478 13.849584641261307
13.267734908210448 13.764202267222482
13.890610121070601 13.643317941227094
13.629569737647548 13.693923106779968
13.242486722506433 13.797069004330938
13.36112770255149 13.73864457057006
13.904773643455528 13.053849313183479
13.337163737004737 13.751856653856423
13.896853030391553 13.448597985360722
13.025245990619794 13.875928449459856
13.007603767930513 13.946595077217117
13.901216201965434 13.43765440957893
13.11289234734599 13.86215796057282
13.340823725783496 13.75182955978508
13.156811401919434 13.82352356538202
13.9714149859664 13.01959804242289
13.005240603317455 13.996337421746128
13.153822677393542 13.834373785931755
13.019833977445233 13.879797116936377
13.113924969554704 13.854215698213828
13.89531249637519 13.618798155276197
13.343590084891009 13.744496915631496
13.011841589197942 13.920179984227307
13.05903701978175 13.872445333319732
13.410344548550515 13.702544510652887
13.978402067935747 13.010394163762935
13.946542054555993 13.024168210462339
13.141653974231762 13.834521157516958
13.170720782890623 13.797307209763375
13.964695661162231 13.019746781392842
13.34610922915249 13.74204198639697
13.796966570824749 13.691215777459522
13.890579986891396 13.682645792156206
13.894059180885028 13.618912861803175
13.902782281370126 13.433679972538192
13.253182748762153 13.778657602170698
14.289846110683348 14.893362459416627
14.715813693769887 14.755903815799565
14.932584514726683 14.657012494484391
14.296706563746751 14.83750194675897
14.020381147182071 14.910300754687885
14.476022169050218 14.833496126865635
14.276926240562444 14.905117720903103
14.795967359528621 14.724145050584992
14.946417762026579 14.065142527880266
14.653949592226251 14.811994244984437
14.890832419350886 14.65908142702399
14.94474378758467 14.414845873501147
14.945107030728133 14.400475882370529
14.407165979238007 14.836987765565196
14.510175439232146 14.826791954337093
14.867568778953874 14.71852292321826
14.617943875265079 14.816607033879244
14.703164071351631 14.772835620686488
14.992553488585688 14.000589088422414
14.945691458681738 14.38823163709409
14.946699223061774 14.063627528715806
14.978901850570173 14.049577466633302
14.941328953138813 14.459760811025395
14.661996198088252 14.7756964749943
14.583551717433714 14.816744162327023
14.501020265128648 14.8300581512231
14.793719947814969 14.745245294918028
14.566853837461295 14.82498664780976
14.961301274815419 14.062720615333674
14.939835115292151 14.468472803707822
14.972852265230728 14.05842755198163
14.974928625176634 14.052700329261565
14.140101102582092 14.907945474639913
14.934318109206755 14.551951145788534
14.832419407961854 14.72015208345407
14.454836126284185 14.835830928641666
14.766652990283045 14.748251887880889
14.009631667706309 14.982309197102179
14.292218605290834 14.849766205434026
14.969390865475498 14.05924106427234
14.013192971679967 14.911434906412255
14.661648938559626 14.802722980114089
14.944326324948857 14.448299803201461
14.879843433312406 14.668390941165029
14.933754267846641 14.578931532376687
15.995615951596326 15.504812161720032
15.976989284300663 15.731723758421362
15.857753847327478 15.944283110357182
15.222328085066575 15.984446788154347
15.839543092953914 15.958466657148138
15.775248925222284 15.971354286133728
15.90247252537568 15.843045938791867
15.924684583145991 15.805581737456114
15.910417101671587 15.82688768725922
15.927841347774121 15.785891109636319
15.434685634309245 15.980253519136209
15.811129321756496 15.958814409640505
15.974074152935911 15.739503527838625
15.933029588718812 15.754220067315028
15.984280930682113 15.717262510068474
15.214470309647249 15.990999600506342
15.919550402784978 15.807357325116286
15.03365903102142 15.995917273874863
15.63405035270561 15.979862234658418
15.996148678710393 15.317144182798936
15.998846173525857 15.155909123565861
15.99441571316458 15.53293858246132
15.98913637954796 15.580641683168919
15.147746038881515 15.993015467300404
15.99551165336781 15.513649463652296
15.888968690061875 15.844140940095176
15.877587251659254 15.929887426105184
15.374196342007362 15.980364714997972
15.94447896197446 15.746219684894676
15.73728972862814 15.973690799284926
15.3385299929416 15.983421853700367
15.01873684343674 15.998961902457468
15.879951737199224 15.861706675175666
15.114418090200205 15.994996498386955
15.98960332034054 15.543518313107542
15.987646519834714 15.681637423706816
15.950395254486184 15.740087016909492
15.782290739518253 15.964605946068177
15.99644635406461 15.175645446156684
15.85163164321924 15.948636662150895
15.999367372491909 15.05301735600101
15.9960368735219 15.408511127358622
15.878719543213967 15.873366725776776
15.219886233552261 15.984533117742442
15.903868175475052 15.83962897125378
16.250181305229816 16.944102636759062
16.877609642315996 16.68424487931578
16.85967377490095 16.876141326653038
16.593242895576292 16.91555578352343
16.91586537397291 16.49211107998533
16.17153254931288 16.962854271504035
16.913842813334398 16.611935195167636
16.490005237688848 16.93340735204796
16.987814037022865 16.339726636611513
16.862447255159992 16.74829649678345
16.62581416788166 16.884329863931768
16.58864060872297 16.91976898811464
16.60304982148708 16.89681162431283
16.995370640457423 16.191738587943583
16.97098380618402 16.41830638949477
16.968080981759734 16.463621475323652
16.267493981496497 16.941049836376465
16.04654972753232 16.993086905276424
16.384523651152996 16.93983186035908
16.225318106845794 16.95581743186785
16.91306839962571 16.679926193515442
16.993191319423232 16.230617555762098
16.58426494925511 16.925443428692322
16.90404351187539 16.68226904384983
16.62121390097553 16.888661723037064
16.804277035448 16.880503877979642
16.98386779504029 16.365807559761834
16.115006849475513 16.98441189622647
16.871110699766575 16.737145508452244
16.121810851540207 16.963648278316644
16.860059722929016 16.799215604716608
16.43402721646386 16.93932242883609
16.999342079123974 16.163330080378405
16.56363211754164 16.929444310167945
16.998684602312846 16.17273082629431
16.74708668183673 16.880757683988868
16.057447123831015 16.99080522338091
16.014193642417013 16.994964869748518
16.967700070244152 16.478702944174742
16.99171389776947 16.250275650066687
16.813223068470442 16.87669514487178
16.037993310485966 16.993135965410424
16.466852110463847 16.936571973496743
16.87206588841914 16.686728183846345
16.121150783866078 16.976032972721004
17.005146175109992 17.076672338101073
17.00402189349012 17.352406122255402
17.21624019988793 17.046157127947207
17.88938683184864 17.036910711077393
17.1595091278715 17.073133728743656
17.159037300004904 17.07451674066012
17.478685704700162 17.038629950624127
17.929499350775902 17.00499323190921
17.91959721812175 17.03510371214435
17.003407391066542 17.418572332165375
17.001926537013457 17.50608808734897
17.263541941701355 17.04028464972323
17.463453214147734 17.040223628825466
17.652881496974477 17.03773286406487
17.251086630929116 17.040803151510023
17.923241009610926 17.015025440026104
17.920793437667662 17.02282748059411
17.87544453996229 17.037246898504872
17.16848681614946 17.059857794134743
17.569345107516934 17.038520036934997
17.18091186857847 17.05897095372366
17.21594036549332 17.050182365296884
17.154821285523234 17.07477325871572
17.0017226745309 17.820873293107265
17.936591834499378 17.000984715471706
17.260988252619562 17.04036226630557
17.605825035431394 17.03836073699426
17.921351997920052 17.01989735987098
17.183762330404356 17.057199761525343
17.1232518879865 17.075948240671693
17.004462470995065 17.098506444852735
17.000595413764128 17.945964099878513
17.00141154070752 17.887723514364485
17.638886330820203 17.03806163371873
17.219594851068223 17.045827631806528
17.166440121708643 17.06177770704279
17.00306398905477 17.436147182960053
17.002510844956518 17.440714919890613
17.477391364674464 17.03958773976568
17.01259017159755 17.07607020239204
17.890723647290827 17.036552885488405
17.164862813100264 17.07001644148562
17.28770040955258 17.040249338353284
17.000782834993537 17.93267630278289
17.195331086505533 17.050736938493458
18.23792931024577 18.78464101716169
18.294903934889774 18.55215190476437
18.304486376234355 18.489079828301517
18.997184729141228 18.134486420712054
18.47539686345036 18.240186148579497
18.341508851150877 18.461933452168456
18.462483194431 18.405119335995995
18.138922704793803 18.992666428318678
18.651243821988032 18.21793435653798
18.818589441211028 18.207906137456874
18.266541955112164 18.636668363421705
18.951499625067477 18.16736117185706
18.51276150135082 18.233515108977763
18.363230037732226 18.43828096452377
18.579018244238025 18.2270775215631
18.251982034497154 18.758573100511057
18.909342853480677 18.20264167668132
18.197527958296078 18.89257804604218
18.23329937337701 18.8070669996737
18.218655750215973 18.821843055404383
18.4737303141437 18.31729182976899
18.348983165925873 18.442719762626595
18.987091030786747 18.135673568727288
18.335898369262136 18.485029013720265
18.174906509386737 18.945655103844814
18.081703342120527 18.999911661839697
18.139205053889043 18.986421309891956
18.461352270968305 18.41246955774368
18.262786336944846 18.649732972430755
18.274966155904973 18.590463378004205
18.272019890636233 18.629063943605196
18.963833149845673 18.140828905774978
18.18013426062054 18.90214940604459
18.634580999077244 18.225277513666448
18.520551027881666 18.227796925793427
18.209525664036516 18.878911986110605
18.254315885142564 18.672145601878963
18.33724214820703 18.476667624795084
18.997872464095288 18.02097734965095
18.93838368598459 18.19036245968486
18.961851286241327 18.161979487329305
18.48108083321603 18.235135209785884
18.801532713548205 18.215250178751326
18.865090335614056 18.205100639126677
18.47304538261871 18.40378283543497
19.03108589650771 19.35882751533726
19.923608771673017 19.047167696626946
19.14606846108163 19.144425916000063
19.891367025715496 19.089706056795773
19.09001603139987 19.242692674073247
19.87255028142195 19.12073451567324
19.142341007862242 19.239864309897445
19.02727633149074 19.384878734270444
19.452581983420156 19.13004354090831
19.001873082343494 19.702202931053694
19.02001802233258 19.41254077292858
19.033661601768063 19.259586147461494
19.897386269007292 19.06394151149808
19.01148386156174 19.49742963343634
19.01678374951141 19.452676224007966
19.058949564902324 19.25534954650929
19.320754425286687 19.137494023059354
19.06569963264087 19.244525298015844
19.947295037508226 19.031186946184484
19.01238454799298 19.455358094180536
19.263862189439315 19.137817666569102
19.033022269102492 19.326450316793167
19.3296105397129 19.130313450621966
19.48712908405738 19.12817894288022
19.143937186437277 19.212552066951048
19.9213330596633 19.05342017289059
19.957467558908114 19.016647226782947
19.009375371400367 19.627501612009908
19.506755036307414 19.12668302808271
19.001435415434454 19.86073708637511
19.536038576776043 19.123447574745505
19.987505618693987 19.003046131618948
19.876168647177067 19.106648936245513
19.041139740543333 19.258340271701424
19.88364135173397 19.092662745349287
19.875289409875553 19.116575224236342
19.053065150902157 19.257742266693928
19.219199938789806 19.143982842922345
19.89211773491995 19.080928551962213
19.03246215949201 19.34854461640098
19.48831332543151 19.127054261216077
19.811649927592338 19.121967099521857
19.010496370136025 19.509052402579506
19.00310776880465 19.69383505367124
19.008049674774565 19.634444006538615
20.042076232926533 20.386095739564166
20.45313534846682 20.35879799821802
20.604925929470564 20.013968042681626
20.023508073290177 20.541835668567675
20.4978265198175 20.31973079161376
20.208490769765376 20.375131541753476
20.969417133608026 20.002021999270745
20.006181377646737 20.933253895438376
20.537443513195 20.310197575691305
20.024952279125873 20.519924201797146
20.59723170307531 20.098529791157794
20.67110994291791 20.012476311865214
20.59391905190859 20.156873448157093
20.56450054936965 20.29540405603149
20.013896080944725 20.904814157119933
20.032131595678234 20.424840142259804
20.01946872522937 20.844798055740576
20.584694701482015 20.23741903221849
20.566870042355543 20.267287110202844
20.072012915907 20.382953411843083
20.02304611086687 20.76105990900205
20.58989982184824 20.15794500330246
20.034769193601168 20.3910063897706
20.584145477249006 20.239126731044514
20.028761863763748 20.450754948428937
20.432490623198305 20.363232158639022
20.094867900776027 20.380196555803277
20.62855677344273 20.013382465531937
20.003395213070082 20.94777825330659
20.49616571787825 20.319845997521075
20.026166834856948 20.486447716152153
20.023418297231757 20.746994647861147
20.29535558864749 20.36619514193934
20.15230115191668 20.37732781119185
20.806088411620216 20.00979153648229
20.164176648086706 20.37664019041275
20.31659218282544 20.364402192327187
20.517730300720796 20.314219030356266
20.132847188415646 20.377368975238685
20.23461599000896 20.366619990257572
20.599974440092538 20.016380902293616
20.00117386850648 20.950554073730817
20.596432140527533 20.128395294483372
20.85082106154708 20.00743625484336
21.237129532921475 21.320531711964186
21.23606893126729 21.949945103144298
21.978315534768317 21.145888467410153
21.923258652876093 21.241462378111276
21.392097992695174 21.26536477164653
21.007788244791 21.951038185067564
21.868941170833743 21.26006566650754
21.946859489408308 21.200742639636854
21.243172939255548 21.30175241420363
21.990980111728796 21.0688574094367
21.159335207250898 21.950810300531902
21.291446755603644 21.282157530259788
21.544870938387497 21.26044965642906
21.338349259543314 21.28178519611158
21.998133816279697 21.051853952356854
21.364323537025086 21.274880596571087
21.971406585060652 21.16649852654879
21.237080473891865 21.795461217515182
21.91084490821034 21.254055754029135
21.444141926293085 21.26111119572523
21.937168754371136 21.227140926085
21.98594261266173 21.11696641840878
21.26932956704537 21.282823367047683
21.258336424782772 21.298207816276584
21.94316946652065 21.212696315473618
21.345324968954042 21.278579294720437
21.955742742361476 21.185038234696986
21.24958041530556 21.30080065429641
21.356659980386606 21.276491646375902
21.368956168299636 21.269547676759135
21.928836109337404 21.237659324075132
21.63614111746071 21.260197866782683
21.00745658802613 21.96236113569091
21.373470909823087 21.26560912707724
21.266130951980788 21.294966178721648
21.957320240029457 21.181999170311624
21.966480770344404 21.17178539687181
21.37206115995148 21.265773169183497
21.547143899583766 21.26030733971763
21.984119739210907 21.132231547803322
21.97543763938032 21.146814418923658
21.989365189351282 21.081414395634127
21.102661994284297 21.950870995173997
21.266965454480975 21.29328814157832
22.56768462145884 22.5610352761576
22.00790525919211 22.598298753568454
22.64615567441792 22.162143751038304
22.602322660271287 22.34388699673677
22.598544588456104 22.457333159687554
22.006302572080333 22.889444503914035
22.828144367813355 22.029309593759436
22.638783394292116 22.343428135219128
22.884115940301598 22.007631350863573
22.648581273190672 22.06532787900326
22.00454626157358 22.991830029176803
22.417684208672444 22.569264166441677
22.34666108879856 22.590767133250274
22.8324923420436 22.01325921043667
22.00592951932745 22.927289277641947
22.155408386177353 22.5955449741024
22.767137420720562 22.04065770717231
22.752891007469056 22.048853739110594
22.238490591929267 22.59229258223427
22.567980013806658 22.540909755680914
22.392326109169296 22.57431817765946
22.708414650756456 22.05783885464939
22.44417804486321 22.56385676938887
22.64736457824909 22.16115221927696
22.569556108963276 22.50529618953659
22.64111434984394 22.21394611894405
22.006433632370324 22.724445110999582
22.65354112612597 22.06217751636101
22.588930162507257 22.47785293113885
22.644610537343386 22.17368074492205
22.60020498288186 22.456299229481154
22.648508501252753 22.077162038035446
22.641708782027067 22.19905453246005
22.5921091675652 22.459878566950316
22.420215606847492 22.568556847928072
22.935730761021667 22.004314001620877
22.95011587599587 22.003434844643973
22.642239992134794 22.19021282390786
22.568591911717235 22.53561423169193
22.005853653081076 22.952011209566926
22.871278731281894 22.010637566646714
22.78039653420939 22.03009146662612
22.915042162114176 22.00629762315275
22.15761684220427 22.594883953702734
23.253982917290514 23.571252449666364
23.336389871686464 23.146566861375195
23.176685217213446 23.805932155024642
23.268070664043787 23.25605909060709
23.814247552122062 23.133736909291176
23.319924066986886 23.14939468765778
23.18700707720108 23.763544729000873
23.140623317007677 23.925366475107197
23.927547966007594 23.03447473692469
23.265186468906567 23.48146369259519
23.015730666264766 23.998704286707046
23.206322866752895 23.6218590349733
23.75744038206298 23.141860254045937
23.888555091969906 23.10099145413524
23.235425713789116 23.60056837395405
23.07619296092817 23.94912706331923
23.076261567438635 23.93418081098781
23.442688414004017 23.144953319990847
23.170680825122574 23.907506506761784
23.940566456306254 23.02167162988299
23.454487853294708 23.142389539349917
23.892994802867605 23.06084561652947
23.90581306908262 23.04233711391813
23.95530584264274 23.019889035405676
23.17285265050372 23.86056295787604
23.20524530925819 23.675477710169794
23.993877339466657 23.006060460413725
23.038652955350447 23.9671332743807
23.072288358651765 23.9556437884809
23.239250013340452 23.596863917684278
23.881728961881457 23.11534182832307
23.267466362910636 23.288663181880704
23.300016410140376 23.165824310808112
23.266873557630813 23.378028134813267
23.196893655084466 23.75566805889359
23.176000568011048 23.857763485882526
23.206415269085504 23.60843026630418
23.26491756963523 23.51099244769346
23.198584856397 23.696504861215313
23.28815099146206 23.21994015912515
23.108123710692727 23.926390897654418
23.8059578921413 23.13662518024738
23.413015184212277 23.145126714714852
23.29279647356984 23.204805846814857
24.93162476065677 24.73721279641975
24.943103202543213 24.57635425678577
24.773458683210773 24.822804289866855
24.653254494692362 24.981419473903316
24.948951570284855 24.06231133964465
24.97303774879303 24.042007312828687
24.486885437681806 24.996716169394904
24.646463894434103 24.99211779345609
24.79280791607659 24.75556512065447
24.70683092486724 24.921427616712045
24.681198075902447 24.956399898802932
24.940537523573678 24.619494508060455
24.815230934976945 24.74325558074477
24.94872533317996 24.08077109486066
24.934624473747004 24.663368465618568
24.709627515129142 24.828132712455556
24.201735828290268 24.997648206176894
24.94814415251275 24.548201520933723
24.696933880503913 24.94325033135476
24.554831339770075 24.99630935783686
24.819590754925944 24.738311113277035
24.60505813185627 24.993718704707316
24.948621439559904 24.42698948878285
24.788418356486485 24.797649152239742
24.94836940930068 24.519533114233322
24.729519289313153 24.824438537134412
24.685560755601404 24.946430309783484
24.656629456678882 24.976150289271683
24.64741702096331 24.99105635283486
24.670153700968694 24.96551763824575
24.98621320644719 24.02373585283694
24.932108921809295 24.668615177773816
24.383122119644337 24.996988658647695
24.946333569687074 24.56263119172683
24.988450729097675 24.01811967849022
24.990445088213 24.00390455087761
24.803547546529813 24.751963769426247
24.949692245535328 24.04594418238417
24.701940464951093 24.921594842833994
24.94401109394525 24.56646746178135
24.943778283010147 24.56853974746809
24.773912173042852 24.800686441266777
24.941211622706277 24.588209717133672
24.107782890479402 24.998464321678455
25.344250061649532 25.622668392456955
25.56110938590845 25.40398437268224
25.444267884915906 25.45257967006177
25.564965634472077 25.105144257755928
25.80518133329163 25.06963862562902
25.309868268719214 25.829592908896874
25.286929153267362 25.881957385633417
25.348314412855384 25.4859997569966
25.807438518269095 25.02319322285941
25.66085519594003 25.085935088192507
25.04052928995879 25.99140682608941
25.34481529906111 25.615362390714335
25.312447727719523 25.735272260363015
25.148871889604106 25.988599128497675
25.30548103925831 25.852050410263708
25.195933640842043 25.943312434038752
25.538316430230147 25.450434043325515
25.031418607527755 25.998474672819025
25.301421729399973 25.859451668844518
25.341915032761598 25.678167261429515
25.39546066323627 25.46164859249394
25.863199154994827 25.015714979635582
25.16457944005925 25.95833386544824
25.219276238085712 25.936487936288007
25.561704169703894 25.1447354989249
25.560945885941624 25.43336933046815
25.924743512603854 25.002618309841317
25.716894188427684 25.08038191551523
25.61412937691236 25.094102672697794
25.2391662457665 25.90344960998147
25.402738619769252 25.460202622896915
25.2722628141428 25.895947459779098
25.665680018779394 25.082660971563428
25.71994231654099 25.07644095476099
25.91894462418774 25.009577234269628
25.80710306860156 25.054404419344422
25.3575018460845 25.472192849142125
25.17742688424741 25.956237880843837
25.6002093929876 25.103095310409138
25.74120558113252 25.072752204100077
25.03171103732187 25.993370881566893
25.687555327195856 25.080778823198315
25.718621871671846 25.077577851087483
25.338547019630976 25.684743096912264
26.839550298457993 26.56558360169474
26.73734233878061 26.626045638235595
26.70948131316352 26.77111025144399
26.35337099507088 26.86346285786135
26.04079053776613 26.96486138403503
26.982116361882355 26.26860903768592
26.859639755037488 26.429931110509365
26.90070770183899 26.280765405974577
26.672761445462378 26.794472699927145
26.807841076640425 26.596000185414415
26.5990612821321 26.849336099636027
26.27199558768237 26.865227879952734
26.157518768821227 26.907807569983113
26.857968703443404 26.44331314475652
26.989923871637306 26.142142215232546
26.862045626192774 26.30370129736279
26.584109763679923 26.85099641793603
26.213553081236636 26.902424994198924
26.252907714955466 26.877295314842243
26.19841250584911 26.90460539489002
26.632373981367078 26.80815634460368
26.716441975358393 26.665121551594687
26.851664287479704 26.52142051313015
26.10850342544154 26.934319515281558
26.468540583231597 26.86016380508834
26.855882422054638 26.477279727547106
26.06151552921187 26.949909686521778
26.849375029601433 26.542143246076122
26.989175144744134 26.16027775180783
26.986461828599648 26.208848151539843
26.72603998602259 26.641989156850784
26.601242198647544 26.828870965605063
26.682848702371405 26.785166293415365
26.76221942597728 26.598550893581113
26.028342908980232 26.97054971670561
26.624019700897836 26.825403267903855
26.809695766012396 26.575656059446256
26.102431179363975 26.948386001857354
26.99592239866253 26.021554126807505
26.85484752086057 26.49956652135288
26.861091747853564 26.33390596231198
26.75610827568484 26.6141185669894
26.00643160679918 26.97227114215608
26.281458465375596 26.86459492216192
27.730285343596602 27.64848319889237
27.681374416410893 27.7362765346042
27.32724945135352 27.77310322372545
27.778738645152693 27.2191132387294
27.29110874046793 27.935963474682076
27.98198405336686 27.074860224333626
27.902432286534935 27.216031133500866
27.93875556723213 27.171174118773997
27.28272923895172 27.991649733376324
27.74621203413423 27.239748950848004
27.73324371319212 27.632915677567713
27.949986781267178 27.086098588569424
27.69462079406072 27.71682830212694
27.563836263571226 27.759113453471688
27.740575566219515 27.449288792964037
27.3046319215825 27.835172760456917
27.684610985803534 27.731204707337366
27.30912394930073 27.809797803268115
27.741052117669433 27.320022919146982
27.770897613731584 27.23924114766844
27.963070633981857 27.074916309250884
27.734006901757702 27.584165360935067
27.28054997820079 27.996307320232674
27.736398703944772 27.514556884404307
27.93665943666778 27.1882577005412
27.56500139594534 27.752033128571956
27.84853701121745 27.217614471520186
27.324006622447616 27.805650302193225
27.637315866426825 27.749496165574378
27.53310745100999 27.75995258621632
27.29824290316858 27.918643497085064
27.985934807382236 27.048481726420896
27.74559549033359 27.24347215054348
27.90540253662232 27.19291692043982
27.720739494644658 27.688079059043634
27.646226983380547 27.741213469029482
27.298411652000286 27.88389618608959
27.52815485014644 27.7701424677765
27.06672620909425 27.99869928514019
27.62368770014092 27.75149838908803
27.944117929076185 27.156075586577824
27.726411406937203 27.653861090068123
27.7151460974186 27.716247345114084
27.73891387077875 27.457677923713668
28.953131144214755 28.855049534899063
28.18869110227203 28.909068298486634
28.339403826342416 28.906074829546792
28.97194344203451 28.08756222745553
28.737507332760604 28.8885071760587
28.966579653834025 28.156843360113637
28.963128621511455 28.537345321122924
28.120775529897276 28.970467511180413
28.783358347685773 28.882220653056272
28.167669510002455 28.920074886456668
28.50478547266058 28.894822025093728
28.97895019037844 28.06638323166677
28.959548950971136 28.81335041107428
28.990279753573088 28.016046397009166
28.828706458233206 28.871496691827605
28.460421705683903 28.9023154058576
28.081558612356393 28.972412533788383
28.153101775103345 28.939632113405988
28.076380795074403 28.994733956944927
28.965382837820908 28.323452063236758
28.126362104479828 28.96489380336598
28.927516397903137 28.867952626242833
28.340738597304153 28.903588707016244
28.960861397892668 28.60230539836702
28.96076409317409 28.751967860599226
28.899470318392424 28.86798729832517
28.1354730654285 28.949998336084587
28.176315428221336 28.90991791850121
28.93000448153902 28.856022869864553
28.928471140079374 28.85760014885543
28.164803339061184 28.92128336619363
28.539544089993722 28.89139315224315
28.129629433414827 28.953964634723423
28.969270445890096 28.13258354579018
28.781136406601124 28.88804430814987
28.059554801164197 28.99879389192108
28.097335222748086 28.972072419161655
28.487769639473946 28.900978848218216
28.408526829231057 28.90313023543027
28.15188050117373 28.94495649870389
28.079459227740553 28.989588484117213
28.193068364224587 28.90696372234205
28.241023469095328 28.9062226973549
28.967552590350333 28.14191907593107
29.899577652036797 29.392733977866687
29.595638181995014 29.52308288880061
29.438904255317148 29.999100197892673
29.91507791376809 29.311073523672345
29.966084723412852 29.086665260164605
29.548644612679297 29.883798428344022
29.584118214055792 29.878288427943435
29.846607824573987 29.51593661596564
29.59333624692905 29.800194238731894
29.892117211305646 29.508774837614883
29.586899926763277 29.849768206444935
29.460712012765505 29.885544768443513
29.588226228335632 29.83582238854608
29.914124961990193 29.36116194998567
29.998789710789964 29.01090545655496
29.446908314709827 29.975148651346814
29.93489440805334 29.09338332126369
29.846423068059867 29.51851072261455
29.59275319425127 29.80309576827179
29.91853950851813 29.273017988506968
29.96671266525306 29.041915723370366
29.594249669089614 29.75515587309349
29.895801479967155 29.410388280972573
29.58801653751154 29.84044322697236
29.77543068127901 29.520181180032125
29.73098256563945 29.522618254490407
29.89529124321047 29.442706791385945
29.44470065764227 29.981558234427634
29.924638044827987 29.137392947587102
29.87246931666111 29.513181018379957
29.460429263325533 29.892191792251545
29.448247423348285 29.949003195031075
29.923935921928088 29.230907808865876
29.457335637516525 29.924993270104856
29.963349443578977 29.088355472933564
29.595210095677324 29.583500623149817
29.45561433728533 29.946839950346842
29.59530034212462 29.563223865180298
29.92877641341189 29.12632753516346
29.595029948485774 29.626791053671173
29.894356696119676 29.483269264391232
29.903945881809207 29.37432038311932
29.13930185965194 29.99944301414624
29.456260266157486 29.926819423710974
30.004538967579816 30.419734825141514
30.104612266842825 30.157042109457453
30.005636899456206 30.171041910767023
30.938555535933844 30.037886833448486
30.633824283865412 30.15567617489302
30.739227445872775 30.093825607861117
30.834011107819308 30.06623392770599
30.984022582441 30.024479554756393
30.064732524313705 30.166796069744052
30.795049083540345 30.092476506861754
30.721959275123872 30.09830418661505
30.795328287659522 30.072696983967415
30.003660100352803 30.651491567393585
30.931422430004 30.061444375335387
30.004186565629517 30.526532044147608
30.68173519400755 30.15019181383741
30.01121761048902 30.16747718257874
30.942278424475838 30.030189507280255
30.003640099166486 30.668441591172304
30.977988786140017 30.030184550006023
30.990347315746455 30.019112367765537
30.005096356776725 30.343210342708748
30.716589161596225 30.101973830377354
30.667647277986053 30.152058578458956
30.728566480552185 30.09395486371385
30.164369598403397 30.156537214572957
30.003131309819942 30.732166153229368
30.932806081334807 30.049369455278317
30.005965988763826 30.17034951001068
30.692110663584447 30.132997022310064
30.001967656125643 30.98874846520636
30.68219131002762 30.139512971084528
30.92171123577263 30.066134018380556
30.719479323977602 30.101839767758285
30.703300062284946 30.117330862712006
30.00199616698707 30.843428709705623
30.159742551473123 30.15656501764706
30.802218927659602 30.068178450993752
30.004431007175825 30.45614356528724
30.221624659426976 30.15610788924717
30.67359941771092 30.150548954985453
30.005314305858597 30.234464753494894
30.72106107445721 30.101688542884084
30.995156668341217 30.01841423457836
31.850678610030585 31.543530494290867
31.954392631636413 31.47334883272325
31.148762562284404 31.595346919041308
31.03030128148097 31.626752755867656
31.946178248653528 31.536940668253813
31.643515929637115 31.574815502949374
31.99508114465478 31.054905060694274
31.004439853071343 31.953825720463158
31.475521622049357 31.587838314784463
31.107209959561878 31.59937971705712
31.54154584339645 31.575041435984
31.006489069798047 31.91474963207135
31.969614446068608 31.067235719785113
31.95595689456548 31.344308548319674
31.02780423435908 31.63399143337075
31.976257761725506 31.06004122806135
31.95775017380306 31.137374122239315
31.018890501284066 31.9079166689367
31.000545642721793 31.956880097464023
31.79482044872955 31.55891236511102
31.961500292129372 31.109591120047174
31.086094512516652 31.61235409506584
31.464659603864945 31.591184086807072
31.81254193263923 31.555248426549834
31.68453860297617 31.566322430709263
31.950286249223183 31.48468231333592
31.083253116194594 31.620852636964393
31.00467511407043 31.928828260377728
31.703793377153755 31.55926718621555
31.089839220962098 31.60575626276858
31.086600369420673 31.609456110105082
31.82804593879063 31.544816817997994
31.833369002582316 31.544696869025
31.01780177455856 31.91333842341392
31.024732194946672 31.722080955299546
31.23681530994872 31.595194213247293
31.806889438664655 31.55797182798502
31.541103159764294 31.575275620948325
31.048512919138904 31.623016363418138
31.6764371631882 31.572093812458263
31.912710258762132 31.53985097387606
31.05576144264276 31.62156382533613
31.450356994995577 31.59486808893106
31.86566601918355 31.541203096353588
32.551582222609575 32.34238832275437
32.31500810371695 32.778570633624696
32.49168127872789 32.68310711289998
32.5238382653985 32.499210387461886
32.06830967598432 32.942870877250115
32.63787337734318 32.33180787890011
32.96396406558869 32.21658120856688
32.45661443907197 32.75489290127141
32.08475263113051 32.913808519673466
32.90163559468526 32.30440855397546
32.32118526179596 32.76122817038072
32.01304886765631 32.99167161425674
32.174934047280615 32.86974408355234
32.54238570501429 32.457191627560334
32.23346659621338 32.80333218203057
32.21921991858608 32.84822204418646
32.46717933376853 32.705890781346376
32.08332698723155 32.91796539996219
32.70193372401769 32.316509785621406
32.08897811257978 32.8781229583557
32.96620047473744 32.00181962998475
32.53414014512538 32.45948376155132
32.181182466861806 32.86093724196034
32.260660989035415 32.78142421650097
32.952534130482675 32.275609744417046
32.51323145658012 32.63295523513027
32.22509060322902 32.80820343918055
32.96502085409072 32.160010929184224
32.45719487256378 32.71791229171271
32.67547052814225 32.3236078735387
32.08508920978291 32.91274532142091
32.1812861954614 32.851250151943205
32.546827832088624 32.379334570184156
32.92705230779461 32.292842622192474
32.79585918424068 32.3094218781089
32.51541013668001 32.592922332027044
32.51291540897141 32.63520780423627
32.41914783926825 32.755394028411416
32.49272485032654 32.66700569408711
32.53302101982315 32.478712378141175
32.50485428375338 32.66301342520112
32.860449712788565 32.306313903783966
32.06560753382779 32.98245208244285
32.23563216438296 32.80120590876007
33.910766632086165 33.48267120633688
33.55718292461886 33.584619812484874
33.24663555568553 33.91562481770328
33.378781940572104 33.817351809436666
33.9242014104097 33.34164410682266
33.509676675626466 33.80539753873109
33.548632621897404 33.75911249182076
33.03886905726717 33.991372393539024
33.999351679809735 33.06914661428713
33.64833599608747 33.53790233124666
33.326384460178296 33.906332426837366
33.98124069510725 33.17799201933357
33.06278717867931 33.967407252948746
33.349459517294385 33.90556693436679
33.54150939521442 33.77541830229692
33.913924390349955 33.427763765884194
33.04739469350809 33.96947610830409
33.61481539022484 33.56897829189658
33.986324517714095 33.12661742359665
33.919010682243496 33.40714921712126
33.675330438927034 33.50848873433498
33.06450723584461 33.96438629120977
33.97328830072605 33.29181997186605
33.21544404663946 33.917726830232255
33.49330693496567 33.80593263203601
33.16690693366927 33.95124725220709
33.376579296146225 33.83271633388259
33.35263246376173 33.88613718882404
33.96550050531443 33.31263968336233
33.80394081302886 33.488971315844644
33.67311468029734 33.51467494248715
33.97532840620385 33.189231925561636
33.437953567131416 33.81607580097869
33.92195885353252 33.38706397230543
33.12351528905479 33.960085973610255
33.184650679147865 33.93587580227198
33.55356125713481 33.645430090716914
33.35594150127913 33.850655106772855
33.210803789313644 33.93219943560142
33.237709901040795 33.91603751126506
33.84367420804037 33.48851902044713
33.55153754307601 33.669964971297496
33.99335705161483 33.110240533092636
33.935432699967876 33.33220038531453
34.302270464585874 34.99173822439294
34.76777662920868 34.03540172422743
34.58871480509928 34.75404074225935
34.30834334225926 34.77906912185553
34.71572013577464 34.60445551996565
34.9610988779123 34.025394861712655
34.72029262629218 34.04710937708094
34.719214423732566 34.54851830990195
34.65619923933145 34.727472252827205
34.33594007885609 34.756342724594894
34.97277151386758 34.015753898348194
34.70803745587295 34.71913036286025
34.60035288708127 34.750909860754845
34.92227265660403 34.03359198301941
34.719560193547785 34.36983544429136
34.285102386291925 34.99743161190697
34.71944045117015 34.514632683076
34.80581333981693 34.03533416542158
34.66769337696907 34.724874655618834
34.30515330939938 34.88597368990645
34.167284341890166 34.99824647585667
34.30015532355831 34.99699704890001
34.730057815992915 34.04090285452887
34.996150292835175 34.0083195452704
34.635032122329825 34.74985783245769
34.302573929245966 34.96581213619136
34.32999878364505 34.7612776689558
34.718483639115874 34.59287568317911
34.67488504723732 34.72349445365149
34.932305761246084 34.031833198912054
34.71254990188658 34.70533630840973
34.327205528604296 34.76160756267951
34.5006132168666 34.75529319972469
34.22464901496912 34.99822582836013
34.96915436769493 34.01591112480827
34.326296239386565 34.77363519211967
34.71463589329801 34.66779710445984
34.643845326730386 34.73942300371796
34.95278100046942 34.02854368708779
34.75704853183174 34.03873711242433
34.56835177819066 34.7541020334816
34.69535440620473 34.71923432303159
34.09100107353316 34.99928585263659
34.307608961123 34.83683772725694
35.981408383845434 35.86818693426014
35.50429603510617 35.873665874141444
35.45433587467109 35.90978990084897
35.98802793061275 35.29455411094763
35.06872291113235 35.95151701720662
35.99538239756898 35.03175086833603
35.445194307251526 35.922971268064956
35.365148372455764 35.94671853733247
35.43479781648835 35.93141077470263
35.252261539434365 35.95144565035501
35.004323299481115 35.986134582174024
35.62368041009201 35.870965560440766
35.01105321166807 35.967110624280316
35.987242132194275 35.83203554324393
35.62440734734877 35.868709189098
35.49453034460254 35.90428655506336
35.29589234380483 35.94707675514878
35.448862391691435 35.91498519108022
35.39998749308008 35.93398197766107
35.1258596601619 35.95146063503421
35.998470920789785 35.001151862254225
35.382752489299186 35.9341410452519
35.98841165086887 35.28534271086428
35.982271469806506 35.867218670258765
35.99292825022165 35.078534625936335
35.99581671414456 35.01165590681199
35.5037746547206 35.90266768295735
35.99744476219634 35.00778727899318
35.99253579228645 35.21022019624493
35.99021673821526 35.27373595296589
35.99536588041049 35.04234482313842
35.01278335018043 35.9627400727219
35.59623409593929 35.873617022698085
35.98798624511194 35.82400012164052
35.44637327910436 35.919670329615386
35.02822270964955 35.9568323727648
35.04630923187027 35.95261540176914
35.47891204541546 35.90845351802425
35.25796600473006 35.947378163791846
35.98796432545243 35.83063692002
35.36845904581738 35.93773286757191
35.498235379064106 35.903384054987576
35.50380921193272 35.890658647148285
35.00442342823429 35.978385352009184
36.05597549162246 36.06991772193988
36.524379467273434 36.04279588657774
36.04660554070597 36.56789618181211
36.70158560786886 36.00196142708032
36.39539613665515 36.04707504577215
36.26710612292723 36.05557057100683
36.57415689068194 36.00599061440693
36.04883076530823 36.50646434679185
36.559812723493536 36.03969441292242
36.04648342800972 36.76355357543628
36.02205437196756 36.99524502528068
36.57225312957022 36.02240912210612
36.03525839581974 36.967998438681775
36.15901960675484 36.0679346858578
36.04789024232315 36.51851058453164
36.039303488512765 36.947356528911065
36.05548519489095 36.43090108987065
36.0461408736807 36.78505639129776
36.56795881202827 36.03444921372677
36.04249086451472 36.82681740304139
36.32744482023099 36.04791203710424
36.55375580822375 36.041437023767976
36.20268563573478 36.06203568155246
36.02765745593464 36.99239585495401
36.88625810077308 36.000289642047484
36.25963250791678 36.0556381869637
36.97343253952937 36.000001340146945
36.248599242016866 36.059696220339404
36.25001693630571 36.05787618047507
36.04164202601699 36.83319519478769
36.046523222593244 36.624950082578096
36.83667568644102 36.00120725045482
36.3242236481937 36.05356146596926
36.042997738538574 36.793032864809156
36.05406507100509 36.44116541091413
36.19626614794743 36.06427109322974
36.05386878318179 36.46479147438476
36.66928489487259 36.0028174241727
36.040189266126966 36.92634373338301
36.05247375806196 36.46499896347933
36.02075284725877 36.99808601940345
36.64294118059041 36.00382310611949
36.48642041420613 36.04560294576056
36.128171021831996 36.069721799631985
37.78461380879707 37.771745847579766
37.560110650947585 37.93153306542896
37.408249855720264 37.9904497657213
37.8720101282775 37.11529107947826
37.56359920562981 37.919664770582706
37.87588877729068 37.03645561797367
37.808060682078185 37.237402208148744
37.989455195024966 37.015451450106696
37.422083854831044 37.93516628074562
37.815589394534975 37.12217806096361
37.70813272144832 37.77290319927386
37.3388067389545 37.99558023621431
37.63431649572224 37.786565622150206
37.80128749144072 37.36484611024936
37.30458688931543 37.9966917665018
37.795549024931645 37.700553941456555
37.45291916876914 37.93282148472481
37.80694389637445 37.260836783239576
37.883879585758706 37.028835306027176
37.569047694544324 37.85286355777356
37.578016516069006 37.7915621099086
37.81385810999168 37.13479612911623
37.90409865695914 37.02374701162542
37.15565314825241 37.999839735926265
37.79897560346331 37.60417832602574
37.86901420145891 37.117350171095524
37.90951398148986 37.02054477563821
37.810485071220405 37.20340500860321
37.89185799048485 37.02591698783917
37.16566561550857 37.99860711327457
37.87588231636663 37.095605466507834
37.790066253010906 37.767455948401825
37.80144695043131 37.34994435545446
37.38374181707722 37.991902199710985
37.806345614548746 37.34941685541704
37.80115355303002 37.51364359466591
37.40827262934338 37.98912658217375
37.42119979347614 37.93831901146185
37.80055273926467 37.58581442153385
37.66193653831332 37.78040771885991
37.792335223499265 37.74512242182668
37.36121956600913 37.99252851312434
37.99778320161445 37.01205043065794
37.08657326078535 37.999896753279444
38.68055397912479 38.768521628445946
38.24970037278619 38.83961600714097
38.88915907999285 38.58699195431931
38.730799491070904 38.67577169984771
38.433832612886256 38.81532961010845
38.07680103257895 38.98713285435815
38.61709742169146 38.81478723228539
38.93996018604341 38.08329318026144
38.21663378775174 38.861798003469694
38.9355432425153 38.21982031515575
38.7263735195488 38.67580981334315
38.16681453920467 38.963798763020044
38.74161512150242 38.611052895218535
38.9755203782169 38.003532990934985
38.91515491877798 38.36604861945445
38.89009746179618 38.43088615856771
38.19684955491225 38.931251498722034
38.66524751099732 38.77440305658206
38.66474687373734 38.78306741846414
38.97531673009195 38.055462768312736
38.936968942009756 38.192273542590776
38.65111772694301 38.784144916844646
38.923538125763 38.27119247041123
38.79548201739363 38.59330007056949
38.68126225897237 38.733539291767016
38.889619177898915 38.581964547888646
38.215005120718416 38.89673973994539
38.204613609963424 38.924499945264735
38.170701489360845 38.95449946116107
38.01993035803902 38.99723691787576
38.121784523987515 38.97757102634979
38.07929636390517 38.98454161986538
38.21303495958107 38.921177993141946
38.64856176348997 38.81070181380322
38.91734468816168 38.328352173718386
38.35977071168111 38.824152699328494
38.18557128473307 38.949158874610625
38.25981951055544 38.8394732388905
38.027612134640684 38.988528901035
38.89435932615959 38.39040854348851
38.6895797918128 38.71122851971277
38.3916428008186 38.820849098968424
38.93902843801056 38.191023032743566
38.23568112625173 38.856522726120595
39.36055896301655 39.78840896060122
39.402153922773216 39.694315789536205
39.05275755220449 39.874770377913855
39.92391193447575 39.00923444094865
39.720459838116625 39.62792168183116
39.734369073384684 39.400409298784695
39.73077650326837 39.57212289455642
39.87476228946187 39.09924682405339
39.737991979047436 39.154974316222386
39.90729283273706 39.06740996849005
39.026630473526005 39.95011832079681
39.38390057996583 39.77778678242558
39.677665175194726 39.68971012371679
39.12524598413353 39.86433204716014
39.178706099148535 39.847320839300764
39.87022895463446 39.135659111821255
39.359168831737065 39.809713226670546
39.69093953517673 39.67262645184633
39.38655637889039 39.72418657736097
39.332432789706516 39.811649972940735
39.84207762407309 39.15082744863873
39.05120828678828 39.89931036810369
39.2557329346014 39.81446574688176
39.37834434148448 39.78531593805284
39.76236127994658 39.151879048880154
39.251834355970026 39.8319655685722
39.139771744184074 39.853334689548795
39.038141448428036 39.94144246759029
39.711429313956884 39.63573681095476
39.545906410893785 39.69070135420527
39.39802575449874 39.71433631414764
39.181942796905425 39.83475809859306
39.901108393584714 39.091221228040105
39.08454761846771 39.87387774679923
39.00344080400406 39.985332255686366
39.70698923824042 39.664044220959966
39.73657238731096 39.21579253340616
39.73458332924461 39.33569015427539
39.916609094003796 39.04326838387739
39.05242332853626 39.89849602566665
39.73116293242217 39.435326274504014
39.84831110596483 39.149939343526356
39.65488247014133 39.689958976444046
39.30933208632193 39.81178435050297
40.09783072362265 40.798432747827945
40.58458992892457 40.34344144703671
40.303793207797206 40.46308699407223
40.97732552750993 40.11083060893906
40.55739932614195 40.36679534373032
40.79761287494019 40.129556991595045
40.7786002034783 40.17996647044422
40.181193115469256 40.575980030178094
40.49956549053559 40.46019109078989
40.044167153743295 40.99133140417332
40.06688377415925 40.95875331434372
40.07025787792139 40.92306478227529
40.701356649911055 40.29280269575869
40.72420580868861 40.25208801674424
40.10129176589639 40.620734304179095
40.733578973742944 40.21161738661754
40.217416520925156 40.531186546195734
40.25475306479707 40.489134799200365
40.298863756624954 40.46851271901625
40.78576203715305 40.168378609525504
40.73258287743427 40.24560846790472
40.13949347549653 40.60745821678678
40.55240020004799 40.38327324920241
40.17963705006383 40.60513598206924
40.86893833591328 40.12865907813353
40.256106483368 40.46890386241653
40.939421901749974 40.126640861652476
40.07659069583064 40.876634582108345
40.20410041542274 40.55305727418118
40.50609946791782 40.415997569077945
40.93261253792009 40.127070795519785
40.63829029268829 40.33280082001055
40.50386435996306 40.42152161904134
40.21732165253925 40.54681712038821
40.4944990824596 40.46202969296934
40.217638986852805 40.53095871990358
40.98053012897035 40.02476966444907
40.53915692550217 40.40250610550348
40.52644949416866 40.40263470696378
40.21940571270822 40.5204671040949
40.686188318939195 40.32137002290772
40.03376087128235 40.99134014178042
40.091692428767374 40.839476067034845
40.25421091302261 40.516149137470116
41.624547482242036 41.34148208698924
41.59306369245666 41.82529777500358
41.81216435044823 41.30848994846476
41.8500653485748 41.30073398870146
41.0829778453666 41.909313376064276
41.40204344907424 41.86307291167529
41.880694949108204 41.1231925471224
41.09532693823053 41.90135368987992
41.41817499404938 41.83100296305321
41.07334501843713 41.93106987028027
41.61669117977137 41.40946537391561
41.28619101891609 41.900413518904536
41.868113665037065 41.21687141826384
41.92440479063746 41.0929227654066
41.59762139531464 41.536104127981545
41.73094087068679 41.31581628120696
41.69966693481617 41.321455972378985
41.59778121261082 41.44880594762994
41.98254508230581 41.05790473559456
41.85703404960012 41.21868106548461
41.749770304121824 41.310952554277115
41.36006038144418 41.87038074617926
41.000737351098735 41.95556658648397
41.353052598509045 41.898491655474515
41.331849250967565 41.89965136096551
41.61108173148283 41.41623479846342
41.927563748211696 41.08946487401419
41.065903283854986 41.937931558845946
41.14224048969715 41.90062414803256
41.67778617198828 41.3229008054687
41.007600634021266 41.93812625667416
41.9527583541013 41.08672599688622
41.95768674674331 41.07050765143269
41.87866529779686 41.201586473998965
41.594275356354316 41.74418958278246
41.91365349741632 41.093743315941744
41.48005792632842 41.82787801073616
41.59638686045617 41.61644578030351
41.98880826141121 41.03192020877559
41.1063860293357 41.901234463825865
41.65226187510417 41.33249666213744
41.373085093936325 41.869754779424525
41.67136282048009 41.330441916766326
41.00051999604126 41.993025307805766
42.36399323727363 42.732500350957295
42.6085541147216 42.14444510582662
42.448014188316485 42.2715492662773
42.330452127119024 42.78441619187387
42.27681555235156 42.85682544172895
42.080166932805994 42.86535235970023
42.87578112050916 42.13696097875463
42.53304242730608 42.22792807008176
42.391746496249056 42.38664371093297
42.28010858161311 42.798886115614856
42.36827421461909 42.65159402809856
42.92573255554785 42.13096740277595
42.995319381389926 42.089497975663846
42.34577347849339 42.78070190314478
42.00067156368739 42.9809375073999
42.46153730185479 42.25226444998021
42.38331015368676 42.411521979547814
42.670824046172484 42.14396001947161
42.54847860277232 42.20068405612644
42.06047604992157 42.900406007270085
42.400899246841455 42.34231040638053
42.280597931170604 42.79397262989352
42.55539673388597 42.182496713511554
42.00173945195353 42.917694882665764
42.39978024575457 42.38482389858731
42.433614160232025 42.331415327910996
42.93656145847071 42.09116527877707
42.3717484014168 42.56908042711949
42.37924610374527 42.52472260874491
42.022737403555766 42.913437202508625
42.606531689628035 42.16800966885635
42.44551606909291 42.31421350228583
42.92761285243843 42.11917368233351
42.414928521543054 42.33268479029335
42.67247240007734 42.138258442737445
42.38313144692218 42.44212263234247
42.372083834855346 42.54172896828723
42.866722100184745 42.13752876559308
42.37972035470101 42.45723111401577
42.232185407146964 42.86423818492278
42.53803006280635 42.20772711029865
42.53302034675076 42.237380379293285
42.026309886693504 42.90599343739847
42.536548946042885 42.221351030310814
43.21180508449901 43.98179756915687
43.98102184747143 43.65889100382016
43.7334619504902 43.83753305909473
43.45015761297049 43.88474867602896
43.75425270658863 43.829910860627976
43.83392393597408 43.6862603414098
43.3244568488129 43.95940409981627
43.76629899427752 43.77425770924979
43.34144072631785 43.93960253285628
43.81251937962967 43.761185310155014
43.99279838118487 43.4328657302769
43.66423908242328 43.85239712543407
43.402709751454815 43.93069447192087
43.55031593185603 43.86051015567927
43.938255963630716 43.683597464715355
43.48638003304537 43.87219452715264
43.161123674673114 43.99031477961286
43.98693491252932 43.54038731043237
43.13763392382913 43.99548936351735
43.99690601074265 43.11197267374609
43.44530270882432 43.9160723531527
43.996766145957075 43.23495077067565
43.97172715676255 43.66220043824214
43.99303487014361 43.367615449693076
43.95407012177911 43.66951428834569
43.815226430041996 43.745764203232774
43.823656796506626 43.71871364505346
43.99119006985099 43.52486226905892
43.83251008440146 43.71247073357852
43.313701877750816 43.96769644081682
43.757249877252505 43.821612615616914
43.331344546169895 43.94267581369575
43.05017297587224 43.99859052884434
43.764849434278055 43.788753297306314
43.02084441092293 43.999519596923534
43.3939266088789 43.93917909459994
43.470543257047694 43.88457578595775
43.688190484013 43.837856992681175
43.43581199377573 43.929010986967086
43.99886169580209 43.083309058823374
43.22690090567021 43.96959770433175
43.662999959434025 43.85932438438733
43.8109238914122 43.773542472289634
43.98221554673161 43.610245948244255
44.59347538722088 44.52122371753078
44.65325603752213 44.16396173299069
44.79826171149011 44.0107466663422
44.00108829839142 44.64967553507497
44.63954315152358 44.29920489029641
44.53081211702047 44.564644386592164
44.155934273262524 44.63052142567618
44.7881613468055 44.0500161462994
44.1924677237246 44.57100998496364
44.330258638805525 44.56526761894246
44.59974941767977 44.4104206198592
44.78010663558697 44.09872554192085
44.994377424190894 44.002039456942754
44.661093027364 44.1439596331222
44.777069430369885 44.10394689422338
44.05812830953311 44.64102539077671
44.81866708750368 44.00735842355566
44.55737937043453 44.5426270814604
44.05474905604525 44.64597584532647
44.64182479816565 44.27470726225514
44.549110788680366 44.55048699551683
44.722666380040934 44.13737484877042
44.615164685282025 44.38824352860395
44.65294148062641 44.24167177477976
44.13424998749662 44.63571335826813
44.286493758921395 44.56633997820248
44.724462172388776 44.11750965248087
44.89902548891924 44.00464247595941
44.24984405509094 44.56637318718335
44.1787940107093 44.596112571403275
44.724066405481146 44.127995460274725
44.63683097840891 44.3787560538584
44.855603987851424 44.007173055228776
44.065214173655306 44.63762043655991
44.75847048795634 44.10819979377634
44.5969174175469 44.50387859562915
44.55797037518818 44.538397080760866
44.19587315905848 44.56908799848144
44.75086139785955 44.11353506409021
44.170533550029916 44.63005430189448
44.54089278758929 44.55139071297013
44.18627509130818 44.59527262384135
44.9153679094611 44.00264556833001
44.789990625824196 44.04282337581163
