0.44079323536529214 0.36313884742338
0.1347743798183133 0.5968062469342259
0.3083763522691103 0.5518576723666219
0.33293707850850196 0.4750770027588287
0.8014429616977322 0.3303106997184222
0.9071843363033119 0.27704103849268025
0.09031928174823622 0.880137997534704
0.7154932847615653 0.3324371264818058
0.9709898556493968 0.05118714536472102
0.4922109847244688 0.3389301738978703
0.8500868691518403 0.28843012988246053
0.9312351961095741 0.05868245015405871
0.9118372285682961 0.2244773593785051
0.11247238608755439 0.5971553049314683
0.3185432897079171 0.49100095554086587
0.17662392462082188 0.5805340801816977
0.42072748459227405 0.46808729934635807
0.8302929233593054 0.3206959115696799
0.10807907730246746 0.8058121398950265
0.9244781895105177 0.08214118723503949
0.03388835226111886 0.9023214737674757
0.004187651409759741 0.9162656054292385
0.21607965070428103 0.5534527334454943
0.11178668255908508 0.7664989381404057
0.9991110387092875 0.022923084723728615
0.47146792125524906 0.36027249274757245
0.09991032321317928 0.8336652294584933
0.4763959157376191 0.34294584179383225
0.3087647142480088 0.5246334467885367
0.07394994388060605 0.8907801945190063
0.438451934566471 0.43766708338764204
0.41816693913993563 0.4728424434674843
0.58670335016443 0.33730293243113896
0.13615622288707585 0.594655981059507
0.9745301839707287 0.027796160360618494
0.915758674019562 0.192026274821545
0.9202508607354808 0.18695848615154365
0.14646462193504417 0.5866702206962885
0.8292985708450288 0.32518583301072934
0.84985456763501 0.2994250248297792
0.9567325923706235 0.057209772770924316
0.3281880124944514 0.4801079040681038
0.005850261481325614 0.909603408721753
0.2927433484051909 0.5523910682033076
0.8407902797915505 0.303685433856719
0.8749219741879242 0.2785092891255888
0.10269961000802041 0.8285830306086792
0.3550252876094997 0.4738995004821951
0.8553997721391176 0.28651956602732076
0.43053051440141976 0.4535627819021044
0.6869241305894056 0.3361169202351696
0.09078006328233568 0.8728215564856069
0.9252863831645013 0.07216761161344476
0.3169769092336646 0.5210132930770238
0.6952690261081 0.33322080449183933
0.09363547813430417 0.8462296402985132
0.0235643565095357 0.9065617376160473
0.8271712177431464 0.32783768928622115
0.06668504689182986 0.8964641882790977
0.19688878568875323 0.5559703928538191
0.9222337955763553 0.15551515407526673
0.48082595453230403 0.34079783121916984
0.10732742822695363 0.81583123058997
0.15285487529023323 0.5806278237634439
0.7960609509232692 0.3305759876845499
1.1548633267250454 1.8133895574955314
1.935160564704227 1.1105615552654853
1.7934372479968272 1.4033633872618712
1.6433825146230854 1.5062279045687381
1.7414857731240532 1.4245182558020693
1.1970076111880288 1.7697516118854013
1.8984776677946469 1.344239236320377
1.2309411732868658 1.5299287824923367
1.2156060010542311 1.7081275830288123
1.063109312661051 1.992637031909135
1.1089895261008917 1.863491757795733
1.7169873139064813 1.4387242720984237
1.1859576817570856 1.8087325903081268
1.312828102895714 1.5222844258064918
1.9337095505505206 1.2964796232459976
1.4351370828351895 1.5163357813062457
1.1493751808616168 1.8547669748773379
1.7938563698460082 1.3919869124097122
1.6934783475822623 1.465904990369597
1.6950629927435052 1.4535441469809034
1.7975928844851121 1.3730535359489116
1.8573668248743473 1.3498531309235042
1.0930745086651361 1.91532830361313
1.6018336242676798 1.5077612818981758
1.0746086876218202 1.9814436599043144
1.7110665203170452 1.4426656767830972
1.6682320239414081 1.4859485730069675
1.9497267119844832 1.1078671294441365
1.744598232807134 1.4099550619828682
1.9578165014733369 1.0007869175653612
1.112490451246902 1.8549276653945275
1.0838336521650178 1.9192199649960053
1.2308763747363338 1.65518502281917
1.1002584023803414 1.9016730009891292
1.246732410274954 1.5281484688228988
1.0783583424288266 1.9579796816588528
1.9077244281086574 1.3143299990787165
1.8109601062123817 1.3555685672380258
1.9183119627198073 1.2970276006731443
1.6827204542120775 1.4692218534109958
1.2045686010015497 1.7273772859899346
1.777492808382972 1.4047017856436836
1.2076763554801948 1.7176990385914133
1.943955853176932 1.108410394005786
1.9055164787145737 1.3243517416595534
1.8030829512311435 1.3564634153586372
1.663817660187134 1.491272623456163
1.076092561931795 1.9632042386024455
1.9508187470408884 1.0634559485595656
1.2565024312523194 1.523171800703778
1.9527953195433958 1.0118834389690528
1.4462182784100313 1.5117132093584642
1.1025465459579438 1.873444205503639
1.6590332729369381 1.5011881081952594
1.5139188348200432 1.510268494380198
1.1518600681253874 1.84229825382392
1.950561211640692 1.076060189098805
1.9346286357028473 1.184731984521993
1.4812333314819746 1.510959966444939
1.442869455571972 1.515338370625987
1.3977306718295353 1.5199290737818933
1.9342892222823171 1.2438096491608042
1.0308056530408038 1.9954887888077004
1.6426550358066487 1.5069467637284344
1.7181981926247576 1.4332776060400085
2.6396035587494406 2.6395609474605415
2.9623058783276712 2.627761215129945
2.2733094524011306 2.680599448468651
2.0527142233768085 2.8521738013063893
2.2483708011958274 2.795628448954303
2.5326948042845854 2.670344411623049
2.9653559144926747 2.075800754597683
2.4757195764035416 2.679182396436197
2.7712395367228027 2.634197523776108
2.9647089811305625 2.0776353908260825
2.0175992949982335 2.9367765203793863
2.011109464263738 2.9375086618412247
2.2674621138312143 2.728589781741213
2.2476735330049573 2.795803617466409
2.1878856698517546 2.827891731890812
2.0189985173697456 2.8987007208775113
2.245977273677402 2.7969470273089674
2.107576488066674 2.839898552040087
2.241431938447574 2.8146984098411223
2.2172327559310037 2.815815952524022
2.505021423992639 2.6770241881472714
2.2644265245351605 2.7600102927279075
2.0452135572341645 2.8733528861140436
2.076429608277161 2.8477813664383866
2.962608378612524 2.2667623005150577
2.8263679801903794 2.6338761919899336
2.9886602876322335 2.012502013939325
2.590918692494578 2.650410636986724
2.5647764658492913 2.659222589731118
2.8758972094592608 2.6301407597237607
2.9624589905502483 2.337789377838525
2.5764156263108973 2.652392157229389
2.6275990934137203 2.641115750146883
2.272801655183149 2.688486528955414
2.152912796772836 2.830884293614783
2.6636433080422846 2.636746916238505
2.983458478407662 2.0532336028846934
2.2757236314631335 2.6796651777462626
2.9706848585341605 2.0598644497720264
2.007284013288395 2.940012143980859
2.020190566169199 2.882520423969456
2.066687967911478 2.8492688826357626
2.0832940479229647 2.8415152213921075
2.977129397096517 2.055758751652425
2.9879924719379063 2.0447315073922603
2.272194891799791 2.7030616814969246
2.6147216656098538 2.6413688375531503
2.9644249629764077 2.0965960372248045
2.9481690674352334 2.6292841035496557
2.0794523113191827 2.843567443089223
2.263968129017353 2.7902748694206063
2.5544348365721423 2.666268743517734
2.527780395604731 2.675494830915266
2.12182189754588 2.832009442871456
2.194929484169812 2.816907047164321
2.6600312304138862 2.639514219229176
2.2488268947915904 2.793417608223028
2.0314464239832253 2.8760485671487928
2.4992634372367455 2.678910370023117
2.8304142620107378 2.630474020520114
2.2758255677346093 2.6796060313751524
2.9992607275837733 2.012007312152538
2.6917396953591677 2.6364194178155844
2.1901356567614787 2.8219319874055753
2.1087036924078437 2.8326313277003
3.589185242960159 3.28447015450556
3.1753906708281723 3.597290412803098
3.979524153598013 3.136276418979926
3.7466035825045796 3.243674956593555
3.4578417123803464 3.5736319831215435
3.1740540979974767 3.6149029169212943
3.1407420273092477 3.71136121801902
3.2964454853393717 3.5778386375465168
3.273780148491894 3.593620027307936
3.5556649778813734 3.506557809060113
3.0409050249034353 3.7316496986999823
3.5778760924093453 3.325558938973698
3.5065412869356827 3.519397781298005
3.577343510357674 3.487870882658849
3.867154387644993 3.22575611791582
3.0289933747499225 3.8854076565246185
3.7246359773211237 3.2496169451755126
3.9094874785452274 3.2152523038954177
3.9990278308896223 3.0048935893056803
3.9051851358199143 3.2219181481254897
3.140024303977545 3.7308550464244616
3.1647484745562324 3.6697067716843748
3.970262059307994 3.1891633109767783
3.7729247484338577 3.238528586420103
3.0315793751158444 3.7857954044590563
3.703198273000735 3.2637802457537
3.0165032885329808 3.956980540413311
3.040706615801881 3.7774122648952977
3.467734836335423 3.5326548178000343
3.552581255971063 3.511006962991931
3.9972620515884305 3.0398456813679604
3.4459752030269635 3.574818398614049
3.458479823728207 3.5326550702870203
3.0238350295397334 3.95684897217022
3.5456612689535967 3.513253135744808
3.0251586893004845 3.939341625649109
3.0130629599538827 3.9713890330405426
3.955073227865192 3.1967486182966542
3.4891060300830805 3.5204027825865185
3.1819778399587206 3.5963335633018145
3.9935529120645157 3.1226494788965797
3.989337712799294 3.130413045600425
3.5648773762187544 3.492384993868753
3.7284470669674046 3.2472736571732805
3.0017279795597593 3.9928562409503403
3.950224125933658 3.211651914020512
3.9918561464940994 3.1241857972729927
3.7809587323084597 3.2338356378573625
3.6268261494212664 3.267943871591443
3.4927015748908588 3.519983622134753
3.0070516049542944 3.979256882942313
3.950672197775535 3.199067592671418
3.0488262570497047 3.731102354709745
3.0302512001065374 3.8848010809402798
3.1724534107896885 3.661767231972661
3.1616804123411453 3.689715520414398
3.2842755182484957 3.5931041424844556
3.9751995584542485 3.1808041837873144
3.5787904158484656 3.3038362680481326
3.5372107880118264 3.514883353414897
3.834423664451097 3.2258980344166144
3.833837433433679 3.2279364971278808
3.1642250457288226 3.6886385737915885
3.969420266657437 3.191902799735276
3.9948870355191803 3.0577045159035725
4.879132529606833 4.846909894515402
4.948883803238662 4.370043019235166
4.867023518900002 4.9149685053274785
4.6430443904769945 4.920191183509356
4.879754798658915 4.564790417653281
4.00304119202901 4.9935659288295025
4.95208932627707 4.248969536623732
4.053765939135453 4.927051130466762
4.95011058459782 4.29784210545089
4.965766590165447 4.156446352569872
4.931936768628564 4.380804575017976
4.966187715209197 4.096888767308926
4.954195463038562 4.181079448666653
4.883636153842024 4.445178683395077
4.006258230790741 4.952563155618487
4.65376540713024 4.919382742661364
4.9112277154799955 4.403993014472738
4.878106434186508 4.887852303674451
4.3403406143911285 4.924238902430642
4.994057227791598 4.031502885774065
4.900443582693636 4.431158990716187
4.9946921984538735 4.017818513386255
4.923345085848347 4.39680274597282
4.9525444086297625 4.242304614017166
4.9858323396517115 4.04709814983965
4.869557369116845 4.897395245231615
4.232722913937057 4.925047005306069
4.460984408125791 4.921993832880574
4.926220773604408 4.392919364353154
4.957964909358459 4.1651318419539685
4.9082538736845915 4.411829216814108
4.978392758126807 4.070061451262658
4.823538124197259 4.9177485791759175
4.982278267706254 4.062385863878387
4.949749369146959 4.3241414276738785
4.363094122434974 4.923044133298248
4.022037340445951 4.9311343126844775
4.951991045629567 4.253114491521351
4.941516671615278 4.3707726041012664
4.948633612253951 4.3700884538138975
4.74398726173849 4.918818935231752
4.523118388465355 4.920903681193628
4.032716835798178 4.930218841217408
4.933728590252129 4.3736701990634925
4.1189647377864915 4.925325944501013
4.879702252348318 4.835907586471645
4.974546673894329 4.092902962630369
4.954218614217442 4.178753830401659
4.101380792439466 4.925564079023486
4.951341688123561 4.275843830557468
4.013016137060987 4.937932380562693
4.788637798258218 4.918264577907509
4.919238680013545 4.398775172355968
4.044109942165436 4.927717023611309
4.9107617150131935 4.404942003454567
4.054799996562551 4.926703516829444
4.9903291439724855 4.043105589482209
4.635657522865529 4.920220839723779
4.963225778258515 4.16356563808653
4.881191004663293 4.552749646244497
4.954639357552221 4.1736064149705765
4.010320277031994 4.943501513729726
4.3569743180680724 4.923309181208598
4.00382848442614 4.9909880182192055
4.953478109935018 4.219836318801706
5.007308302918504 5.995086000497503
5.578083216043305 5.573452253908731
5.911330320810245 5.552821810142858
5.526821606667036 5.839833426159685
5.56634585947765 5.7309979855489654
5.404583811706388 5.883325265137878
5.922988308946829 5.136235758134137
5.550134398813883 5.821408797865171
5.962201997043879 5.122654059290876
5.242222186964398 5.978192166051581
5.5741278645099825 5.588764409790326
5.887364536079807 5.564616000311963
5.169789457869496 5.978862338731533
5.992389145063473 5.09474113037
5.370090099109591 5.8977371574808055
5.440050502882514 5.862193317054693
5.576694735229432 5.573589559717281
5.5736040681336645 5.636327203895622
5.2592167938020475 5.9504470307180375
5.474337851858755 5.854254818256546
5.353821947289033 5.9357565171746725
5.534031244997313 5.83571327171544
5.913023461497962 5.490748391438298
5.877362518393464 5.5683462740901195
5.915495848019576 5.428538430262309
5.286924878394126 5.938568609340296
5.92196118376207 5.269264059330831
5.98386844720649 5.099458764768655
5.559999970095191 5.800497438450169
5.841391761487326 5.571551816765366
5.018522629031676 5.989905162532024
5.573654288318954 5.595052586370859
5.155026399769013 5.988081263782562
5.918129182598108 5.3033573246968455
5.3616434193273275 5.920534340210186
5.408784726011265 5.881029744359601
5.563026428802474 5.755815366778226
5.397850726995177 5.893015514539273
5.14800685013201 5.9887505502047675
5.502524179810411 5.851806815110885
5.915951969338173 5.418605203048367
5.890129106100638 5.564038645850053
5.964338252383772 5.1157197422721685
5.568230052286813 5.693047766281136
5.247778626572444 5.959977202396946
5.254779248543586 5.950525967085401
5.922950020910827 5.154270633131931
5.950589428145433 5.127910128932296
5.355611309873344 5.928791897327797
5.9747524119882724 5.103222444242292
5.503910341165115 5.851252478557097
5.4288414309572515 5.8732261339776235
5.562543441716549 5.780982045320374
5.640433685250492 5.573106682808361
5.921791148291868 5.283033794263673
5.558984500388106 5.802136449386637
5.994267812590344 5.061045314274195
5.858177146390788 5.568464111813949
5.572386355836262 5.674380346388635
5.825068826393739 5.571573600159625
5.423649777323831 5.881021678619763
5.432066723493743 5.869101990560684
5.976526469662321 5.100140287277508
5.545132619363439 5.821544816417166
5.144588183296509 5.989436935112664
6.365720445475957 6.771359255168065
6.883798081994605 6.467360295468756
6.339467185654149 6.7951328601303524
6.926666893468164 6.267377074440359
6.0928678477083675 6.866650120742811
6.544720143474252 6.753665006904617
6.984608635183196 6.064057824576045
6.879599777573667 6.68651251413394
6.282046899981052 6.853127426195679
6.886459816292003 6.3306851602292085
6.927755597384775 6.065491360971517
6.6167570661370325 6.748793054794897
6.717843941261767 6.727927683546464
6.395236997363952 6.7700298022118375
6.010349346890609 6.935590985167014
6.02527285394897 6.869043211735346
6.792103329643561 6.7050582482155034
6.6545068261247895 6.743583338042195
6.988537011419732 6.038077993653928
6.013880816227744 6.912587445251965
6.331260647878816 6.795973857048828
6.839991340682435 6.6917139313871825
6.743639265226415 6.727003412301559
6.463703437934487 6.760745816317524
6.886031347858056 6.445260043686883
6.99563831696183 6.02374620548913
6.1271446163454755 6.853607959656486
6.902292005026621 6.268403141363474
6.328072025599724 6.820485717824691
6.927507638912573 6.264801760553402
6.673687528931708 6.742156717293212
6.035351031490169 6.867748887741497
6.29356413182587 6.8260759285816635
6.801559088034011 6.703234406351122
6.762083036866868 6.705945860088222
6.681189577993463 6.736179839577918
6.0621414579961845 6.867370280557081
6.343173714667523 6.787617945061063
6.095941562645839 6.8602092695514
6.89345784950425 6.277377533447838
6.010215198857093 6.980516513392939
6.118641405056008 6.858297544517764
6.88067359946361 6.648844441147327
6.835755067657069 6.701939155208122
6.539028979223213 6.758136129148587
6.881348766162347 6.558330829071544
6.4532322664949735 6.766902334184685
6.438769771044245 6.768828918057492
6.8825355369270715 6.491596332921095
6.327704511865221 6.8254539837766215
6.996386232546149 6.011478187178641
6.88079852187574 6.644772492125685
6.894221255475467 6.273562527190847
6.143416118501889 6.853197513801051
6.888185939071089 6.305094371915185
6.012741646987121 6.923948893471213
6.68790451325451 6.735181836481791
6.881176235527647 6.643300148676083
6.999405081001068 6.0091254184615694
6.845378013796754 6.690984763176273
6.002924276115005 6.988484087959975
6.015718993050895 6.872926861922616
6.5904731272618875 6.751076199492026
6.289399379004837 6.833843961775504
6.67709349748265 6.738436420066994
7.022724679060614 7.1657478082125285
7.784528258860325 7.081565642907273
7.390953908956351 7.110586222565667
7.20080494985738 7.148999808687755
7.942994044497509 7.0734561163282805
7.599555262688397 7.092646356013228
7.001402148706822 7.904652401135427
7.439366184869829 7.095879329788202
7.334246326341328 7.137626611064702
7.967673329456431 7.018486896815095
7.0037353500093715 7.806912133477386
7.95296678546288 7.023275230895342
7.704487996561575 7.086592187772858
7.008737669732933 7.500783518443485
7.989841792795363 7.015241941481472
7.100016819908709 7.159170057927993
7.608762223967047 7.087433071045206
7.0796411304824955 7.162531247471147
7.021692720067593 7.430082450881188
7.360523572724022 7.135042897862111
7.007285609958707 7.582459418478226
7.943351397301425 7.054565365199889
7.0167709365257664 7.460704938335212
7.013224910172506 7.46794177650582
7.174747030930584 7.154315784870885
7.3878430201495595 7.122557390027419
7.001023564707966 7.905931970955777
7.198945343077128 7.150332871648977
7.300512514152722 7.141462735768837
7.282985250289667 7.148276665319031
7.366180396429809 7.124388226580773
7.755462422303718 7.0828558500342105
7.733238205217104 7.085595059855641
7.006060779202634 7.762950552290681
7.006531910066698 7.699959872440478
7.403656472550008 7.095981918737971
7.003022232407259 7.838696554377377
7.903040337038959 7.075501025757194
7.9023121076872 7.078495735023327
7.362991174681272 7.12588173685998
7.472050302183893 7.094836170277751
7.000910658121355 7.933053265191187
7.319548113535728 7.137928779728929
7.500210691560132 7.09454012994477
7.81554692718723 7.081071568091994
7.9549369699000625 7.021761389760238
7.366504208132342 7.123518935391951
7.47136504701848 7.0952644870747665
7.607761074051407 7.08859777806877
7.361199440572845 7.1349033718854376
7.0108531056540375 7.479311234053045
7.620603847368374 7.087187890529915
7.284340911771913 7.14700164528066
7.966134982785298 7.020391323593747
7.947058431238101 7.0276486973385195
7.402108438553185 7.097911763832467
7.542933520914022 7.093882954440415
7.000047169768478 7.966366626830787
7.828336810243342 7.080131349681532
7.041038989010502 7.163621472538126
7.167725461994265 7.158420772708337
7.799098404068216 7.08135797494865
7.709143876692553 7.085668460795645
7.022338628773142 7.390871125796624
7.004776594622242 7.795360007252133
8.923084293616542 8.566216580327724
8.394085117023275 8.886554988954305
8.940183232718063 8.497056163320957
8.855991463875997 8.64250435591409
8.7139805600741 8.660239394320365
8.202549356443793 8.991776303048246
8.541921271921362 8.798178912753132
8.969484008796295 8.289357976339426
8.308863395766059 8.978395275734142
8.613098505601075 8.690881816979182
8.968516349103043 8.33526653145545
8.364208547975421 8.899986837825457
8.93775196304203 8.539690162924584
8.439543880755089 8.825950699524704
8.940973121212107 8.455544939856196
8.90576913000324 8.577803952696451
8.186928331273823 8.99851252841877
8.860977481348169 8.635704539467756
8.52576834330146 8.811543958718083
8.345257477198983 8.96066160244534
8.608981348288339 8.758360676586193
8.874438923744663 8.585048242684378
8.692738448309829 8.671557390343532
8.403428378937088 8.829895933769812
8.516815823633197 8.820234391399094
8.998432095801098 8.150182253162814
8.286334761654706 8.983357295406742
8.980803121526355 8.21057397069968
8.192357878881028 8.997922435318763
8.932531664257992 8.558857507746998
8.993431737348793 8.189042324159836
8.956852677895748 8.376583899136165
8.946277203890311 8.382198200909912
8.589787349165015 8.779392189089073
8.771322169354638 8.645852448466634
8.958329026375331 8.341365355110186
8.576666330187418 8.784959168575693
8.356730995128574 8.938738779128991
8.691959586781262 8.67246919343951
8.45152625815177 8.823866052694322
8.413865406890974 8.827172114096722
8.676429997406903 8.680298786326002
8.871434135131265 8.635574922431395
8.977679488759449 8.267398637512484
8.292754908626343 8.982580455158853
8.965593095305696 8.338157256339645
8.313686449667943 8.972899753528774
8.232500541412143 8.990628563945329
8.445549703974384 8.82493663247655
8.357756516853222 8.91120340892401
8.145264675421705 8.9991815543583
8.610861880239113 8.756012357505288
8.551520655068042 8.79362433935498
8.708708609716986 8.664544457749713
8.632876524581249 8.689827958876393
8.357128069932743 8.91731030519925
8.336213547256538 8.964070338802202
8.767499164818174 8.653993690143727
8.521853772477442 8.81730956234397
8.941964261611067 8.432301272632955
8.63679146251733 8.687784244797799
8.381750287164225 8.889554505114575
8.401705533230034 8.872937234685129
8.98232410184573 8.201872241599897
8.700896838126823 8.66996995413321
9.348488548574714 9.630663975488327
9.897803833074688 9.420540966664499
9.916075973525972 9.304430673045847
9.754549142286166 9.528770430199634
9.944797758958751 9.217079096643761
9.31942515005298 9.820504886156582
9.694743013478226 9.538792292860128
9.327667677600814 9.730609174432173
9.198564531963765 9.854044300752639
9.863766739463935 9.528567862876566
9.578545919494196 9.598422474129675
9.054808911147362 9.8705106608422
9.220667111428265 9.820909258764399
9.96820035654206 9.199435574861326
9.889856902281966 9.448085454429325
9.942695526099422 9.27360531124169
9.968248905577534 9.16012581105914
9.691472988494121 9.550663907325092
9.629756083771259 9.582979430029072
9.497551016645062 9.621037603289363
9.18226877732751 9.860543131298671
9.865282582285356 9.491075318242927
9.039379427661144 9.949316646697474
9.489186295800982 9.630174471457828
9.013508279041018 9.98993239471233
9.015466962179705 9.975413165640909
9.977017299058458 9.132508067795873
9.551047084383718 9.618235404759316
9.910183640538293 9.384209690375107
9.643530134181226 9.57285358275068
9.490786785335038 9.623292158903281
9.985746007957399 9.105912073702795
9.69916539029667 9.534902698192164
9.562044614864579 9.614800025049014
9.048534124398433 9.926292378870537
9.159033866295863 9.867532915802222
9.991348440122984 9.027022801996551
9.983586556311089 9.131340279678401
9.354486337177006 9.6306445052178
9.895740095032327 9.436440486618439
9.336252232312814 9.675062531642384
9.609162691805956 9.586589029580477
9.913210041417784 9.35590019096917
9.953883408216518 9.204018033925752
9.328552915636676 9.728278818894484
9.654423095169292 9.554854186934513
9.017086571380396 9.961600327140115
9.650835818362593 9.567150522338185
9.196668369702243 9.854777058010292
9.922328725392275 9.297321115198853
9.320301906579571 9.747527247645332
9.325648261126435 9.747038457986786
9.34035878374361 9.651766774440867
9.052183513903097 9.92532545323833
9.04372199972171 9.943856866876251
9.872121123757267 9.448796780725608
9.216483418408357 9.840321974345258
9.866572837368004 9.488334763732288
9.334903753525984 9.681160722005647
9.610993185977488 9.583066074368313
9.721862137321331 9.53422893786611
9.588595867347255 9.597192289364896
9.94604185398906 9.204303877514837
9.746172772265682 9.530361033830475
9.603957854575071 9.592490519329449
10.191100754143738 10.535608334561182
10.412197976750228 10.130146317791324
10.450825669045045 10.041667599483068
10.25109306297427 10.382258270775626
10.108675932093423 10.74291151974741
10.725254186688119 10.014538641966423
10.210458330428187 10.462411229384344
10.228295650336689 10.447247399729626
10.430307435415747 10.053652213137548
10.037655457322526 10.824584232180863
10.370003434003923 10.356004322623969
10.406420957330818 10.150705240021171
10.78704410790183 10.010953229867027
10.172552042134244 10.692706310453087
10.837435599318107 10.002800761428455
10.271283985299124 10.356555278210378
10.197105480915841 10.469229404967955
10.005197329455124 10.895889583585221
10.088568567064513 10.778131100214186
10.690464305823834 10.017759449835935
10.37896913494474 10.337545525011372
10.563587644598515 10.022839536794
10.02102740172879 10.839227971898978
10.397507043919582 10.314145871503818
10.421721953618894 10.074823650994373
10.13891668552321 10.71296396041841
10.542482001772651 10.037139727559294
10.262453994949409 10.373728964224679
10.181516486370626 10.691618033267572
10.013530944773322 10.889661475738677
10.135064870425431 10.713842461054037
10.398556168393622 10.23276609974987
10.231381439370313 10.440269586285867
10.13000039504037 10.729906688624908
10.810050220489055 10.005628233153715
10.092976972558548 10.754774809471835
10.396173135633003 10.328068024569099
10.577013342397262 10.022414666690922
10.219311172212263 10.460156918981662
10.232781793117763 10.407113898626331
10.607029929602499 10.020490294195493
10.52577911409316 10.03733193605142
10.143663723915123 10.709510754591903
10.246610765828787 10.399016350291694
10.002178471560027 10.9292306400776
10.044746586971195 10.812895262476939
10.162502096256206 10.695062573969407
10.20413523771049 10.463056986235005
10.518517788448944 10.040827673978738
10.182469937176547 10.542430413512918
10.637768246371392 10.0180873315105
10.045784187044411 10.795129185528662
10.143944608090525 10.707117758380534
10.777958719915702 10.0113985920097
10.424272638271717 10.055811990712398
10.397068189892904 10.318515712246015
10.065354195417424 10.787895246604492
10.972531875978197 10.001854389432907
10.048218806822286 10.789192339286972
10.239101270264129 10.402884145063618
10.450312050709677 10.050818300690946
10.54307670414164 10.03686260168048
10.931357224813711 10.002026663427445
10.192825743504963 10.531634111477178
10.111349944212181 10.740251904229513
11.48525640019758 11.255271570717253
11.311147027019075 11.752484107487112
11.629421591869722 11.246007322905335
11.324727379462528 11.334325614082335
11.808223668153786 11.170260553788264
11.302378530172119 11.819547049867566
11.286282849045817 11.891732875354066
11.7519801720994 11.181293848752746
11.000550366839942 11.911548380165712
11.263262280935473 11.909367037140568
11.91660628350585 11.131248290133971
11.477876438613855 11.327466860476978
11.299104333335388 11.834073263337102
11.383733477660893 11.327681673574196
11.848439204604864 11.131319662819374
11.927138645329958 11.130818686189293
11.65176913676951 11.183841968820499
11.968526151775581 11.118630458426821
11.214877067004538 11.910581628864822
11.319082796932605 11.609758248840366
11.999307885402233 11.054408109409078
11.75405740059175 11.179463802099997
11.025428478326777 11.910610916412375
11.3234125946275 11.53244942319642
11.651000715809216 11.198296686933771
11.8225362915784 11.143215586747266
11.970196471447691 11.100749195076718
11.801879083745245 11.172688817553071
11.670017894411705 11.18158280514268
11.292497161150335 11.847110726149563
11.635728371855699 11.221252892390988
11.970445849272865 11.094508142174064
11.311750245598144 11.694596468142652
11.558146970831066 11.25253123902275
11.949619803598239 11.126081462740338
11.99933280821694 11.048427906743296
11.30764830738362 11.774326364143764
11.323715531752676 11.416038713959182
11.810759718468457 11.146687023235398
11.318851246686938 11.62834493516338
11.643962319902533 11.21400759478684
11.634628545267049 11.244969134512985
11.2861904141574 11.902983494030499
11.809626436027912 11.161764889487031
11.779099920792314 11.176898678697388
11.483694054086271 11.29770518920434
11.30442045833223 11.81343587088652
11.367709827084816 11.32784212576054
11.31536165334671 11.650742929886805
11.516784491909055 11.253941460513278
11.484544225246896 11.271771625456903
11.975201782928456 11.083407957510035
11.553180301307195 11.253574588525057
11.323497614628181 11.529948100773371
11.321135909440397 11.567033577470069
11.611868038719905 11.247288885390557
11.79255634270686 11.175848410750904
11.596915011542237 11.250629768169219
11.938043026859255 11.129855536106854
11.968443726801665 11.123572247891477
11.99167848426539 11.066078206511015
11.938256090629523 11.12687321822057
11.269449826699265 11.90777221865823
11.301205400344104 11.82657938609608
11.31704891843227 11.64045734921328
12.255304300853545 12.973800723221503
12.639602215633024 12.760294956460703
12.875795711893492 12.745015892164295
12.913490632550607 12.348729544671466
12.990370796099322 12.283417842970696
12.572856451977904 12.908681324770717
12.155202759142938 12.975218331373235
12.482824510343608 12.94208608350369
12.87952468763443 12.352200693492698
12.289052479127152 12.963808369351073
12.150840361403665 12.999889817492686
12.55838024218658 12.924013097180167
12.578314157942174 12.845744821668726
12.995089969582462 12.088480729103832
12.921151513728946 12.303312376045945
12.344529193372184 12.953087806322623
12.738370315981703 12.757626325119483
12.595706914571661 12.794549517806585
12.909501742151207 12.350300302637596
12.628945928393893 12.768072094683776
12.39334145738583 12.947170264964088
12.878819325567846 12.42082279649101
12.876040529749341 12.507986604518397
12.9977946566603 12.076850642887239
12.354269336435124 12.94800175484791
12.812210028796114 12.750666396103222
12.581916769442037 12.832702018836729
12.336297769756337 12.960117546531125
12.495084266831414 12.937130963176019
12.9942345936019 12.109101307194805
12.993924554661438 12.11423649124134
12.821464384663267 12.746987322365491
12.91652212571475 12.330069300245155
12.434388032505211 12.943205619039132
12.66160616818004 12.759684687266933
12.270558218290802 12.964658060472313
12.815493995653398 12.747278036293183
12.639345422847411 12.76376583619872
12.944224154166616 12.285281991636356
12.488844138251283 12.93764347515872
12.588586512369897 12.81330275520451
12.614889324047907 12.768175978825898
12.601602232777667 12.784315667073047
12.719079354005926 12.757767836655612
12.930722974183766 12.296924277191625
12.915810332386448 12.339662220221914
12.498206344764492 12.926629298362434
12.57585467035064 12.89370023162096
12.991462425343073 12.201416937215788
12.593903493934185 12.81040914566308
12.314553435349044 12.961461473559563
12.717832621339204 12.759084312393467
12.9937093218534 12.183495391748597
12.740495896004234 12.755171064370955
12.916996803202899 12.311902881003041
12.573488478379641 12.908428458733159
12.471482571192066 12.94208984421266
12.787163037947378 12.752241371742551
12.876653872081352 12.42281851358455
12.932083260193156 12.290922759633032
12.977336314189452 12.284956451212775
12.551248417085036 12.925592110905043
12.285125163416257 12.964085182145917
12.595387247435358 12.809540133183521
12.63575791141138 12.765804013722263
13.730555857914453 13.865701466023287
13.496687635413993 13.92694593733141
13.978344128059394 13.64419762044581
13.952819659568425 13.768600327080865
13.354634748707165 13.962289910424595
13.615199952559776 13.899112548029423
13.04194670232835 13.9680568760412
13.995172787455893 13.367794057108771
13.760947204315384 13.81399770969125
13.994752918438643 13.515800261669826
13.81256232146259 13.810602789531675
13.743878725141396 13.864159082577027
13.691884761547854 13.894387576484583
13.963429992166775 13.744054289954667
13.975192173139574 13.716466656151642
13.995545411483876 13.232849160140336
13.860221237741225 13.77493243751229
13.498724849719611 13.900725101558457
13.248377317669252 13.967160525350783
13.81556935421914 13.804693494875098
13.959890306621205 13.764987476141222
13.972029743959892 13.728490918667225
13.381786886908463 13.933049092571428
13.321537860438294 13.963834881907122
13.998538252519475 13.007226566898499
13.706321815050062 13.88787964399538
13.602963448853071 13.899384878669368
13.032895429974921 13.971555822109739
13.979517090439446 13.570370044891943
13.888943984378205 13.768957316358327
13.84891675822528 13.794387702020423
13.741095229005804 13.864896695698393
13.02795962825664 13.998948602985717
13.725688478581278 13.869239161535317
13.624139261700975 13.895834693562428
13.463404747132765 13.932248330097869
13.366387702696889 13.96162416295538
13.996707557243154 13.232015546030366
13.97843179834049 13.631055251931764
13.282699604527423 13.966046104534527
13.133706123054996 13.96755512506002
13.707033895867243 13.882792146748331
13.977335060274376 13.65310966549456
13.968582403814134 13.734604096376172
13.75982708070769 13.841333523891613
13.98553402412356 13.523875576804695
13.878668104095592 13.774850461466958
13.311249800461109 13.965024824269396
13.8565513816346 13.776021691410754
13.976851922311614 13.693967231968575
13.03288638338412 13.998842411049162
13.380097603847629 13.945454201439725
13.997539502982669 13.024361033734511
13.091666013179303 13.96792344256002
13.975991510213378 13.713795172754072
13.995329976824902 13.308261458436686
13.8495085107241 13.779329079402748
13.661572804030502 13.895352885967794
13.367558085523038 13.946918532521298
13.963506576920905 13.73836070113284
13.831899559860286 13.800435063598902
13.758424703207583 13.848261743873412
13.982475270316932 13.560245595980321
13.886249342677042 13.772238899676418
13.75986761881108 13.824398645939953
14.483920717699785 14.576087373201048
14.942334738007117 14.457770453911863
14.135540257464449 14.815339199215831
14.439025788705209 14.746035612160597
14.669825561647748 14.557765587623548
14.671137545108616 14.548983194406741
14.026446448042227 14.884109787130736
14.9645940611155 14.012351414949192
14.682532590570485 14.505691400493742
14.71943387790542 14.505352577151879
14.753824986882194 14.499151409150317
14.946278913601391 14.397190177654355
14.267442329101838 14.778310595080468
14.447540604313547 14.61439961695029
14.364011308086267 14.753435470314326
14.096976100419983 14.842651988684796
14.951279838935733 14.256691832306283
14.227497013806328 14.779544023771052
14.142355444453639 14.78710896755505
14.062873533986615 14.881661483328823
14.011044735304393 14.90626620991625
14.439628757949729 14.721310105247225
14.900682480602399 14.497616093936028
14.666586594353362 14.56991549467235
14.454495070440899 14.60854629202347
14.925757971196683 14.473438123098239
14.29375445719007 14.755712528017547
14.955009963389422 14.02519885600323
14.214154848014322 14.782175638893625
14.974834759139096 14.007057668461854
14.071123759931192 14.85092990430401
14.14107692486338 14.796582782872617
14.948524147022061 14.369640841227357
14.456387505898324 14.604020955465717
14.945828566734669 14.447535264687831
14.282434690820043 14.769308234119638
14.004450498776123 14.921961943178825
14.68230913931317 14.548756281195148
14.112906316354021 14.830389311517516
14.439928195906289 14.646497627083834
14.090050290102093 14.8433775669119
14.295221423710316 14.754402349950546
14.467139569683939 14.59660305331711
14.644691703104655 14.574690006802197
14.946512392561845 14.370005268803155
14.372218484795209 14.747323477727987
14.567472019631323 14.574773457261855
14.483435948329195 14.577546832646231
14.562511477662762 14.574858413903783
14.157627258970386 14.783022689457054
14.952486999846048 14.172168627427569
14.439772049966718 14.713614224096787
14.119114738434986 14.820011573371318
14.44427062033383 14.627166419419245
14.950147128205746 14.313715520905015
14.014367484221955 14.887518634612452
14.74932680386978 14.50217673101555
14.29208057298917 14.767678439764923
14.954715463843298 14.13502715983031
14.101504719310812 14.83246067372313
14.000355326305026 14.95464711516426
14.367500317329613 14.748705499870338
14.934231574408008 14.466671971687664
14.003279180185096 14.951310071088363
14.283977041481975 14.768340607699388
15.183376457490317 15.864648153707183
15.562805870570193 15.389483345445099
15.449583291738131 15.569580132112405
15.461134763190252 15.460559372884969
15.988720500123286 15.31723618468997
15.303100398717953 15.642000180263743
15.18746108558745 15.698897186614555
15.23988949730954 15.687154621905355
15.995421615106187 15.069568612139829
15.814009916159254 15.324969059910966
15.28491167395468 15.665005685856585
15.313390259139622 15.614476119142488
15.916162812719065 15.322760503481941
15.137595981611666 15.89156350513955
15.003726889093757 15.932915207984369
15.554175027999683 15.40030837182991
15.767763868459507 15.34398403290983
15.99102561154677 15.289968607513392
15.114011512343197 15.925054271527767
15.615472571965203 15.344278448392263
15.456990907699158 15.545040499987094
15.185459427792946 15.809062699361935
15.99810735079088 15.019887544610357
15.281412592627241 15.668001426800501
15.360961609506404 15.58481211334925
15.203505429280092 15.689661512042026
15.601010741706268 15.358147828238065
15.584814267097801 15.36603178221133
15.530101014749786 15.417592170733109
15.003714766962315 15.986371453492652
15.115656367793973 15.92387657162983
15.992735812139825 15.227939942969222
15.130817484430034 15.916610714213311
15.409177188284582 15.581563480483567
15.185862212908443 15.710249828150667
15.170097757284038 15.868836263390962
15.438834899657648 15.570215772550165
15.554084294835796 15.404518303847212
15.994587654909239 15.18257100042742
15.283558502759774 15.667581396405218
15.166686610770148 15.886085486738835
15.310267121726152 15.640244753616916
15.538560424155264 15.408238917586317
15.768097847969763 15.338413588747995
15.4745116039273 15.460551565166744
15.123143629751212 15.923237521190849
15.49988640239596 15.444539542382296
15.482138548382938 15.452927561360323
15.185041991683098 15.840765522893712
15.281016610223013 15.673875207958732
15.810501740662902 15.32753701854712
15.155561904395874 15.886240639566791
15.5343584320511 15.411433723129278
15.300164087334105 15.65127952502656
15.330633077554868 15.602106224601243
15.862066310704028 15.323859832138423
15.487869455517036 15.448797189883962
15.112613396875691 15.92851147649083
15.458604897961754 15.476966320132231
15.250145300438094 15.674062796086774
15.298891594254421 15.659073788061871
15.337659396038969 15.590731715141729
15.083154718012473 15.932532648671447
15.460458244091962 15.4660615037877
15.5649440246698 15.385314927940051
16.387723548371074 16.510098996138282
16.667335542844945 16.48958388107633
16.071086952013427 16.64616530739143
16.018296860966718 16.71732604743638
16.924785929321057 16.1283292822973
16.87094929724842 16.217377341885864
16.269444437451256 16.632124548959062
16.741021241277267 16.32120275465982
16.87491223699292 16.208622217415336
16.32430822957158 16.62351553392104
16.10058274300692 16.633803246831075
16.669984916901836 16.4773789741718
16.716589509962574 16.36198017758308
16.007422449467985 16.957388227207197
16.852499635798544 16.307474423773733
16.446591886184596 16.503334064463413
16.310374236134535 16.62456646599292
16.958666242409752 16.097419350004003
16.87502942517176 16.183099993249257
16.016680695514168 16.770701925551485
16.696478709580465 16.466793029343357
16.85794983396993 16.286859623678605
16.384656934724568 16.52040807394885
16.009868759848867 16.774597121697926
16.019184376428193 16.70996379687152
16.415290052776708 16.506529982739888
16.862968275024276 16.25777063684368
16.692383167793075 16.4673481821514
16.704647951508097 16.437196629679978
16.89591690509216 16.140910608039466
16.830021231823544 16.319176722045952
16.51356830292465 16.501819227388122
16.364022543208247 16.618144415247446
16.02901204828416 16.655181231968996
16.97500756395239 16.070506972708397
16.71158278300022 16.39491262866531
16.88321564956289 16.182374267719158
16.023300449653117 16.682446891164147
16.570636776278327 16.496387121079422
16.716992831355345 16.332657661788208
16.377175900770396 16.558600676613835
16.941159465358076 16.11679310807159
16.99464553688199 16.0629077319344
16.377152080091978 16.601345453695718
16.30056834431139 16.625671983896428
16.98256766760901 16.06936498480649
16.574566871603057 16.490189196285158
16.768881897067697 16.32068363485565
16.02898041677127 16.669700099465445
16.38416766377608 16.547832381214874
16.944937262629217 16.11506040330802
16.066672097906856 16.651173516083524
16.947427150471317 16.097879518933723
16.998176739345126 16.00891502609176
16.88649485369972 16.1696000673978
16.860982461896175 16.278367258781028
16.297754111989196 16.626452884617738
16.998131833714172 16.054503757962028
16.00786375826162 16.903396483945752
16.899062848419383 16.13758809311085
16.96797586533157 16.077113403685097
16.868440092541004 16.254936428097043
16.924666888322694 16.131365617230877
16.703350266147606 16.461214092295187
17.065960364478794 17.188649034517198
17.657688190957785 17.152374657558944
17.05389515995804 17.72632924444493
17.700031388908698 17.084365124431326
17.566294512261173 17.177474636017926
17.958246235723905 17.037897041119766
17.888326614736066 17.055149082741046
17.06148637839563 17.643977569185132
17.883898907884717 17.064677203906992
17.0108199746145 17.75743070458182
17.382633119118022 17.17831922072324
17.002089239772037 17.97954422766317
17.062829995434754 17.60142604075766
17.696697910649334 17.08702922572073
17.062712336799017 17.615266180229877
17.002364167647272 17.88637676161205
17.944897139708825 17.0399699862975
17.830441287231057 17.069690359691837
17.053162339101362 17.727949103685035
17.99141057801351 17.030594535122468
17.686650891805996 17.150286721743925
17.57126789082284 17.159571784797258
17.58085386691953 17.15373414284194
17.808876473903027 17.0773579541101
17.034688259274926 17.741579404020857
17.99409730432905 17.025136588625703
17.094206015405597 17.18855727191472
17.16619171876464 17.185984855518516
17.907088562109053 17.054988137478947
17.817039699887708 17.075186098178975
17.026173235747454 17.748264637202446
17.27819908652182 17.1793358942048
17.06502226666989 17.31295072367474
17.009558050657574 17.813183137973148
17.91866806408106 17.04947257993176
17.065139353909043 17.197524842062922
17.063567764628306 17.318603800568802
17.53261838592672 17.17767331885397
17.056255330150904 17.689339099460845
17.709067563956136 17.082076122783366
17.95891441506842 17.03140239287615
17.692635142716288 17.14268112205236
17.695489417909336 17.0955623935869
17.060967288005152 17.667938537512015
17.21197709635891 17.180247107658886
17.808232517683578 17.079541382096462
17.003675939185236 17.823162662753145
17.699403109208745 17.0857158401457
17.042062687218863 17.73680193238939
17.693890972101613 17.13869173823254
17.84604950466205 17.06486914883635
17.01757187224049 17.754124375561005
17.92088116830852 17.041118907475678
17.71282143525924 17.07996460316531
17.100988779993035 17.187020948818343
17.003520842039112 17.863150027906006
17.815340464145333 17.075662633493625
17.570282030252713 17.172903286593797
17.995701686598924 17.017185335230387
17.09723999442572 17.187045039446975
17.06299924174954 17.372724831146847
17.691761127262094 17.148238419289168
17.024299414538426 17.752649621408473
17.031174037969617 17.74641140545123
18.95289573702719 18.483690316942944
18.262058531851387 18.694067375242703
18.711009875177364 18.597540732198674
18.00886680733656 18.702631997602364
18.562615142792634 18.664691916074855
18.957183559524385 18.181224547464538
18.976183186000043 18.110078091512385
18.885164112142082 18.51854630428848
18.31067125771556 18.666513369963425
18.88526523402361 18.49442613136214
18.839625424852795 18.591473076068276
18.682611296351187 18.61154491113383
18.00346681233444 18.973110727346267
18.956273838001547 18.356978953163008
18.453504050106723 18.665088594563546
18.86433399856044 18.577079310478826
18.636995436705043 18.638825210989697
18.98429606102837 18.01511544493266
18.053837463370733 18.70210015982367
18.720527452252167 18.59665909758668
18.08265965215317 18.695453713429092
18.923718960440212 18.484943913155398
18.95516396597331 18.400119795777297
18.97762743373645 18.04142606138287
18.034187289342196 18.70234303714804
18.90611121674287 18.489993918194877
18.003920413171524 18.829016028098174
18.633559788627682 18.65511330095752
18.655481598611708 18.635712229520337
18.971037857997132 18.179731126039847
18.854235100774808 18.58868391704513
18.869904103847432 18.541373463130526
18.568703526089234 18.658867768166036
18.003933676078148 18.80607820969316
18.777963173823053 18.593264614095062
18.981299405870505 18.022243831061644
18.98920524359254 18.01066543502793
18.697022919186228 18.59890989941257
18.00719858484762 18.707171544008766
18.6569308988337 18.622310507253793
18.079871246512404 18.699583642254133
18.867712993103954 18.569717329409443
18.96140604117885 18.180192481052792
18.219474474742583 18.694609456103805
18.95707681747369 18.32103722306689
18.004536796317495 18.70862182054682
18.97397033333531 18.117225721870064
18.747258264822865 18.59344996862332
18.291237442567496 18.68241450608443
18.974809723425967 18.110449029387908
18.591291039828022 18.655708404902388
18.88439523668505 18.5332417905946
18.00361274429808 18.954642688696254
18.301123330429583 18.669318244416672
18.97683129432814 18.06208489056369
18.688866933689244 18.607658149992353
18.955122324735182 18.44066011182761
18.26653336354169 18.688864683306534
18.423450510461098 18.665141638102273
18.003721962746038 18.923656973248743
18.977033401076845 18.042361085643062
18.193661625098294 18.69473186286106
18.655808343938695 18.623885263234985
18.330401480347074 18.66648747056
19.520889038204896 19.258699529882914
19.601678648852275 19.0882567818589
19.460201481451946 19.669757878655915
19.322509663253356 19.74132649162498
19.337522901387945 19.714225952579444
19.069530735855025 19.94323045965227
19.252442574178374 19.882295982860047
19.96276621134767 19.051233014786554
19.367310774427033 19.67939008085796
19.495301178038996 19.653141001380412
19.81825303351131 19.071514271293047
19.541258031960865 19.199382651917265
19.080760608298476 19.891923292863037
19.561043166912025 19.093060202597268
19.51977704363781 19.553545595153793
19.289437376408813 19.8663558743604
19.555540037408505 19.19759151101275
19.516144277597977 19.628744296660532
19.54111348896697 19.230983252318314
19.21329609357557 19.883234951758237
19.933306433611268 19.067172692259046
19.05968492390792 19.984759181902945
19.377748308148867 19.67810552988995
19.307419336904616 19.771449174715492
19.55936197622256 19.19705961322499
19.941549889063882 19.065737881871502
19.433464346201124 19.67457009915375
19.283081047549206 19.87724658491581
19.972836310437657 19.000861634758596
19.559926643304472 19.129287584340986
19.51253404810724 19.652300079809233
19.300420082192282 19.82727574046
19.313883643956167 19.747770000452473
19.06116945391956 19.949969958491266
19.303059288957495 19.820339376398962
19.362321091418494 19.682189619047787
19.481497245272777 19.657840695115837
19.358887847300696 19.709299265810536
19.51905559734398 19.569753157236995
19.205192904090556 19.889563106153446
19.569330445884535 19.088875524884436
19.055414214743085 19.997903878503106
19.921939894794292 19.071034966731748
19.96734352903574 19.02755887001326
19.80913848583296 19.07706219972879
19.760104405430823 19.085875123089497
19.531081867220752 19.250383626276705
19.10640651077667 19.891745560313183
19.33434350712959 19.72281699999108
19.520655884340236 19.450385513831193
19.353855777107487 19.709685378159563
19.397431080349484 19.677540132704976
19.078469368533398 19.90239253178855
19.808543378269132 19.079648173478475
19.26059559761078 19.878348778229565
19.51801418169379 19.594592392297194
19.30361685918355 19.776328435916668
19.291416179809787 19.829794472735106
19.28580722425005 19.872105847412197
19.563788513294348 19.092558991973743
19.747700183772384 19.086252193592088
19.07423112390354 19.9272588437299
19.290968553029217 19.836096997497496
19.882994767708997 19.071380338176432
20.503973613192326 20.078938632594422
20.267368192634173 20.36767145164355
20.258691656839787 20.815648751227478
20.252524946139374 20.820212057127662
20.261677596050262 20.64672152908188
20.420598850495875 20.204408546813777
20.082624551380977 20.998892289810502
20.1625587764386 20.97713466619817
20.290353911247816 20.35827443500477
20.67324449945087 20.065765562894892
20.45733517718078 20.126849126385157
20.751208042189745 20.036886936231557
20.162700083151737 20.943386145656138
20.201931942597508 20.870470059040787
20.422961708529634 20.141744365894088
20.486581890768004 20.08620270823782
20.396572894095065 20.280983933796424
20.989010689703345 20.024701168418954
20.240671102055444 20.839843973734695
20.406038269916174 20.263065639193137
20.73604781678567 20.045236513491496
20.421051701806565 20.15309226740509
20.170161591545916 20.925858399439285
20.471449046926484 20.097773901500847
20.836519574410307 20.029659285257022
20.422348719845793 20.15262826835426
20.91491617329726 20.025073638226992
20.33096563492557 20.290024901559395
20.100165578907 20.980787593020175
20.4084502221918 20.247992259458055
20.090887811031617 20.98527361368193
20.086724440203024 20.995569637694004
20.131204143931296 20.979748433516438
20.297953442351723 20.32800159556031
20.21227856675151 20.862090237561503
20.46867863575111 20.11010072101606
20.498876114215975 20.084113026758466
20.266929001736337 20.410746587328035
20.55610118436693 20.071899975326566
20.642638190128846 20.06708172570663
20.265321028088465 20.504518800588663
20.327935693762573 20.300292956719098
20.262737725729668 20.53474081831479
20.394240079627515 20.288925751309307
20.820565925619924 20.031508226658058
20.260551973092607 20.65317601239247
20.19641994961194 20.904463207618655
20.32582158341337 20.326013006026706
20.24141537261222 20.837071938723458
20.32791040221588 20.317214072544125
20.995512342214404 20.007803457184036
20.757266771279298 20.035914243767547
20.198583584162556 20.878300013632543
20.67496424168388 20.06299092411043
20.707985368203577 20.04689431884815
20.597602029228316 20.070251301594915
20.203242435275524 20.86333215259721
20.275674788416705 20.35975652188667
20.541088865544776 20.073108955277725
20.19755249911456 20.879420586956517
20.114825030424896 20.97995362858648
20.705624794909784 20.058163837889566
20.227324506351877 20.861345526907375
20.22867909890318 20.849800467732802
21.147702224427942 21.89401339919673
21.327025413708025 21.624261415605048
21.439475073601756 21.306616503304618
21.82743981763895 21.272320319938807
21.294482510415854 21.703636867169855
21.112019467913825 21.90916287400668
21.008128265309544 21.95165065903921
21.934659387756255 21.182738825097474
21.960477778269794 21.16410993102541
21.197130480119313 21.81544704079325
21.872541731597334 21.20421901384223
21.76842826807255 21.282548598133527
21.001077212790225 21.97860712759423
21.436607255406432 21.364770419834663
21.293195807610108 21.777519841259874
21.37999272612486 21.478581884826937
21.98501354694531 21.115510091982053
21.31956992414445 21.638860303024078
21.34166029353249 21.52092177998136
21.85786335399781 21.27045637353853
21.652780547633462 21.282820087778465
21.381493793825655 21.4438782994302
21.089381277520317 21.915362811944927
21.477514491919784 21.2903434232676
21.866772206743725 21.240003575098832
21.17617950529305 21.838855905690245
21.235169241080342 21.81315121683032
21.608338585802326 21.28790789363887
21.040073446587126 21.924473272290683
21.385516381204006 21.41862970795023
21.995632130599645 21.01462288306475
21.335005742131962 21.615393262893654
21.339944243425204 21.61383062118608
21.24971104937376 21.81224466116117
21.163215928869946 21.857642885475315
21.151782245985313 21.860210446434454
21.263436359872237 21.800550753504297
21.461785937338192 21.29581677305268
21.94108873150246 21.16862842573257
21.964869613831745 21.121687826114453
21.803584842470514 21.28180308814833
21.98698278203131 21.065627488608342
21.02735967074972 21.938051964041613
21.358309870386698 21.490061796353228
21.90410545997486 21.193984619377513
21.149991662471972 21.886667676979375
21.40149923192987 21.409877083551724
21.90191673354765 21.199134740657016
21.035748767727604 21.930415415641008
21.892519397309208 21.200314144030653
21.81176233459194 21.281267656360473
21.31817385859301 21.66408996757962
21.376751303661305 21.48067615161427
21.98639604470289 21.09023239473266
21.302664379046284 21.667969758600144
21.28337668372872 21.781343496930017
21.189098935731963 21.820472030161675
21.404695961254053 21.405408104649066
21.17776618648219 21.830143016692812
21.2531083052075 21.804474471712993
21.125856921030874 21.90182302123474
21.18825240605868 21.82687773315466
21.935002381380826 21.17227171192009
21.436008658764827 21.3864538468771
22.807756997827784 22.87305952196944
22.961985616576733 22.42407966769743
22.97824214046468 22.327973259162874
22.863793601664117 22.668243167362093
22.791440583922014 22.947915707265214
22.82574736561586 22.76377298148454
22.959479975836913 22.45416480332416
22.602141282059375 22.997763457544778
22.738440828259318 22.989782333413842
22.886883243184357 22.65747253663892
22.992814443859434 22.17391992522486
22.9375843097583 22.51512836924321
22.96716831578436 22.34973337567258
22.89281781125214 22.561547512480537
22.987131700014107 22.224560247255756
22.72675778163331 22.993151781570273
22.979526982862374 22.313199302608666
22.813366997003254 22.777775492896808
22.83912338009226 22.711583296450293
22.846187065405143 22.686362714550725
22.998650712569166 22.066926749127386
22.74631500814118 22.959139065710637
22.890130008643368 22.585343105409468
22.751541460501603 22.956427492951846
22.509482364431072 22.998204593820752
22.99483945144479 22.14215571150715
22.98851165607167 22.2190464190049
22.963351585404787 22.414241657721657
22.910753063843902 22.536649842283094
22.76211597274695 22.95564728960536
22.970471739920708 22.34514526415084
22.827918638905757 22.751371092640266
22.850455975235082 22.685836125268803
22.295869433622958 22.999538334476263
22.801593018235014 22.880196294903786
22.993181942656996 22.147102498082287
22.90243522073606 22.548009720667476
22.964414072975586 22.394610230314033
22.980023803523427 22.281003427185688
22.79210513863543 22.912270066956733
22.94216732299601 22.479307946620644
22.812724474206668 22.840223829456782
22.837391202969403 22.73615865078938
22.67702939270036 22.994162569409724
22.400857576137714 22.99948242730389
22.875538620900972 22.662581539142955
22.91353375995586 22.51671496711441
22.89218641314226 22.584498036405055
22.618014768846795 22.99441923794232
22.863276906294168 22.671372042895182
22.610703948122794 22.9965446488381
22.79172846222396 22.945028531636787
22.98111493605914 22.271457332852417
22.7518491222746 22.95567200504778
22.404253011317 22.998443533312525
22.615314423092403 22.994723794135123
22.85962811788334 22.6767194318056
22.239126720437557 22.999641272402915
22.965158175971393 22.358019543748934
22.941094217570296 22.47940877224852
22.973615299428243 22.341710846306196
22.667932716279566 22.994299743693368
22.76788861228157 22.948468294198687
22.799312124053117 22.88777661256337
23.435540329847065 23.03150113437788
23.21589916021881 23.43879682768088
23.627552597807767 23.009185933255974
23.06295101448886 23.97702006188542
23.275451620984683 23.244037718647363
23.132022358390724 23.531418349828154
23.217407690933715 23.404305071038873
23.067586290655562 23.563110816654994
23.168576754875964 23.48879633654604
23.28539837744244 23.079855982111052
23.287855345207397 23.059323400281233
23.218709735013743 23.276071506280893
23.065154883127054 23.89423810401428
23.525083548273642 23.030838421860313
23.030744191921592 23.99763896016304
23.165497793869097 23.506052696347766
23.882287972846406 23.003295601548817
23.758167693501868 23.004164847721956
23.09854816052175 23.55967422859385
23.30971730888543 23.03771833111896
23.574435585042146 23.028447212771233
23.410912850954247 23.035358684702942
23.284915329482644 23.206787756271197
23.707612670297465 23.00623447058321
23.22471897995287 23.255281755853122
23.295762615472864 23.05784298183383
23.1048434003159 23.53786152583162
23.212019107912038 23.456878997781818
23.887410858959228 23.00308115769245
23.14805039499006 23.530473752924767
23.08710681514502 23.56223971436281
23.044526181177414 23.990471700216347
23.162041088909326 23.52537248510673
23.066451425537792 23.87303557238243
23.27549667536022 23.213321174515393
23.249578411524247 23.24891220447886
23.210747188620704 23.466570421950482
23.067183630910044 23.58996713398028
23.5970599093675 23.02437438092315
23.111551905991547 23.533394124590444
23.21228429686818 23.455224455520366
23.201362913815995 23.477779054773013
23.22632516866733 23.255224658254377
23.553704993163738 23.028943804475524
23.245930953123118 23.253401753484233
23.64042204424136 23.008995139423575
23.184083533503816 23.47793596004705
23.20499926262679 23.473950779478702
23.272138438199708 23.244881786738016
23.153870238819245 23.529009544654503
23.275668704362687 23.21040706782657
23.21857511207122 23.28514100166468
23.04740526767951 23.988544632730715
23.798434865705108 23.00408561738185
23.609414635471055 23.022152261854348
23.693226980484962 23.00666164506206
23.063377809159423 23.913072571870714
23.534181756903045 23.030168620288332
23.179948480607347 23.48226031753507
23.05011712879014 23.98589364902061
23.302490252181997 23.0402341825953
23.05148205016314 23.98512804975349
23.748123529686538 23.00480329680859
23.675780522837904 23.007536195215156
24.288044956265598 24.66277153531811
24.58154938753422 24.379941379664373
24.972686839175402 24.123604013327107
24.25873203340827 24.771368057216634
24.02936229335181 24.8184851684733
24.308795295308002 24.48658084600122
24.87397121255746 24.143442612671677
24.41291736057988 24.425543251761024
24.870306090517182 24.307351542176562
24.007079613496167 24.828101004205234
24.03313834898497 24.775525266065085
24.424426598815923 24.408497015164603
24.641200806549957 24.363277020052603
24.62608527551022 24.37364828253591
24.29912435412478 24.657535683753522
24.85145586508551 24.329671835140132
24.97930328981132 24.043625241204424
24.736450488317562 24.351433595467913
24.30697218537616 24.560030618664094
24.991152939763456 24.001829943910085
24.89578295239375 24.138841816028062
24.2676876888032 24.72631861676112
24.443781580638735 24.392032280376114
24.004290980173447 24.860569450802497
24.27993211214254 24.674290224080696
24.960734224410444 24.134084096823578
24.390469236261684 24.475040780842253
24.42882333075909 24.400018897329993
24.987861748260737 24.03224353642143
24.83489110256795 24.332503213870453
24.871217339971363 24.162355025778613
24.330959928975386 24.480729395772567
24.275055274429892 24.68517165889089
24.68317196443309 24.352239424048932
24.405524276413214 24.45414767581712
24.42423870361998 24.416667456015787
24.766088967608884 24.33834537695065
24.2352303160296 24.773496863036126
24.003995041243662 24.911914511652714
24.300224382401538 24.592809574058833
24.99668443653217 24.000600700189256
24.26447368453052 24.731729044309837
24.025105498714534 24.82775348727344
24.04122907176912 24.77438721672334
24.94417078745958 24.1359107000862
24.664730268438742 24.353439738961296
24.30521739250399 24.59067278353978
24.770959575305735 24.335906668347178
24.327825133409924 24.482241650143976
24.522436912264812 24.382647355804046
24.87061526401912 24.301367741021664
24.617346198431484 24.377774187934744
24.268652955932534 24.724243697118304
24.761578266744447 24.34022563281512
24.86228249263295 24.318525596227396
24.521212355847737 24.38397768382896
24.625505855513413 24.37525095169506
24.2689533468556 24.719670744189045
24.51977630408502 24.384653569976305
24.9764733839661 24.08070796385067
24.299154364382925 24.628152550799218
24.269531981843727 24.687745118971563
24.90641179150896 24.138602898922954
24.385863480583463 24.47608444522898
25.80497212343209 25.740877144289506
25.77221184857801 25.920984271538366
25.257834235052876 25.97176702111142
25.932468380387732 25.323066156287908
25.277058794204887 25.96090678881121
25.299420027189054 25.95586847492687
25.881515351332077 25.489759706767746
25.98383631414091 25.047179107456337
25.974832397736424 25.3193068388659
25.817236825098192 25.49632119054914
25.988234468276893 25.027421058403636
25.19461969381596 25.996503347330496
25.814273417656693 25.60308756961648
25.66770540011747 25.9510756025388
25.9154467145758 25.464094073914797
25.892423254946166 25.479463010182112
25.243705439877207 25.995125997401534
25.81582488989242 25.598022668001615
25.548446317546738 25.952107347979645
25.92522305416224 25.421373838312448
25.7963005259155 25.868550437449148
25.97943050738466 25.12804992183
25.013836030256574 25.999893334833462
25.97604192723691 25.284267101189304
25.675558836319293 25.93207693818613
25.170987318622352 25.998900328832356
25.793579871541333 25.869421535400274
25.810598773798933 25.728570107838205
25.925696813902444 25.382757055378264
25.748790072561036 25.921727954182227
25.976757825863857 25.275385406591994
25.19138135677049 25.997388860584937
25.982527275854547 25.109056910259618
25.25736593800415 25.97316755111591
25.276642923019295 25.965192280620393
25.530420703386884 25.955860526527992
25.875450472705936 25.495251942786084
25.730370671854015 25.931042615131386
25.813604481182118 25.634751133057225
25.99877430745978 25.022804880659965
25.813582609052055 25.698798897678746
25.793335972686712 25.885715296980447
25.79134238270064 25.89401550563216
25.803622434792054 25.757892542458944
25.926296044609806 25.351937361836818
25.79871890970205 25.76784422646194
25.90245120003459 25.46621329316273
25.634903250170552 25.951663788012137
25.79840930731611 25.78804757313771
25.926458835972 25.333783860888236
25.91799828784634 25.439580877200715
25.91882370927772 25.434258808570338
25.97830477835847 25.250784595261088
25.88728699571767 25.488742022302926
25.814406908202656 25.601650570689046
25.919878927507057 25.42856764922382
25.901501433799694 25.472475222362778
25.77849288584191 25.895987591720004
25.979159908449766 25.130332908415213
25.805785581031152 25.737055682606638
25.734331567289978 25.92236341961763
25.14729774910086 25.99891361550914
25.999748334630407 25.02078874480419
25.798539807918836 25.781939979607902
26.992360147417024 26.511629878747488
26.11680468799716 26.972759228882094
26.447794325705832 26.652898857603464
26.94801444237766 26.590244531392074
26.446673250613262 26.960070122148416
26.839302680260182 26.652290683015504
26.993649948854923 26.3658595326346
26.998403769235285 26.212823744490738
26.942707515185198 26.646690902525187
26.029173977237082 26.991694603449655
26.998574647049836 26.02959726180288
26.03533337610799 26.986842103126158
26.982649286636804 26.584283504351625
26.261922113960484 26.97012767571165
26.679775343115374 26.6523618516571
26.992446871436712 26.415772262846154
26.997231035516954 26.283335584644686
26.40822854497896 26.96020275708662
26.054513090770747 26.98452894368289
26.322727538508655 26.96170577896887
26.867419637691377 26.64696908991325
26.99805178789853 26.23363513400488
26.949141925774768 26.588173305452703
26.30279589986798 26.966068338746414
26.31323948068671 26.96174964626555
26.863366998062997 26.64879282102869
26.094052776740003 26.984404006962222
26.997570515607624 26.27049167870247
26.99850552060722 26.196521755263912
26.44695357140691 26.886049184495644
26.302780400139376 26.970060790755245
26.306561819665284 26.964559868457975
26.990463080164258 26.5725896287926
26.115011436921765 26.974868077705672
26.954301624488387 26.58651327840313
26.993421769652926 26.394171246291638
26.016392862074824 26.99471564778376
26.390776093890395 26.96056924532026
26.00061317934988 26.99825442082698
26.05328558896943 26.986034135301917
26.99578118317141 26.312931469549643
26.205524530020256 26.970577327473986
26.943349732226658 26.592115439255533
26.947855421252193 26.590494131121567
26.447567324207164 26.800939690448516
26.116046644655608 26.973206556771924
26.004000079222816 26.99656837563127
26.160982663931982 26.97061645209952
26.64535179488315 26.652873746623065
26.349193160493375 26.960570599658663
26.995571649677885 26.343994778111814
26.09471128505618 26.98121739181232
26.33436685541368 26.960940148946392
26.053462564855813 26.985915145957282
26.990623055826976 26.53164320032094
26.447623486166467 26.65661638946951
26.133499575969672 26.97150064301338
26.98756547521165 26.5791850239916
26.098691723356794 26.978876279200783
26.992649720171034 26.400313127363553
26.95316312426778 26.5879649342201
26.655061620422373 26.652569182069847
26.097623925920793 26.980499108121236
26.994350207451053 26.347039333332596
27.786185047184762 27.05332851352948
27.654913472455455 27.817274758195794
27.785400739736684 27.228660770629496
27.71897033969831 27.247534117971956
27.71368717798539 27.566844846539418
27.40098016002332 27.859541110371435
27.293816298326522 27.962587969445906
27.23598732321954 27.993463300102903
27.389933288874413 27.886055832026496
27.708804602897803 27.745106162744854
27.33420638016653 27.93151767275694
27.582991848815578 27.833963307561252
27.561533654536916 27.847142338564122
27.898066234692205 27.0262245687755
27.404949787372004 27.85783401242733
27.708553770883285 27.769780553491515
27.080080985155952 27.994623086601507
27.058483131920408 27.99817486500503
27.902454050728444 27.006283991576016
27.392352296539794 27.863596558156953
27.710178809222228 27.723446330678648
27.29456976168785 27.94044553184866
27.391122174585412 27.87119666746837
27.71846796688551 27.33196106428867
27.717821098861005 27.504606802746178
27.287590165600534 27.970416100573456
27.3850725997075 27.91876267107715
27.647317925583895 27.830422043668833
27.683575617623763 27.773139450089676
27.793185021932377 27.026538201171107
27.958309192238925 27.00538675074276
27.771673146254372 27.238430359998237
27.72865713349973 27.23913416925063
27.570671337525425 27.83716091811939
27.260869975107834 27.992354657162224
27.444877322739465 27.85504829726692
27.657131382402422 27.773478880523797
27.271195203612205 27.971510803794164
27.623334138349694 27.832136338028096
27.654293149898177 27.825802386027604
27.90651980475142 27.005786125779224
27.30807082314898 27.94028133987822
27.326578515525714 27.938573960738406
27.383990076365667 27.91980472146069
27.902451032286695 27.01321682157656
27.37981995765512 27.929472363932636
27.069801617180737 27.994811541626568
27.012852546352082 27.999889229679574
27.784894492029334 27.23338291935078
27.899046578469747 27.018264045469383
27.727815054632465 27.245542694575743
27.499584221634326 27.850115461196722
27.709261634066632 27.74077935967085
27.713136844479873 27.634809982452715
27.7903981251354 27.03893157713767
27.350863634192056 27.931015099068933
27.779903242629644 27.233844238270635
27.785900521813883 27.181188826809365
27.448668556866885 27.85436196559952
27.70124619538159 27.77066568569798
27.70875806900318 27.745447115247597
27.718310845197973 27.39884088709826
27.28193417252054 27.970607359127957
27.716189567162548 27.540533045648814
28.154100973040222 28.78092069739224
28.64970779880348 28.216009307376734
28.983019454810375 28.171368438821947
28.6224389100605 28.4370651338534
28.596303516962976 28.73890386669694
28.562219519963808 28.74639192063653
28.01442056835026 28.903771016136695
28.961927567037957 28.19088237552804
28.965247444775063 28.185219326128728
28.37013645685022 28.750656568369095
28.991612309389893 28.11930944509426
28.610308126998373 28.73545941827474
28.283809730896824 28.77389021824343
28.614100162288466 28.68436603600821
28.306682828660207 28.771559171586794
28.127959801560362 28.85287856915008
28.19236383989776 28.776614908084962
28.615452536982627 28.538031385280004
28.301421504641038 28.772803741145168
28.622502728163514 28.258082281125414
28.464485841042396 28.74962296438977
28.080780819776034 28.890405461415188
28.84302909974197 28.19820866863358
28.33235949232989 28.770320821809243
28.62140490220697 28.512319740009392
28.150322081258672 28.81529552079543
28.643318203989413 28.228946834344256
28.678052480179872 28.202255368480504
28.788977954854918 28.200502897369446
28.984746255547638 28.166646054494567
28.61068671174751 28.691945651970045
28.343985187091405 28.751183858433336
28.9975799391678 28.01703835705096
28.00723333457859 28.98116020903406
28.03049270430734 28.894113502482078
28.10208795210345 28.874620277261503
28.13892568797786 28.84556216872882
28.054294594050393 28.891141624881623
28.167941249781784 28.780599381487015
28.997017480048484 28.03071783210172
28.6373867054198 28.256585169126424
28.92757665179239 28.191451047244986
28.616380423187366 28.534633693927905
28.65726022082032 28.208380053784328
28.843434342168596 28.19352439043299
28.89691191832131 28.19279530995842
28.101480357508475 28.88415298051041
28.118283253455594 28.860275972044814
28.986164625417963 28.148161411471083
28.594065130013067 28.743369726030398
28.994246110318915 28.03612282963759
28.01228952247575 28.98098631688125
28.528176932944923 28.747465137054345
28.61466171669815 28.56923787664109
28.61412492860304 28.681172920542334
28.564360444076904 28.745719564687956
28.99072363013878 28.141417592744997
28.617333134356905 28.530714133026486
28.642704158463157 28.25226499890266
28.643248959163564 28.24765625173052
28.75874777664326 28.200858806772015
28.14419079676734 28.820764154423387
28.02794304782472 28.89768019700602
28.644831453905542 28.216361132625366
29.178083103972913 29.492701351138177
29.497048481391307 29.27867222622409
29.021276901833538 29.88049658554342
29.221052287505596 29.45610445705053
29.62562181924751 29.166920407943223
29.128019052366916 29.708392539433138
29.054693597070205 29.762744886005255
29.47965145318302 29.358286562226645
29.23430718019989 29.400182151752553
29.16418269330684 29.527358983878745
29.944490486919094 29.000274088430572
29.683094494384584 29.05530999028994
29.705140813224602 29.04317355552078
29.644212911434717 29.142627568699286
29.789145126701968 29.000358104264993
29.14684171038597 29.61502434609273
29.746648881815403 29.025296393420664
29.50637644000577 29.224873818031686
29.156859843005375 29.57936291711636
29.676436499763195 29.095157279484756
29.75850051822732 29.003489786867984
29.500481419704208 29.275290714709485
29.051335913227696 29.771820683856518
29.57180946464341 29.169505223970592
29.091694158872013 29.71654061377376
29.48343616392105 29.340672273831814
29.27018668737702 29.369115450852284
29.512464834023632 29.21795598525822
29.521053645087008 29.206076451923078
29.281947072941755 29.36207759705316
29.234263574560636 29.410673962179043
29.06444994089009 29.727895306038384
29.650259365575593 29.133995484268063
29.014771649873346 29.920702942270385
29.23410653483545 29.43402399449552
29.25206749456821 29.38388454338301
29.1435217955784 29.683054396830926
29.550882378255373 29.189561369040433
29.04829743604298 29.844649551891706
29.180123830220072 29.465867720069973
29.07935026253275 29.726652821882265
29.6649384393724 29.109173491322807
29.55957031338013 29.177534608855353
29.50271766990615 29.240945867749105
29.00587940730129 29.998788157732207
29.35963586168596 29.36095146117704
29.156704202622674 29.601352519592584
29.012056981355943 29.928104195434663
29.74849024205118 29.022450335118222
29.144166884174115 29.67549902954334
29.177146639306574 29.518472142233918
29.04460690175673 29.87666320426816
29.496736673761628 29.301118292374216
29.474308716795022 29.360463445401805
29.011118367202453 29.965833421815983
29.70807041961502 29.032392798250335
29.13481090792501 29.70826180848105
29.682191474644476 29.067954249848007
29.010028080210052 29.989901230264508
29.672650330723506 29.101017004560074
29.49659839743597 29.330225615506528
29.944640047193264 29.000231894952154
29.64883464928159 29.137497103666043
29.203727753237423 29.456706801166227
30.4434776658901 30.564748854356555
30.427940229976343 30.68544594967268
30.186992609892034 30.717490373816585
30.748467181038496 30.177329416936388
30.964221392030485 30.05792214433973
30.003703898986966 30.8929864126981
30.448941487232993 30.339820967320126
30.73567766451142 30.301127367156276
30.433874550922916 30.60208896601995
30.77352199953102 30.11371972061299
30.323369612136304 30.69795446058028
30.160534702908844 30.746051854221182
30.9670927337928 30.041993081673542
30.079671275429963 30.868913332769132
30.033424537810358 30.87140594333304
30.740041744738118 30.22181156536655
30.196129510009204 30.716906890196086
30.866255932049686 30.066120637787666
30.848216639975853 30.100809286557514
30.61179158403252 30.302611868402785
30.11000085742988 30.750124612440604
30.10348593461106 30.824839758951796
30.979890463422915 30.011883642922026
30.498897064077884 30.313710737771927
30.16360218576041 30.731304108781032
30.004473481334855 30.871587951501972
30.08293233266167 30.863398814496964
30.98586116936088 30.006473708783005
30.479769356811783 30.326843587323584
30.090413963167773 30.832709754847347
30.757546745797175 30.153828638424063
30.448573164972984 30.473562559391922
30.263423728086394 30.708099509222443
30.684554144584077 30.301270884904014
30.85259612712612 30.069642578124117
30.433836888116964 30.618109130327884
30.823777572536468 30.10460174760997
30.52789042644057 30.302891648720447
30.737784665598472 30.28196831786868
30.74838912496435 30.19937219255802
30.974884150543666 30.024463552628976
30.001651228645287 30.937029764651538
30.4487702496008 30.350128627897572
30.432028734396575 30.631688962826992
30.902635617035248 30.065654294985606
30.10430583018858 30.75385747983275
30.928137559709178 30.06359894173063
30.083967967373223 30.858147804367498
30.928667627556155 30.063526057398224
30.143952704553183 30.74890370412415
30.44471980638264 30.473893177541438
30.05543031865451 30.871029564522253
30.97770903853463 30.01529698819727
30.90190891697724 30.065886895243974
30.444544233386303 30.50495982499517
30.35528185857409 30.694120013404206
30.104219593001922 30.809297979363862
30.16447656952422 30.722065960302416
30.437089734316075 30.586289734392643
30.759951019114595 30.142813279533552
30.361429042520715 30.688071751772746
30.52656399606679 30.30604723335453
30.085446751594237 30.841560881846668
30.41198709197488 30.685849135917643
