0.9073086766691878 0.7781841462835455
0.9747531482178833 0.6420706447276259
0.06194624492080103 0.8893942433723157
0.2965775017254997 0.8106046199360559
0.9681155561072147 0.6519207281279122
0.9951601148880332 0.14316112449395013
0.014641554154883774 0.9634797291224624
0.9928482272297664 0.3741261915664742
0.9159622600420911 0.6957153768252173
0.9834431516600771 0.4975613109054903
0.16841829470643577 0.8294973822631757
0.5377003206775312 0.7808454523177663
0.04283818736422229 0.8899719295816546
0.9889876953426454 0.37765221766291934
0.9668422034147826 0.6905710661944163
0.5068760980458312 0.799794068192783
0.5166689019283339 0.7826606191067673
0.026033627252824765 0.9495699816931037
0.34894740211089814 0.8034351946472186
0.13909988148898633 0.8795139669983896
0.14973586554200458 0.8608807841786119
0.03811615069683982 0.9185659489751721
0.09206808094916574 0.8849688413343885
0.0033325477804265757 0.9726761735373762
0.23100015719000466 0.8273575812808583
0.11098765244284259 0.8813965798578131
0.9078058413141511 0.7727033061749096
0.24109189255119412 0.8153987994306274
0.9116984939632626 0.6957437672011623
1.4897916205325006 1.8024738368185593
1.9267802823631826 1.4853938586885966
1.3742465909831982 1.9491993069992817
1.7949862608026055 1.6820788264272268
1.787639572352023 1.6947621353323985
1.391330078979647 1.8469372623813443
1.9446952812043894 1.13199764193548
1.91981364429727 1.511166562484888
1.6117194008187212 1.792012433345779
1.8917552741549748 1.6310034671546165
1.8888542566124373 1.645814539410171
1.651715141861739 1.781720702537095
1.717637237997939 1.7507760239993253
1.9271056401545565 1.1404733083312557
1.9515446993845318 1.0604398055171114
1.22129820445492 1.9668060173657718
1.2172798478529079 1.9746205539857695
1.4429106902751352 1.8123546351530662
1.3884331424623828 1.9256466706097322
1.021761457986965 1.9955148985897142
1.1743647505913501 1.975516855296048
1.7665897547075853 1.7093574614763334
1.2842118993986946 1.9595236419300903
1.0356552938867407 1.9868430149200031
1.902360234614665 1.5913891722850604
1.6933555815292685 1.763743124589629
1.8682270450171528 1.657847487065832
1.6066076825395408 1.7985976709369487
1.8253736534552418 1.6688463956180133
2.9024463872671866 2.804837830917724
2.75083107077119 2.922681559013438
2.72253884520918 2.976520132808587
2.9446453009629563 2.6964723807896145
2.8764976444848696 2.9053688692919297
2.965818046905089 2.6572522077241043
2.998301664652392 2.0297583139842046
2.569387552915954 2.99829709864982
2.9509220599100634 2.66009325810355
2.9975320343148404 2.361917596763676
2.9929536501660174 2.548083768074072
2.984923256907812 2.616858943735894
2.076392099416288 2.9997687765153573
2.8694588194689956 2.9184396765992315
2.914277236290389 2.7851765091105074
2.667969778883276 2.9767972124344224
2.9809081089109326 2.643071288068985
2.5770664781948946 2.992409476356108
2.9934028281651868 2.5112555671260717
2.882077340476509 2.8935174565588557
2.996520647172884 2.4520256802942635
2.9903391653511124 2.5685626501689827
2.1941520572934023 2.998311793119216
2.9200321893214887 2.755294045835581
2.919002142566802 2.78283657392494
2.898331002126594 2.8102896525660976
2.9302184873005164 2.7034350593604244
2.929500021541405 2.7290602458967212
2.88547489591873 2.85278604829318
3.2374277191565035 3.910742297512567
3.343327831308466 3.474979136846248
3.513114101035319 3.0051566602726623
3.0894407560967836 3.938084802845405
3.439985148649883 3.432230386777934
3.2572476026112236 3.892054451410394
3.3386961512214772 3.511464402515033
3.3050533252689536 3.5201655676925894
3.964133180146008 3.0049764458475368
3.505508545010196 3.208587308536787
3.295258742849913 3.560643016568856
3.5069004183910564 3.129302414925238
3.493269510295504 3.3107697389272497
3.29406789895889 3.8432293631708814
3.450372594196969 3.332081999926526
3.2809403510324056 3.8654431674726824
3.486597385477825 3.3183612511771297
3.1239236400804113 3.9360891483137355
3.24737295531831 3.8975384943772227
3.020350563230057 3.9790053008770068
3.0190592260138702 3.982812573738764
3.078167988858854 3.957528193305245
3.5127562238864325 3.0581530496145177
3.424666292931483 3.4468842105841357
3.441581774174751 3.411904271027831
3.00187846956793 3.9845644882839975
3.12717338738375 3.924162991382219
3.403812022084018 3.4585652445732302
3.3467672782226527 3.466208049857009
4.3436421418079325 4.875092836006914
4.973407977363464 4.406590725486734
4.879488183155452 4.650336654965121
4.955811276381629 4.607349359993318
4.642485146130624 4.786738455008215
4.436967789807858 4.811814535283878
4.826472153584726 4.758565383231229
4.178978311429239 4.930870450982175
4.0047492542989875 4.9380337554577425
4.996567347076798 4.210223464449335
4.273492775582875 4.907973673433438
4.862332526001413 4.748882984154335
4.685551716958544 4.769074953365851
4.055345831350856 4.930926584411935
4.989649544896059 4.263070961689488
4.898169112662798 4.6279460136162305
4.40873637844193 4.8395012022483135
4.965381713966602 4.583541514096571
4.874588608564091 4.731246598625862
4.18775502924784 4.917519198028668
4.424764375188093 4.822606569057543
4.466768904413313 4.7918210683111235
4.975922381826154 4.39921287453334
4.350278894318592 4.856133113916959
4.9202958154849314 4.6222167592918115
4.209200842709392 4.912392990520591
4.373041582325899 4.8464263390361495
4.463885989770295 4.800037491930873
4.179901716218019 4.917617290463537
5.711499675716372 5.06740543040205
5.459348113702299 5.612249435393736
5.022264415322173 5.96873606673056
5.225590056906042 5.613024647763065
5.192916437854365 5.947298768936714
5.630825734933868 5.557821085774087
5.686593318614329 5.167747532903521
5.667461160706589 5.215177948125667
5.701686809814522 5.108999307039417
5.75045507577927 5.031063110111342
5.199799966477499 5.656614303133595
5.638843218714795 5.523622072010608
5.6627220228634485 5.3932562605712
5.861847221850261 5.023413966221852
5.9810690069131045 5.006765506833019
5.610783773800332 5.6043835453973445
5.688631556758686 5.131182363727338
5.137928220190941 5.955991674994253
5.675462661063916 5.2027518557542605
5.687389316046402 5.159298724488469
5.654178138559819 5.502994800583492
5.668502911956446 5.215056732493038
5.620788783057273 5.5939260765451015
5.683203672304882 5.177219819195779
5.535926559001152 5.606071122816167
5.215551737634928 5.637672096510078
5.199726256294392 5.872245060849673
5.02839045988793 5.967229114836666
5.817324013674458 5.026910841104878
6.649424249584042 6.406427727337304
6.572583509167235 6.997573601866275
6.631159073893447 6.717485170035332
6.678722443238753 6.1764034993687424
6.731344907759159 6.16090363946853
6.610234082663589 6.969029845479687
6.923431477903694 6.009949849396171
6.8650133609862465 6.116328671928305
6.87835277771281 6.064654698537601
6.640919887236131 6.446869340964525
6.639479175531314 6.51951817078031
6.886399850905788 6.04792252475097
6.621918883943854 6.796690523894063
6.662078012436322 6.277604227903827
6.035128915571005 6.9989134133494435
6.787832674688104 6.129721962473539
6.719638543740466 6.161145511265078
6.157940877328732 6.998448256193359
6.982949386157698 6.008966689210066
6.675263951988487 6.190150250371398
6.65493709239526 6.369270458565359
6.668820699573853 6.2613714647442125
6.694552853304042 6.168964280872452
6.880151825798544 6.0601279710816485
6.610444547251127 6.83635289048118
6.92216381833901 6.032119220854704
6.792966367593935 6.124087801454992
6.679070319608391 6.17173555807438
6.581107820530326 6.990988157032445
7.780333120952654 7.485298889866933
7.158585724323494 7.712127315301547
7.609043128123184 7.572031371626797
7.0461919336846295 7.78086603022004
7.503961269093214 7.5898205830588195
7.845233049215323 7.244371851661279
7.394920024695921 7.68923079371854
7.997066145175154 7.166733360387489
7.974815184103111 7.225330025292361
7.407994704027713 7.682715001762307
7.4920322015307725 7.659199012231496
7.700674987675386 7.506853480171066
7.818083329172422 7.474131994688503
7.036478974803346 7.957288720847382
7.95106219438019 7.2335981397947595
7.666749549267275 7.567697463647928
7.821378522342105 7.333475587904909
7.275232057466274 7.7057558212076085
7.40840596294495 7.670952542479137
7.677005895631528 7.5150486908352985
7.041428443050834 7.897092214805534
7.364577833458432 7.691549397458046
7.068471650987531 7.751786186876941
7.575188819628316 7.578674011167817
7.052900755228871 7.763095004536382
7.130018654689265 7.719075990450893
7.75022387049142 7.4866920954542096
7.875881276387038 7.234633755487081
7.806759625281397 7.47456821116192
8.844918731826196 8.35418710652737
8.624646714779164 8.514437736807508
8.244658445739486 8.628342177689285
8.313861866635127 8.578062707542026
8.455134881346684 8.533863927271975
8.110102455862064 8.766237719030583
8.88980472751838 8.25357646427753
8.363828545939285 8.575877436658093
8.66317452738397 8.497390711389466
8.599064605715144 8.532132626263795
8.152612709743806 8.688812152100752
8.10175199244184 8.800760534928003
8.751053047381147 8.453085104845067
8.949266522386607 8.143624115740572
8.99519957101621 8.052765916840173
8.819168944349725 8.355536230518625
8.80330125947623 8.428197249115437
8.706069720690431 8.467212059899277
8.86111416804872 8.258556781898683
8.044281821840675 8.844447101255557
8.065058418024803 8.805073819033145
8.845740658990614 8.32843168061463
8.932005182774336 8.192496578619696
8.232852534072197 8.641945620402952
8.723775776404278 8.455707820920072
8.975365672391733 8.111891288408723
8.946490645704111 8.181622448045207
8.016639041376493 8.945405640414634
8.056407952848936 8.836636882609808
9.69534981639113 9.61203412734307
9.557496811271902 9.97449439696908
9.756558692143138 9.498422321111192
9.29477238437402 9.99584356603778
9.864903073199134 9.487373376554705
9.938531013939834 9.36375700421283
9.64238255576955 9.899855255050236
9.472591288850127 9.985898333643092
9.961638166830378 9.032316748140934
9.679146580412484 9.838559060532127
9.941249779181614 9.066712749979441
9.634073901582939 9.932652197592649
9.382864151705403 9.98778845967913
9.878150158368717 9.380485841809042
9.917924450087602 9.372022270511287
9.876048781889383 9.417782854403749
9.719959333956245 9.515200906626296
9.590400923073325 9.972104659945522
9.796042592771942 9.491037346868632
9.874795549648924 9.46937647747396
9.688259016213443 9.65844093118257
9.686292648586441 9.805388667113991
9.185120763787351 9.997015717889848
9.719150207119254 9.56341592863133
9.70987767904114 9.575113991054872
9.66896747837415 9.885747989876778
9.611110355186511 9.943363961394695
9.577810405290245 9.974231497625942
9.971142483356592 9.001569997749813
10.960398949167574 10.397998641744206
10.021565468077203 10.591526031777114
10.252841817307457 10.503815328323594
10.435805532794987 10.50234223061338
10.688678950593554 10.468534132984121
10.937507425840593 10.426071041561825
10.007852882318389 10.762110717283038
10.7078672693391 10.437264982889026
10.967385704485755 10.06225467537486
10.662381676009081 10.495425876763155
10.030524392926468 10.507013004090538
10.986949055068967 10.022560533778668
10.018890916388388 10.719708010887597
10.00523721976267 10.898677468329588
10.940651504113815 10.420627950051706
10.964459608513629 10.361569985511743
10.093431741907503 10.50426987326861
10.966458547992152 10.361141155572323
10.587757193892704 10.49842221709824
10.677609597719615 10.493891976821807
10.78964488949287 10.433387995145356
10.028715651763994 10.589785003088224
10.800617793713286 10.429851313609344
10.000439302776858 10.93806566723005
10.002547337024836 10.934613976163854
10.969483874815426 10.061740250709736
10.79856787328626 10.431412596244137
10.201034724687869 10.504151554135841
10.55696289615273 10.501840633061077
11.145112980584821 11.029666180524357
11.341220708990567 11.00454838766451
11.073175103158851 11.347755321776262
11.055668027174498 11.463635250808956
11.151576915211567 11.009907977409096
11.041183594263677 11.772507078178075
11.086915618216096 11.101382973575744
11.075293180563822 11.310446327976559
11.00897005866041 11.833691556417243
11.093855608304608 11.041319023689713
11.674322369228207 11.001584446543637
11.00887769544094 11.970182011226262
11.031500528788671 11.789455005899939
11.368114743044867 11.004494033409932
11.054996508225198 11.713439893288884
11.051241257104735 11.732630976125543
11.086402874014226 11.136232882880543
11.002043847853862 11.976293729858513
11.080603353217677 11.26727612091015
11.619202344468057 11.003683959169832
11.087309725542466 11.06921544032912
11.060209488351823 11.457423085929584
11.055472882685859 11.61030385214611
11.183794551762736 11.005998377527215
11.088370941012284 11.06874039877135
11.0830651008983 11.154540934557005
11.139781515089567 11.030050760352779
11.06137830585546 11.353541277604334
11.040072149067765 11.773734899794963
12.07741505961124 12.61875408394426
12.352210221329084 12.580008107520802
12.875931987654338 12.113726397510941
12.828856804727904 12.548033236866823
12.056485738783055 12.8843993174647
12.810327489732348 12.572810131561296
12.873447847348647 12.262277730183204
12.245070116864238 12.615101756970601
12.05909969842469 12.699432454174977
12.000906067374245 12.973552045469887
12.856265162493642 12.495273570203842
12.859972821062067 12.460975667563282
12.140666037429074 12.618382056232875
12.816060720011993 12.56537500131441
12.835590679370647 12.532258239748444
12.22911475437723 12.617832405417369
12.994339286979761 12.01938075736971
12.293469523949675 12.60941824726564
12.587951867934105 12.573756979628058
12.88114793685613 12.10679187182773
12.071922334648564 12.688047270627296
12.017747226586529 12.960578240646964
12.873441370423361 12.447472764507356
12.927490387769355 12.030510552082655
12.824836913198965 12.558471689885163
12.02710941314128 12.923679274903833
12.2961095326076 12.59578948298684
12.84655016150845 12.529065336044813
12.54563678281165 12.57676121184278
13.849378545916924 13.160345464665777
13.02334165588443 13.294325955728196
13.587974879434395 13.201435485191595
13.017167042591854 13.551141456169416
13.663839547071811 13.190452248752978
13.00907739889115 13.755891470817971
13.922354573338792 13.1241880795527
13.937781636046935 13.063126065777238
13.078025578931404 13.209756090571876
13.842706237514607 13.17237110445182
13.999837433828993 13.042586388463539
13.332939371726981 13.205174021335473
13.049351432799474 13.221841161452781
13.015348553842635 13.742986691900873
13.719650416678395 13.189183502872368
13.781686602066705 13.187803449072051
13.880048394219001 13.140573839056234
13.939069244876707 13.058427893876646
13.799528110271401 13.186522971657052
13.929169556726123 13.087653517189965
13.934033432637944 13.064773768991719
13.018397842460944 13.46965036581
13.477398803116056 13.201672324149213
13.023187413504967 13.315786548447855
13.019838161769519 13.388915415373825
13.928794102429386 13.091565422466253
13.834052054661703 13.17298938767217
13.133143540878548 13.20646978356395
13.01653950521513 13.636418720273117
14.970857764715245 14.712801036116131
14.119220980596316 14.79904188861223
14.828594832009 14.748626614726554
14.980006374003569 14.35904874804791
14.981828893712647 14.012762682003693
14.125402443196387 14.751051469479702
14.978563529341043 14.516821876976232
14.017116965351573 14.836561073271774
14.913755558084855 14.720127607474158
14.977107803820529 14.6454608880626
14.011339065733736 14.933919415091056
14.043577478451972 14.825098937064045
14.33778652333744 14.749189889809857
14.857902978131962 14.745369235451035
14.102406722312617 14.821493578668791
14.952113183242309 14.715911901052245
14.001326044744294 14.947198166745283
14.112384415259466 14.801516743238828
14.977508693244705 14.55463408297565
14.907005683608881 14.739917792898312
14.587216019925465 14.749053038630622
14.016312036214083 14.888659892182103
14.907448542458122 14.735842340759502
14.049361257621571 14.82231083504803
14.017113133641807 14.87695888848089
14.015887457427409 14.912293005576867
14.00352846743353 14.93428079103022
14.96557651732525 14.713947216790652
14.0259774651634 14.83324015238181
15.441752501764064 15.958953423502772
15.735932102004751 15.630387718027276
15.778572965680302 15.021711474110992
15.552488606328936 15.874776393578944
15.555432760889607 15.729966038691002
15.50983193912232 15.881465485799652
15.738972557972081 15.275794176355195
15.612603782047133 15.67285813903486
15.881340621936717 15.005833548398716
15.197392616900846 15.969209283080295
15.777372753958092 15.122964542965079
15.433665996518783 15.96002945601724
15.77459532324505 15.139732158073633
15.143981234526514 15.980190985325455
15.819835870909387 15.011269207633694
15.703989835658302 15.657254873082126
15.857451977527692 15.009361281083724
15.088104104324323 15.983871839917303
15.606216484218125 15.683526927487348
15.741181919192721 15.233707009872187
15.58653543346233 15.699954463170927
15.156497657772706 15.976165212850374
15.564054322468737 15.721169607887687
15.046502184538603 15.998568544335106
15.627189756519355 15.658689412368632
15.777717310712175 15.100957677604228
15.505982421210486 15.945452377306793
15.223633232273622 15.964215407256185
15.480555670307783 15.951548613877433
16.147677308509614 16.12183957879338
16.65876985736255 16.01602968817101
16.12308239566844 16.99935916829087
16.129430725787103 16.814337254963373
16.491474510668912 16.11509241124398
16.591914776036116 16.019907598116156
16.546076678848046 16.09659253905523
16.1459725604774 16.774764703985312
16.708084603278728 16.014367259281652
16.127190384262015 16.957528447286204
16.1465891226767 16.592842119531337
16.967092458140456 16.01068759735255
16.578494544244595 16.0585452759137
16.99482512282518 16.001451405330407
16.216693774981273 16.12122551774453
16.561175793680114 16.076743029368714
16.12739839798997 16.858532044607834
16.139240720574385 16.781991829672876
16.395623098020803 16.116694473629227
16.524396566123862 16.11228882989204
16.314789431142213 16.119923421334317
16.943306646723702 16.011871412421122
16.576113618965675 16.069028829153634
16.527982248576173 16.104382210365582
16.147061017813783 16.50905647366035
16.52681969073929 16.10562299150018
16.108890205041515 16.99968163847287
16.14757293569006 16.3346957086859
16.137582939752612 16.808907475246837
17.151612477349186 17.764845964095947
17.332531262278373 17.388184411035624
17.836291095609095 17.17679087641443
17.956090139968587 17.122506994826274
17.028853805043134 17.812229314868798
17.41719919003828 17.351391923765345
17.26889447340526 17.5786720027755
17.619338217773084 17.28577030801579
17.31059604434521 17.495025241917517
17.89533358304596 17.158800414868814
17.197422165222623 17.726415253013798
17.822901540876877 17.19752246822048
17.019540463295414 17.965684418412053
17.966958415026596 17.046747571864277
17.420924756479696 17.290294348676486
17.739192874833662 17.26411646181822
17.02205498217048 17.92388062554881
17.72448929822634 17.278181017967285
17.061091477869454 17.771507281991276
17.697476660621646 17.279132184194655
17.220837930942 17.589761483158156
17.899407636370604 17.150069051882923
17.21457454470931 17.668971196443344
17.81000926544958 17.199311026162906
17.79552444420134 17.253905274304497
17.563785155876225 17.287400068027694
17.34071523054548 17.363289232158937
17.30399147912726 17.505235380105095
17.189156747497062 17.728012179665974
18.78057739918242 18.381212365215486
18.72071248652998 18.811916257145974
18.877036570337864 18.268455222059128
18.977714243825314 18.20594083123786
18.0291866542896 18.83666918871545
18.229730706200527 18.82918158777169
18.842067665443178 18.36579465649002
18.018098525748016 18.88815951117489
18.462525437037563 18.81400037835222
18.953315623601416 18.260087747858083
18.767415880580675 18.428837873244984
18.785020930715675 18.37602643495877
18.99794844246111 18.163793034451135
18.330063056890758 18.82746316770345
18.07732444211625 18.82971292725507
18.998658232583914 18.138935276693452
18.00969683299239 18.8929298916028
18.95779976104474 18.235252484644032
18.74372609240332 18.540301375438336
18.98417437136406 18.18514479626079
18.737843291259455 18.69365835674357
18.007416049919936 18.960858372760157
18.846785018065425 18.288733177448904
18.7214792751711 18.750842027829304
18.743447499729523 18.59737371957987
18.72463989362928 18.710148696984668
18.789634428742133 18.371930765786367
18.37268085104888 18.825867300837423
18.007431801195537 18.91858423576644
19.384918134111203 19.68692530742828
19.73896442776043 19.06788118727723
19.40655012145712 19.103695323788653
19.730791907918093 19.073902794375506
19.387946743446538 19.207247242785684
19.069022381989257 19.952043453448354
19.717176614239282 19.078464030487147
19.38784916079652 19.384856940432847
19.028233838055883 19.956999248702225
19.166230818288383 19.80632805647794
19.315776506611027 19.724791898824854
19.130015034098662 19.83917734414105
19.169498465027328 19.742597604444914
19.973346977777442 19.03210573525266
19.386880756225096 19.463736591811664
19.793421302561264 19.03247475265352
19.13432300170399 19.838368581169693
19.099422389526545 19.89369734017792
19.97355195746124 19.03022278085155
19.974123003902914 19.00443804829576
19.539180689104494 19.095783284811528
19.012518200732572 19.95924939048544
19.440219047663856 19.09776278686968
19.748278019600164 19.061736806193448
19.095534402963892 19.915100782598092
19.7536586823739 19.05900778427424
19.626487400221624 19.079090143469294
19.29720370927069 19.736824269290537
19.401506273271156 19.198264451625878
20.299209651940096 20.28698627819953
20.14082067794697 20.515726598159326
20.44292563424679 20.108395854317656
20.288327020083038 20.330822634010104
20.330755968809733 20.284242972833166
20.694916856335265 20.071303534377122
20.437710306678554 20.200437724089298
20.12214212074307 20.900104246971658
20.15148314066205 20.449936364563285
20.044450457017422 20.940910282448744
20.740380499833726 20.053785511518416
20.128241449133817 20.81872337597323
20.621993500735016 20.08848627526586
20.26863910775171 20.44039092441842
20.031947968271556 20.99622406374463
20.14057165267675 20.543063931847826
20.939537865188996 20.03807733391043
20.404250350965487 20.26831662791753
20.264464686904237 20.448475308813624
20.360581028540953 20.277004794437733
20.132742401021986 20.81663287771826
20.115941484170577 20.933375601699222
20.877206215823406 20.045689100418436
20.278962385275058 20.378790546237383
20.12546794258231 20.896290160364394
20.406739455425456 20.219198600178064
20.880484950370008 20.041564141441366
20.42853338925002 20.200662191712212
20.40598483356776 20.240920984248156
21.68932182526516 21.69401316691733
21.407649180701288 21.915405449789787
21.329090347612205 21.953834125579384
21.7092601379785 21.693806987746733
21.76565186318954 21.523327520832236
21.98591112716153 21.317629983208523
21.64523128930659 21.706671688079528
21.666216204546416 21.69445208551013
21.42686480501431 21.764119080607887
21.22994232641082 21.994179856624708
21.940768220440077 21.506111157777358
21.242530729276517 21.965682546734534
21.59892751510427 21.745093249600373
21.762681785386107 21.58435734672987
21.968246481971526 21.424683803911282
21.401463417641875 21.920162099689794
21.962064743245584 21.453842496730495
21.49773011905055 21.75906940177186
21.052301010423676 21.994703962512943
21.96437750747259 21.446385151635333
21.729646690121875 21.692568905763576
21.99287938640408 21.230963364921536
21.795595085719608 21.510838221539693
21.35020053502024 21.930672808319443
21.41410531330291 21.856432374652734
21.739473883834844 21.608067975003337
21.38378549743075 21.925496341308467
21.275997871396886 21.9585762485149
21.57358171877446 21.759040162209494
22.611287117576772 22.423916955540573
22.568428038139352 22.89029515645936
22.865874126079586 22.143118181670463
22.11933169888389 22.96046738002395
22.765000721749825 22.35248319127232
22.364092608497533 22.913724772519256
22.807751147413434 22.14335226726209
22.13252864997319 22.94182251130824
22.782882906735267 22.32455476367895
22.5939500008178 22.726917394487465
22.761489979900286 22.35275840597207
22.944759455208864 22.14147288433805
22.629604394899676 22.358949380431806
22.578359279639937 22.761341632349048
22.59435260412362 22.615183269179774
22.04821471492103 22.968947518390355
22.179482367576355 22.940361218453084
22.62118897308435 22.40653853985373
22.99071178232064 22.069938912687178
22.351772691485316 22.937758625488083
22.80076757697117 22.26142952369806
22.612131421092126 22.410062450214507
22.56909453954934 22.777018755220123
22.80412873544392 22.16813213682625
22.045845692680604 22.983782734699744
22.948562222643424 22.13188541340488
22.034406928967925 22.989213371446493
22.280178933773506 22.940023828227908
22.437394350363498 22.903802009885744
23.940776072201178 23.769525114695647
23.83463778795056 23.785451452105804
23.594719867595387 23.947355253761916
23.68701094537489 23.93600703669255
23.775454948662762 23.883987923559076
23.948690772289766 23.216846330605236
23.040403165007696 23.981889874580627
23.963430081443633 23.078109876908773
23.94915610885755 23.130793955628253
23.171521985633856 23.979548571106235
23.036402752581825 23.99224753147416
23.207247718220874 23.960383841373336
23.823376804005346 23.848962067847904
23.800837546932655 23.868952699178212
23.992808591461294 23.03454783038563
23.458720416581933 23.956238837138244
23.86711166755213 23.774763150238748
23.944669595267918 23.53284347887827
23.62545803721001 23.937364117527117
23.523707724198502 23.9510191936999
23.434144952218627 23.958739702857265
23.702695933623694 23.90214343413595
23.99281425092241 23.024115519182168
23.144057127891987 23.98084097907726
23.869009957815464 23.77076795418869
23.943683753858636 23.61411860691121
23.833986869380947 23.82374087509648
23.64678918418438 23.93631886519104
23.20564352994557 23.97905319694551
24.895028100684147 24.512500600427884
24.071474491415007 24.89375031795718
24.25915325508168 24.729200581984482
24.952464249055872 24.148909362302792
24.409070399865445 24.55530190477778
24.73503293333215 24.549803851476085
24.228950841426904 24.861359345534453
24.04731455587618 24.966218301058994
24.930010544485484 24.449557261664307
24.936545530798156 24.256000629983653
24.895508457586892 24.460820861119927
24.34551243117475 24.6640375693254
24.956087802856583 24.029622199475742
24.54766764194672 24.549867617203752
24.196881275189575 24.866903904133107
24.047867613846993 24.95659861443649
24.361764516907694 24.620170203493302
24.784149058086967 24.52288060499926
24.364941361538428 24.598470944642685
24.189885087476686 24.893198660581785
24.299289708067118 24.668736208937126
24.2496974282333 24.764350888342108
24.053070004521828 24.91928650803921
24.953032571268828 24.114337397125432
24.936502225195152 24.363539074544576
24.34868947701183 24.633825336671496
24.262011884261288 24.724595015821595
24.933422227930638 24.392431203896077
24.393144650029868 24.56379904357168
25.29326879434355 25.41413496205039
25.509446977899735 25.169767632291574
25.912253991739366 25.156072613555416
25.37502811219313 25.21375359022634
25.225206269841088 25.90911725154931
25.288538708965536 25.90773315486226
25.140853053513624 25.926301018793808
25.74027855898458 25.164827067048083
25.459935202284765 25.18824287361036
25.113292904332145 25.99583223947759
25.411583749540767 25.206154558046727
25.320910258545055 25.40553737775416
25.56975255496616 25.168368760533735
25.948658200943413 25.09113709639995
25.35213619249342 25.392690045545468
25.9877648425853 25.081379360751278
25.753098063580442 25.162268730852098
25.1912057417476 25.924464991418674
25.76443281008962 25.157517367512575
25.60483139024806 25.167213801512204
25.995352040394092 25.056626056443857
25.138725680116863 25.947944878059637
25.77943409864609 25.156247521221236
25.023927140803895 25.998417911388977
25.45348946624493 25.203869217309734
25.39995750060303 25.20688329681615
25.37289471021413 25.293912667438782
25.28858286571516 25.694127033669435
25.47546701582466 25.185577573630763
26.85193938157521 26.022806727706445
26.26057225765987 26.24995863811351
26.077665115020146 26.963833819958616
26.23484639664929 26.696024900669293
26.492819449958386 26.035206566206426
26.23694585745361 26.621132883331853
26.122045630921956 26.7518514931288
26.5583179269334 26.034293394522265
26.241530605996964 26.317471219252358
26.309161942082664 26.149590056590952
26.246432431175965 26.25095789158795
26.368888078495406 26.0999734023444
26.294941395762212 26.151560299360007
26.21360442350055 26.738897292371497
26.450882776063036 26.052393549188643
26.7033264115804 26.032726455324944
26.049708126037615 26.99544778882561
26.91796975211618 26.014923246196666
26.407216117467712 26.089851936247477
26.125796562352697 26.74921898762935
26.34876285897855 26.128768863641508
26.244814328726882 26.30281449783876
26.109356326577533 26.940121177068665
26.261647771130818 26.247024906036447
26.38494012630623 26.093628824140602
26.919529439447725 26.007745631145436
26.053151759343663 26.96922766996952
26.22561911582411 26.72287769871797
26.121940375207583 26.875712027038254
27.02864481773726 27.23308811240074
27.122038893931276 27.00769294788253
27.011872524740102 27.559300731647625
27.123802025282536 27.004910644766934
27.104295290825828 27.02761135024324
27.093780062827445 27.117231896355797
27.019167237866878 27.518963369451157
27.027648610484388 27.371615347103447
27.608582490541206 27.004285011500226
27.027967693768552 27.30663504548417
27.09217703542849 27.175049107417216
27.02749567166662 27.494429475797755
27.05791573359477 27.209881436412285
27.051836095865372 27.21749520582416
27.008822162923774 27.907875918088724
27.002182341097804 27.958073016468276
27.010711494183127 27.692633776740173
27.64949579687279 27.00253886466026
27.049735690781972 27.22241517964826
27.0098978370471 27.883233145238535
27.01062158955034 27.824231639594665
27.092619623490467 27.152104789442365
27.00079010794761 27.95983718603938
27.09205588386793 27.193875719825964
27.096381230816164 27.064318236560545
27.004425255537924 27.944742075286573
27.028445378696155 27.27549713321499
27.10282791813157 27.040137308468186
27.018310431970168 27.549202532490025
28.391829404703667 28.77546971345964
28.670716864960728 28.478242507245103
28.05427003704946 28.85859309546548
28.998301470879536 28.032398179185233
28.443640103003155 28.645402491486138
28.686729716863997 28.41823180197191
28.897640354936346 28.257836587392045
28.833165792665657 28.295881678498645
28.661497194489645 28.621146694758053
28.962102437407076 28.147691897879866
28.246657015729685 28.80466902892664
28.990604665813805 28.050283416793988
28.011146829557614 28.877873937103026
28.77370659419457 28.41461042835103
28.95276506577564 28.17544174618726
28.192138624401302 28.805934297843017
28.889649170379847 28.27115844446344
28.430042548645286 28.67199161170337
28.8032941600215 28.358785506439432
28.453704741777216 28.62892997545461
28.397098815317047 28.72072986881569
28.006568624003744 28.90192742885223
28.09595399708793 28.820819989071126
28.879670958559426 28.293705022708426
28.077067777750457 28.849019856836325
28.04258163980299 28.863466423504626
28.93050629910155 28.25410747882994
28.36496374526104 28.77547473004605
28.8171847157502 28.32432566158411
29.238324912020413 29.126420254978267
29.186085985027493 29.439440479294987
29.095462891248925 29.7383320445817
29.92754283792522 29.115792125718645
29.03894996726423 29.85692682509184
29.067406560907088 29.851998512216507
29.637585235348677 29.11925706177146
29.1784667195823 29.511158861428427
29.961324800161147 29.046366164648372
29.18554158652126 29.45022128143332
29.198817041952537 29.30637615501595
29.929518228169638 29.11251790540919
29.147143813985167 29.656944937076297
29.125759970204854 29.715696548988593
29.07413939438084 29.851934115956784
29.231942188806304 29.280048608900824
29.020090038995264 29.991358649835085
29.087466253480443 29.85057106343067
29.13630136038874 29.715287146796655
29.74970466734737 29.116007483172012
29.02466351480271 29.95076718743604
29.94631855618724 29.05770967843935
29.982943402273076 29.033990604015603
29.142938966975596 29.71007085512137
29.136765813524793 29.710740383017395
29.516203258357166 29.120717428545447
29.23768181119943 29.258329588011133
29.22776551133147 29.282572729261002
29.156164660565313 29.53768228358271
30.57291926015016 30.264974647975933
30.18616131271432 30.454458752104564
30.18440678462443 30.588152260070366
30.182404184774892 30.917648672054376
30.515154028802787 30.42553797682948
30.849330060096285 30.197262238713375
30.540570664565116 30.418446534041713
30.137153974820677 30.93662163892336
30.56936158932183 30.273885705700206
30.74958773014594 30.250787979287193
30.783003340206328 30.231349342035543
30.956695554678678 30.145817453076194
30.875925637960265 30.168151659667107
30.323790520353533 30.442046748762095
30.11962879907281 30.93805449365746
30.957172373639146 30.085734842553784
30.769495228714202 30.2449538882584
30.18330305930977 30.592952608495903
30.983125539646704 30.004114101444696
30.603310508139455 30.25509852742671
30.298943172512324 30.453946740781223
30.539894437585524 30.420985237920373
30.901066433532193 30.16480002321267
30.919528974124823 30.1465896670007
30.108536911537975 30.9776891811875
30.566737802537702 30.288550223673163
30.157115996971083 30.922375969818347
30.971681110809723 30.010162857794743
30.343489887608143 30.436975623356073
31.69128006313871 31.43742983089174
31.33588759703986 31.809605064141437
31.74989510478629 31.099428606536186
31.54760832063624 31.66010615356843
31.487938640546055 31.732735884434263
31.441667098960792 31.7905352752672
31.267599146328482 31.9268606731013
31.22855702609746 31.950147040292716
31.210286847329765 31.988575229092394
31.41689721576919 31.807666951722922
31.680660337801168 31.45575181734721
31.725446214076744 31.123443493498893
31.724245601013866 31.25042664673119
31.83244109912055 31.066571473237254
31.83366032996248 31.012879496383135
31.638200674080373 31.654633027939273
31.281743812443548 31.856687791363917
31.70951231963316 31.432048595674406
31.23820676983771 31.93494810250406
31.958028859647477 31.005588473403904
31.66746333502575 31.596600251955433
31.987889941942495 31.00386990010063
31.451946729055532 31.789107910213154
31.073152741995557 31.999088715805257
31.467766099408554 31.75583412111864
31.718543611118392 31.374807894705572
31.674560265017167 31.47412460830998
31.505124771777457 31.727271619578474
31.804733064024305 31.082212489831182
32.69161993579301 32.42819227060841
32.11139144773753 32.89352567454359
32.96221740148381 32.15887019533656
32.566955654560886 32.57826723137411
32.491833327443125 32.70084310291513
32.92270508015474 32.33147422660741
32.89683900808662 32.349327364996164
32.077329812330895 32.906318299374924
32.566638494996816 32.676762930989085
32.24717397668958 32.722365429430816
32.127417733838634 32.8373476636072
32.96086271696061 32.21905143736902
32.05864335282641 32.98737916183678
32.59502511311165 32.56138975937414
32.44374732308738 32.71215402418553
32.65799806787766 32.555257264941936
32.81327466502084 32.365972108362776
32.819864658651845 32.36201977665471
32.66705365856693 32.52914685924301
32.565826036903424 32.67835972042956
32.80419800883617 32.4081170175427
32.95075285122771 32.23816986529556
32.131575192404476 32.81437721966219
32.726553751626106 32.41909218217954
32.975900670237166 32.08715351640856
32.50838398347549 32.68869668456173
32.228828254074145 32.74798499624706
32.9439152828407 32.31214867253139
32.45031035793564 32.71122898778378
33.2575414842109 33.645945322800365
33.495593396340276 33.61608088185823
33.809691328121325 33.3549022634991
33.61999186273116 33.502830792667176
33.853670331339764 33.0320795733295
33.21067074612194 33.911778871093546
33.64326418651021 33.44838727134922
33.68242730282589 33.44833754901409
33.773263524229286 33.394549479621205
33.488690468493395 33.63869552270016
33.76662389871019 33.41258936058714
33.31848138193922 33.64172657576967
33.243557499120335 33.86175463782264
33.531629765173264 33.614924365897
33.77010939055751 33.39888468475977
33.54460177493663 33.60995976844051
33.54784667573576 33.54753354995371
33.83905662963539 33.331895581074505
33.84564690600627 33.27241881546022
33.78360078755642 33.39360557409137
33.00141660041989 33.96509535536267
33.03404340930277 33.92515673963858
33.243945174656616 33.82845698419032
33.488805745460034 33.63388230281951
33.9339011018713 33.016894880214956
33.852959031999625 33.204272970957675
33.7208564818545 33.43792286553186
33.29485214439814 33.64232559739317
33.15971052660113 33.923968296006024
34.6712225292113 34.44084371235267
34.3759565821056 34.66497563032327
34.89737183198572 34.39987414608958
34.72313733623774 34.43453719740138
34.954608096394495 34.09353255852449
34.051536153805195 34.71494566214041
34.98366970513846 34.08451616195339
34.94975460538189 34.34368796085515
34.663849088646586 34.51152785491825
34.56793826219304 34.52406635799776
34.85219777412556 34.42303074172678
34.05641726709668 34.691358007847214
34.00842897072825 34.86528714477875
34.04946772718349 34.83144026016907
34.343166096648005 34.66938801654372
34.951520795360274 34.16260832259512
34.64349410424556 34.51612824766506
34.41502051733206 34.60203816732538
34.85872380997584 34.41532858685796
34.54243067239429 34.582528940816786
34.983824634635525 34.01274903139083
34.23426538183647 34.68392652264486
34.39717848412222 34.64631620843172
34.92365689902288 34.377072320853095
34.04620439426965 34.85317940383054
34.94984399603412 34.170883051724395
34.402369324409115 34.637633902206154
34.04956503744215 34.78104753226238
34.10788834696163 34.68844842821754
35.61924465023825 35.40472665229228
35.242860095940486 35.779938343404375
35.719635121956706 35.14279475426478
35.30732080778976 35.76582451131245
35.624911666109455 35.383367667104714
35.50098339171144 35.455324003651675
35.41181515022536 35.53024843987861
35.32074489350424 35.7344542551182
35.734231393370926 35.1216977825964
35.39033994853119 35.701344529917506
35.159994483809214 35.9915148718552
35.23572933207956 35.863721343394225
35.4319737307572 35.521631625970734
35.55308584657773 35.451627919382055
35.84773692550827 35.04962479353944
35.6645822846851 35.346597187465434
35.604995839375626 35.447421824845385
35.63562713072071 35.35459868385889
35.16789129341352 35.944993498291225
35.683922447415036 35.225407759388176
35.68465385474836 35.200247182654095
35.801414984971885 35.05237255180351
35.442684182703786 35.518903163456855
35.77721631167422 35.099179024457605
35.746604210388384 35.113679021235086
35.19689128083883 35.91249364606837
35.677454621688526 35.300270529607594
35.270982561498 35.767593156333255
35.401893911487164 35.54080385350227
36.26844672009195 36.82336823721632
36.33368249289421 36.18774928486078
36.40993058805479 36.04208073480402
36.20478328220129 36.82787657739542
36.36792635191776 36.13274766940866
36.154965514972915 36.92866409930208
36.89234941760779 36.000802023897634
36.28022849132158 36.33014926999089
36.539914178773486 36.00352098960928
36.31985290278908 36.191602757870264
36.02183444459133 36.999038166637774
36.28372526357305 36.20369910773408
36.16784889153126 36.84551377648068
36.05892024541913 36.967639140210466
36.35216138768599 36.14740043895444
36.27249653829566 36.75486869216629
36.27331125018019 36.65289373972207
36.279153123078245 36.51863149954793
36.096201283729215 36.94496180888199
36.27421233518846 36.628733820776326
36.50887206304775 36.034209999944
36.2803848631771 36.30077875839582
36.110363969400936 36.934858041541105
36.114780159950186 36.93110405161282
36.20424413884304 36.832693133833374
36.13213684570116 36.93027908161406
36.379984415776924 36.07081394975458
36.52911822792526 36.00503566760205
36.387153829915206 36.055959985924595
37.53139925502507 37.66203719691086
37.54525858438068 37.43699328312912
37.03367444686621 37.77001721281093
37.92051123612338 37.41607282114106
37.14214802490621 37.7394335205925
37.93309874508582 37.14604572737632
37.220827320176866 37.72732596000529
37.02349441458969 37.91337325524948
37.53915261899922 37.52221744649459
37.690238531951614 37.436542740806715
37.1056000076924 37.7400865278628
37.98023812763672 37.09826757981322
37.921642467277785 37.16410357824772
37.32588834564667 37.708414398287424
37.013927146798736 37.96566610319718
37.42854180230692 37.69296873808129
37.49092805579527 37.67316122079896
37.82487060986224 37.41695420805304
37.541026285026575 37.45275778186502
37.02677360729931 37.909853224294864
37.028279827312474 37.846437103550684
37.74244185914248 37.42996212404008
37.945734646454774 37.10316605481537
37.23598561945679 37.72456653851614
37.44795477154637 37.690743669692644
37.004864634800334 37.97847305725253
37.37614261615573 37.701988834858355
37.15139339534734 37.72867194388831
37.30763929871613 37.71305486384468
38.141524598164544 38.781352182105095
38.1665454955864 38.747231183676995
38.32528246189636 38.37131359981213
38.11055572940929 38.78888940988076
38.892735813531694 38.105470345526584
38.060340185164044 38.830008952311
38.21483958488329 38.48847694207885
38.64220256634795 38.161610496374145
38.42181812898715 38.344378540306
38.42593154539434 38.164383674310365
38.002308806304264 38.93292017110418
38.91510392099738 38.00007361342644
38.10107549098088 38.81794142581705
38.86920587447228 38.134356108045594
38.22967714523518 38.4660714294723
38.20312079400684 38.67969640821072
38.20699771964611 38.63293125520567
38.36970092079092 38.35746175306498
38.207667358039906 38.5096424138942
38.057703070951604 38.926851240035944
38.691628750272116 38.14975726784893
38.90321244649172 38.029654390215875
38.24254057151097 38.387549467003765
38.83418367182311 38.14068381309053
38.195894646752386 38.7397138277894
38.298289762866155 38.37206509613351
38.68700553891352 38.159698500262635
38.34695104956736 38.36297244609037
38.37116254983293 38.34936203941249
39.54266014619997 39.46659724080027
39.11086621679969 39.79369859411984
39.98259008121617 39.327042599620285
39.392159983102104 39.53443888518128
39.53308171467356 39.51573452707864
39.292421208889124 39.75900653507198
39.039645764441666 39.89388421516871
39.056601893337884 39.86330306810073
39.43905411288894 39.52209771543737
39.31611402103218 39.671181448629035
39.01928050055383 39.90668927951533
39.64217558703068 39.39460069298529
39.99151801961483 39.11206912354108
39.92528831122113 39.36009962844623
39.15395529476551 39.77499621581468
39.02246978208805 39.90175675468657
39.67438881989434 39.36900841958957
39.0317405024363 39.896219960946965
39.383447778318775 39.67077546003904
39.07386975536357 39.80379221514444
39.54854520602089 39.41919207717646
39.9892179546889 39.26465509319501
39.30406376516592 39.73153154608536
39.0009507586166 39.95621151350221
39.53722343953758 39.513204337280975
39.20822244258639 39.762808915040544
39.58062060490779 39.40598769187364
39.05537908134396 39.86544752306928
39.95190083977104 39.32941771276838
40.08222816200702 40.12162313660495
40.62004592675772 40.10721471781222
40.83489757608946 40.09808156235442
40.06524810588354 40.8136770150438
40.9693477101781 40.015604061499516
40.06667595899267 40.150610996925515
40.897802291540955 40.0228198902382
40.019068337475474 40.870585790894914
40.84858658397725 40.07693685347459
40.05578560601505 40.84585206215393
40.720406974992436 40.105878840145515
40.07174121099499 40.14290341270682
40.88494724598394 40.029551573793675
40.212030386218245 40.1158281008486
40.869876969702645 40.062155408094014
40.004884617930145 40.9206310414121
40.98634160054334 40.01293358030134
40.359450983444496 40.1077927663466
40.22048932453252 40.11129042455931
40.21290547182159 40.11549132744983
40.778959856723134 40.09815040687714
40.0261245310679 40.85740556712181
40.00666862990994 40.908532686910064
40.06650429151605 40.31204912074649
40.06563884655777 40.537277805028204
40.07908124831796 40.12715399577588
40.43803574252174 40.107469045885765
40.991325748332194 40.007743618174054
40.03310833964369 40.85451178070417
41.53332173747027 41.49556415256522
41.38397665617968 41.86506614293579
41.599000983282735 41.17256417040929
41.92449485385611 41.034219781912135
41.503599769799244 41.78814254356357
41.301192808701 41.89052090565672
41.539140989072735 41.240652973285606
41.94572340197932 41.010852451239245
41.201642240079735 41.914616511378355
41.047083490013 41.92751426231239
41.65245410849819 41.15492159412407
41.475675052895966 41.79612825404479
41.82626512610792 41.0815634631195
41.59463348797409 41.219858713130414
41.065611605928844 41.924034003457834
41.15715244213423 41.91483392915562
41.943988595197375 41.03032683999871
41.52225845055151 41.57547048434687
41.21855858359348 41.89344586672898
41.030447179190936 41.96895934918242
41.11214322470613 41.921324499017054
41.84903721322104 41.058096963449806
41.692503980092305 41.14836818541871
41.534632766631496 41.45051062141769
41.61326088291012 41.1704182581193
41.763939933208476 41.1127276610843
41.02367293035667 41.976814484823485
41.39572279102016 41.84796837013159
41.516397050966795 41.63687168103567
42.922625373652515 42.454963241847466
42.24512736209363 42.91258854255365
42.5003837169424 42.86203140878491
42.837296807287046 42.56451471401701
42.8126924767196 42.65599660591718
42.93670893076597 42.38744881147551
42.94717456300768 42.2683320311756
42.147172942600236 42.992499113728435
42.30065667352668 42.87397876658133
42.811608368167 42.84795595872152
42.949903235264415 42.209541414730154
42.95384367100474 42.07211197537803
42.647200074284406 42.85042888296745
42.94681123645943 42.3529651793363
42.91109619955203 42.492986470953184
42.147526233468305 42.92560318858767
42.25064796222311 42.87578329198039
42.9794180966315 42.06953331617608
42.87173718728163 42.5351957637376
42.063124089680045 42.99319584938312
42.62726051228171 42.85779178072179
42.63567821890578 42.8542524140112
42.366085692393085 42.8628305642761
42.61540749809343 42.85860680935497
42.90252175572756 42.52394924113672
42.98074588382462 42.027507172848225
42.560977316080624 42.86183659915585
42.630315478255255 42.85474855965096
42.908033497973896 42.513388304813226
43.58725887935543 43.77419726730339
43.8301189400312 43.122394855917484
43.509230318145434 43.96184365450155
43.82234707176183 43.14842455197014
43.28240859956522 43.9843831662675
43.54789156310694 43.78448185665714
43.76484851409199 43.28198065265091
43.97083487175262 43.067006777726405
43.716467184028886 43.73305517222591
43.76540143389572 43.270468191419894
43.74315010527241 43.643802491367815
43.74935614483884 43.52869478141215
43.879127878799885 43.112467621047266
43.54652191737996 43.91995701245752
43.79064081019746 43.197986848600614
43.88004336516093 43.109164691099785
43.966094547144706 43.10869718440559
43.726339839042325 43.68200571016022
43.73568946288142 43.67906980576664
43.76861579954594 43.24458307145033
43.31770128688733 43.96315374795218
43.79075537403776 43.16759956403367
43.70480405998883 43.75173816523169
43.7706192489039 43.22978469017602
43.0546479648913 43.99391588805982
43.244574396554896 43.98656620663774
43.75841689218013 43.408234567093174
43.52120832075762 43.92179273150743
43.5142396444636 43.92593172629195
44.210875107531685 44.599806228799835
44.64868235855582 44.19418750421287
44.330574892807206 44.22644464226318
44.062075302994174 44.8878883429504
44.437428153748755 44.22427923984768
44.06268692279955 44.68252916069218
44.992546747822814 44.02495019303951
44.30778909113427 44.59338302034628
44.84887674454532 44.04682215719007
44.19581570827072 44.6231214034498
44.23975582841753 44.59588355524915
44.233587284914506 44.59674471797948
44.66532310566672 44.06433047500242
44.013362809522526 44.975508096780835
44.065224421093134 44.62563460606329
44.54223434292037 44.20367176484233
44.02466417361732 44.94021155609411
44.31988191784156 44.44730889213281
44.502248378648105 44.21478849880579
44.32223127749052 44.420433332928525
44.64615862645328 44.19579390821785
44.93483246503545 44.0373555682597
44.18360840566829 44.62405317406929
44.023538541439194 44.949286504883695
44.06112467169427 44.91343131914821
44.65983591920612 44.18991332667294
44.80776151888054 44.055290659196444
44.32220812591148 44.43181621642555
44.1995693487001 44.61504772716512
45.42415503695989 45.44058911043374
45.42691565311127 45.32323835472695
45.13499855696781 45.95694140213633
45.5986374959909 45.22537806317139
45.137485559073326 45.906063400332364
45.184312652445854 45.55181606609235
45.44282069614423 45.31987902697839
45.9073897599447 45.199879642995654
45.97598695631071 45.063317398769385
45.781472885863856 45.22447856845282
45.34882113350981 45.48027322157387
45.46667468992856 45.2297519751741
45.19272443902996 45.50170580582354
45.8879210774206 45.20124170935181
45.94054026113415 45.15799638943076
45.050762017071285 45.992056235735966
45.15607034738375 45.702801048195695
45.450867887920936 45.25270823517828
45.145845996853026 45.7766310959077
45.14159518172591 45.843207094388546
45.93209381778662 45.19864511110811
45.306279910109986 45.487927965777395
45.976705987399946 45.00992461154751
45.03802152348301 45.9960836617406
45.07313700897391 45.9684015593415
45.87444238040283 45.20617471849018
45.39734858789786 45.46417129704149
45.42649976398644 45.3500728003944
45.103180669599006 45.96028104031689
46.472494489149284 46.82777680353192
46.42625577939366 46.880674714659506
46.15972767204343 46.91522727887373
46.740600064417514 46.082393424897134
46.611617425019354 46.47910412764375
46.88264707556842 46.0121420371481
46.7099974224922 46.260429261677245
46.6285406897905 46.456025432688655
46.71176489752755 46.19614473474383
46.11200095718467 46.9439505165056
46.67092556180386 46.41294566492962
46.55040593279002 46.70132660695849
46.6907907001266 46.33399190838163
46.568270226894064 46.53895817889676
46.751296633260694 46.01625696696977
46.49349250276888 46.736488457705214
46.11069583225828 46.947930290158595
46.561155882916566 46.559006445263314
46.04022610837826 46.97765121568636
46.43719432024742 46.86035859924159
46.23482240619189 46.90294202517687
46.720531808088055 46.10274862599465
46.48130534027255 46.73712742546102
46.56210191557472 46.544501674313736
46.02623038502202 46.99668351112798
46.55749887260889 46.58945230809924
46.69445788282401 46.32194806121124
46.76661127224182 46.01604889861233
46.944391924550466 46.010817424184374
47.33993782948541 47.60481952630866
47.4128231884836 47.12831762109208
47.33504491329831 47.616525904384865
47.21729190375431 47.816763444713274
47.51392578413046 47.09871443641861
47.36758269056466 47.42593222155427
47.07221625913785 47.96308147017484
47.58843702747682 47.02100466125978
47.15774146875393 47.85369308068278
47.25378089653006 47.7436483028925
47.34612030235962 47.56203825115854
47.819530217696936 47.01687637530601
47.545201609115196 47.05476780228917
47.379089096317934 47.22684931152495
47.949726984876 47.01201878100478
47.45295522132443 47.10961888808792
47.27371531208599 47.653245432608415
47.56823633390868 47.03393532950502
47.09480018810846 47.88562842843494
47.395894500134155 47.19262477537067
47.559071254955185 47.05076310400845
47.27068158501911 47.74325518415479
47.23895317130619 47.77947778073247
47.241947539664615 47.77378615506355
47.34420023957819 47.585783929718446
47.06050473467598 47.98781462645479
47.94877512419215 47.012234453030054
47.230575419133245 47.805296364099576
47.420221365150006 47.109671803993805
48.77174495244176 48.860385155054324
48.936057978114235 48.72447856235961
48.23664291544644 48.88243437395573
48.87640888765764 48.7579920511131
48.92422937597145 48.75759815051321
48.97513741789834 48.05681141073002
48.97070218719942 48.42048178180062
48.379429645801366 48.866206630682
48.97657172328885 48.02643989472779
48.944737525902674 48.714728986634576
48.06410959349499 48.932925950555
48.00040228553435 48.949202392445045
48.946758951168775 48.6154417144504
48.79686085958582 48.79439585952013
48.165165158592494 48.888074507503035
48.565332689491285 48.861989395900984
48.97095824141913 48.079714190655324
48.78101918229265 48.85335619942986
48.0963442010372 48.91665117814617
48.274001660841684 48.8696168195863
48.01871667769942 48.940421595485525
48.27110010561718 48.878236850389904
48.81778750178726 48.765118300821115
48.97084877989551 48.15641646912982
48.64708061381366 48.86182568921852
48.97021278446614 48.6118249146646
48.12588213350185 48.89022035604602
48.78462514330963 48.81866679430884
48.54315636684227 48.86209964148853
49.239087067160845 49.049067981488015
49.41575979043623 49.02893358789168
49.03237984614946 49.96957276037938
49.143382883654546 49.121633493494585
49.56958045271997 49.01684853434579
49.116759770697186 49.46746185273088
49.064340814094756 49.91619739696452
49.14819789515874 49.079734356148165
49.074862956736276 49.756350530711856
49.144926234222446 49.10103178770525
49.09672199011564 49.6242857110361
49.12048658095559 49.26249149634155
49.59740092107577 49.00374396190815
49.38023726470343 49.038379146310795
49.052047784450586 49.92966478666075
49.109829560464576 49.52268153960099
49.451509956566184 49.0186242857087
49.12305824807578 49.178665372547286
49.09693871512827 49.57031596243149
49.07055958983898 49.8844637232665
49.22159171518842 49.063580388647935
49.130907913913845 49.1482133529528
49.07744309299156 49.74201215543541
49.27966134177809 49.047056190293276
49.07368565236891 49.760898664792116
49.071126790871745 49.814669746477655
49.377573149916735 49.04119772661774
49.08518648736312 49.67297006954972
49.39399285968986 49.03496211503769
50.6687186628617 50.713394900127234
50.35709066159273 50.87518491226622
50.88819343985169 50.2070308177954
50.831463982923154 50.26371195468447
50.03770687251113 50.991234606256384
50.27851269312293 50.94080013171946
50.7361028152251 50.43309048112905
50.74969222210953 50.37847358604225
50.112151415451436 50.94518424333328
50.49723666628615 50.82091802026675
50.931266148258565 50.02388745294301
50.57424043810341 50.7518738279021
50.108555519601246 50.963346256862195
50.88900013308307 50.077761646872936
50.29478260393494 50.916612209361965
50.718202613011904 50.46905480496289
50.72155877234264 50.46665773083875
50.89486897743699 50.02987233997486
50.967027638957994 50.00916539409578
50.696468650592294 50.519297020169205
50.12669264950275 50.94282757001207
50.7171317235782 50.51427538820663
50.30921341565192 50.876816467769444
50.68029764640446 50.56231173713367
50.479168570471664 50.85153810406554
50.81649368870953 50.36505870565644
50.52155114841239 50.75595792865126
50.63815614254844 50.745495958998426
50.35285677728835 50.87555595427413
51.58615866613102 51.859297825458064
51.87452034552641 51.607909573492385
51.90473752047959 51.534689575558424
51.995830432223336 51.033903987996986
51.97331375137205 51.04029759844775
51.66530297819956 51.650452315332004
51.212437643215104 51.91109544908476
51.9571001953757 51.19147446923305
51.40554840444103 51.88889786106916
51.46047569613378 51.87896395584624
51.0660338170507 51.950142879597934
51.88681990095791 51.55547756740532
51.6427880526148 51.85035457703374
51.681691297861946 51.61907161897953
51.96799107157505 51.056007262147986
51.94171601271968 51.308834324309586
51.959017048642046 51.16625567617408
51.25288018043319 51.90270406398656
51.90729293724561 51.498826196582876
51.513413313114036 51.877098585195206
51.9689043440684 51.05052410907648
51.92686190511545 51.41623680956402
51.29738265251383 51.89647755726572
51.419848579637716 51.886194808647744
51.54673948898152 51.87468674195012
51.94169767028313 51.31505423873767
51.210312547207906 51.938912498691195
51.954354920962956 51.19381029148929
51.76824070131876 51.617429643108274
52.66581217140973 52.549415774332566
52.006924469333256 52.599498649095715
52.84254818921274 52.114978138391535
52.7535129542233 52.299722996289184
52.98696060485515 52.11477103634208
52.668309971340754 52.3215239238009
52.52119957597466 52.55476194207987
52.834803241798454 52.28168628851495
52.432913196960556 52.56961035146223
52.828192380658066 52.28398864433033
52.39300323589226 52.58236076275391
52.61807546560377 52.55261126224701
52.00032445235524 52.97371249767413
52.84088530938374 52.28162248277341
52.66680754156234 52.339197309791196
52.460011131394786 52.56958911138917
52.66822552166111 52.32971685339026
52.12831749316494 52.589739624229026
52.783598424474896 52.29621123189367
52.35380348084939 52.58446693997967
52.99452671274002 52.0209053232842
52.72897898616431 52.31584075587376
52.58153932236944 52.5543986094287
52.157766731037945 52.58751560713011
52.00262737157514 52.9637874667191
52.504918051229986 52.55720076855258
52.79691180361076 52.28625000902473
52.003309095797135 52.79306079211419
52.281257560902894 52.58506499329012
53.70552011638434 53.83447569687368
53.93723016130406 53.51070706244903
53.091981920771104 53.939085839232085
53.24351182461392 53.85896859475287
53.80543172668137 53.71890684281487
53.579644216999384 53.850060507604574
53.77949748399043 53.78162887390421
53.86311860986635 53.608298509109765
53.738348000733616 53.831159680616885
53.1919504832844 53.91624363898203
53.037443701474196 53.97118101628755
53.78704918565893 53.75945844960955
53.9545108910941 53.24553035258425
53.9474286398292 53.40770739768663
53.91345913331956 53.53724752375626
53.11671822867116 53.931532894156256
53.96509946284346 53.177901021083215
53.88676284325084 53.54668319737876
53.738626203984886 53.79275245567479
53.98216337165817 53.08832157955912
53.86691903163528 53.59629171773979
53.51794658768692 53.85208542319584
53.80598158301859 53.68932072740985
53.12292498571641 53.916894918414876
53.3074961108551 53.85542376370546
53.919651270074596 53.526120511081174
53.05964864743129 53.94624144121264
53.974266594231686 53.12086650862041
53.93263008486309 53.51449395751571
54.216479001053195 54.51645084675536
54.812042219248255 54.19317047039601
54.13550252653039 54.5878569446121
54.72590589203841 54.430626929920436
54.10791372955781 54.70663444695197
54.122011006975626 54.631173200383955
54.6722295331547 54.43311181657345
54.34899166468439 54.44916614734928
54.180853833010254 54.52140340072964
54.01254675460124 54.838273424050556
54.74942217913725 54.368487740598994
54.938233576955255 54.062861333133164
54.01189325831983 54.97666182828757
54.16490412002622 54.540064890309196
54.09167857049911 54.80337471772557
54.89771782403786 54.1552268156901
54.6599843169272 54.442007167715516
54.085045256325735 54.83601770491421
54.80427824454856 54.241102309158464
54.204923955048066 54.517740047184795
54.92281983014115 54.098456425070715
54.67063872532843 54.43462430453519
54.74057884939672 54.42528959871687
54.25076585809259 54.51308568401385
54.75882779075112 54.32516568026562
54.81634349425201 54.18713298712404
54.97170656995009 54.00400142796776
54.00128850382095 54.983311953938355
54.31430410072434 54.48984277120707
55.94606911282181 55.493565363060334
55.62274374269301 55.96025530881934
55.54458981217546 55.997755594435844
55.69274712928039 55.855608972792794
55.70545608245653 55.744428703627285
55.949181576868774 55.151450647227165
55.73654358204889 55.71317348266395
55.92586332455642 55.51884601382765
55.83550480254709 55.60722268537512
55.99001717877643 55.01228303583804
55.71596647893495 55.72903210351955
55.956712478380204 55.03475389418748
55.79849287459342 55.70599671639446
55.83212976434115 55.6489975037612
55.96889934396384 55.0125536841782
55.57211693593586 55.99361978792933
55.70147687288893 55.796663886777885
55.65810480017411 55.90355047024282
55.695586052058914 55.837028186558165
55.91478861335911 55.533433722030395
55.67651832649666 55.88803320500192
55.86027877007988 55.54533752740476
55.83093897238303 55.66439889877822
55.69244672456119 55.885802084520606
55.64289435256754 55.946466711896626
55.836703612845234 55.54992233161197
55.95547038164113 55.14331703417946
55.63356381424014 55.94895779685177
55.64729226969238 55.91133304624227
56.001525241220946 56.58831785778979
56.61729044886938 56.36637179180362
56.55401763664843 56.39974432546235
56.864896104837335 56.335196222386976
56.804329848531886 56.34196449760891
56.223691585177384 56.55874842175868
56.586642396774785 56.38379809476083
56.51320795161288 56.44586611920887
56.98273060298583 56.18753730459844
56.23353471819581 56.52839807714761
56.46001547106919 56.46142635110631
56.262868490443644 56.471585552234686
56.52449484435596 56.43064717035911
56.76037512732346 56.35719030151147
56.937783813457635 56.23622402483862
56.93487337270671 56.25966550926221
56.90738070080056 56.295873651070345
56.22012501213659 56.585592964124174
56.960367746183564 56.196121245771806
56.92077897313551 56.278170394969834
56.540055989525015 56.419830524978025
56.99820916101775 56.13927418404857
56.985725917267466 56.15096936250845
56.68273514301592 56.36082551138106
56.60365932448576 56.36966492332114
56.908896754907204 56.29044760490589
56.99894257925674 56.09069912054788
56.26012756584582 56.49247225511671
56.91269825385478 56.27873000286659
57.355687378449225 57.14780547714487
57.15876819791682 57.485462896320534
57.02438128210666 57.98803379939048
57.207456350352594 57.47353670493558
57.89282013615367 57.00794641000529
57.54156796346257 57.0902563662168
57.6713511309793 57.07933294670664
57.27038850035104 57.43774772325483
57.1161954218048 57.83926659928718
57.29693198330673 57.280382468477654
57.287099025776556 57.31420160334748
57.452725196291276 57.10811382579684
57.32261251989437 57.2285703989106
57.830689137725365 57.06858611340597
57.06381667118602 57.934975996619315
57.124357882551166 57.678065601863395
57.88184761108129 57.032481442348015
57.33130470327721 57.206560256259394
57.08242730964381 57.86706758338888
57.339660066158736 57.18670747898812
57.09769676465205 57.84690726497605
57.074722912840876 57.9059955771942
57.135133084648245 57.62929282605523
57.03501279762955 57.94623588427241
57.85996573022738 57.04476607561153
57.077425007467454 57.885770999149166
57.864418384664546 57.04029463091975
57.155482285830715 57.54043374988165
57.28251878456634 57.39669928994676
58.21082315802393 58.78153600385862
58.273132477794384 58.12445815162918
58.27954161454095 58.05995703782794
58.12999438629218 58.80108024077091
58.24814092282566 58.47596681502895
58.07004230215474 58.89186315081107
58.92804124137379 58.020915685579325
58.49900729471642 58.05860093543066
58.23613975265261 58.520601291441956
58.861737041965654 58.028234700239295
58.62697611274687 58.03051076544389
58.127455195355765 58.852404693143605
58.05933351657494 58.94220710898512
58.0587061013062 58.99371532157422
58.23230891824012 58.59441897446113
58.26938454370493 58.43044002868812
58.57199482882551 58.040520326892015
58.08216284359745 58.86079567293831
58.22164561230893 58.66602145688247
58.158859329602336 58.783581761833
58.224435090910745 58.63518012576426
58.54272760096107 58.04224558648291
58.59919572637898 58.036414151501056
58.54166870452979 58.052148567498314
58.74084174895803 58.02996342279632
58.27698873487306 58.08683670750381
58.23607386073909 58.53627987594526
58.264910918067955 58.465162279156274
58.3824091656252 58.059873709802645
59.23767055015008 59.13527598938611
59.27698990461477 59.10757520115482
59.007454701493835 59.82437473405121
59.21729402666526 59.57739175154334
59.079328204318585 59.708458054836015
59.398322841661646 59.006388035910604
59.0183551606453 59.82134950456286
59.178218354242915 59.656981643444844
59.0393264058423 59.71902654555654
59.14937209971597 59.707842465189216
59.22845202823629 59.42692215487933
59.37438899544458 59.08752420182238
59.19816649643205 59.6047817510546
59.030693926974386 59.78375211869285
59.287088953925675 59.090754729104496
59.389994543772836 59.059917452664166
59.94643763822335 59.00406907223926
59.37949648488096 59.076135740614646
59.23479394920471 59.27489335747907
59.15069398616948 59.70640694326802
59.00229351852086 59.82807180671867
59.16223106474182 59.67775536638578
59.033488926046395 59.77042502033267
59.231757356387185 59.30177027116455
59.26256238562364 59.112247589614846
59.212868200850274 59.60276047568977
59.236603638479465 59.21617739218868
59.6350926018775 59.00571140741614
59.67272152560222 59.00540096966391
60.36262033332651 60.53240390303213
60.72774177754595 60.41148410945992
60.833909539082086 60.306360542043386
60.24412037852706 60.62308557842481
60.1798650895382 60.91296947604181
60.49296747094396 60.4660517709602
60.175650439602094 60.97529728101874
60.973886120693905 60.03768522128475
60.60999723446586 60.42175212190976
60.845649962184275 60.08504396153239
60.822219931813606 60.318834733131894
60.202362909172386 60.74889569888006
60.250773870618694 60.58749170932709
60.263218254543375 60.56729242667828
60.71485426672666 60.4137329120615
60.7740091616569 60.340416413587754
60.506023083251065 60.422416972494815
60.4864414831775 60.529198665183756
60.770423409904794 60.36574161527401
60.84593302248452 60.07649586075566
60.12091938649226 60.99734406735062
60.86421182358215 60.05050340898889
60.75324311377976 60.38885446507634
60.48890371898833 60.52065968464942
60.22118985524379 60.62631336059225
60.192685272480446 60.75289452106497
60.18249188818221 60.806040180502606
60.330283797918725 60.545611314890294
60.838693871178506 60.16907131622555
61.14309042439745 61.570266508694054
61.03023006656534 61.745820559636726
61.871681454911815 61.05000291048183
61.31783622529921 61.16411006727573
61.53969209795089 61.09853831458601
61.23641278215675 61.56699298305535
61.05486209982144 61.73695005300669
61.71373996776286 61.0760206986158
61.96914404298428 61.016325858302096
61.26167663148678 61.42767235716004
61.081521786189846 61.70264873368392
61.013949223934254 61.88946127874702
61.878169273125934 61.01957136473685
61.33204357444868 61.15407913318713
61.28438749237473 61.223032701360225
61.43395121252825 61.12978363664577
61.280711449130926 61.42018599483744
61.00204243246261 61.91482931063509
61.16691077750457 61.56892115767888
61.60567752129833 61.08317891179121
61.33822840093381 61.141702431563786
61.33649809249893 61.150896561296626
61.025653829477534 61.875955344583424
61.80934687470058 61.05508563866724
61.09948762906605 61.636841301759176
61.306034994119685 61.20094756770934
61.79946021703893 61.05577936531356
61.32908820557729 61.16095270164176
61.792522411884505 61.06103120409221
62.75457279736281 62.92993909965773
62.78269869932395 62.01854582472505
62.1754855585477 62.971624857591706
62.08217274510663 62.986823659139155
62.73206712241413 62.93483729822342
62.78047809395082 62.27350494199309
62.77021451133001 62.59903787724598
62.69515540108756 62.94503337215909
62.61925002525804 62.96073505719262
62.767612832629645 62.75528909688924
62.78991811487823 62.018542019005196
62.779854673204476 62.56240991554622
62.76323654769783 62.7833846137203
62.45988479928876 62.968902722729666
62.62748688482645 62.95130443622201
62.8063120001727 62.002560341092334
62.11414219528355 62.97490000523523
62.81753123568769 62.001232212729086
62.56846464608802 62.96106492826402
62.76220405986229 62.87514552614035
62.421653797994615 62.97110436824927
62.77462332411089 62.5979647906227
62.49138793682708 62.96166499583374
62.93919402731659 62.00115644234732
62.07788232195739 62.99981131887726
62.78069849945795 62.1249500491342
62.647146582618625 62.948759221681826
62.45123966419812 62.97093922737469
62.76946410670782 62.74982935559205
63.71109286305053 63.00643795610157
63.32729632162266 63.78987836808212
63.464928753295716 63.69106944081447
63.63082721459205 63.01093751239058
63.629272511886086 63.18047389028361
63.523720558741466 63.5581198813317
63.41711833847718 63.72432830799015
63.55086325533792 63.32459581651066
63.03227889040131 63.96073665047119
63.29444192941416 63.94476174818725
63.243740781474415 63.94786360648519
63.32449968576265 63.90555083725684
63.468844043747715 63.584378579241275
63.572008453321146 63.30770490278277
63.754592713604076 63.0000879145432
63.366396342202684 63.77006250218232
63.60617244620763 63.283761366728946
63.538570598716724 63.42089015008544
63.5417353630778 63.374510490383685
63.53789738822498 63.460005042158144
63.3857814215428 63.73635891386477
63.61395277774212 63.24820704809983
63.45736505818794 63.7242310775108
63.712227670029634 63.0038215811632
63.490913611794 63.576528667514125
63.54463646847366 63.345469720593094
63.318708846890566 63.91912093078333
63.466087569168465 63.59701263119146
63.02143873566621 63.996504081261776
64.30176760921759 64.86300424129345
64.92450352282945 64.6057051468532
64.44914940523901 64.6139728276671
64.41500139959521 64.6162840422694
64.12786044528607 64.88840860927664
64.8671625366759 64.61142075787323
64.08199348186355 64.94774439295713
64.06955176232702 64.9554114543145
64.93676703974639 64.22136625178777
64.07635002079014 64.95110326075533
64.39927203541755 64.83331091632581
64.6513440825328 64.61297158088756
64.98688456227896 64.07447407603017
64.94165390993597 64.08808030481057
64.928804350508 64.27371597035179
64.93187498156647 64.25681799588156
64.39210607440073 64.8383821273126
64.92802311846465 64.32578096990625
64.21465129422683 64.88801621398797
64.40613744873936 64.71443371805131
64.9484006718785 64.08760359861286
64.11043948053128 64.91612124979179
64.09664150121732 64.93568297492217
64.0046128984078 64.9562214813877
64.98955539934204 64.02159509558035
64.92773222325823 64.41422471333613
64.97719946722684 64.07664713878742
64.34104880138678 64.84029158634306
64.11840824235605 64.89949467712644
65.07561904779226 65.62128640926935
65.92901643769738 65.53572615056945
65.9881338600304 65.28648128742087
65.73484819376148 65.60348429783987
65.98083325302653 65.32555129322274
65.8535084674693 65.56141348033239
65.01443314545172 65.62189656533164
65.77337408026781 65.5973262952948
65.9321600603821 65.53100086945071
65.92796195130677 65.54859415309957
65.86217310826963 65.55224121892326
65.68045380829653 65.62059553114752
65.99856902320496 65.18598704612263
65.01064540562459 65.84027479517137
65.97154708150487 65.34752334849028
65.81817374342201 65.57323202291407
65.01202729238356 65.81627404691514
65.00747752992754 65.99060559511338
65.93518272456542 65.52373282690156
65.8100536757572 65.59423885302732
65.70902384285192 65.6204832781296
65.9631822969572 65.37388765743349
65.99838332429594 65.20050919489846
65.01054410470223 65.86976377636645
65.94882327102083 65.42038990603332
65.85470328658462 65.55678332808561
65.9420110657157 65.52261347290698
65.99330913286184 65.23230634983547
65.99882950414751 65.14239424076737
66.64079380429352 66.9767617129218
66.89816267846578 66.82605803318434
66.90830276891353 66.77315495332432
66.9169394167224 66.04553848134253
66.91687852003338 66.07240728148234
66.33372911757424 66.9985309420288
66.83786497455147 66.90005013783735
66.91430642202535 66.35721885259065
66.91396905208079 66.55635516751516
66.75951590602511 66.91451611038974
66.84451323749403 66.8400172602468
66.51167522916009 66.98190961185443
66.81671794890386 66.9007655814119
66.69266166266114 66.95771235954925
66.69379055419226 66.95653072547664
66.72869879830954 66.92104301735162
66.50811238749714 66.9854892499284
66.99805188880737 66.02105467375438
66.3396124102963 66.98637973026649
66.87647848879337 66.83913562524349
66.72794919074158 66.95333478946723
66.68233719710803 66.96774893343047
66.93902969982179 66.02750307773057
66.21245918041605 66.99967154164337
66.40776758894857 66.98589571347958
66.68248588741494 66.95841040417577
66.2693464040377 66.9994001667612
66.91617021606442 66.32571377763766
66.90951651227695 66.6332305744587
67.36294814914034 67.51341889302972
67.31421518949526 67.943134147926
67.84769398077032 67.4096989457971
67.97539804706625 67.32341369336065
67.10200275142611 67.9739746876954
67.99907650557748 67.21683844200761
67.72352888956948 67.45850806766066
67.8767041254779 67.35233479372826
67.88533727183712 67.34589052706794
67.35851757661153 67.9027410337476
67.50056012947935 67.50319471877057
67.3602955159505 67.66970521158633
67.47386123593927 67.51123619187916
67.59577999844673 67.4712154477684
67.95804107988805 67.34574835344256
67.22956257011448 67.97169368920375
67.99973621509918 67.02134186340602
67.27393701300211 67.95609687662557
67.80843176938541 67.45143502953356
67.59187117441842 67.48448663223303
67.86975397234207 67.40712883665115
67.09784464883244 67.98666101523288
67.53447077335706 67.48880377640484
67.82399228609418 67.4192181939571
67.33784578313117 67.91583645606092
67.36148337863428 67.62078829512778
67.97315200428291 67.343110837892
67.32439061189186 67.94017570274674
67.98271387137308 67.31621069254291
68.02624382866028 68.879794399759
68.40473841408165 68.59677228931736
68.17056749609358 68.81650061702864
68.55179269754817 68.13015809608007
68.58881004390261 68.02329832354512
68.50617335743188 68.54509913682112
68.34833741924389 68.64600757207441
68.21159619982865 68.77188515520325
68.22916011624407 68.70852706894568
68.8296024118584 68.02144073972865
68.98915684485537 68.0168910871837
68.53088196931337 68.4568465216632
68.00942823111197 68.92703251396047
68.46145783635966 68.55864375396806
68.2557789355479 68.64857538035818
68.00903573371575 68.96684584673017
68.10214349423889 68.81938434984643
68.05175573584162 68.82589202163494
68.22145549710953 68.7563895228771
68.0170786604506 68.88386155624815
68.38522063180933 68.60712595769913
68.54732872097821 68.1689181799167
68.01541647058886 68.90213392671106
68.44243990514346 68.58375246222226
68.38006906272362 68.62116996436299
68.05036133527796 68.83762684250293
68.54079255825428 68.34674529907915
68.2401865660523 68.67301110159123
