0.8496032165862067 0.18197332915553543
0.4864217895773102 0.6432084954474244
0.6931769333361116 0.46327136730665697
0.05812790780463262 0.9929672878003797
0.7332894469148131 0.4631678183466621
0.38789385051736314 0.7150938598926976
0.6910783405562839 0.48099283446014807
0.13444778885211617 0.9000204731849819
0.6773522385113766 0.516379949052959
0.5723160068383029 0.5564358487487092
0.4455189803283527 0.712932379372225
0.8418161337428604 0.4002534760788632
0.5245149749312311 0.617472795074212
0.25396807300942614 0.8542835052268155
0.8650318787331894 0.16616043083963905
0.4707542046606721 0.6655037404633323
0.6408174646448421 0.5290000404129153
0.08097306900946355 0.9632478485088275
0.7845728428731491 0.41887710654054355
0.9071810368227504 0.06988073196234756
0.8863043381024139 0.09414940987423381
0.21226639006891768 0.8574411005890724
0.2825477146467258 0.8100975806647343
0.12435324250005475 0.9560441525284473
0.9534100094315879 0.004825773286501356
0.8719444700155728 0.09840611164229707
0.8710810518195077 0.10368449335261831
0.4941542370199852 0.6310223070189506
0.15931667703585273 0.8655211589198227
0.680195852516921 0.5090074354026991
0.9194201994586394 0.067813696831024
0.5528635805921687 0.6104236578695823
0.47265609133413566 0.6492144036149089
0.9200482358672366 0.02126122103517958
0.547272235529776 0.6161553089737557
0.07415823687897272 0.9689426580669729
0.5022206675138031 0.6218661361123481
0.8482118062140098 0.3936397536216054
0.45242836735462133 0.698174228399882
0.7352063484804902 0.4522966983652331
0.8675124540856815 0.1529567252225349
0.6107959586997989 0.5559847407955848
0.7973651327732887 0.41669814500763136
0.28637950978543114 0.7179011320141043
0.5568284747931412 0.5674349007906918
0.2575935555363612 0.8427849950859105
0.9455578308573414 0.0049674141292003204
0.7716176848216495 0.44521950981871383
0.4608990476883431 0.6689028753165768
0.9833955446969712 0.0026023237472286853
0.8390699733521032 0.40700901870304274
0.08728294327985597 0.9574187999288071
0.7576926717703676 0.45102182227732923
1.8829601343033593 1.4004222863608522
1.56319506858352 1.9013424772126855
1.97563749287369 1.1593301660776678
1.8319344330055825 1.6686043313169185
1.8842598892770432 1.3807394525792955
1.259622358377055 1.990187173190321
1.534064695022558 1.9279755656456101
1.283427130172952 1.9812402718262745
1.8685480486930963 1.5801040731134415
1.2882324816543331 1.9392235996492857
1.8828652682796594 1.421999401053859
1.7692781756254075 1.7785263794444561
1.7656429374353468 1.8043242383212938
1.9150668032922233 1.1852561295230277
1.762389818084769 1.8993109139566373
1.8875610407972716 1.3567884044680407
1.9772702856743982 1.06634937785305
1.89959580980499 1.223036804861446
1.3716174723079333 1.9328560907125776
1.8574250915350516 1.5940635431956691
1.8755103696903026 1.5254924199640456
1.9238731116473584 1.1658356938908554
1.5614416275018197 1.9234815463186203
1.8780034860548285 1.5231855617028836
1.995476645768138 1.051869707737431
1.9793677863123706 1.060290227458986
1.8218619891911656 1.714796858024843
1.9770512565473248 1.1382658885735508
1.883914565599163 1.385879286301475
1.8971031331486865 1.2441917809830887
1.8082987112825073 1.744064955054388
1.9028012352021024 1.2160387704646782
1.8727712537431271 1.5490710203286953
1.848061423696074 1.6675469140948356
1.4966949154123999 1.9286964938021471
1.8958108753200196 1.2894138769375227
1.8309980503554244 1.6724214782110147
1.0151199084806888 1.9975727890920463
1.802164434316483 1.7499975385418085
1.1950895936596757 1.9927489318278675
1.3666073752792927 1.9347467096116442
1.7928110090151042 1.765118768323203
1.8805087461071524 1.4791541545339189
1.9824184559633888 1.0546698549472278
1.433134041281006 1.930481194788518
1.8709502482229983 1.573526723555568
1.0384711209118473 1.9950717199492831
1.7962531133700321 1.7512390299951088
1.8878619860461137 1.322703613955089
1.3653201305329519 1.937677323283244
1.1472933662576503 1.9938406054647908
1.911459242787929 1.2066999725576026
1.8286607098440277 1.7082785611791214
2.0237795174485336 2.623397767501337
2.1746462358663408 2.424823276509672
2.3022582278637427 2.3395959969329088
2.4786269425087935 2.158817265975163
2.0219970565890164 2.801548904521335
2.8040375604818957 2.078587227259786
2.974073233373297 2.0607468418369184
2.7052610669450328 2.0879359467781873
2.443948028625093 2.203141463143213
2.16482280667062 2.5057308572464727
2.3540317341949692 2.314998058794678
2.6603559505869754 2.089902008542828
2.2930087477518715 2.3486090393532857
2.5842114750911658 2.142860987666324
2.1882194118229794 2.4124561106513385
2.9310731649397805 2.0697955841833204
2.3234489594168233 2.3173987755431877
2.050131770676235 2.6107899461536808
2.271395423177682 2.403221631258129
2.018664494128494 2.9148313463376603
2.404418418635415 2.233128346655484
2.128645557055314 2.583399709935781
2.3945079426082327 2.2676212454525873
2.614234816569434 2.1050409195409454
2.0027372181751644 2.9693358116919724
2.011733080637921 2.9543367868723487
2.283814977147159 2.4030258926278876
2.1431959658984985 2.563474568077826
2.9598254277243057 2.0625603920463633
2.4081426806471495 2.2099263990590057
2.588944305132 2.126475966620619
2.1028472035803643 2.5844403506592912
2.5392526118313317 2.1528260869403524
2.368862729674361 2.295495135699373
2.1668473231374934 2.4765024267935867
2.647554470383719 2.096640829209169
2.726244222685226 2.0798553384451726
2.989419583091567 2.0597828738785156
2.2979697164410564 2.3413502361293856
2.842206697626423 2.07698120929742
2.5566204035261553 2.1519719789110123
2.1451952416231075 2.556513005240771
2.3634178811354003 2.3124518405493104
2.2269882459800208 2.40689607816602
2.0554388305385642 2.590825594325789
2.01993712848663 2.858800868890004
2.594514248154465 2.1080117549907427
2.6452897981628487 2.10234256121894
2.1911594062589406 2.40771704239835
2.9425816062396097 2.068188843713636
2.4036458221900396 2.240174424446207
2.5931060200151275 2.1164152770663036
2.456987446039225 2.170114153975528
3.346470301313255 3.3915162485665977
3.1047991652622873 3.4477044685678235
3.862647612432122 3.288347976881293
3.7991040536347054 3.2930257381159156
3.0715055503786735 3.7849044517873653
3.060213013629971 3.79793042938387
3.9504733257574305 3.237036120672146
3.104453790866632 3.540363076514857
3.5760955931061207 3.313521002181202
3.9829510504648384 3.1340258901916203
3.0984580239890147 3.544783227718747
3.0536793815213596 3.8237995186838507
3.02332950153962 3.8610504053749666
3.5554517060152437 3.322221693561556
3.7419943669017233 3.303638204054365
3.089500362161451 3.5500408106496213
3.0774749245448123 3.7355030019368565
3.247523238430198 3.4308141005797976
3.9898268816027103 3.0721337733252536
3.0101876897813464 3.94618479076439
3.975217919607447 3.1930798342243825
3.975105629596397 3.224175872704309
3.681347806499085 3.3051319670994275
3.386836178077024 3.389418196823483
3.9390426796570708 3.2566318148563296
3.4415722472258894 3.3552865349011856
3.591653811276903 3.308241025910375
3.492494858153438 3.350189871048432
3.9958037836977294 3.0290249841111017
3.5138147143727525 3.343857996987257
3.1062836886819785 3.4407414643117216
3.5449035803773534 3.334079339391148
3.0405855696954998 3.8327949863632895
3.2558650813040355 3.3942655378510933
3.0177944941036894 3.8880905737966627
3.2479428009010176 3.424862743964005
3.4083718154012272 3.364950026717032
3.0540960589468926 3.798776451188293
3.013203203491811 3.917666237291182
3.0152217254467466 3.8893285819356573
3.4798341721565045 3.3540932382032245
3.481949079244293 3.351450845373294
3.154811460738669 3.4383788755847604
3.2388210479345103 3.4353529717880362
3.904109495860284 3.272992946126123
3.9466328207108585 3.2446042798757073
3.5923609326199024 3.306366273184707
3.5057333927392116 3.347300857539447
3.142729508624971 3.4404824070383135
3.2861914808057158 3.3934912956901933
3.981704541610869 3.1747839839993386
3.0891215999835064 3.5550637055038496
3.584838938138737 3.311845882450553
4.9387335965976416 4.2836020223089015
4.001826797636214 4.3313411441463145
4.715703721249954 4.298623713787142
4.225791829269464 4.323009809390535
4.959804977090136 4.007148206158372
4.544968213963463 4.305525981077316
4.942404259852723 4.1073458891796735
4.858802709520607 4.285732162430185
4.949773035307682 4.0723325285958225
4.824710532744975 4.289230520442593
4.5501618688675665 4.302734298508235
4.048284380093873 4.323852107707321
4.32977477022427 4.316682873160037
4.756739607115219 4.291699031363086
4.738747390154058 4.294179257224424
4.9568485238570705 4.010141391167644
4.0000449311665 4.659239279380816
4.994798495618948 4.00015228473001
4.953751845030695 4.038363325705482
4.9423388094940925 4.273221903339278
4.379720555512868 4.316076519744256
4.386305431173014 4.313769292117521
4.0018223514649405 4.65126353796477
4.712710523783731 4.300771404630398
4.017291132765928 4.329009693829011
4.460231592540366 4.309754308553174
4.274027621366155 4.318370000025657
4.207543168746406 4.323547650946956
4.904130667586264 4.2853565771575495
4.935062846879323 4.284854741984602
4.9435854833594135 4.104313470827586
4.661936550779324 4.301325505636243
4.225089892866034 4.3233916674023245
4.588655848532407 4.302270043879252
4.939027644147742 4.2796848834431644
4.956593232451735 4.018072827658699
4.586135499173109 4.302725449570218
4.954691873507208 4.034500824772223
4.235232758026274 4.320553805876895
4.731912032765673 4.295810938193668
4.7984446025683525 4.290064600259878
4.507808656063506 4.309046379893826
4.758591997296993 4.290360336487327
4.006684775369364 4.3303227680901895
4.0440155637471324 4.325442419621088
4.298773152707304 4.318132645267327
4.968480872558372 4.002113582367875
4.8747717715995895 4.285595572565984
4.505597743029622 4.309072056695482
4.019465860511975 4.328979884231526
4.523724129579693 4.307883750945575
4.947095659729167 4.085378603525896
4.676251612630731 4.300913882203171
5.020292332452998 5.292319458311392
5.624203045194251 5.1692525474168525
5.800433916950581 5.15803177800079
5.14925964314342 5.2588066601331676
5.9681629746319045 5.090732996082133
5.774519780703753 5.168162279026423
5.00059620751831 5.718927232621968
5.545604119601943 5.2382786198444355
5.0177150468884335 5.458715119418818
5.000894085454961 5.6497948568265235
5.594089905929565 5.235532920265265
5.502482955123575 5.248943375092736
5.823953595232965 5.11632721028763
5.96857355866145 5.018539486321592
5.023678215146688 5.29007752686708
5.845105809869079 5.113101014202493
5.1275476735198815 5.280247252492045
5.926513607415636 5.102454557903529
5.004812541023267 5.571961791542424
5.507197386311851 5.247182013631569
5.00765633018716 5.471194824449419
5.596088497805702 5.176971385107352
5.802586099176508 5.153598541352007
5.835196993162454 5.113862517603449
5.4889413292792115 5.253952176182539
5.134498230569143 5.272324236049824
5.125006917755246 5.283447584984648
5.532371381210747 5.243413562804131
5.001843458889153 5.594106724546952
5.133097678682541 5.273235441304461
5.227422055493126 5.2540338664108965
5.853805521082825 5.112188026454359
5.10899364638877 5.283805327654558
5.997265756450891 5.017639316366157
5.810065951000896 5.152530444867588
5.498420843712385 5.252397588183347
5.610538065318645 5.169670745166075
5.8109199024732785 5.141156990838723
5.818052074135014 5.123346366933191
5.725018350685621 5.168439426524453
5.144637924576194 5.2650571249297595
5.794848476526439 5.160847446799631
5.791254158108988 5.166716981602973
5.007467096163033 5.513205270859002
5.164414786989369 5.255625709180934
5.128580704936315 5.280183384734396
5.914114081741348 5.102874031336878
5.000098477693028 5.9199592903222475
5.962817153045434 5.101111970727055
5.012650721121238 5.466352204793789
5.998304442803225 5.012856152995299
5.102036600826685 5.286570783676502
5.088510496284599 5.289818204463165
6.332480893298884 6.970594206169268
6.860529063989108 6.483188659818142
6.624820360761143 6.85882124266834
6.907505711142812 6.0047356776816745
6.847581143019096 6.526086201556749
6.6441647187304875 6.788041594467052
6.8307597883962785 6.628114150980254
6.802837162552057 6.650100970951559
6.52178977188208 6.936986438540857
6.891233198774608 6.214348193229103
6.183055334978429 6.987039095172852
6.863581850383453 6.216800281140536
6.651686584535983 6.768630798916418
6.003520383698147 6.9974259621382515
6.709552545304487 6.6544773022075425
6.609102070870386 6.88826377154714
6.545761612529686 6.901585858471084
6.642954645915845 6.838945587915127
6.408070875809767 6.950870999113937
6.285309585228287 6.981180276412173
6.552572464307221 6.899454820137532
6.664596727884114 6.689694488531318
6.846375325905521 6.560104335541595
6.522019437405181 6.90858782262557
6.837315339213051 6.570158461427303
6.860745883263366 6.33129648240915
6.899359739075725 6.012783562602491
6.553162274363752 6.8927026698176475
6.458130967188679 6.946536372914159
6.663427266730957 6.72037229768223
6.370819234339495 6.958131157634167
6.862159527357282 6.302310712204819
6.656549061625203 6.755794331763726
6.809444482896735 6.637305257255434
6.611325837885811 6.874657248122224
6.812775768710458 6.630227251296544
6.9094310508716275 6.001037152613408
6.006307232807296 6.991489627314616
6.786460341213356 6.653894437680006
6.891858493887343 6.163427958261644
6.626032547977865 6.842947911752824
6.407866824165448 6.957094513568078
6.894645593174437 6.083002035088493
6.122140359894316 6.990869548258913
6.879499043239112 6.216171638332417
6.685331451445834 6.656530239846242
6.861608440230273 6.329018471125011
6.6688243784334915 6.672435082556095
6.898447634152298 6.020592435203322
6.1360170753960706 6.990570072408204
6.862309600314146 6.273322982133257
6.368297779863814 6.968017307272541
6.57946461570052 6.889231795777868
7.0744398097570285 7.472469839706992
7.631507091549141 7.337706636261258
7.011124574992631 7.741290629261866
7.354819599255006 7.37233908371012
7.228054652824123 7.40879104735818
7.83250925280953 7.047564150629725
7.002769891103247 7.833224521829624
7.136536006353929 7.417858324821023
7.672487424196087 7.336417380942312
7.758947787726251 7.3311474018261595
7.350925670492667 7.373148000974789
7.335792048454407 7.394856425880049
7.022158065547547 7.694496406662019
7.0322665289886865 7.520088294499015
7.8529978117241415 7.021764940943052
7.035454521229982 7.5073868749567
7.8311727825216755 7.229868020140431
7.476266606759343 7.360610059606736
7.013357370160333 7.70595780437316
7.337876084058772 7.386692767061642
7.960555222775284 7.002689725271494
7.204672213211768 7.41733152944539
7.828272725553007 7.269287264692146
7.062649514845081 7.491908233586627
7.782563868601021 7.320791595520165
7.510247657472953 7.35879638847828
7.841577424824483 7.025541010457028
7.83617602697054 7.0384826443431505
7.2633158863721885 7.4081771470956586
7.437547460085481 7.37009908371449
7.480975749946663 7.359833161726351
7.594962313984021 7.343721477286817
7.726105944495156 7.333957649563203
7.806878524165957 7.292852987814893
7.619117550294475 7.342179869988355
7.091321351461307 7.419149599304188
7.330536802223099 7.4022294289352795
7.010423790613707 7.792272644138627
7.740661418951163 7.333141307604495
7.789391528578557 7.30180555377308
7.002613387375489 7.840733478004285
7.0063899595254595 7.807475772107271
7.029086696241339 7.683692722436598
7.830276976134775 7.237275119133735
7.042842947082873 7.504871793551062
7.008029934504224 7.805301989898754
7.865798560369401 7.021026912808797
7.0020380892295835 7.935590161772389
7.215354593217338 7.411017366807385
7.601607716339862 7.343089777664933
7.287238672554429 7.402882277213954
7.009338998145691 7.803577256594259
7.921514277907708 7.0034951972548205
8.390948865183482 8.477929711503162
8.461142524685918 8.437522147241365
8.11432770232253 8.948885971745362
8.32137119985313 8.505255993530387
8.995183708372036 8.165110449690319
8.618639522563287 8.386368675154525
8.166137199403671 8.63818779263624
8.3701257818912 8.499197773267388
8.105036681392695 8.954565413589355
8.788530637392366 8.193518768644035
8.701199941255496 8.22974103136199
8.159901509157326 8.817417767409601
8.298611436160432 8.62222465903574
8.010313373075634 8.963758479774162
8.131931348558707 8.879630617059554
8.085448793288366 8.959455857204704
8.89183681215933 8.179020716095005
8.65924559144328 8.34491927680311
8.195836581956181 8.62560599429986
8.95952169356851 8.177355565429124
8.654069216870734 8.377335766368821
8.392709633606488 8.476009142544687
8.75411160334316 8.198258173412604
8.560319611808708 8.397838167417635
8.730202949076656 8.2057854861885
8.249401955669656 8.624690030492932
8.676551863786589 8.310588774366554
8.547960361514502 8.404996914617167
8.486015754313321 8.40569900053652
8.648151446253522 8.38454292141699
8.448443128960232 8.443743491549085
8.162567068856136 8.723949899805053
8.472267004034292 8.408723182493684
8.998147648043108 8.134341489879636
8.058976659248387 8.960511173292195
8.71372673140182 8.226086849487649
8.091512119419662 8.955233452200117
8.406432727051813 8.44692824054916
8.677156081265862 8.281819898341878
8.163836068639212 8.702763292395096
8.1186253108367 8.919999703443088
8.132734754782732 8.851680245415752
8.818874074918 8.185603682639329
8.615854198284415 8.38934962378926
8.39052914173118 8.489054806711671
8.455306363212657 8.442779209324273
8.653398551074279 8.380646462348604
8.960564636036011 8.17129506258859
8.879545070486783 8.179497309451623
8.003161876651054 8.989410264738051
8.126541940292753 8.900761030009525
8.015569057809566 8.96179165985514
8.313991314970016 8.604227561521252
9.620616277857922 9.210296791577615
9.35262101550681 9.665596903321468
9.54945615023658 9.316565523697538
9.486596909715924 9.543949774874068
9.462253036105016 9.651581955193087
9.341891577971763 9.829975910801721
9.744327652551403 9.17472564256208
9.926969130960984 9.16420865597202
9.277413205533673 9.884825658021741
9.519939137131367 9.473878283371688
9.232754494164368 9.912084262025123
9.080468777184572 9.99040825071589
9.945288760967127 9.067768915043354
9.985581411218412 9.041962553455985
9.204567010542323 9.955173200215398
9.689426206742416 9.206286310310896
9.209563701047891 9.932324561108777
9.150774836139826 9.97846744657051
9.87145737463719 9.173707015055067
9.101118696570815 9.984630997617323
9.57094249722137 9.264799899993742
9.964077232433233 9.053187157299266
9.49213462899191 9.492950882676418
9.54659603905592 9.386158306138277
9.562517810901655 9.268997467424352
9.138509475020266 9.98397565151558
9.464199564369775 9.614575186214397
9.939349238263924 9.086280954828354
9.999164901112401 9.034612626562387
9.353897926115609 9.66064180929594
9.595502834984462 9.264549729685463
9.47601289129777 9.605431385230316
9.277295939873873 9.905470775683177
9.322229710605717 9.856777558218516
9.726129686684242 9.202753847861068
9.505834797514412 9.491882473326331
9.343058056670563 9.809774477857825
9.63772778436382 9.207914496377343
9.34805337446374 9.68581821523447
9.59778768289363 9.211531093267212
9.479378075209787 9.598392798608101
9.446301422804966 9.653282842028807
9.545475679667312 9.41367705789816
9.515272724531957 9.482871250302061
9.533229917697458 9.415008072828787
9.213576450309578 9.922740946889459
9.201796388119163 9.978044741612264
9.53159307750216 9.470565066182692
9.29022281858668 9.872077252222903
9.727344335322842 9.182044572486364
9.346356608814324 9.786449666481841
9.48935982476018 9.515843644621937
9.949415330303502 9.054293079411844
10.215489279196351 10.951463221703513
10.231505911245167 10.702584811930146
10.511213987743576 10.46444926174465
10.599189930718474 10.21019130343632
10.593480931145644 10.37578178860958
10.446848951700954 10.653951234236276
10.825420713276289 10.195476953999666
10.940933030389234 10.000774745342364
10.836427555087578 10.090234077092303
10.499041475936474 10.473190794405312
10.598750490146715 10.307715332980301
10.465377304641045 10.643616708206538
10.499142690105622 10.472253886037914
10.221192618947695 10.707925284048134
10.073515762507922 10.955171035922977
10.91856913345248 10.026523423633018
10.845883149895624 10.077734803012488
10.21550220708637 10.811680574848493
10.81099668071079 10.20293212853296
10.880804668211395 10.049586693071898
10.324889660911891 10.674872766846088
10.892266639653089 10.045085172276018
10.317561919468604 10.70221081700431
10.523859249645836 10.463160864174652
10.357768950788069 10.668911061196686
10.19670707889647 10.953095886366238
10.476827353691897 10.622124055159826
10.041717813684917 10.991792344762962
10.481079364580937 10.59282529185652
10.584822945146744 10.413448903922912
10.596352838447595 10.322528184007394
10.53383275419276 10.431931948967138
10.532023490834742 10.460418830641748
10.453397781059383 10.650063635155439
10.927054790871594 10.002228735149998
10.463405226135436 10.645693865597922
10.042257961746706 10.960006881787866
10.924458556686155 10.011997609816987
10.82958951851713 10.115927456050166
10.59562156894904 10.36951954206357
10.904687019790215 10.031133127326855
10.675267934029081 10.207506507684418
10.57452664012834 10.429393122735197
10.218468570870083 10.74485173699813
10.492087260661963 10.51324427553537
10.321909226456823 10.696613893254515
10.48130372611916 10.55224719490401
10.37015656649897 10.66731539523539
10.862792392524824 10.052073543969032
10.505245666095554 10.469807077496736
10.827469067718491 10.153286990412019
10.220060097057416 10.723180332085883
10.49131143589788 10.529706409762934
11.539602636961723 11.968585146829362
11.874018202144601 11.425640029502368
11.2750408861743 11.983459137090824
11.891726747084883 11.094018670650282
11.80648790812109 11.773215303890845
11.65287949177413 11.819971851933843
11.876509196991721 11.21755642108492
11.919710471198764 11.093016339373849
11.929854409797294 11.02428619582716
11.606809298320343 11.912400615676725
11.811729740307673 11.539399435447217
11.6339614010008 11.862984597282335
11.927301178987689 11.040555932895375
11.847572687662375 11.527905523390855
11.955682917472062 11.019169068367807
11.687873659097269 11.803066928385434
11.058343200988158 11.992217825575226
11.80987241591955 11.726067703828573
11.710456556819723 11.793706448633332
11.543344856080079 11.951177342841104
11.866834234459803 11.502633563207265
11.653283465708563 11.807904917143416
11.512674203014168 11.980437724250839
11.875892848033676 11.218672408839852
11.555909502936593 11.946247482532337
11.76473275006356 11.777356556721818
11.7536147819704 11.791295594092063
11.153369758978778 11.984594174351647
11.618880773707522 11.894188704371
11.76026385327161 11.789618582979799
11.018164851544554 11.996253569127715
11.88070240792362 11.156530925174044
11.959320418070604 11.014075864297952
11.251703467477114 11.983589012722394
11.697309606591448 11.79523797278593
11.565306406699287 11.936351129147543
11.88564252392539 11.11470188954276
11.03493085043494 11.99402101297105
11.922676675827327 11.081282789554239
11.42640746810792 11.982521840975991
11.927711484723197 11.039625972435692
11.146225285427118 11.986057782386196
11.525254734663848 11.978785608223994
11.690003831658665 11.796519957600726
11.550706035857518 11.946891122195439
11.590147927591113 11.91258426619604
11.145637223802902 11.987343683991297
11.863507533869951 11.507393870653434
11.881413651812771 11.132590407534192
11.578063971555094 11.927825770990486
11.610059433192154 11.90391255347279
11.707211612543858 11.795160278649076
11.87564168013678 11.423142350894292
12.401851672474175 12.875336498833281
12.882637198627268 12.352595350108267
12.98446773507635 12.282807166095532
12.569339663978546 12.538431168485582
12.091770713685182 12.938417039126334
12.412497913667327 12.833763698457771
12.368413441110459 12.906614977287107
12.469084642686012 12.539672692276811
12.799225188966892 12.425347090961079
12.889497321215384 12.345574998961917
12.463710405659977 12.771490838567878
12.444468970162413 12.819468901664795
12.142572607251335 12.930603908181737
12.68493360876669 12.435211039383066
12.989368179964616 12.104941036297962
12.79543133056669 12.42568447426814
12.581533172653524 12.45074945668227
12.825558328230855 12.424087464353258
12.014689818115555 12.98914972941893
12.068581903951412 12.959139829338886
12.33549591419952 12.907223774391483
12.960538563965025 12.303114169982443
12.928004293487305 12.34196654337152
12.33173487909904 12.910677984729952
12.750412608521035 12.430859598057262
12.44935360359405 12.799711388852511
12.958587848778055 12.327723042888167
12.534134371174957 12.539617988984713
12.389337336002361 12.891718661126045
12.988344389839204 12.216029696326357
12.93434069104739 12.340943301829741
12.581406337341276 12.487664642911305
12.31343635595798 12.915927221156105
12.865837677708605 12.390766404760251
12.210831769266093 12.922306695011338
12.573820874466456 12.523282988286164
12.643089430447608 12.439913933488842
12.952668710925069 12.337247695116915
12.969034260771583 12.28902964136914
12.717041300610342 12.431365504012916
12.047052256629092 12.961905944934152
12.042954956811144 12.983709119651571
12.612891969316797 12.441641862891931
12.17351133846407 12.9305034434464
12.996359980814358 12.078239328469726
12.046674914246253 12.967828179560705
12.082054272256553 12.938595344713065
12.848134333135619 12.39116886306949
12.413697107891574 12.828624009119073
12.464993111911326 12.55767046217423
12.99380294971347 12.09311735963698
12.996773410433757 12.072820105693031
12.408344998274346 12.866820240203607
13.883794869974356 13.885871307112867
13.49065067326062 13.997163544261287
13.987325921406363 13.19710704453226
13.555556698761954 13.988869562807595
13.83591784889483 13.917703212134652
13.89003879749587 13.372285926991236
13.932877643877989 13.302908839709872
13.581173833116022 13.981322488050042
13.742102635144596 13.928350748647892
13.970575229180373 13.23012087347942
13.889960703202988 13.654719326389467
13.72243442381985 13.977970407115576
13.919881873158362 13.340675590105706
13.844794410414366 13.911314177901254
13.93785168550603 13.24016787222985
13.952046640605596 13.237543651161339
13.734471063025111 13.933465912969544
13.993122743284777 13.019487936174137
13.51376580022483 13.99356291878053
13.846008199364178 13.898087657753992
13.8145968037243 13.921728847576476
13.291999736422321 13.998308587126074
13.988269457369105 13.148251778072769
13.625002660502634 13.98018678548776
13.025028315062706 13.998854226926271
13.991473399431786 13.024505683062179
13.932023564933838 13.339051243524128
13.798085773120496 13.924089266083966
13.885661330548546 13.799144084814532
13.884153728730062 13.846371201204173
13.977676914767983 13.23000208083742
13.53459050781767 13.991500146854952
13.90193342334011 13.344844616565451
13.889330881249975 13.770443844378143
13.57571320097481 13.981968911266655
13.509291108197187 13.996932685159338
13.957151205318116 13.233631997884029
13.93528454163292 13.274477328456333
13.05918751493671 13.998495090349044
13.891104823891196 13.370137240047628
13.935841760520265 13.246283062124082
13.989068997701452 13.072708580190733
13.884786898434324 13.823411768890486
13.99077227973801 13.055358476871408
13.863736567539885 13.893455596361825
13.512305696614813 13.996916423255094
13.742906862105684 13.926624791215232
13.888721594875687 13.785190849599214
13.988067356337234 13.197059007210251
13.982895645738129 13.199039596566331
13.637631271297018 13.979238969699978
13.733776418978755 13.972172831281023
13.292451025183475 13.997225875250097
14.657513512750812 14.455670980794958
14.950173260312653 14.096502483984981
14.776340873963985 14.206166827768495
14.104986450155543 14.629496993343036
14.309291280112852 14.574483184549411
14.734190096706111 14.3023080050481
14.445348768505017 14.57301545157539
14.869263990601013 14.155935628206185
14.510823408725594 14.490600136315019
14.079134593418972 14.737112711065627
14.670178411166534 14.42854473376286
14.473366730012287 14.533387522224798
14.92045065003305 14.125334989039349
14.739433318332116 14.25026871694869
14.71325334904809 14.32080248356821
14.004930596617239 14.863954463853734
14.137828534313634 14.575889046035332
14.04543966998989 14.800400001266746
14.520847572066042 14.47094946072681
14.764026551612309 14.232220386628066
14.874782815093726 14.152216926880282
14.9912233244632 14.025813349294888
14.67430657959751 14.36760747453643
14.964320174792899 14.066963535716091
14.117635426436554 14.622550820087794
14.039991388205635 14.821216065547018
14.454731473509202 14.559900376781385
14.5956582754665 14.458812970170113
14.018312838736719 14.822231636279183
14.806520563512239 14.175794398852052
14.883141438404376 14.140372778643123
14.991357994241866 14.017803609027863
14.09830780106088 14.687209515266863
14.70945071404152 14.347422376985701
14.899031091713008 14.127406778125213
14.923518313345623 14.122708111083837
14.967454512470935 14.053760251188972
14.08342306901082 14.701557261518271
14.126208066823406 14.594306909396018
14.725237808123508 14.30772300966297
14.99206824815166 14.005023104648458
14.85471753747553 14.174669416064546
14.546335357860428 14.459419505745393
14.077017896150553 14.75963401870998
14.457721603311146 14.541165275473436
14.003321290661654 14.90103089896834
14.071556103693911 14.767576194787589
14.719054685355616 14.309298261130003
14.71098090574472 14.338497082398614
14.808398464926928 14.175176811093921
14.987080349238393 14.044375783387958
14.80132534991469 14.183269367086268
14.764159669433882 14.231583400006144
15.264697592500982 15.726241946856465
15.951347830061533 15.711989914503928
15.01955333615356 15.992708857853648
15.212715347448077 15.910694694885219
15.978218263333869 15.150459645285787
15.080996320738693 15.955952491887828
15.973188006008845 15.531995704274102
15.620999526717222 15.715486097582318
15.414996132360766 15.724958036317815
15.254568610514301 15.885069322533873
15.262918959848083 15.762252293601396
15.95405823193862 15.622978339443272
15.999931720403731 15.114623693305278
15.571305482704908 15.724912582883285
15.09370695092076 15.93482201387524
15.257844973733418 15.851960974430469
15.087307801862536 15.942876840765352
15.053312937144758 15.978829293994703
15.974074962364334 15.50595932246707
15.95655584215158 15.576258297541628
15.216507557697888 15.88522997931985
15.978229570099304 15.137416428220595
15.174524270212807 15.928258562199877
15.966665470484969 15.542113625889167
15.731408029281063 15.71513078613605
15.07292042581614 15.971659126483972
15.170575853486037 15.929008445679406
15.976249149290103 15.352691655110993
15.076304580319333 15.970551922806791
15.952409243544786 15.700880107469613
15.736058757262795 15.715051519994475
15.97586724392678 15.363900406751505
15.194722785578032 15.921556716854502
15.953628184285852 15.644768994726057
15.955442702608787 15.588381040094351
15.084047321984457 15.948039542640316
15.985217681836291 15.129361883944531
15.963526336009641 15.55514572222016
15.079080487876535 15.96222151739245
15.207438048938487 15.915524524810717
15.874514881646578 15.714223683507097
15.974132626724183 15.405609443767231
15.254070379643181 15.885145894858795
15.976912695546526 15.300063318863387
15.023802998748595 15.984112105210857
15.859846003442376 15.714670616005407
15.260608675770687 15.778938318073948
15.190869625030825 15.92697378183693
15.978067772369211 15.152212598080723
15.952954691120423 15.65649776888516
15.5843032330748 15.723672963418242
15.967226127880322 15.534976685178659
15.093473882612516 15.93885753956357
16.75938441248096 16.226463976101325
16.372865772751993 16.95827822884208
16.43052614126757 16.349653464421642
16.395091723260382 16.599732433901266
16.575081479807395 16.316248101845083
16.62013892517116 16.286965852048038
16.868723969387645 16.067167014919967
16.407667930967087 16.427728494989275
16.40642948700768 16.589323047370275
16.384981542245725 16.696862901164604
16.80883973496258 16.097600582663567
16.69906105913348 16.27861929312883
16.094598958353952 16.99077926904381
16.76893705459675 16.170067108347208
16.390135694497413 16.671381935898715
16.740288992579075 16.254955409334237
16.103904761453325 16.974243567804105
16.429829463045284 16.41292382654355
16.8959922813361 16.056225432142185
16.985033071715684 16.030885748577553
16.067292304318194 16.999064208760828
16.77465604089622 16.125472219041065
16.441807802447972 16.339471463077906
16.3744365690847 16.72034191782258
16.271131054664508 16.965032115866887
16.71493109277445 16.27832746899008
16.483391923763072 16.337459275249117
16.679974537043865 16.282521694295145
16.27205129159034 16.963107511775995
16.546539949719758 16.3346469565566
16.811818570439335 16.091539042191386
16.563761887031372 16.331118406768276
16.865431107389522 16.078480358574954
16.377864555811172 16.710114654398385
16.80835403254072 16.102620365741906
16.602691292973255 16.296110567516347
16.959646914066933 16.054185562249092
16.698667486793557 16.281766796066748
16.593852906376156 16.297878228422285
16.875812652453995 16.057868095848487
16.78375265595711 16.106500199278983
16.997286640406273 16.01979665215284
16.406504058280806 16.429117047286763
16.158142556323256 16.96630835772715
16.7725750438855 16.158020711592524
16.412360705764534 16.420604599723617
16.96467080409668 16.04729617609636
16.827932121312905 16.08647437388142
16.856658435331745 16.08389127854809
16.406483694874954 16.53201527208986
16.735193790778244 16.256053872030336
16.317857375964895 16.958786951055725
16.47524159974336 16.339300875387572
17.01060977340248 17.55542322242916
17.78764269716459 17.17981867091061
17.54903402701361 17.2476424440837
17.683057048845843 17.243442890746874
17.327864842941235 17.267642355225096
17.034929798908998 17.347726292573597
17.922994701783512 17.00709798156633
17.289961979797493 17.29830920686747
17.013340413415055 17.384748299775147
17.818702145280113 17.12556368763755
17.849018426676395 17.032767924767505
17.829283399921163 17.0477182926983
17.051639938629258 17.30635416630786
17.0024232143509 17.95010037155619
17.42287059827012 17.26279638380105
17.324972875932186 17.291822056922204
17.019404709871576 17.382601969377504
17.002751297704517 17.844029460189482
17.02608239171055 17.37441574946493
17.81074682249305 17.135917874857505
17.002838842430815 17.619738975384497
17.496579214882846 17.260323087532306
17.00489534021788 17.588071817667615
17.176728744714023 17.30510402552202
17.77019124301834 17.19637034984641
17.900613041424524 17.021837709842355
17.286032795689668 17.299981842142536
17.047513688320887 17.311820484062086
17.596998609308454 17.24724269718706
17.47089837463445 17.261231178989018
17.278337152075498 17.30302954634458
17.89971822849695 17.022807843352552
17.37243025495866 17.266817680232116
17.746563727869535 17.219506824740094
17.39041576002178 17.263750955249527
17.784360064521902 17.19017317345509
17.03873516221351 17.32661521682582
17.104330796328917 17.305976088373587
17.806545375595412 17.144631824647963
17.2961833602902 17.298101002252697
17.011658725388074 17.448630420700294
17.879960125054826 17.02341586519721
17.786934090318347 17.1834811323513
17.302666014874987 17.294735422822907
17.725428965874112 17.226281432868074
17.77703470145971 17.19073895574341
17.846119008977603 17.046741516180262
17.43844750986306 17.261416727168232
17.825410675615682 17.07482016849753
17.689285338953226 17.234998600098287
17.274229083432257 17.30481341353154
17.117368171679185 17.30526383557485
17.525352519045164 17.25009621750176
18.714469473077937 18.322191411017222
18.398267341650143 18.75476381752199
18.16497032990024 18.876473120415568
18.589776240075057 18.638000231756724
18.837911450639805 18.22474764821923
18.936278006378622 18.11662621872146
18.895575321633718 18.16265978652075
18.680929357718085 18.47208193287512
18.65374999015982 18.56311420734747
18.663614474569062 18.504403816184503
18.951521719544747 18.096631992039555
18.70855547247359 18.337792283830012
18.277274944042503 18.824853156005467
18.339927553955665 18.819326515441414
18.705561391829196 18.41086922390023
18.437688854467368 18.68986562180014
18.064990434680272 18.97245338464915
18.775295190359472 18.315981926119683
18.964277613169667 18.00707326971919
18.48994610169637 18.658233122724592
18.03791896195307 18.998584553203916
18.008307075726332 18.99953464362849
18.412477710466383 18.748106037406835
18.336196249493053 18.821944626899082
18.342903279764933 18.778509357326914
18.152297899853675 18.91227990841217
18.833518003176152 18.26189958334664
18.59871845953288 18.590654610583154
18.482382931532364 18.65891725624588
18.234258057664423 18.831965272058206
18.2091645580618 18.846273196739794
18.098056451386206 18.938512133784485
18.9778276174938 18.00224873061509
18.599346335967542 18.585962152295544
18.79722069773415 18.279935694385674
18.899976364319492 18.13114498204945
18.141948569705907 18.93034925672167
18.875986073697316 18.183634581539312
18.89575079967819 18.14504321954911
18.092396324788794 18.940579737445297
18.791683987701628 18.286125814072193
18.874924476882306 18.190033659317482
18.835625378923087 18.25077003698642
18.689320203550288 18.44710529119623
18.83966299948608 18.220121874207013
18.96174495068799 18.049025968743017
18.585769715980785 18.642798938856156
18.195097705031017 18.872730209954
18.728820641486813 18.31745020951097
18.929081829907776 18.119024599641484
18.480327398267328 18.667366782390815
18.4740964628023 18.669055597918
18.203930104954726 18.868220748718198
19.117240497217193 19.06970364991777
19.20833330933579 19.059931860314162
19.072336306262343 19.256322517606506
19.045060459226484 19.397557437972214
19.464223204135127 19.04307339497014
19.00141737076818 19.56588078325799
19.83400817618356 19.0034837616756
19.021744865822583 19.417699588754544
19.771731516661077 19.038921221543198
19.928423175105216 19.00291263319304
19.0600929085372 19.276912791299036
19.179499386797506 19.064034448688766
19.816504577141973 19.021582714110583
19.00553449263023 19.497778977904773
19.093441707599318 19.151153679186464
19.806111844646068 19.035594598644415
19.01327454842409 19.421478054026966
19.166542474897124 19.068449174832132
19.22010332571684 19.047399668249007
19.641953323045087 19.042418815748707
19.083790093242783 19.19287363806902
19.010650995357615 19.461574576299125
19.0018362947295 19.559691207187583
19.053669624249785 19.358274032077944
19.000607646903788 19.67453299220807
19.07325903097467 19.23140956839203
19.012439992196903 19.445370150793046
19.274428204731624 19.046144027962534
19.080765145680164 19.216265482492037
19.11400949632813 19.091991922687853
19.096167920526547 19.126404856737366
19.113438768407462 19.12256774921556
19.048640647674937 19.382656401731598
19.067898309687894 19.26285807884672
19.069597023511566 19.259178771689
19.00022424268006 19.87354915104422
19.078052708482183 19.223621676886943
19.337359837332386 19.045389301140794
19.779143885682032 19.03853475487087
19.045040484416614 19.414656231772273
19.809296702412308 19.02971223064648
19.994698302872596 19.000890231908993
19.052439797972486 19.364317449927825
19.090841288129496 19.15829091503622
19.75390653117743 19.04094108935966
19.21814017709681 19.05033524224143
19.05924044965257 19.29797348396994
19.072392558915496 19.254105264020087
19.82060522507399 19.005515023955567
19.430897301645807 19.04464176840572
19.079315379595904 19.22259682377968
19.820326427366624 19.012446932933845
19.00050058633414 19.805260147710104
20.47976885075271 20.547634126341965
20.282090535601828 20.915981699212402
20.701675222773574 20.12475899175463
20.649336555365608 20.449616594630598
20.811745740261077 20.030551952475047
20.719929187015556 20.12175518580427
20.29366244511074 20.889864465694185
20.653691077077994 20.349339609032544
20.41982443456062 20.569488172066226
20.639191359725956 20.540619092761133
20.661184212895815 20.160069200453435
20.95780896307249 20.00479799032129
20.33244353962025 20.643227212150386
20.316169364466266 20.767021707955898
20.39574114181447 20.61582224397217
20.75250779882304 20.05666947955704
20.511220715444633 20.546315797378792
20.32360099725947 20.747359654872024
20.200467597514457 20.926983532452677
20.02450533377995 20.969957730258315
20.893317476601666 20.005777993044628
20.282465386896966 20.899864271299958
20.4765067407112 20.5665889404121
20.651123730866924 20.406387805566713
20.32455204919914 20.64805038280297
20.302393733123434 20.77862534183835
20.66547185921959 20.149145537063223
20.65802069374937 20.33307183927848
20.369630086040328 20.622379758913933
20.056651937281607 20.933006366790156
20.735344855237265 20.08721467853813
20.652260721074793 20.405955322669747
20.339931849974434 20.630324727842233
20.763073340799878 20.043163565338208
20.27273446058616 20.920410859876416
20.3200303844701 20.755599438592327
20.77539573030258 20.031769224396914
20.010627915832004 20.997869145919555
20.407526843170437 20.570509631313534
20.72295934440468 20.10687288063694
20.323912003461842 20.674123968328175
20.574633149904486 20.5414208575519
20.33264080287708 20.637195956319264
20.745087697798077 20.08140313915814
20.20275037832161 20.92343553636495
20.294318188691115 20.879267310064517
20.361767445417176 20.626665365964804
20.300462707214432 20.839708393039388
20.648769790810764 20.504184747726413
20.779069832832775 20.03131170931441
20.688163748395684 20.145954718525694
20.131449301956398 20.927542731230712
20.04196890231937 20.954128656759103
21.817368720749432 21.50404923129498
21.029259403003763 21.779263691820617
21.38733327466483 21.701553296563002
21.40139778643402 21.687448001474504
21.81739997361739 21.49363615561042
21.57953594028434 21.533133929068768
21.977754985558665 21.12989924366452
21.965406932111918 21.485281638071882
21.02775083613024 21.80657620098168
21.159177937070517 21.70691015852295
21.454617990102598 21.61841521017012
21.475301800742756 21.562221863001582
21.09490523660436 21.7154445541162
21.97487153346776 21.346233166631446
21.97384814641946 21.47114227549946
21.262437737669206 21.70295854185589
21.998095302690153 21.10272356287409
21.578977432701773 21.54134607288652
21.439585151189338 21.650987784920435
21.670624622076964 21.508905130759306
21.019939567868285 21.868365492158716
21.607837632640035 21.52964483175443
21.00763542191735 21.872930362686013
21.961376931354522 21.493323926961367
21.0571606652081 21.736747690498966
21.446901907334084 21.629562755836233
21.03451261227232 21.743075939777793
21.006909053420745 21.979049087048853
21.402758932136408 21.68669297266935
21.084762276752944 21.73046639030407
21.068289235537232 21.732198598527166
21.6534107169581 21.517444064260747
21.523941179279845 21.555347325430514
21.41517779595028 21.667312294135023
21.407558620073473 21.679741457224704
21.988454685119557 21.12392610542431
21.458116723984624 21.61533117221995
21.467962031732746 21.578725400634397
21.649365361756583 21.52209451994708
21.78820268672869 21.50723293490072
21.46515220023298 21.583104246093463
21.341273519179524 21.702817680179724
21.443412333761945 21.644291557325058
21.51411975319968 21.557460452918605
21.976240570447892 21.29960460389361
21.513683542488817 21.559761240917886
21.41395807990511 21.677313660454757
21.250923593930537 21.70406811799903
21.441638926907054 21.649744532400895
21.203950876869236 21.704676500487782
21.358874318563604 21.702565509844106
21.127866225674737 21.710094032671872
21.020228434243748 21.850550974579306
22.70922851007291 22.89573964510478
22.86553351658014 22.771513705075236
22.93278131325427 22.318539452538243
22.921081223995728 22.605209467525803
22.47524722542896 22.98083853883659
22.594198917539085 22.967346308022243
22.97902389170245 22.25321766846232
22.02952943123105 22.986786098062428
22.76783394232073 22.89423807007703
22.067307498778508 22.98405244835476
22.69628699446006 22.904757080055578
22.88752275985569 22.762658165042296
22.835125024104208 22.858559128780527
22.035719989543967 22.98487558373448
22.899814630519742 22.63684232383827
22.612236189338635 22.957729522034438
22.995958776425773 22.153271857881748
22.972513084799626 22.25484550993687
22.838030913593272 22.82177835762302
22.467570756404147 22.98094924501993
22.00317678674361 22.98837983069236
22.945362242755458 22.297768322201094
22.932408146404462 22.55236316332561
22.771304029502904 22.886982314757482
22.43234002577157 22.98169169908294
22.642679696350818 22.907291432419637
22.80938005746706 22.865945152130774
22.75006440807139 22.895718614917136
22.892183147196718 22.7597345237246
22.893619311360187 22.65476180162396
22.932663246913798 22.370060696273608
22.99619219104567 22.073497506354784
22.62994936938647 22.936379302890014
22.840360162766174 22.788377607639184
22.19274741929668 22.983771565395163
22.942745581915364 22.300689620721354
22.979751853483343 22.194742063687762
22.581270650514416 22.970043875643622
22.217963365480912 22.982519858831026
22.922621047225032 22.59074478170308
22.610974723024196 22.96081527691527
22.646464495556835 22.905799112322352
22.625552513472062 22.93903459967265
22.213523073288265 22.98349934370075
22.999248914970398 22.013979122987426
22.798497474762293 22.876081404802445
22.982843695495156 22.15607347444422
22.571427579708857 22.971181259714367
22.63768383149549 22.918679326089123
22.966553024783174 22.26581301089674
22.509825708206325 22.97544868803483
22.913161092041832 22.608233382737488
22.011467951677616 22.987584128661485
23.323907909439015 23.61598050330183
23.827388659677595 23.360173114970923
23.796258967587953 23.516501883818556
23.23277994810146 23.663690631209153
23.541082567555485 23.54431682693223
23.21956425289013 23.79038305917746
23.869556720388648 23.16234666624713
23.107835463904106 23.81995722491752
23.087097636357182 23.847439287799148
23.92583768984031 23.109773548770924
23.02250459828354 23.88819416816437
23.449055544002146 23.559883220840852
23.392758395840207 23.565531751763924
23.248779116839295 23.65074943850378
23.337762310742335 23.577610458540914
23.259382608107718 23.639439791877734
23.81963568347261 23.43679271501683
23.86267200264895 23.321201751651955
23.99093462182948 23.028978789010203
23.140989021935265 23.798705695661795
23.22629684348205 23.743382396202875
23.940497126887042 23.034222155378842
23.514171222804386 23.55628549658009
23.8125935319715 23.511092520809235
23.873621728442462 23.158504318203498
23.020363730373436 23.93253825732078
23.18519801834658 23.79277531345455
23.844295588050063 23.326693632415587
23.028235786754294 23.853614550859618
23.131446785687093 23.812822411661934
23.313654350216673 23.61951771489556
23.176786911811863 23.795430159796066
23.866284209240703 23.176817906723436
23.094927200441767 23.84466923638094
23.00977882160769 23.9623604605239
23.712338245726524 23.538537842821334
23.86340562794062 23.20382428669846
23.15779256198136 23.797188310099237
23.816701012942566 23.49366410427509
23.914367879253902 23.124841952225882
23.265422942190927 23.620306129956706
23.83354732740601 23.328046760618175
23.997810977230667 23.018790855940633
23.987290777880496 23.0304797077325
23.71400204254755 23.51675221189367
23.335723033380784 23.580012595841307
23.898971796343115 23.132961712243905
23.68669236696633 23.54165068153433
23.22380320785531 23.781662631614385
23.00890932566905 23.965980194060563
23.040317024379192 23.84879789745863
23.39172985812681 23.571172716285044
23.50283968686403 23.558521231351097
24.758511563932327 24.28718890103301
24.473084966247097 24.793521163927583
24.145928925534612 24.935692060457388
24.47419649368133 24.436853975699037
24.630457308629715 24.39937435577209
24.864751634127924 24.015088736963794
24.618366652884763 24.42455546840777
24.633498615163816 24.326812912566442
24.881472599317654 24.0094318719772
24.063121242081365 24.99119234283508
24.812828137320015 24.03812189201418
24.19430482889581 24.9315265862721
24.25273549069482 24.89192772274483
24.92833192139624 24.000791451986807
24.294266462937458 24.845815851178507
24.6575308846255 24.314128470478956
24.712098985041216 24.297951856492002
24.288818569644324 24.87232188125322
24.331392458484007 24.814676873275324
24.124485343817856 24.967762218455693
24.79572696613126 24.129746272057304
24.79156848881788 24.144367090303888
24.763306845570952 24.263823291283558
24.76598476135 24.23035023538793
24.246549932428927 24.893764912450116
24.50119643310625 24.43341996176343
24.80239443912246 24.038485457557567
24.43466376985678 24.809977765116177
24.584052939567524 24.427057955034968
24.246429449769565 24.912826072656426
24.75429500628199 24.29098745346294
24.768570085189175 24.184759945256605
24.470274635178715 24.802274836421155
24.096685502444775 24.969884828526215
24.76262278235729 24.26642910065868
24.56715426202046 24.432806429616395
24.764376171986193 24.23912832778468
24.69543957960104 24.311769029781292
24.902462199999217 24.00755592557788
24.114425963227674 24.96836810295164
24.874204008938346 24.01211266355718
24.261189107658726 24.881998271168403
24.028316727198987 24.993018580894432
24.850328546644416 24.02034842336674
24.789756094403 24.163293315930748
24.09029625704941 24.982285899357738
24.143478846231293 24.936746605637634
24.13613096881391 24.958375102909713
24.322757741810136 24.82270503876111
24.570367578977866 24.432531387903232
24.919299560812533 24.003914774204706
24.218021496512623 24.91380977928017
25.611212595154083 25.160163904458113
25.116285975349133 25.445104382933
25.104705532280857 25.874394390837367
25.847921043923005 25.005978426419574
25.54406524921932 25.21089541388742
25.029445829812293 25.998181902266058
25.320357011053648 25.250067550096144
25.34679153280764 25.213723892823698
25.662124359810644 25.026049856397446
25.07937333625827 25.97471918928879
25.213183965572522 25.276046708275253
25.154582787284593 25.38784972720548
25.199791541319478 25.362832689910356
25.636147609160275 25.050797965623985
25.245255701951002 25.265762997670674
25.77722659348621 25.01290325475209
25.30012980826627 25.262017189932727
25.633638477566258 25.15556007696384
25.10508029313183 25.743499278227056
25.336689903339558 25.235333943391765
25.264789732863353 25.26404054024233
25.108740125739104 25.720512702080836
25.12324820089488 25.392999401905264
25.210459253131315 25.332247435041683
25.0370474800308 25.98587262480353
25.548416523595417 25.1714646550595
25.998270061573958 25.002899443491305
25.09707914797682 25.967899494206755
25.164269321523314 25.386898254274524
25.36240714827971 25.212441620499128
25.10213864278986 25.96251922627838
25.636094348363088 25.057797474113713
25.649846575326798 25.033913925712074
25.039745365405956 25.977341709312217
25.185366829158195 25.368969105412265
25.58935360807781 25.166467906036043
25.330051099098604 25.24087575511503
25.22997836581495 25.273754535636208
25.10917579863597 25.447309981869576
25.10196269508086 25.967162561585525
25.11943453883326 25.44380242654797
25.035485275650384 25.99314493211404
25.91147006706248 25.00368630426246
25.852605792812586 25.005652157314366
25.491944062868196 25.212154504711936
25.21051566214559 25.304286846278295
25.773011401187695 25.01845942774655
25.200385535869756 25.36175415727214
25.542406726191892 25.211280184068674
25.10897534734142 25.56269495267307
25.548882619341086 25.167236243433805
25.300689431910804 25.259264884675574
26.043423166577696 26.543005021638116
26.595567863563108 26.15890034646264
26.21782743558869 26.224035620623358
26.062478553634307 26.457066962740317
26.430362853385397 26.20572721973226
26.958945280072836 26.13731825337496
26.015129166490762 26.873643616911494
26.720779361399757 26.152208138246152
26.093219593622177 26.45576149945471
26.138383446633792 26.301997505017393
26.040582757504094 26.747314096096243
26.739900257628744 26.139228074969452
26.162554073606785 26.24438371339451
26.26751878776058 26.220831999351994
26.158537200530983 26.280587907014883
26.579878275835092 26.202930399787373
26.996469794353406 26.060799792058546
26.136937117126013 26.32031996123289
26.018038936247933 26.818454821478397
26.010690990349726 26.946073349051055
26.11920798169121 26.42348243203613
26.31426459851995 26.205775267767454
26.05546631196127 26.531614156890278
26.032472946061816 26.802754350570208
26.04181397651574 26.688378953220006
26.969996240142706 26.091140761099766
26.71565407073538 26.155328449145973
26.049124242029507 26.53294433159848
26.041071254767434 26.693602991436737
26.59039124898945 26.16187289687042
26.19102087416634 26.226037150354433
26.189204272161906 26.23461014096362
26.03808259816635 26.76605512629825
26.15205009559938 26.301722070655682
26.126034612527086 26.326029716356526
26.000489291011657 26.97583335870941
26.982709665757433 26.090404433783064
26.15613479603268 26.280640497635286
26.10112125225359 26.437499267114738
26.18806154375107 26.243803828726808
26.119703049352644 26.36152271179984
26.0369455228044 26.80272575848919
26.013298118430317 26.931004829336345
26.961409923606976 26.129380346129235
26.001522408547352 26.968328847420338
26.984227094910782 26.086021724713802
26.281647984560273 26.214555818226852
26.984600307581715 26.062064447455757
26.025384248737158 26.812661983959764
26.536317987788774 26.205710081384552
26.122949493521023 26.359784016313522
26.308803914805573 26.21196036449334
27.96660795446749 27.670687353885423
27.69545966436644 27.83795391484887
27.993710202794496 27.072394395392138
27.017238737016115 27.89712826119224
27.275654946420566 27.88558257476874
27.837439778726637 27.80639497524932
27.496047725440402 27.87638243166561
27.82169445170514 27.809042599146736
27.905777823595468 27.746310714046025
27.93008182611412 27.699815388846254
27.0258015691403 27.889101744338653
27.977222907228914 27.401805204623923
27.651986262194637 27.856770488001597
27.97537609638135 27.639898520832006
27.667555304078338 27.85222271062199
27.979519964798037 27.112224916117587
27.888728084314444 27.793795075902647
27.412309002554355 27.88132953284446
27.705695998081286 27.825021334224257
27.871049628058323 27.801829109927628
27.973619481617188 27.650096316782086
27.25306364448177 27.887978713795697
27.905776113987528 27.767787014123517
27.978906920631886 27.115828962251484
27.412125670256138 27.88315269661259
27.92295390356959 27.70339089175953
27.514708762826615 27.86546683674035
27.00646269690454 27.897416453858963
27.730282184011827 27.817992735051558
27.962202993711223 27.689184587119808
27.91058796037596 27.70395077680884
27.227558442479843 27.88887109481203
27.978042039467372 27.116492281500427
27.79558069931728 27.810310604802083
27.710264232542244 27.81835356898465
27.002385338912664 27.943356654373915
27.680532887223265 27.83886990778573
27.976900982261416 27.58593218531712
27.489260493917538 27.877074209209
27.896885307591678 27.78695893943425
27.46912907044069 27.877364136712902
27.977295006753167 27.307679782468117
27.979957111496365 27.10951503631938
27.51096283583962 27.871179886353765
27.644208313711317 27.859607802916656
27.902172124114294 27.770619991460812
27.350810563100627 27.885493039426873
27.791636996636782 27.815840960700076
27.969732939121105 27.661833499283517
27.626687985710713 27.864894431809965
27.99637051276747 27.022151007467325
27.867191337613264 27.80489514122409
28.66196582509541 28.33998609146206
28.45377122653677 28.895381871857264
28.99597067425247 28.157701955119204
28.516179930829928 28.756598346595773
28.495386338309753 28.76473405573713
28.420768507782263 28.97066126139797
28.66988057405892 28.317137686560546
28.54647172065429 28.741696362590673
28.569128885817154 28.435333403936955
28.922854193561225 28.17821843840064
28.681488199166193 28.281980067264758
28.618473109737366 28.363841936912337
28.55167554674706 28.677519482978063
28.643372585445604 28.348542213541098
28.44175423777637 28.94093721829286
28.879650901454756 28.196235963823415
28.120833491715235 28.973537467358664
28.79173220579924 28.239021951415072
28.53633182613785 28.746607016861667
28.01717023088333 28.998372500954176
28.057363069097416 28.98212689488411
28.464195136611096 28.780963995401105
28.5609740906632 28.49131363653152
28.89983681256606 28.178594344526765
28.548187651370455 28.718689424578333
28.93368079127514 28.162566064924206
28.60698993620458 28.389166792270892
28.568244700020713 28.47884753580563
28.575320286197606 28.39927152855575
28.77389517904454 28.270256227293462
28.25319743218692 28.971904584006964
28.83649924744043 28.20058526039233
28.56891077780005 28.470413885385348
28.46188137843669 28.808261281623395
28.97730554588747 28.15908447840658
28.83637958786479 28.217048616296267
28.55340893022911 28.518290772352177
28.699066500422234 28.275861931227492
28.790723434539238 28.268413121315746
28.797596470803082 28.223898904086774
28.452695245491007 28.901262910946294
28.50388989719347 28.759664396870683
28.57356784805644 28.42174610154821
28.923426608278305 28.17583405296953
28.479926315483894 28.780180361723257
28.44943949707734 28.93116434550466
28.505517249695437 28.759341176485552
28.456090376100555 28.831758980321737
28.58944261730026 28.394253099597073
28.868925581916454 28.198039726915095
28.697177200344647 28.27840000098051
28.450896011445273 28.915848098348775
29.172397464230983 29.15916556863856
29.14777965367065 29.87113223130272
29.481348135744785 29.088592046992126
29.164492951786478 29.306831771941788
29.592908953931925 29.01858020991672
29.00248675684849 29.89759780085075
29.330672719625216 29.139270511422225
29.145358575792457 29.897412388373304
29.151450407014284 29.740923989289822
29.15630032207138 29.490369030573433
29.42399856117482 29.098218459303407
29.555341183470144 29.022014471028665
29.417848765251406 29.121359558686958
29.39343817624796 29.137914656135234
29.492784749897744 29.075248204415956
29.00062844691446 29.956234855169743
29.497301578874794 29.067024355875205
29.954975708907753 29.01010432886252
29.96695623197548 29.002261826351383
29.15369457421837 29.54187127643206
29.537954638165637 29.040372733074886
29.75535097843739 29.016524018966887
29.151972293845656 29.699582741057046
29.31331381336584 29.157770043242895
29.421633384281787 29.11925583598359
29.937971958013783 29.013802511970965
29.407748647572443 29.132391099914944
29.158643025191154 29.46088155979163
29.85691199965292 29.01616348815986
29.170840501256237 29.207669965141033
29.528603120608196 29.056715193571574
29.16773635397232 29.281186361639406
29.350774516602396 29.13900895287323
29.169001100488497 29.212094809276774
29.15346707721358 29.58361256068005
29.167232985863762 29.305578370308098
29.15957036955962 29.417829905514843
29.39997250094182 29.132784965407073
29.591249044173306 29.02128457111082
29.161235644420188 29.38814679161122
29.248062419421238 29.158453215141623
29.483659603099337 29.0846404259608
29.147839145950456 29.745078016318526
29.457787634853517 29.09772557618235
29.554810673180913 29.024934110392675
29.500298874837554 29.058382310390908
29.531562968272645 29.05501667450378
29.974582615854963 29.00169261686597
29.529564932643606 29.055264132841096
29.95803273231197 29.003259204394293
29.15348660458207 29.569428936638957
29.546788088211215 29.038804016985612
30.458160465126394 30.28729424126413
30.248916519886308 30.365565099741413
30.280911892018676 30.353072308459712
30.62438428477107 30.003484809662783
30.095727219447337 30.966751994605453
30.167282330850473 30.72872879880888
30.247879687590736 30.685472100676964
30.09777778735602 30.932617167400462
30.617404303540273 30.03323988336255
30.116156697156338 30.902275251762237
30.603098235910203 30.04044046703681
30.482628554883917 30.060387006838358
30.149881614335097 30.73274693224859
30.299909386426044 30.339420061218156
30.531711884461043 30.048053048253454
30.692190117777535 30.001538974565097
30.522225684486177 30.05373736308148
30.474221106915444 30.07640687222412
30.145384598466542 30.785569688801996
30.391924998609184 30.29765698236217
30.142079673193198 30.82929290797787
30.46819828839829 30.2398338418963
30.12747214799222 30.841490733536652
30.207080745372014 30.715707527402866
30.228806172485545 30.704793118772617
30.279824599440392 30.358259983383284
30.53591200548725 30.04262944517417
30.339014656221767 30.336312677050074
30.57862904984069 30.04109488934277
30.124389534747724 30.862215951271878
30.375219318964575 30.302976481435284
30.032448967382116 30.971854142203632
30.377413299809366 30.30021295280002
30.472579443062344 30.098790031345604
30.344743198176946 30.33234499264196
30.1481233043588 30.741304427913512
30.01767217342631 30.981407767051657
30.104902235392224 30.928977545407093
30.24880080601448 30.381566406825456
30.007303331293343 30.98577762827891
30.705357415245427 30.000944539441175
30.006319341344078 30.989931150509655
30.12905377996861 30.83814714272777
30.425382442533767 30.292138173235603
30.471152193346775 30.130978234219477
30.465213865484138 30.273693118968122
30.257447714468572 30.3583445620511
30.027280920041353 30.980745319300787
30.248284207601458 30.568435011800506
30.10597473686541 30.90649420368274
30.46299104189314 30.28451916538409
30.540521659264527 30.042596275157372
31.15938130107237 31.12849022053592
31.05075857909261 31.748905590228286
31.151405814179036 31.58004436420048
31.764060110534203 31.036724617481354
31.22294399790502 31.048056044253073
31.0649060830029 31.683443043033964
31.645195280548975 31.043539690711242
31.415737244238127 31.046661010856987
31.929084755511862 31.022222585013203
31.16759176927286 31.107294206152414
31.442252801495272 31.04653272333242
31.09036236993099 31.58822594385532
31.034400377531558 31.75302131560646
31.85820347550214 31.036716899757128
31.15188724098815 31.55928032941364
31.184947195947544 31.086945492272594
31.076410389044934 31.67140778354882
31.019398228172385 31.97385061083761
31.988637752718066 31.017805459861552
31.053494967117558 31.710951275705554
31.067572311794155 31.681318415079108
31.03078575404592 31.875217133971713
31.177392032011284 31.094814478420837
31.097760640297654 31.585669987603914
31.103752508391235 31.584707808902095
31.158534216428208 31.47122383078067
31.90980315497198 31.024754467832103
31.609078848615162 31.044968930032766
31.079373984637282 31.638275204500296
31.030951389120816 31.81356006131335
31.026305487547734 31.89238530199371
31.159272529460768 31.462594036127378
31.08857937270083 31.626334759177922
31.219740947324134 31.062153559492778
31.03363332502565 31.791731837126758
31.074833610030023 31.678846041064254
31.155370638594142 31.47989447888874
31.716520348376502 31.04230410137681
31.577604118753236 31.045592602972583
31.97245273809973 31.019642527071564
31.012861559638086 31.98563217919142
31.022780998671102 31.9417509554553
31.213656780901214 31.07386195953978
31.15265604688867 31.490003631287134
31.126512085103048 31.58008372957243
31.65243648981917 31.04323548276793
31.01364322415659 31.981383664031057
31.748989058307927 31.037326792177794
31.953265431669507 31.02035656388342
31.088858381458763 31.60596884776585
31.125491823533277 31.58245618688494
31.198998734105537 31.075697966423398
32.91132526901766 32.44376399743517
32.26455770481871 32.59207045644549
32.43574129563453 32.446752487023474
32.98692922806588 32.35457088324744
32.100350393683634 32.90961891630133
32.08985299434797 32.937322421295406
32.9894815577366 32.004064008702066
32.13722811914795 32.88577925949664
32.42774161374672 32.502284594494654
32.14161768104623 32.696050217833594
32.24386924755558 32.6900841064795
32.00027601102119 32.94123074600711
32.37479836616544 32.540168505399826
32.367489570515126 32.54930610234494
32.98879495159288 32.01318209129281
32.13823561346205 32.75299543790588
32.938050200512 32.3892369423232
32.38541922405414 32.52591885837997
32.32706734451024 32.55905606279463
32.74038635118228 32.445129076946735
32.98800064056155 32.24129232821216
32.77994850560041 32.44510286781411
32.98827392232065 32.209938405871625
32.144231247316256 32.69574833396003
32.257725208679986 32.63304170501005
32.109647240488215 32.90447592352449
32.269922740624445 32.58190255996653
32.28011543880683 32.576567506946525
32.20001088148521 32.69108657618635
32.09244219382726 32.920211847542866
32.247722787014446 32.65841405950702
32.34662115459717 32.5501784732031
32.29996761877998 32.56984004115585
32.260588594191056 32.6240314294987
32.40045540272935 32.51312533603356
32.916207688753325 32.42172357372242
32.869837580495584 32.44499876820876
32.24549195394316 32.67220432423054
32.98763600075827 32.29775942093121
32.2977930511615 32.574200391071614
32.31215650858232 32.56097400373814
32.431598476124115 32.47686761118814
32.95965368813697 32.36857176303352
32.39425594239091 32.517001407791646
32.91206067088872 32.42904503087914
32.40936957700591 32.505067986072824
32.3756998882833 32.527679061721045
32.93332955256505 32.4082489434191
32.25168976613226 32.64638321258292
32.979188899479254 32.35891906659753
32.263143577992565 32.59428556643331
32.92953629871507 32.41875561502171
33.08174669221887 33.218008951225805
33.317474677933774 33.072792069900096
33.004495425634694 33.63027087906697
33.6652261013254 33.05109779846979
33.01389974591777 33.31070171947063
33.58536413935675 33.067321508531634
33.14804422905146 33.07415721133324
33.84404496638049 33.03461200547817
33.116976351314044 33.13526074838488
33.51339880567168 33.06825425045393
33.78987555378741 33.04088357089523
33.91459790955441 33.0198870232187
33.85944823612422 33.02452032749671
33.065481977158164 33.28391100998321
33.00616457301393 33.559946689299885
33.00800069792697 33.40243787345284
33.00132967794421 33.74030992404741
33.94533491359689 33.01741410113808
33.98996535271987 33.01311717555522
33.88776364554719 33.020334214730376
33.101146519758686 33.19757727075331
33.997753068968 33.00711402963476
33.75543759565883 33.04386597105569
33.02977681796876 33.30683609368165
33.00065876609287 33.909437173857484
33.13292687578661 33.09380569907298
33.00106063215854 33.76627823754603
33.01143275063406 33.38044845155963
33.64507030300616 33.052619015978266
33.124185715876685 33.11849207378652
33.145732368237226 33.08908394680675
33.012200336356244 33.3767322698058
33.06738368562677 33.2283980571585
33.96120864660774 33.01433245433609
33.132394304702075 33.09850810813525
33.07150791155065 33.22418034536498
33.123656983236856 33.13436930217453
33.51178250801047 33.07161610114233
33.007212615844246 33.467981477245665
33.06298041056464 33.30041995745959
33.60702183021465 33.063162622095476
33.13750917272921 33.092823580741445
33.11127299525336 33.17917929538839
33.416850415622875 33.072359297158435
33.00413952986794 33.66897267178934
33.00220674160309 33.72717110629791
33.731460211779314 33.049544626484554
33.043341791895855 33.30258293519221
33.05580885085137 33.30127066384193
33.85291973936252 33.02775949366427
33.000000281045416 33.96871014041311
33.718585817816894 33.050625984980776
34.83660412501571 34.405645986237865
34.44950342406962 34.86378846473034
34.739742624054955 34.83604791860512
34.86746392482081 34.14955547717342
34.75557093225696 34.47988735657194
34.15147506689198 34.94183342739784
34.12112341293164 34.97365637743661
34.75080894793855 34.6544196446061
34.249625823719455 34.91592769626674
34.422465312894566 34.882271473745156
34.531498623818855 34.858950050574684
34.1245127009576 34.944030359834485
34.902014705139564 34.13573193118018
34.54168900073717 34.84186621159186
34.21106058783073 34.92152155750724
34.75777567993803 34.460692245722896
34.94644276622894 34.006354802143946
34.81021060134033 34.44860857392109
34.33923010264905 34.899664004882474
34.94600322068552 34.057557895870104
34.09874886547608 34.97595044452844
34.854185815526876 34.26372571867768
34.90224689663873 34.12059104230397
34.393188172713465 34.884208483854046
34.754432198471505 34.5849104471305
34.28473604152484 34.907952484885705
34.50883464674395 34.862565809646
34.16258480889383 34.93932390990727
34.84775719169389 34.269801715910795
34.92583586983716 34.09655186050728
34.755197656947054 34.55352027628947
34.82841282920167 34.43865415292407
34.8062953539169 34.450856484062896
34.844281220524046 34.36737931803484
34.02750723676933 34.99686323583904
34.019179856786984 34.99862289680737
34.74648604886286 34.78948850673507
34.83498629821287 34.41249635483774
34.74227435167417 34.823909185946995
34.999070278582764 34.00344981177197
34.247996314306725 34.92131682261484
34.856906421555784 34.199448421899326
34.74776684656372 34.770514329518335
34.71661065490699 34.83961596674546
34.35989422778668 34.896458602238496
34.03773958187243 34.988401715554424
34.75282736872324 34.64146773719175
34.44003382921039 34.879685928666746
34.12427769120502 34.97276998339908
34.294828270347296 34.902540425922616
34.75978667281813 34.45702832926521
34.75230909319647 34.64680715875588
35.55269589877869 35.34989215067362
35.33645472939729 35.939885407869994
35.762729472484295 35.20673850767795
35.57696063425557 35.242403182008495
35.56381312094939 35.34487449139456
35.53234106332913 35.60593947517285
35.374442552995504 35.696878481068325
35.39487018658028 35.628721181958966
35.77800090947857 35.08481692278891
35.37054291265835 35.70262230634949
35.59360156558122 35.208593580539365
35.09043258385416 35.95383110657024
35.959240475530414 35.01511397996518
35.2431138702352 35.946543768324716
35.87116779736553 35.0829118390045
35.54760995625318 35.48764955413441
35.0760442996916 35.97021794394763
35.54685328378375 35.51461715597618
35.09875602338458 35.95167227538981
35.35896892496192 35.858537376259456
35.90419778477342 35.0471261594099
35.36266446371845 35.706070038082274
35.43334833150509 35.62335660825067
35.40803664722007 35.62553602588496
35.57867483313352 35.2156738715979
35.55236977615138 35.39503027633942
35.39018458081075 35.632719447159744
35.24853495606884 35.94133017792222
35.3399830444195 35.931385122282805
35.36077105374097 35.76326581238351
35.38712287959148 35.68884400614399
35.01669049685573 35.997028887525595
35.57172222459995 35.277718963807246
35.05586044446562 35.987288674102636
35.77744203209346 35.11372097357853
35.89835323409931 35.05559955804652
35.32841028812717 35.940187710548294
35.51775728155282 35.61275091991918
35.169304660718566 35.9471549442857
35.94185107353406 35.030392151240186
35.35469897744625 35.880692423894835
35.53273283401417 35.569025167827064
35.77671473526519 35.131954887464424
35.8279077885403 35.084256358360754
35.54586252880194 35.522932485423794
35.77474329618373 35.19936567506869
35.54512171906519 35.523818755529064
35.47506934605634 35.62029481322167
35.564742678694685 35.31247291162326
35.549819192112246 35.413268953788254
35.071027342929696 35.978824732057234
35.07732687785057 35.96874276831999
36.97566564504192 36.50145929831371
36.3860935894306 36.600870369616786
36.22370186665756 36.7210802624037
36.72400943504056 36.59161275865905
36.096748188155885 36.796866286516284
36.336630063187464 36.62129293345371
36.97716414719857 36.40908245668866
36.072937661905115 36.92076794924016
36.294379755150814 36.629139582368325
36.1772783732619 36.7358248403301
36.93142435191839 36.54206192904986
36.984625195221724 36.002968763753955
36.04321417091295 36.97321095821
36.983220800445956 36.16049086042119
36.80504543931419 36.58675903252433
36.25297450885894 36.64907786636521
36.9813724814652 36.250783598437636
36.00194526276937 36.99952431238869
36.95042870620754 36.52727039960855
36.45325988653423 36.59921460736741
36.092215042068666 36.806870450166215
36.063096996868175 36.946128833734875
36.237759417516955 36.66396278034124
36.076056864751045 36.86483140630939
36.11528388461701 36.74197817664816
36.98377448010551 36.12498319301195
36.21389537751907 36.722467046180974
36.975954254541136 36.456257084995926
36.976434318147334 36.45178249072895
36.8814265955792 36.57600082475056
36.98093185579566 36.287165796633985
36.21010623681045 36.73212258594958
36.10110457518102 36.7960855430885
36.88956375093985 36.55589020502296
36.936559265530754 36.54036978086121
36.082555903334644 36.8260420412257
36.63877891490465 36.597573617757256
36.10186972020286 36.76467130230405
36.2343227197989 36.683912810479555
36.982831142213286 36.23199483600412
36.86310547051882 36.57948812853683
36.04562954491243 36.94878422540141
36.090928867128895 36.81610234192273
36.13411620254967 36.73583981284957
36.831705525685834 36.58332793237908
36.032703408712706 36.973688162970156
36.105491749090696 36.75228515154509
36.914416826182965 36.54250198577166
36.21255434177893 36.72719236344157
36.36056194707827 36.619537027014125
36.27104806377284 36.637379511366895
36.95897442204797 36.515841736404596
37.83797040895165 37.79269997320789
37.713923889670745 37.880980348273226
37.344917511777744 37.99303669487896
37.633017007321776 37.95549047163402
37.909596656562286 37.576285458418575
37.94619440807052 37.53852968027479
37.513517539486855 37.96403402767058
37.97666963484608 37.183628726333886
37.639359658055746 37.95171853967213
37.7944926525729 37.79880265192818
37.83640754008755 37.79689269995491
37.708383330733135 37.93480938292349
37.47637695368755 37.98376679421892
37.884913562009736 37.68897738711138
37.947765974864886 37.30816170946626
37.720180915458116 37.80159336721548
37.97290491112997 37.20569509649787
37.948591489600375 37.20870059170769
37.16224494164697 37.99794859925718
37.427312239829405 37.98550434290673
37.246544388687745 37.99788057695698
37.71561709417886 37.82283857815987
37.86361799571677 37.74165022614571
37.69145023411356 37.93675091335709
37.33779558065721 37.99645756460299
37.87543039684822 37.70197490415609
37.999702536873 37.149502952945355
37.94728724082562 37.459359745209774
37.576945990083686 37.958489205174764
37.65152459197222 37.937462859646956
37.919974979812956 37.54248418168399
37.84023213507514 37.77536427757379
37.9000804815281 37.670323276515454
37.524828530660685 37.95864903078092
37.84447888392293 37.77498415858808
37.36722590961182 37.99033499877766
37.903061635181245 37.58701311618143
37.86437893806548 37.709412601314234
37.895091415208896 37.68035756971013
37.90276468348818 37.63551328019346
37.91557092987393 37.56177501648146
37.48224409262005 37.97149610256385
37.64126609167624 37.94579992769028
37.363396121267925 37.99070493361154
37.99271911797098 37.160503930879614
37.84813682649124 37.744019950983436
37.493161687527426 37.96689145971254
37.435449783134096 37.98466705588443
37.91598159272288 37.560090066883554
37.90126022983556 37.6428294402104
37.87903390406731 37.69145020498111
37.97433444808321 37.19353357223834
