0.924244985567675 0.9391186491875666
0.7260414428652346 0.9451177713007418
0.9251748284774574 0.5903844266389603
0.9780533426302624 0.370830947217597
0.20420528412853223 0.9743494520574236
0.9895487843720485 0.10621421747616966
0.9816534460780928 0.3378466731205906
0.9659567687687287 0.3730237723017992
0.48275449112691915 0.9691396440602988
0.48626081715572644 0.9539373541461184
0.9619368821830473 0.49582058104175286
0.9455793758411173 0.5264318645871147
0.09014751160053536 0.9852513304929356
0.16254406872707605 0.9753881743328566
0.9415841569474263 0.5599155245640655
0.9835137892290714 0.22362446131398916
0.560102484791674 0.9534351397650002
0.0353079675852187 0.9924605236382119
0.9985466159149158 0.007330630339666189
0.7081826881684806 0.9514724648148986
0.10016842546456828 0.9817928794308909
0.9796836359678126 0.3687594545693006
0.9022825322331973 0.9425267083689405
0.9823396861303648 0.2557748213118124
0.9570222895067454 0.49846815099237585
0.9364202344862749 0.5755097473423845
0.9820606582379627 0.2687437546844237
0.22035419289572178 0.9732952610645541
0.04702610552284214 0.986670526754193
0.7875626886729046 0.942901353104495
0.11579910701259699 0.9775571713663731
0.9473104455497217 0.5020607209182761
0.7453576785976044 0.9440904687642303
0.6859560672602102 0.9525050625837514
0.9244153890892187 0.9232535700537076
0.22720454750982277 0.9729524390529966
0.9836010500048752 0.16817930979057327
0.5415580687035817 0.953915529511219
0.3301999718142349 0.9699653052782918
0.997177015561444 0.007789754499025192
0.9635227102735642 0.4543543257518057
0.943923513484307 0.5405091165698471
0.9836646649564178 0.14431996871060815
0.11036659980688412 0.9779114365593853
0.9335919210538217 0.5825862493290762
0.9640513796828778 0.41445345509784115
0.07763722210515056 0.9860173594135692
0.7777318574790583 0.9436761534883179
0.9441398244725567 0.5397658093355697
0.22902086053053006 0.9728273358755862
0.9883351923211964 0.11122422988404668
0.01681435834425704 0.9987206612687671
0.9207693032928578 0.9396782490914212
0.39713702688464503 0.9698577856267356
0.9250326360541051 0.7392962901538973
0.9964350787778077 0.07136518783297585
0.9881111007941749 0.11325919167590581
0.4836468738954164 0.9623490512434241
0.1374543824920258 0.975971348830744
0.9907365686516219 0.08926788763137028
0.9409724450274233 0.5717492541157824
1.9335911646711192 1.641969190012781
1.1883531209256042 1.8737384371871082
1.466844684091599 1.8132936401444582
1.2239355827421226 1.8520231036984973
1.9801285260724437 1.59579395149425
1.8750357898985786 1.6700455087479738
1.6940659762253771 1.751727266938408
1.8028534986801286 1.720553718098933
1.9977880089954625 1.1958600545322968
1.0479094741190251 1.9044509819767392
1.482941403947701 1.7872424064062735
1.1156429725913923 1.8755510999605098
1.9900672137846287 1.5726684452849597
1.2187722835862558 1.8612328934992775
1.2779628186828123 1.8381538876602126
1.6773093808434663 1.7578340876209748
1.9629363825731434 1.602921440632216
1.845936657206604 1.6963274572734193
1.5143348314324168 1.781784376362722
1.9958918136548252 1.3389476408537924
1.727903136323158 1.7276767536035087
1.4765157758718361 1.8007334790273313
1.8717823289779714 1.6757869018081974
1.4362344991715459 1.8270731658934358
1.999491090941702 1.111019366258124
1.2354996592204752 1.840906717091026
1.3110576445468332 1.8365505510136726
1.7242987524121038 1.7422099507366697
1.7438764682609422 1.7222238140322814
1.7591604965489664 1.7219782580624208
1.5833136414725648 1.7687355221680567
1.9958877239069626 1.4732501237118332
1.5698839047539441 1.7780343292656235
1.9859395456914124 1.5769400041190955
1.0398798780749097 1.9553720577908782
1.2256632740881273 1.8469466282163072
1.2013227668352742 1.8624505189536704
1.4639681835879959 1.820225323795055
1.3211768438845894 1.8341512080243176
1.9379354902142656 1.6122565489404748
1.0393991704690397 1.9658398297407702
1.0069255414409208 1.9676786979057284
1.9377577557103742 1.6267537434341022
1.3838442552723027 1.830232432952299
1.9240327104225203 1.6460195358648257
1.9099804799669409 1.6567086711365508
1.0752111611544855 1.9006067359642067
1.95258444335205 1.6076145378106492
1.898724443952485 1.666002087975129
1.9915620203377957 1.5591755325221806
1.806917924701009 1.7073329770998815
1.8351603586910359 1.702933331145463
1.3625715713479911 1.831533422170195
1.1041030492685502 1.8883780759078803
1.1086469227620759 1.8856278710394494
1.2642440500467025 1.8399073756103383
1.5642677384941508 1.7798759438751708
1.6591710748318427 1.7651881390141568
1.4757577662645909 1.8037059793194223
1.0459965659377666 1.9344539458797483
1.1385950268968696 1.8737502503924421
2.5953148383979885 2.614990315985817
2.606612762328075 2.558926839492742
2.0314050651350324 2.9560730564447715
2.785224874610818 2.5558547142744343
2.817126104898617 2.171128388566702
2.258944076072152 2.6497394197226125
2.8957567469873498 2.0462781375992485
2.060449615332595 2.7072524592595597
2.587134028102906 2.621212091826071
2.8405541693920178 2.167295886686544
2.7916984507857814 2.423270943122268
2.354739752635555 2.637600235476305
2.1614177623955237 2.6750387401782847
2.922614413654372 2.0067527888193677
2.1189057195050074 2.702962327758038
2.470120994735883 2.6231502461303355
2.022437680001882 2.971736535381038
2.604417038068884 2.576042707804894
2.058496830194516 2.783618602816901
2.1759695236787873 2.651915705274863
2.05100538926117 2.790061407903255
2.4085891602302034 2.6296101112760217
2.0346943388554273 2.8416695876285996
2.795734693705788 2.171324347046858
2.892589085888196 2.0728086228052076
2.0107843281601028 2.9777709904729637
2.896838272319409 2.037689786368862
2.884402154786539 2.107900066887732
2.125067704143639 2.676388444699609
2.883923942733454 2.1388592979942613
2.786772365952415 2.5554080381334856
2.0651790748155037 2.7050881228237986
2.984111498973298 2.0025659089322403
2.0479447931313732 2.825967149794354
2.3133950433956088 2.6444380337084317
2.560516498633728 2.6217696830574977
2.049332000710594 2.80682716599758
2.0154932593191957 2.9717699420950874
2.727292050129987 2.5571182647768183
2.7928372356983666 2.4130754498171023
2.843722046567466 2.1440962856850367
2.6048565873461627 2.56962028343284
2.7929475982247016 2.2281005232336177
2.4594447281570404 2.6257370966461844
2.5962468177002487 2.5811696586901816
2.639403269233401 2.557579623927869
2.507927103735819 2.622981542474086
2.920535048913613 2.035667457107081
2.770345477173723 2.5566003834627904
2.5514752334055735 2.6219414623659847
2.289074824642259 2.6478366917330622
2.034556903157028 2.8803825863539116
2.4565143112686387 2.626423795493594
2.0133522278775864 2.973754476686409
2.78768490778692 2.5402320986345095
2.722872407485423 2.5573096369087924
2.827292651410401 2.1676216486662945
2.028861559601197 2.9624242334214945
2.0035947575497435 2.9991970290439487
2.049659332651759 2.7912451776755276
2.0387469682095443 2.8357960094903074
3.889405557044818 3.4787335229444696
3.120087328899749 3.7294263056549997
3.5226873063341464 3.5847419644195004
3.99019462573693 3.102844268113734
3.07236450480157 3.929376376039096
3.0409627175434224 3.937133992051612
3.7745231630326552 3.500553319478058
3.984950307975337 3.1132476921673327
3.529946298719859 3.5698933845948444
3.231683921139904 3.687268114799234
3.0463019442315455 3.9335599753079995
3.221118660769327 3.690778820984357
3.8298995552437547 3.4972412213787294
3.1134860958416106 3.7939493820967334
3.3705106635985755 3.6109026480162134
3.074028983487249 3.798283832757394
3.9762828452918813 3.176908803904076
3.946274071557812 3.244757417983727
3.246676600932621 3.611432756505745
3.6878817402847606 3.5230243424424774
3.132889884040811 3.6988530082419824
3.6763291585758706 3.5638962683503737
3.127736740725649 3.7108072881312255
3.931145344060882 3.4331740325032998
3.9758493157955463 3.229678912222733
3.461601472285346 3.601185227528303
3.7075712069445386 3.5197451858892776
3.024219691978053 3.9952242967242144
3.7714777824213037 3.5193726235497076
3.9419211538679675 3.331449214961947
3.235795280115526 3.6292491936484494
3.9943307215086765 3.0643567890225527
3.581986333724199 3.5672906031238667
3.0074983685076817 3.9963196102329226
3.115547357893417 3.765254743365498
3.093678187040859 3.7955578433411823
3.649178020446004 3.564965501205545
3.395850921178465 3.609435899799859
3.9207864481647374 3.4667272969364227
3.0358095090542583 3.9790786839357337
3.977601525883837 3.1450102289476405
3.928919003281223 3.465124003745907
3.9434201424471595 3.307904764379261
3.8010618515857635 3.499326288892826
3.9352535922977223 3.340922892428371
3.902913726677019 3.4710539424798945
3.8389297867458074 3.480797375703138
3.5114413205076853 3.600710922742335
3.11730157737352 3.761562936394548
3.959900924112081 3.2416795176132656
3.040397562519032 3.9776577876119275
3.996292408185993 3.0118379809446374
3.983136855791238 3.1402861204141144
3.2376928388090316 3.612953634345909
3.6779251547022698 3.541828558992556
3.1566257976882177 3.691912646796138
3.1255121956778997 3.7228312004972133
3.2345264068823987 3.670310619406253
3.427873945593475 3.6067213884007714
3.2676962158278675 3.611303340249054
3.525746063891082 3.58277658120687
4.431352254844313 4.176786798043847
4.397981388159751 4.491297335437275
4.100167002354334 4.617606974293314
4.10151780797638 4.605677030460061
4.685510735122477 4.084085514710861
4.145437679190343 4.554134620104236
4.587059141425263 4.129228163032462
4.244226830909039 4.496189257126242
4.885129320760356 4.039659764747267
4.427431498544543 4.44399619263627
4.18381515633491 4.517668322249115
4.011842493295752 4.760956717938844
4.910127080984079 4.003625001063666
4.678194724870171 4.0869131965154555
4.0535006716458835 4.641373790224365
4.690863969130436 4.067687218895239
4.082337494658715 4.631498126454414
4.5087097653033865 4.158361050247359
4.009830347330327 4.865416458497449
4.535125254553289 4.153033712058517
4.177337885982112 4.532436200056965
4.850843982147278 4.055110185217779
4.012671151399546 4.685598727446521
4.442698975236302 4.1655211037278566
4.429270455998704 4.423754933429953
4.178990798438824 4.5315695411537575
4.426976003789535 4.449569122841547
4.124821209063178 4.595501059732426
4.049961007599959 4.6828905477894
4.374443526047164 4.495959049663674
4.64408358277023 4.111467059947522
4.131707113641954 4.594656353102742
4.938973479150735 4.00163951361523
4.662971761903922 4.089846801229126
4.795034634611078 4.067512666826926
4.638732950597179 4.116630318466726
4.001792133718387 4.998381056410979
4.008737969838244 4.979162074255664
4.136766133224155 4.594522120879166
4.1404105152179165 4.5852118617362345
4.849311454488101 4.059434051282086
4.08243042015757 4.627329999290102
4.99328058981928 4.001282223581827
4.424727284520189 4.478780462070965
4.144916151303527 4.561592881763872
4.602038920957293 4.123253255626133
4.429575287331672 4.204642477749842
4.554394077953672 4.141105354249904
4.161653945092772 4.5453421796472595
4.894525283184962 4.009601573224783
4.598496191611673 4.127439496307277
4.076008039426312 4.640794552940627
4.1416088099902195 4.573623765663155
4.078687413805971 4.634287535251159
4.23707885778554 4.503400234720205
4.420775834360122 4.479830503678256
4.886196662661226 4.018049021054464
4.379632412010561 4.492318504043214
4.46675826674382 4.159126214741169
4.243300820476962 4.497987629607412
4.008823005740732 4.9603234575680135
5.161047175658405 5.065548191169747
5.252949633488486 5.01652614551531
5.142298826484491 5.9290879761964295
5.242505829035315 5.040369378253354
5.053933373651652 5.949963769452027
5.156749516179305 5.814145840457595
5.351732993645902 5.009046983195944
5.142426443666654 5.862875563777095
5.139227535645036 5.949263873639866
5.1602119602891285 5.788126378957918
5.154510286900251 5.842494702598212
5.3642911750662945 5.0007298874321435
5.035328292337379 5.999975757939245
5.165899768027222 5.05812571794783
5.2969512970088095 5.014186646448243
5.283658960187596 5.015019556454148
5.354892319060726 5.007561467908237
5.160475245010994 5.602957156215928
5.852093167846839 5.000301790493699
5.191583525261557 5.051854195680743
5.230655728447241 5.0458460466052575
5.044848910503738 5.994507709151862
5.230179363335307 5.051499564359125
5.246707699443901 5.038781096522132
5.339803321293687 5.0114578247630295
5.049715886912659 5.987103524094899
5.181950357288897 5.056730902177628
5.051298597965993 5.963233356940626
5.147495843341524 5.862234874015863
5.164862358610264 5.061449151662507
5.336096842438731 5.014162810791776
5.648772239224487 5.000466676054923
5.160377236326228 5.608418905852395
5.16067390244031 5.466903505833793
5.160690025723003 5.353271069532618
5.444912467898566 5.000594333174455
5.0530390058261965 5.953096946408303
5.911849603412726 5.000012752190793
5.249363886923002 5.032735671781632
5.160660456128637 5.512710645046422
5.114975717241088 5.949892014888291
5.232558498277768 5.043700898899269
5.053052946473672 5.952705692465375
5.249558009670772 5.027524008021045
5.153991290071019 5.85958923909142
5.15749181606871 5.803173915203366
5.038732266163525 5.9957482446716845
5.160855710485874 5.211631971123066
5.353860353051536 5.008146489722895
5.2420193985263825 5.042745014822597
5.252789139489804 5.017818109955954
5.252141738166932 5.023268797490882
5.665541702156416 5.000349996135652
5.551632698788852 5.0004797882695335
5.140299394579256 5.935083230373279
5.152963257054588 5.8611476279147565
5.141330327068669 5.932554581452294
5.160606567400322 5.533326725905309
5.160900869164067 5.122367653462577
5.159556416377022 5.794399689296508
5.88416002821926 5.000193657044441
6.134493768458524 6.398596169064355
6.102646225079384 6.97041277872067
6.4403393310778725 6.1557153106966895
6.414720594814806 6.334376795366798
6.531360175672112 6.003430265290273
6.457813453462309 6.122806631602054
6.13193352538025 6.590223131373535
6.11822550966764 6.685012477589608
6.108247170806246 6.9532642011210015
6.285730437474244 6.354899305297975
6.3478032913287175 6.3472660708864845
6.38866747455504 6.344177362938421
6.519107251629453 6.073373593979511
6.972287065135573 6.000722795230764
6.043116059193399 6.9949975780789835
6.487082051840744 6.113913641195938
6.179574821605366 6.388440314608958
6.509995933688395 6.076892153042178
6.425994123792466 6.332883326588574
6.111275069046245 6.922883684385492
6.0793664221480315 6.993730432751729
6.275927075232886 6.370844659899039
6.490493661119862 6.080443898347137
6.116306332233311 6.816378237429239
6.298147317739632 6.349618899285865
6.215474920611044 6.377010816535777
6.114523913206185 6.894626242856999
6.469630466042419 6.122517798969046
6.020985087648411 6.996194532593418
6.850308157319701 6.001057775587661
6.128000011092795 6.597174463565091
6.13302207459291 6.51275149119235
6.12371594978278 6.661629749011036
6.311397855339391 6.348031710660309
6.435431727808785 6.232609551551052
6.526863040033101 6.010163764315954
6.437221351341115 6.1686921929725544
6.082471670171764 6.986750287153484
6.26205760862473 6.374594023476626
6.431223028742569 6.28993881316471
6.5242472399258205 6.046356294668519
6.433042007871327 6.2328607398270925
6.104786154159296 6.958517340675612
6.109628347773046 6.926779930276321
6.282310668670489 6.358930051452429
6.229072055074211 6.376701240419413
6.44980853420436 6.134693680850072
6.112532498592669 6.8972797388523155
6.169598790839688 6.396745538128449
6.522015787790145 6.052490834071865
6.116478118040201 6.782454451887889
6.086350048113469 6.975066117681918
6.358737221149245 6.3463292660570225
6.726239882147338 6.001504988085011
6.647926423736082 6.002087440066871
6.293646245678517 6.352026092833134
6.185989849643418 6.387839462437207
6.121751424168623 6.671752519827484
6.44707627382787 6.14096183204708
6.213961679576774 6.387820126462714
6.446079647100129 6.147162575763497
7.3989543118100265 7.129043633180002
7.452187723884602 7.058873724887528
7.077714169450507 7.948115547111734
7.799888622931784 7.011436805183006
7.096301741841213 7.181511145337518
7.627287143873983 7.014502515866509
7.284100677584364 7.130833587168065
7.088365069822983 7.192380579212434
7.234033961855727 7.155691849414616
7.087899695033344 7.483256425452446
7.101001657486958 7.161531911760686
7.594809560309634 7.025119798377968
7.049263401997651 7.983117899917006
7.9846217388152345 7.002246191354993
7.081492374615488 7.677349518097669
7.078483387022923 7.701893902845881
7.565292261919432 7.025992746089453
7.403362145397836 7.060296172658593
7.052652823331704 7.962580503939476
7.77471041403243 7.012889322434339
7.005574419924469 7.995965585677409
7.534070653723495 7.051478921043735
7.960937572776045 7.003674346509794
7.258173596183458 7.146523134608802
7.001829314992403 7.999140860964939
7.823717393354977 7.009225748166463
7.402220474480723 7.11013180404076
7.825530006853496 7.008857174876126
7.602971968741712 7.0194070328486555
7.082266654495743 7.622334424507086
7.053476167406764 7.949784673012956
7.894688193807736 7.007736713680269
7.093671486018158 7.187787330367192
7.316735435112679 7.129051485248449
7.014500237676085 7.990480794383214
7.496314443199042 7.051550555546448
7.1503475365297495 7.15818789635144
7.747577972221839 7.014316113523923
7.039196670643633 7.988629981772844
7.948238970666403 7.006690478486785
7.542399084499129 7.028139520869244
7.493473582021545 7.056894607484115
7.8995465169491785 7.0069730660041785
7.078306386987645 7.875619263861794
7.080200426832797 7.687110219279855
7.086463170804479 7.521748198928574
7.082420448074096 7.547894838441872
7.61793568517902 7.018233439129437
7.265281921228039 7.139831074517077
7.269517250483975 7.133147755236619
7.768095822794587 7.013103374554828
7.976055492611756 7.003639929648431
7.2451718956942965 7.146775424432419
7.535498898794223 7.037738831394487
7.1857273735383815 7.156965268168827
7.535588014847395 7.033270332727684
7.239670862321153 7.150788706060541
7.052393956072228 7.9778208106344
7.418611500862434 7.060072029478138
7.12788650376631 7.159708062460236
7.088280104215935 7.433934688890837
8.640556743166377 8.720014773034375
8.493551666516547 8.787034329309519
8.18259432742799 8.971094573651957
8.36886019010455 8.853844622813924
8.983437046272638 8.660764590297699
8.9852906105503 8.108268362928726
8.286027091436937 8.92332746334591
8.123421193358332 8.997122738685125
8.815787931962017 8.664214367378529
8.2118305742652 8.95468755473366
8.340494813310213 8.90996578793305
8.687444554713588 8.671436185060811
8.352409227196054 8.894071990533998
8.61460008027901 8.782413005402738
8.392481187158467 8.804103446623321
8.139158039794584 8.979896053303104
8.190958281164487 8.970605552668017
8.983568306129193 8.157331953258359
8.253880141760943 8.938173648594516
8.561404761607575 8.783884992358537
8.432349232946006 8.791231384077001
8.800756663394882 8.66665485680287
8.209330212159227 8.957880532477843
8.206591437950046 8.97044581979996
8.63755680967738 8.725308534192685
8.997210778516047 8.052193552223546
8.983778134066013 8.141012910420235
8.650746731320273 8.716998598605
8.233199168742042 8.944488244262978
8.22586099478909 8.947246801601338
8.660310250058028 8.672780194093447
8.947333319506463 8.661084194563907
8.649778491209933 8.717784527480054
8.680647003726905 8.671581311406374
8.748751532189688 8.6708162777951
8.634439046514089 8.75224032271345
8.994429523848972 8.094006621277789
8.999414692759895 8.044646357941943
8.295770765442454 8.911935654768111
8.367681437363139 8.887366695242067
8.37823730088404 8.813833693982138
8.635159085208139 8.72708537203782
8.933356589938223 8.664151851394267
8.420512606958564 8.794874660567555
8.126002749178177 8.98627363629442
8.611936053496263 8.782943404626446
8.76406956661034 8.669489634812876
8.667523729020838 8.672598761490041
8.371383437225749 8.824212534030712
8.618467501602142 8.776872300771704
8.619469025330602 8.76257668885837
8.368934049314056 8.826163504772342
8.46876918095566 8.787719623791562
8.206847696741496 8.964858213911388
8.587181490193768 8.783648710890814
8.170826263248632 8.973632930848124
8.658421569768928 8.712208533871012
8.409308966241905 8.803101638174587
8.656602886163254 8.716925545472186
8.140658434450796 8.974940961726936
8.068074192180834 8.998504135662603
9.73532541136971 9.049941009424147
9.608410287517787 9.922812290714953
9.677811102314276 9.349676177419216
9.633621317213851 9.680426184899858
9.687720130145934 9.099993017439301
9.65036784468899 9.568353032412443
9.398622731788569 9.957896480715075
9.917624456978864 9.022393671589928
9.615591669359647 9.891062459141338
9.741806926642866 9.033958733300251
9.61776721662074 9.73846242620484
9.133127108901986 9.970740133595974
9.597567972754955 9.947229051888716
9.497884303377283 9.952825399446645
9.100820624117777 9.973625417991148
9.673005646335149 9.351016455036616
9.637732812852928 9.6638603492833
9.678555256360672 9.258569622039143
9.572367311772394 9.94834878299341
9.264419997235334 9.960028053859688
9.896959863706822 9.025260067748302
9.65658362536115 9.359666135806927
9.831040268397718 9.033918857795156
9.616519815548902 9.86603551885943
9.133556564354482 9.969445950724566
9.632784264056149 9.711893949113376
9.98662336018642 9.005453697252259
9.730705964495955 9.073302569545715
9.656562474570386 9.363961019818774
9.891167384280244 9.027413351982329
9.735103424023505 9.057637293817084
9.725430009695653 9.07425494024684
9.873247009687622 9.03040053579054
9.197161906733848 9.96552083318205
9.651806038579345 9.386521796057242
9.055122955152328 9.982312208945745
9.462955307468496 9.954932435399902
9.68728791462608 9.253557686415324
9.940269355576035 9.01031632783894
9.198647568174943 9.963273111025222
9.617063053412204 9.856118170992454
9.22621252486598 9.963139696564985
9.651734500738876 9.501838867784183
9.702145205559752 9.09360687886089
9.09343773004852 9.981140552027732
9.495639810012772 9.954928835522583
9.118377429409637 9.973334621459664
9.642204860225224 9.639766060719788
9.535055896989979 9.94849552458494
9.608830250276256 9.920697135750945
9.020164469548433 9.998542335236495
9.361301482897924 9.958200243715549
9.45300405990971 9.956839817033835
9.038072026044869 9.990052630275436
9.987073498255196 9.000308393846234
9.195794715971504 9.966836718056149
9.696582374276804 9.095503713309073
9.166530323355147 9.968340217202838
9.629358817352935 9.73422419272054
9.610363654689312 9.908765422434163
9.710830812597598 9.079283739566794
10.300008583647635 10.5861182992561
10.670473718112385 10.559447392861857
10.828649261680493 10.167952440899798
10.178206512656613 10.987592470124206
10.884587454751541 10.10374643913093
10.77599973799743 10.537314898175158
10.286078163489552 10.636648384359626
10.248478374506895 10.914742181063062
10.943538170695154 10.074749040205008
10.84407226209316 10.109441619836364
10.447773481348568 10.572279053630817
10.73644564709284 10.555341436859123
10.997763530354776 10.053824444237346
10.805309513326486 10.453326451013115
10.018684216264369 10.994592078794696
10.267233720863972 10.764730832883405
10.208584186529063 10.981359818503744
10.41911102466246 10.583813344067524
10.27956298790616 10.66957499586947
10.81328232504005 10.225947037722726
10.180766511126548 10.983139114223585
10.003859481053006 10.997089755966016
10.83543659909405 10.164004676976113
10.877597213249839 10.107006642587548
10.793005080641748 10.457810675867778
10.815000355421402 10.177923819866708
10.25733300101651 10.7924124691359
10.464025724033624 10.56944695592751
10.923801716974264 10.075069536318695
10.967621772063858 10.057957407568892
10.212824289761851 10.929766050838003
10.599976495207638 10.559589014202214
10.809773380281703 10.349617020510717
10.961479706115876 10.074024061662236
10.753828756816212 10.538763400369932
10.291953398612547 10.597063114658429
10.239752918555476 10.91880792526357
10.289141177869212 10.635348195667149
10.226840867016042 10.924023520033648
10.449636294079804 10.569498203371015
10.683088624807446 10.559038605507812
10.963781352221895 10.066018746623925
10.895510377762955 10.097722399750781
10.7856269759193 10.531504685342735
10.27366856927224 10.719270178187898
10.094755193492785 10.98898851165447
10.119233290827587 10.988964242682595
10.2736718290815 10.691674630806888
10.061895793483664 10.989933500672048
10.80789673982131 10.424232377770132
10.29040686710139 10.633687457950579
10.252127975026164 10.876185193032805
10.557180795734402 10.560684067860633
10.836393609042776 10.1396436390959
10.35622513371079 10.585416108195254
10.74139537247146 10.555113499832922
10.433041551809536 10.577960006018067
10.21279119611643 10.941097617628355
10.273092976696558 10.73574629419973
10.247888045833143 10.918420821588608
10.916485156284399 10.07789940227117
11.403458412657592 11.312989204546003
11.0027525341682 11.528735541150951
11.336321822189973 11.344828445795686
11.971446001857592 11.310454202091087
11.06278264121607 11.38807649826778
11.436967314397792 11.311414201352491
11.297160257077444 11.373931063310016
11.007901080705638 11.400910197953992
11.388083048588383 11.340487637814295
11.269337374065946 11.37568593459873
11.002571441840766 11.977132020086316
11.697470099923565 11.31093019454641
11.999971089769215 11.199868454760992
11.921908701343016 11.310475903730522
11.973149058190915 11.209327793011791
11.308377657225995 11.345028827969758
11.000646382615257 11.997599978862478
11.088637464271285 11.379757283406294
11.086092009944892 11.382704578511625
11.058796494450792 11.396413535598812
11.004994708603839 11.47237372746017
11.167218590175777 11.377667810641922
11.425761806161013 11.311898420664892
11.972578951140628 11.21605317664341
11.002732786135507 11.5856932665803
11.2626640922473 11.376824734777317
11.105352694941143 11.377945068756183
11.394997016418907 11.319892191654134
11.998881490492067 11.20743672826947
11.42149370976899 11.312467680202365
11.030913113522148 11.399498550470414
11.868708429202933 11.310928103316792
11.373290306512848 11.341602071246239
11.033896836849433 11.399162720180668
11.066178524196005 11.385631556519028
11.576253164923015 11.311033258378735
11.369112562365546 11.34243395053174
11.38934727864167 11.320938094238738
11.038685357896709 11.397366203879859
11.004463504133028 11.52483029489327
11.3025182365222 11.363232624660323
11.006959063612504 11.440239557223197
11.002642743513048 11.819509305558462
11.004737742633427 11.478880744864732
11.63776448550283 11.310993743609004
11.006250988135978 11.441894391914552
11.255778878371519 11.37722577127918
11.358043802914242 11.344316009972498
11.316730704536026 11.345007896865155
11.059842673841223 11.394541157494633
11.395672496441671 11.316468587713377
11.305899233147132 11.353265085771982
11.020441528093482 11.400780740436549
11.971861011705714 11.221428062599827
11.560563575004428 11.311346009518541
11.999553040528994 11.202993687236612
11.266362576761797 11.376327571596649
11.998981175472556 11.203767735497717
11.509575349240695 11.311371417498195
11.09944103590158 11.379464733980766
11.273060337924282 11.374422222731658
12.141016258879654 12.07662371667834
12.10421204866915 12.783916290825903
12.290500068226464 12.061894400017765
12.022427477789664 12.87421367103249
12.139926625953835 12.125328820727667
12.112408892815292 12.561907266372515
12.113592640772053 12.302151571969127
12.06387773810636 12.792370972127419
12.465173464612729 12.051650327638045
12.163424239454166 12.07494706691656
12.565832034404039 12.037505549180063
12.131386604011043 12.206921744573515
12.369129720392511 12.0584017523777
12.683450497939841 12.00977929157732
12.58530270292351 12.033108211736389
12.398665258586682 12.054282128714851
12.111790332425112 12.679577037819328
12.005258806353929 12.90820832186332
12.49865294513386 12.04125797605788
12.74254225780643 12.009029335220543
12.269504063510263 12.067220093830736
12.05755297585639 12.807008397111517
12.00291726930124 12.942789157688505
12.03246586473786 12.841877288767325
12.245553253310264 12.071180087739041
12.63995539918319 12.010114910581162
12.04188704155045 12.837220893626052
12.059897351360542 12.795491669249898
12.027705663479887 12.871166062229474
12.987368695534133 12.00876834777614
12.635215491833186 12.02318858649272
12.117947966169716 12.264980378976075
12.032697922345626 12.840129361573858
12.01714451709717 12.888065377879222
12.123797680275024 12.215017269406374
12.132366555958374 12.204903145671825
12.106539062298554 12.758838492262953
12.284058760492485 12.064925147040737
12.04478330752595 12.827265786187747
12.214579523877457 12.07391943169558
12.306688313720516 12.059157740905915
12.136544695012997 12.171615310890875
12.471771265992766 12.041618228806835
12.112781543468346 12.321548674435839
12.615261165105359 12.027565277022308
12.464848774757336 12.051911637631939
12.248144951812082 12.071085898529006
12.048328975324296 12.813031537054298
12.103556859748178 12.788220867208647
12.00259648904199 12.9874133387425
12.112684019183952 12.396848275941952
12.40189732165252 12.052813396343216
12.529108162719686 12.038494075868803
12.015379071132562 12.894805616539735
12.587647754553206 12.030123706571201
12.116209073654511 12.300986819446381
12.11841404342733 12.222104207183397
12.112039184012675 12.646083295133062
12.430605718889167 12.052745453888912
12.26934441633378 12.068895701750632
12.512165439850826 12.041185080316104
13.647296613297529 13.16232276542036
13.358739692764624 13.618616190913674
13.683578643040217 13.020097445038383
13.560016283456456 13.396487547571901
13.04335882817716 13.969028531787616
13.386327358757395 13.41875969492011
13.440897371147937 13.410881918269089
13.339012689691385 13.806222065516847
13.116867800725897 13.806566075362174
13.665607831844257 13.109004770515035
13.105255097478874 13.905848776090625
13.596219760002823 13.37917152494342
13.48528204639743 13.398018598449058
13.929130899241116 13.013016727083162
13.000989344053014 13.99840034913637
13.641820240607064 13.347462828558776
13.601927602292891 13.366497120930235
13.051028263562454 13.906041612364483
13.669745867989914 13.047212045465558
13.58899637610255 13.382862875461699
13.90450888831085 13.01937417172526
13.345369038093024 13.769927062460393
13.921605179566265 13.017420345110976
13.367708742589432 13.516809339094038
13.38136352015691 13.486057616506622
13.931396656658844 13.003395560080731
13.365743209058538 13.554039767028339
13.397039926185576 13.417010828937876
13.345979376019562 13.756799611994484
13.644706399299372 13.309857367864273
13.048780274800649 13.934435696945698
13.661670357449873 13.127917626766735
13.353796032030216 13.62546987208778
13.033276938270076 13.978311467610219
13.361903815484697 13.570015500236021
13.969054652520072 13.00061642617587
13.351056831415208 13.632464710498303
13.616905417703126 13.362864242235991
13.580337106674836 13.385252900071189
13.469772073741247 13.40994575322422
13.342953070725333 13.800306161772117
13.795688443856069 13.019874998249243
13.6476214197243 13.162232883590622
13.669602975637654 13.107940330619398
13.350319491434792 13.74187394132739
13.645787382866217 13.236022545901394
13.11541567734029 13.878491729902716
13.050501538657638 13.908838791394329
13.108272056390081 13.902084667288168
13.652962612339199 13.148637380987273
13.580249580585402 13.388305748104168
13.57070880984546 13.389693411058804
13.345366513669662 13.775714501857404
13.029188427611023 13.987937579395048
13.674361967080621 13.038708033629405
13.376022590717431 13.511449151023848
13.114363679290951 13.898027991208888
13.002180469094371 13.994679394701665
13.179332728897199 13.806428879599068
13.359624002777906 13.587171827113835
13.381488300969886 13.482465855911274
14.638032333656085 14.90176098128077
14.697217361917515 14.497004748968612
14.451026875462901 14.902065350268542
14.770980393526127 14.297447250490386
14.717074307304648 14.390448918601033
14.762749909203892 14.359208276384766
14.143748673357269 14.933890967244503
14.194780499039176 14.92758128154208
14.665031098750475 14.533692534250926
14.85461537443036 14.268079829909484
14.804027840946326 14.289945286672676
14.28913953294087 14.92658044260323
14.34498847123309 14.91086635956647
14.870251316381598 14.036464529711614
14.65584922326842 14.79963904815931
14.858700097261494 14.213344766903733
14.059485252051491 14.936064838648086
14.879142351147813 14.034007544050352
14.648248688562202 14.82836529070319
14.662071324672205 14.770126007984427
14.377774445298998 14.905609400730386
14.390719729086182 14.905178429816695
14.997866184820895 14.00360043394268
14.423499340310064 14.904446755701297
14.03464549484527 14.96291431130671
14.661307958762492 14.785503943903105
14.881837520697728 14.013243532498024
14.708403134090673 14.39567968781104
14.691644972902118 14.501505376804767
14.052390969457617 14.94035420439516
14.911758285354697 14.011884042149944
14.7673365261835 14.349577696300278
14.85884770574376 14.131828353928123
14.182056800989843 14.929649760214925
14.643539499107925 14.851657430103739
14.742041330338887 14.37278226413677
14.986590315671988 14.009172444028605
14.865643102502974 14.09236602530583
14.07083244678156 14.935329333742349
14.675431403047243 14.509911423417996
14.322236164900453 14.92321026957172
14.10338074216213 14.934172955399069
14.329046687116342 14.912783046294033
14.6817887533328 14.508368703286282
14.699562528890505 14.438977576148288
14.662873623568341 14.66556087993059
14.046195823432 14.940901451061332
14.317346917225574 14.92601257936266
14.990515870355411 14.009071958308205
14.029773867922726 14.984649824775259
14.822928577673672 14.280172592127293
14.861929677066092 14.110101914121646
14.745948712554577 14.371071166594891
14.287127874055134 14.927023101838406
14.708281023653573 14.395745679367407
14.826462449854208 14.27931706061764
14.809124817213524 14.286916998303619
14.667401085074665 14.52019646309781
14.18078217518344 14.932551755191344
14.76425981321814 14.352471895844783
14.922365967053594 14.009270513899718
15.554604529563889 15.436409374914406
15.76110598438785 15.333041340007307
15.125990499212257 15.810730045638456
15.870098923738745 15.213801285795189
15.249332887963293 15.537124358432987
15.046470189327996 15.928191037281788
15.485018866511899 15.436632305573706
15.923243156547088 15.033194232972956
15.071753380124921 15.823664464913813
15.373314538460894 15.486721452214779
15.216987956561553 15.60573074434667
15.666879137133652 15.401223173749559
15.795798648509559 15.230816410380909
15.68052927372287 15.334076917972627
15.055164025820869 15.892923032840253
15.141368656872752 15.642167816520749
15.912719816944168 15.159108903972099
15.237556044241241 15.571146135800007
15.396432414163732 15.451270176895218
15.034818106631594 15.971733126614279
15.174732414027588 15.614907056954433
15.337600565274357 15.509133558417613
15.585410508584507 15.43051584894011
15.136765087909463 15.807272986259466
15.92926515362046 15.018204474714269
15.786231436475497 15.286779731018791
15.706979468135554 15.333459900859989
15.369766311988098 15.494423042982683
15.801125488354145 15.224208598991344
15.087174903788544 15.82092751410275
15.434373790645536 15.446199453471024
15.778453878220022 15.301803283486535
15.345343901168292 15.494872188904973
15.948063034985838 15.004027165785585
15.879227100051885 15.173308606822456
15.597370657569027 15.404289441955491
15.233642420046344 15.583895154305342
15.138775184431996 15.677457762074491
15.301574430333034 15.531703035436927
15.678141045576231 15.384642736606448
15.771333080390313 15.327279595463128
15.902174650385087 15.164826425276997
15.245040287684164 15.557568274246574
15.19081207330539 15.613887560683716
15.387447971308543 15.452968803326351
15.276326817330032 15.535959917730297
15.914664070620482 15.141907433950431
15.922358183271298 15.13677874318732
15.056867041699348 15.861325729975507
15.067662058679252 15.851886951888325
15.222116038111576 15.585513993064158
15.335746487245308 15.528870768336057
15.669887206927553 15.390219446432539
15.509867713566033 15.436475294509842
15.786652857333605 15.246870885280735
15.136993079600211 15.731750425325089
15.922364050783184 15.12226877068576
15.193735947469959 15.60806249588977
15.142906555935433 15.641613106242694
15.019942179918838 15.995682951508947
15.892846299699686 15.172938337891985
16.975653515565508 16.13887685725218
16.89897621512034 16.278487982551805
16.50131225942511 16.745260617894353
16.681111403532746 16.279211989993655
16.977883453442104 16.05655394999981
16.395673045301905 16.860158930053757
16.610332146260234 16.303900247690095
16.415282792542808 16.834406956309188
16.55535470497085 16.421483757963916
16.364979490482455 16.896838255253623
16.60116297202477 16.397249909642746
16.970892776219337 16.164903890712072
16.019345074341842 16.902373314349408
16.622679929205898 16.293491333255535
16.542581111117748 16.57666873576343
16.652612784668317 16.29346237511957
16.508157271587436 16.705827498021225
16.459628714014947 16.828728404848068
16.667239439988 16.28440910193982
16.90056752831567 16.246940988965783
16.486992962034165 16.768144231860994
16.937769850039306 16.24640073051102
16.52771756079037 16.603799275965542
16.05739161196375 16.90113246632416
16.54232668952161 16.57868999345006
16.54802859268724 16.525508372993528
16.604005371021273 16.326114326524483
16.431938963108646 16.82992264475175
16.573548384146573 16.400364777049813
16.548850893770627 16.484310141147674
16.52110218935625 16.705255281325638
16.398146821349847 16.853148007090493
16.9602360338886 16.21707715262887
16.524248448081845 16.642772932553722
16.380539169526525 16.862034352743287
16.977077943258756 16.135914328152918
16.55703954078324 16.42026619449797
16.0033930279566 16.999966616338305
16.94395051804947 16.237093047915373
16.016246166568312 16.926128138808217
16.948664656262107 16.22990031378367
16.020851395171817 16.90157381280384
16.503245176810175 16.74155072687036
16.003670348819778 16.949496731296733
16.587725196161276 16.39997100334633
16.503810159320402 16.71633526493672
16.459959056536203 16.78016451690208
16.606765635107262 16.322427935584138
16.073103125424268 16.898520242465974
16.10120896269617 16.89798691561676
16.376708667152528 16.88120096122378
16.450541668971116 16.829839831830864
16.980698438718665 16.042239737901095
16.37616900216249 16.893768173619726
16.014087673190826 16.946968701884607
16.521530321151587 16.668521564272208
16.60162218684026 16.33514272003025
16.97786992826639 16.071971499054257
16.978894675521072 16.04402355789188
16.949246364607166 16.2271315336963
16.23482607431921 16.897889008456097
17.01724752963434 17.5088545446747
17.308767416650895 17.17394108947373
17.171021773375333 17.41315392114207
17.22522266310806 17.181299354185146
17.7597915324616 17.056849145468078
17.112436192671336 17.47704530379706
17.006772527677917 17.668723727940467
17.31703679435045 17.14355433966553
17.573903395064985 17.088382181596003
17.47493026802386 17.1287693505085
17.005516028739017 17.994686497044604
17.89766852632673 17.00884677268333
17.12857030275353 17.449006304464472
17.99035514194701 17.007099132607916
17.046038325243266 17.486836381766594
17.484308785653763 17.094795199447184
17.19129272447492 17.22495857450579
17.734396705715305 17.07610277779883
17.635162097436833 17.081105091286492
17.19326799347569 17.183424913823867
17.016377597058206 17.596737943914082
17.187835157830406 17.28133609061046
17.473573837008676 17.130855820481624
17.275164638221028 17.174346052793474
17.342286386654102 17.132233941066676
17.085292735152954 17.480923502872947
17.80277687162616 17.01763542056842
17.18161002130281 17.32065729634612
17.89263336481934 17.013557064229108
17.14014973646121 17.427877713598843
17.507787290975735 17.09429431579701
17.316569137062242 17.15475268217861
17.06905102003156 17.482150751762248
17.826362342993455 17.016899390309522
17.481306522336382 17.12832567061088
17.176646799941892 17.391153542737573
17.315810565845887 17.162769773653263
17.006542301449823 17.96784722108167
17.18908579881191 17.25451292524162
17.378142822678203 17.131639564948376
17.777552654477567 17.047443019799122
17.11948534498952 17.450229576295573
17.840019778769506 17.015299383488312
17.157730346280147 17.422178186131596
17.17907287133379 17.38783213608931
17.12569212296894 17.449067808327538
17.13258370380157 17.439287599454133
17.552284284604525 17.091867771327518
17.192790640091786 17.195627286933036
17.00459777498235 17.99622815850523
17.685979722250583 17.076189750736578
17.78052144919779 17.0409836765987
17.61131282408586 17.08304591772463
17.192496492473612 17.224958152706513
17.74386333374652 17.057078341142287
17.44247363077366 17.131631572952607
17.7995300255689 17.017837201067078
17.114005815320578 17.45266677073888
17.789827060862017 17.022565694234796
17.0126563568094 17.64997531568772
17.020112864192274 17.50189933945495
18.65015530693409 18.83772641721234
18.926042432454892 18.59605483681503
18.99462225946602 18.015052033774204
18.07873043352931 18.908596536716345
18.911640614204238 18.696727224338986
18.264189630952618 18.904067840241144
18.95210425797694 18.1224416839003
18.29916769128199 18.84891094449449
18.95828458122645 18.03043844036975
18.069620128797805 18.957268151908462
18.798879579376393 18.74939816268215
18.73588421421821 18.772386666161072
18.955100629788387 18.069290354456573
18.95098230799223 18.431348474638018
18.284721727111748 18.85697292556785
18.055873577384233 18.97838914031253
18.918916918666444 18.59993471738176
18.26445456390988 18.87280770288613
18.63375808195036 18.845448527040478
18.918140479058852 18.63693649782814
18.045422407163027 18.991988374925064
18.87220039498562 18.74650259817503
18.954646389453934 18.083591041950303
18.728146469164503 18.783037935580353
18.927633542959256 18.52114304524643
18.719227684332832 18.828848396269816
18.888475564424258 18.734595499117358
18.033365258099984 18.99878439351498
18.07585233787424 18.912218183581345
18.9369438149322 18.4708874293801
18.951598432935413 18.3766038345575
18.227026581556984 18.905764330460435
18.936545722193433 18.520389561068388
18.070814353468037 18.949247501456707
18.284580458432266 18.872105432231383
18.35003022928087 18.84881737721484
18.940386655241163 18.455592257533844
18.795699988432798 18.769378035464797
18.95179703249293 18.211921961359096
18.72606549920406 18.79153411502161
18.613828524950453 18.84596362934469
18.945108050740778 18.43185323869996
18.926181073727626 18.567612158182786
18.050478183412398 18.988226571107198
18.91084885450054 18.724670512511604
18.073548016456872 18.92196920968899
18.222115010182623 18.908266030581856
18.36045548904001 18.84632203106702
18.926350595856746 18.547410501412138
18.687295018343644 18.83560575418324
18.799813472618677 18.74842705536364
18.980002415498618 18.015822052534983
18.068811845788467 18.974455423506043
18.952592401931444 18.0947189581452
18.045799005314294 18.99009335320739
18.72324562629206 18.80043198381724
18.94320457369989 18.444454757156066
18.71652725829696 18.832227041517406
18.95151037569159 18.394939600759887
18.951640905057364 18.311048644396518
18.720204820955395 18.818996669524136
19.281253624857822 19.558349814803968
19.068344890726994 19.693938331315444
19.40148474996152 19.007651295466246
19.046191877177765 19.740355276752002
19.311323781128664 19.166577211890285
19.237583222388885 19.679804029205584
19.180187953836317 19.68120364275547
19.292532644958875 19.253887132894658
19.12995522432762 19.693486675850934
19.010224691478346 19.9456544587794
19.31992408504556 19.09110634603426
19.330324618581322 19.06240900085258
19.283517635516596 19.297077401725293
19.55057533464857 19.006297119419628
19.2750980386995 19.666321458376526
19.392208503075032 19.042605316719452
19.051564476514915 19.697854452680062
19.347082467505874 19.06032718519629
19.317677295577322 19.093023925809057
19.934968726159244 19.005671598414814
19.29672374683138 19.25190449964867
19.317310448547108 19.13811506602755
19.39983665628937 19.030267108414574
19.372646766578335 19.046084489239576
19.49940337327815 19.006698807613155
19.01795952549964 19.880947598747557
19.32084509692546 19.07642798801426
19.042980327359217 19.79663407294955
19.28186205350806 19.53335443579866
19.00440878156457 19.950343920026366
19.049479110493746 19.708929859258053
19.04432433039967 19.79057726607657
19.027284152408022 19.875088666192056
19.301766711568796 19.24460321885305
19.303248278891104 19.167713051667324
19.342842773173267 19.060472448566436
19.284549864789945 19.277809046866828
19.03739300512882 19.82667241703124
19.045809881761315 19.779430772291647
19.299372703201126 19.249561800785298
19.744062711110317 19.005952500150734
19.269382374777255 19.669896751021728
19.007084260552563 19.95031841970957
19.282861573272456 19.309479783275652
19.281927124465582 19.353318088455676
19.15875227758748 19.688965072481054
19.032153546423494 19.85939949326393
19.27744600730759 19.633390428034357
19.001896095330952 19.981755445436068
19.28971034191211 19.265126360238074
19.015828395273154 19.93201716421551
19.14788914696593 19.691342378169985
19.000567095924012 19.982175958485968
19.32691039631626 19.066182313848344
19.316746635594807 19.152904629063357
19.28192539213559 19.403210359844017
19.947971891736685 19.00026971868427
19.093348099958057 19.6938368532687
19.275595951372406 19.658895205937036
19.158927248499435 19.686405565003323
19.01009522874957 19.946663935830234
20.58188485068072 20.608456446299492
20.548495429237324 20.92004904134161
20.679648283124823 20.09199572048073
20.913172477069068 20.00957545864292
20.57596053474197 20.81761979652772
20.612178379025142 20.14467586961272
20.584214450990128 20.145267356196197
20.126348359546313 20.97849553951896
20.91605104499644 20.00411152752243
20.621433285138068 20.09964452472851
20.687659863337284 20.014725111579285
20.25606217270861 20.961255819522652
20.577736287226532 20.790430081924434
20.189613625071402 20.97244407094558
20.215618023891007 20.970124248970826
20.2237316214084 20.96828650489787
20.68218570400664 20.08426208078025
20.683254433085516 20.052881345215813
20.554058195675008 20.887034889380335
20.354447408980473 20.94217844192183
20.279155171799268 20.947910658358534
20.58207052234409 20.478787499666502
20.99083754326372 20.00048325447859
20.025696667268676 20.98496136064024
20.74398070419254 20.014477700117038
20.372669594574667 20.932310308697243
20.18096804807863 20.97309053930063
20.092552721981917 20.97855599166787
20.314985534272555 20.944208041172953
20.838553822241998 20.010072575000493
20.498512545321 20.925394267138113
20.215810294221747 20.96904999220004
20.56236470044667 20.881454210790107
20.616593045818977 20.111494355808393
20.583578094067583 20.465113049746787
20.91981353596596 20.003617383898398
20.40447705658654 20.931360634280328
20.575673213956566 20.832772497706145
20.226909412415743 20.967329359969714
20.579123155430278 20.782204663846194
20.447959156939042 20.925662529410786
20.581716957381673 20.692547710108546
20.160934937330552 20.977859651586932
20.575561302787904 20.875617994170522
20.46096891540152 20.92552224065112
20.96665653124315 20.003280139948885
20.56966187756545 20.879246756264667
20.610026517757507 20.144676578133403
20.6130241484699 20.132352076519872
20.645801401380535 20.099472078184746
20.23712483460815 20.96649681640716
20.977518616786377 20.001488021410616
20.649283270864693 20.093835033388064
20.580322436933457 20.73400778465415
20.024525316950072 20.997328147840413
20.58390168467809 20.29332173218487
20.071266932024542 20.982469317190198
20.615966229969725 20.126540033036036
20.017491764858928 20.997663328957646
20.646616181120418 20.094794611055523
21.866061753601205 21.122073045751122
21.750102304424345 21.65965747959662
21.619601577109343 21.866200548060238
21.808455908327492 21.42660131753013
21.95069423008687 21.053074667660947
21.344289932170273 21.894247001539963
21.76901704677283 21.63407592018888
21.852142603065573 21.285743578625087
21.645382289622155 21.699222243815036
21.500652434454878 21.879937708845805
21.343948885041772 21.952707769030198
21.7404511593893 21.67314959763884
21.31190310345312 21.960754472757262
21.877319934724273 21.089042153195347
21.79121636831116 21.616756274072312
21.320537443329226 21.95473451631507
21.63827531873016 21.738718923771884
21.95668514072026 21.042726082525306
21.13175557575825 21.974641047580572
21.802178649379222 21.550105466684922
21.120501968673697 21.977378721538063
21.854338510765736 21.24290543113104
21.844782974666728 21.335447595001828
21.945286240654564 21.05828009177992
21.858678665999495 21.13322248142305
21.80222959343056 21.43495253935635
21.96836305634947 21.01751339076554
21.098559314401484 21.992054668950157
21.80154403639308 21.565209059474753
21.801442514921863 21.567146866698618
21.643749104086044 21.705011099347782
21.820813854989314 21.421324618555623
21.900080857010956 21.0827837996199
21.16159706301194 21.961504015311316
21.602125160794067 21.87449823644274
21.628524527827025 21.79668486168782
21.83036856288785 21.3931024655629
21.94005133375305 21.066499335085545
21.443943640238594 21.889359533260773
21.941035175775834 21.06214040081748
21.63132719516029 21.78855521539985
21.714034223642443 21.67736118668772
21.041659769919068 21.993654872632355
21.827698798192714 21.41915606001509
21.75027873559457 21.64928786877278
21.693045577976978 21.68249166234872
21.68930471262932 21.697774974802474
21.925999843837086 21.06701672393322
21.64005954470124 21.72302179953013
21.259017777553662 21.961063693473715
21.137813151389217 21.964600997180888
21.917584097310872 21.075962232404454
21.78530838040521 21.625267383438267
21.836543135277726 21.339792670438293
21.462605496895215 21.887878740995966
21.8469953522516 21.29342202807476
21.36252665414154 21.893765390739468
21.636063539193213 21.743115870589563
21.851573153263764 21.291143276475413
21.479550336513316 21.887657791516798
22.5257752680297 22.64711892147103
22.253628604795534 22.901376210811005
22.889605381380186 22.264400620594255
22.218237285512306 22.986965674560278
22.844883034525083 22.5124271906217
22.372887646391884 22.77941672614022
22.895772830107024 22.154134524332793
22.437928111123508 22.673530271894407
22.90871440174089 22.067334845230697
22.863435029264444 22.402043513012472
22.502397023092872 22.652385566948954
22.443980082122227 22.66778169516303
22.433616332876 22.684623711422304
22.833948087649382 22.591604584197015
22.299788752983158 22.869210797113634
22.36711387729627 22.798898633243493
22.63567724177993 22.631017941983632
22.39945024809363 22.738283168635895
22.22160292631256 22.969731286471752
22.96931483178247 22.046820505302467
22.411947013883523 22.73786483367712
22.608850842315757 22.633136230612255
22.990739312217833 22.001465135804143
22.390781698638815 22.74361486775458
22.05293923006652 22.99736063841119
22.269880079890235 22.890486301186755
22.87486217951932 22.289343283629098
22.337517814699062 22.805316721793776
22.649789303652952 22.604041294809914
22.427709594930725 22.696818852590834
22.422446452290067 22.702558127623114
22.857991946997853 22.45697954508226
22.68575699903588 22.599470364166216
22.84242067172727 22.53113733557996
22.7194624526694 22.593358017531223
22.259853741209447 22.89646308312413
22.95644833907523 22.053910587914118
22.383523253395122 22.77281209215846
22.86688879535442 22.369923174774925
22.226670066196547 22.910145777192735
22.891931569529106 22.162934874215168
22.318960681134048 22.809387945486097
22.641287082649736 22.612308980177716
22.559174850207572 22.63616788258927
22.28131405530035 22.888946708074698
22.875167200664567 22.2659236656288
22.9359387519363 22.058779471349045
22.941173560733425 22.05506051866955
22.224574931429785 22.92319091367012
22.977018772566222 22.011729992081893
22.98805890459509 22.00878377219222
22.589295764277797 22.633576724265787
22.905318104396464 22.135065409584897
22.16884143373477 22.991838207436555
22.49034165390416 22.656880313881285
22.839425208754985 22.53904806108877
22.871611161406147 22.33986173487337
22.622369986675857 22.63257878568662
22.904795028754478 22.150480399394105
22.52642129448435 22.64521869747068
23.550352092055814 23.509906298699114
23.621299772768268 23.334677444629374
23.279324464822036 23.85279932078121
23.296724086264756 23.791822447481696
23.5786421145822 23.375784540695967
23.921553473924316 23.283838443040136
23.507758715095488 23.677355502242726
23.781960491115793 23.332825885255346
23.518124398192025 23.54246832099932
23.163766131639125 23.920191734419415
23.03844973704326 23.95664419067092
23.30666070409455 23.702501841487514
23.15970056418363 23.921013479480553
23.504364783333102 23.686426910664252
23.98275012583329 23.005408193045557
23.114004741606827 23.95643874534098
23.560564553241452 23.401258938380604
23.28704807205481 23.81900399174365
23.96409317514916 23.19377654822928
23.397172984270618 23.691815099648764
23.932858675385763 23.25554364689228
23.556142552359457 23.436388638026767
23.010601761725948 23.975310782602087
23.793962506563094 23.289179811286072
23.597832714519566 23.35659144652824
23.914885060251713 23.285864573665833
23.975364488907168 23.188107689800095
23.930512307157702 23.275284943735258
23.98225445869008 23.029786751348052
23.37066298393103 23.693979937071642
23.252706310070725 23.89222559457803
23.791058633163892 23.293111019035887
23.206495283582253 23.915037169657545
23.304038117568687 23.7799050059384
23.118278491064963 23.93617771652734
23.52805146218308 23.52814860959347
23.8030235398817 23.28628789608104
23.48713605992474 23.6900640111028
23.039248191031515 23.956517822173662
23.217479172578912 23.896585214621066
23.268486027621563 23.888428038063765
23.785235826329803 23.302011199733837
23.222141465393612 23.895012853609945
23.52079347138161 23.53696039488917
23.278288496870502 23.87432065569916
23.515698325643573 23.63697342648308
23.565800405582443 23.379943471285316
23.114025256880257 23.936977418737456
23.516002219315574 23.554031193774367
23.54961692015556 23.519154282477775
23.170594915231842 23.91853250926568
23.944910274199092 23.19393103467367
23.938465299228724 23.21984887183944
23.923583735582792 23.278492893686984
23.513692669032043 23.669582769693843
23.980769576306646 23.15976389631294
23.012002400866077 23.96601847817233
23.699755560365315 23.33406353721844
23.601320353753124 23.341295396281904
23.974876962154166 23.18850805095486
24.811712422844828 24.7356408251066
24.7838311398587 24.882905675352763
24.33335884797757 24.954810708850584
24.63455526204385 24.91889965103997
24.820541712904312 24.068214582299102
24.78440453151709 24.86062603465155
24.884296449748913 24.058727740857034
24.25842772198057 24.970927250556773
24.749178992171604 24.893661797542364
24.462633598420624 24.948592113648743
24.952556432105006 24.054728119180524
24.50662460798815 24.921113265552574
24.716969396141398 24.91199918152484
24.318128723857868 24.9707344620037
24.81282390031901 24.35449397860631
24.508140613894025 24.920464766703248
24.846623149878727 24.066719443694883
24.785803203892964 24.8038042200317
24.97155210154615 24.016717498133758
24.222910711461015 24.985143548684068
24.735224964733604 24.904149399219065
24.99632358304329 24.011289626143263
24.704507390733436 24.91469541742098
24.80842995017018 24.773343494176434
24.102263630281453 24.99278322421762
24.96774194796232 24.038842691969723
24.812495956913466 24.424221198590427
24.817510558166465 24.197242604953555
24.48389280277025 24.936912105836136
24.80829727182616 24.80377073327155
24.229102556335516 24.979961897019844
24.47870172474424 24.938889020124638
24.62445885273737 24.91927841298381
24.955829271330437 24.03895714841652
24.64797691881619 24.917190429999952
24.814296441186045 24.25454365097831
24.132380271848454 24.98759939163652
24.04365872273673 24.993867150897913
24.75050876700826 24.887882918616548
24.81795349673168 24.069627172311886
24.81196858495686 24.539285133211376
24.103202517713505 24.988582271736252
24.43072250134094 24.9496071882827
24.005480446753495 24.994179970434185
24.975446841790987 24.013996105495266
24.827105249833778 24.067836821472127
24.100614155659823 24.99376346966665
24.813121541212357 24.299965633184712
24.892658401636083 24.057698307501138
24.24505371333448 24.974090689677904
24.95532621495773 24.046820308199262
24.73387554727413 24.90496185805209
24.951786826069966 24.056733833559708
24.330321778211353 24.970380754312654
24.78538414358867 24.860010098286423
24.970750398161815 24.033777450005136
24.809264316490296 24.764497767593454
24.366192114880924 24.953913473876625
24.812406489282644 24.47831705812865
24.499172102302357 24.933261206665996
25.525016339075826 25.477849046372377
25.581985657948483 25.355897956079176
25.743726959969308 25.028782196091715
25.948054965070263 25.00512521081956
25.362334410860704 25.73646504624078
25.20497488885081 25.83898188717896
25.157734857837976 25.848199510084413
25.461650679261222 25.563084698252645
25.428976765971854 25.594866054718853
25.243898734517398 25.77991270336854
25.405921268804427 25.675476195607242
25.572363592349188 25.430771195832328
25.654744999429237 25.06296500590289
25.801463029574236 25.02542617968925
25.10700982662132 25.97456184874782
25.485785950196398 25.48110801747712
25.609912371297874 25.3117948175877
25.6294515979082 25.25344277177921
25.399527394762067 25.694512024899744
25.54061956247031 25.444805221719033
25.668699627160894 25.05027023370006
25.050109579046524 25.991311442437908
25.331519737834483 25.756704079198595
25.588270894806897 25.31277451267374
25.230302212100735 25.781794533281374
25.664604413263813 25.052527643989613
25.148407007026215 25.946305268475047
25.207122725358634 25.822075922919822
25.228832844760326 25.81981283565884
25.833216995772595 25.018704307807727
25.467020157056986 25.494180684869267
25.39227126713015 25.713257908474127
25.934350817818252 25.009255308044718
25.581774260375056 25.36232908839441
25.577514585885883 25.40478578067311
25.58550552980979 25.337430539553928
25.64725543688642 25.069543270286772
25.57788092298608 25.400601959212405
25.32671905987383 25.77352814475158
25.39144686697886 25.73563639137812
25.67382270695724 25.043965560039812
25.64550211580435 25.21107381889812
25.444072269452885 25.56569822010106
25.11902618379497 25.96524841357886
25.005128056864663 25.991537083712757
25.06543322564565 25.97989792067553
25.166854854117155 25.841539225855964
25.6992495258871 25.043023689402492
25.428308419338634 25.601281400063996
25.435501002813652 25.576022965248285
25.41670656118856 25.622521683128
25.4093112596751 25.645098229877874
25.396194927788642 25.70578060706766
25.655876139395986 25.05924503069954
25.616470528943434 25.283303336527553
25.811476164976018 25.023741731730116
25.607229923698736 25.312657305003935
25.742247839475297 25.04111382306793
25.81433404812559 25.02257333988461
25.151618160472747 25.863730301284725
26.616442376145006 26.876053794346053
26.04822256934549 26.935435710744883
26.69658180727015 26.676279084002594
26.37327819309273 26.880039811630887
26.624995524904403 26.720353976474993
26.834766110351435 26.353609226601225
26.887669554408568 26.107134973249206
26.725436095907355 26.41778223898496
26.254338101050813 26.887738743796476
26.884847782858454 26.108055741495058
26.812874457025526 26.38302718991099
26.100703040188378 26.888850145657138
26.950154855271542 26.04740164730225
26.907467679776694 26.06926212637922
26.860131062390366 26.18761196527151
26.70641962705172 26.478530118547393
26.65752590643737 26.714760979254194
26.992279311470345 26.004226937189433
26.006405064774277 26.952981174202776
26.85971479097827 26.221254541743942
26.69723848793801 26.58524791129012
26.888134639836046 26.09871683836145
26.711883232431198 26.428384655985198
26.705878597666825 26.478635619480617
26.83519968282544 26.301109523341985
26.701589374072903 26.52374223233347
26.73431665843416 26.409003399179777
26.88311958232152 26.138092953694926
26.85332127057559 26.232588111305088
26.069480808896618 26.90050474186795
26.98454980857897 26.02205050840353
26.041089744827477 26.95104190320966
26.754816628328317 26.401078734002738
26.90156865372673 26.080576823238445
26.44529509815993 26.878973947760816
26.81393793476326 26.380856577359474
26.285184039369025 26.880058936856496
26.74471634773393 26.407898476414218
26.67489903449435 26.71301166095673
26.849629907449618 26.250433362894466
26.057301545945652 26.911444235126673
26.005363233816706 26.99709450215407
26.50593148414667 26.8766702881076
26.844252473599468 26.251502427197604
26.828495607530247 26.362435165024678
26.79949115175179 26.3875791931271
26.950230089517746 26.041881616373058
26.61708326234111 26.731174846592214
26.688581313974993 26.699542306782984
26.005971901078034 26.969027221275645
26.715936182164462 26.42628034376734
26.71807800422419 26.423845613078964
26.8798327241514 26.157780254130053
26.953644048180127 26.022274579677266
26.938164896814445 26.05518199267289
26.45559665585229 26.878925740597882
26.864896882641858 26.1875843818713
26.875809772398668 26.16342063083069
26.840574865992124 26.260792736046465
26.477458102616556 26.876881702634503
27.165592186013757 27.067768654489324
27.072179687374682 27.95629921989831
27.098639421972614 27.240503608671315
27.777800947392308 27.05981315913645
27.089842970951143 27.731575884324954
27.958708844844185 27.04953386486551
27.08137836919698 27.896824504823815
27.967512384958184 27.006635700950678
27.096659399672987 27.421403251431354
27.794533480890454 27.05070227600013
27.130936061898815 27.144948704770908
27.210046310272993 27.06254964463439
27.121396250551403 27.155005337780143
27.06015871366921 27.965764859930328
27.976597161687753 27.003007551720916
27.1382668324182 27.106453146563464
27.07822618750724 27.930192723156818
27.15082695320349 27.076368636911315
27.058872480190253 27.981311328628195
27.093072867821007 27.5500719566406
27.607490514420217 27.06057006401094
27.10515749316764 27.163216159033624
27.2085861557975 27.06503217000992
27.140135325002806 27.098543066929572
27.085400215400174 27.892756085473383
27.788910852309215 27.056901687618648
27.093316240728964 27.454871999440503
27.104445773388345 27.202170031451303
27.09769457803679 27.35369582975385
27.05587106218258 27.987045320274095
27.036701154248668 27.996718499040533
27.089206138002265 27.872683087623045
27.09098488985554 27.59889455244386
27.96034113347 27.01335117709064
27.134146457237716 27.106552543952073
27.442253966903923 27.062268830846307
27.03968416428854 27.994382267349064
27.509503855157305 27.06107899842358
27.123325461313822 27.146214658725196
27.090881747086225 27.715264589770765
27.07688331859019 27.94787889855307
27.786781913920244 27.057414078118722
27.1020242728136 27.219523663131834
27.142413870069994 27.094371773641733
27.438774825482092 27.062399944146605
27.15563923074204 27.06914179060954
27.793837989488946 27.05655235270011
27.078713042432856 27.905288787649585
27.07128192544621 27.965445452900227
27.09183806434432 27.579004132479547
27.23971910178241 27.062531959137235
27.100042015928153 27.22088199952493
27.129450264951696 27.145143541666375
27.089391525769646 27.802295639673755
27.959940608808385 27.04810067626525
27.14731334560299 27.092585520814694
27.170519750088808 27.067382867853198
27.108292396962547 27.157108064325456
27.09781832228687 27.311084468025978
27.897758973588534 27.049933984139837
28.4006698820648 28.107362471558687
28.146767055556378 28.308690166579023
28.641528335489973 28.082819310688784
28.16977418582869 28.12056154267285
28.12311576778405 28.320823038618496
28.09247300266916 28.564645756893533
28.90323641372635 28.002097216937514
28.05467963267176 28.68376029423682
28.033232881559513 28.714205426966313
28.088964907899012 28.6800331016883
28.825626081032294 28.007307966344815
28.0508592024032 28.705582912134506
28.80723541552003 28.04770437120547
28.78838726103372 28.074876657436157
28.618626547097172 28.105016978292014
28.30534276685058 28.11328180157739
28.634765817125334 28.087882888238195
28.42561452685762 28.106489442958797
28.149923259538706 28.19973445509315
28.006329317372835 28.978939264615768
28.028073477524114 28.81608517842333
28.113892453462444 28.382085792609043
28.325942968222293 28.10906344444873
28.138215175102445 28.31431871590647
28.00649761111032 28.85625330160838
28.707940541407385 28.079249497129272
28.163732545499705 28.192546706214063
28.108283309614883 28.55592067094856
28.86982760536375 28.007138870155657
28.128331861797516 28.314701064205575
28.111371815952637 28.42515179713247
28.021010712990137 28.829896899104426
28.257187436249044 28.118237478182547
28.79779128871119 28.071941337415687
28.804484415829904 28.050754653057872
28.03122476448859 28.74015390610074
28.63383715810528 28.094872044945912
28.1220008677083 28.33046083432657
28.034808583033595 28.708387845948387
28.030317444210052 28.770991485191598
28.724587154922837 28.076319544621057
28.115293092817208 28.330820998504606
28.14923453616721 28.229415100830874
28.817111640957446 28.04459964238494
28.817229008084205 28.04211774179288
28.155110396790672 28.198485496260233
28.81869055259928 28.01743924139335
28.109113944099583 28.45997191382658
28.888909789551956 28.006297782558143
28.00388243294281 28.993722765192487
28.164341291499543 28.154296666385996
28.650487982459488 28.08029239123397
28.114373410414515 28.354450130337856
28.007268806022367 28.839904657636044
28.02937964143446 28.808564055461463
28.803558971771604 28.060925659069472
28.228165013025624 28.120113209740058
28.93395949144195 28.00042126783352
28.29893590778255 28.117585903053048
28.011409896901597 28.83516162184442
29.25939596462117 29.27561383867363
29.12434587899496 29.31251942575828
29.98639571982383 29.209065173048476
29.946098273822514 29.265990087647502
29.027768455748248 29.61305307998036
29.999124728534248 29.108166374637136
29.056981230936902 29.46721339281645
29.009070654175545 29.694531333980546
29.108849415835557 29.436253990374915
29.377641900290016 29.27200960209313
29.112277371251235 29.335239759723265
29.040557176044246 29.579346992797053
29.16638456771349 29.292706307870578
29.005266315683436 29.899921616230873
29.387154464586956 29.271158920740074
29.0520448838242 29.53954069349173
29.966421182222952 29.218101996299453
29.43230793719719 29.266482103926048
29.015356119008004 29.685295541890273
29.96448821417631 29.247537889548
29.952950452138936 29.258962568431517
29.161033178592795 29.300386568417142
29.42130242474552 29.266600825179165
29.002172861660426 29.923778101249653
29.06815921461957 29.45816152201361
29.234657159780685 29.276499040980898
29.134970640564006 29.30890911313573
29.031540589235338 29.587280348766637
29.00530360034957 29.825128685415606
29.99302810709071 29.15499290855014
29.220795586251615 29.277566107387834
29.997636113976565 29.122568660539063
29.008443368699645 29.724817585076515
29.98300261225673 29.2165395221614
29.000490382309877 29.992532528624206
29.69961602367265 29.266454841883444
29.988244339678033 29.17671585096499
29.30454436689303 29.27211400882374
29.112976116188136 29.318070898824068
29.109045320304507 29.43268871530948
29.20016762251004 29.282237650569343
29.53981421261049 29.266479218573767
29.4172782673803 29.266811337713484
29.021331469673896 29.633066861940765
29.293023860436357 29.272857054971432
29.410186215356656 29.270451932642846
29.99839222396566 29.11965055368563
29.95983200882183 29.258772485096564
29.087034314748177 29.44866528811152
29.05588580480954 29.499619767675483
29.053450994824455 29.510561328937193
29.08996752150489 29.444629492391762
29.143437256165203 29.304378499405185
29.16780622406728 29.283506159767906
29.98991881025618 29.163502174336507
29.112125598150143 29.39966997046196
29.122762894855313 29.313464043325236
29.020367829518783 29.63569549584578
29.001329631315688 29.985052537841547
29.106404599341133 29.440343329766698
30.730763571302692 30.023383968284925
30.475775589902774 30.776533473408854
30.249277696924477 30.976428376529373
30.774488339963085 30.012793433040756
30.323329297821665 30.85632791432198
30.70785190271211 30.17236486445061
30.4971364017809 30.545677583812626
30.72731346864013 30.04902689562641
30.497585547798337 30.541543968311288
30.400906652500517 30.81835947694979
30.164544161898693 30.981200103557015
30.319649299564244 30.923404851982017
30.52088444683672 30.212084696999163
30.035293877875944 30.99040451391759
30.590634319583824 30.173842909101012
30.3418028863074 30.835613789121673
30.37652165738715 30.820892046731828
30.50436424559002 30.341605341167078
30.277453731933072 30.966430105434803
30.483957593965144 30.677583415359223
30.358612887760103 30.835365531159432
30.50932783582571 30.280580865161156
30.133703752959228 30.986089907496652
30.499479192038077 30.485218449113624
30.96833457021532 30.0014676086832
30.33647472812375 30.85271881589178
30.842466930118594 30.006658917050228
30.468584407229766 30.80791084868505
30.544528354050033 30.197818300800424
30.48591021494858 30.65176725151858
30.27914249272147 30.93217037761193
30.474726717610405 30.807747696173788
30.71648717276074 30.160009028154004
30.716835901896598 30.11368509968456
30.007118229871203 30.997608939532082
30.28769647409705 30.929303621321527
30.165369738697855 30.978089148939
30.13731615139919 30.985723091731487
30.718937009706355 30.08741011054362
30.496041565396975 30.578299245708713
30.718967639542882 30.07054451890838
30.504113373600866 30.403868011238707
30.511350129175582 30.23694688815124
30.041647029131067 30.989949823589495
30.49838713493464 30.528674668651618
30.481578766793696 30.77076840112251
30.14380051687245 30.983855133715192
30.328762844875666 30.85343307187651
30.96177435894455 30.003190549833512
30.52687334880446 30.20237862550739
30.37570803445238 30.826269994627935
30.133406147378707 30.986106082822975
30.780470420498897 30.00758377930481
30.585583563045706 30.180845609418434
30.500891076251307 30.47233821584731
30.12918901179728 30.989550081627655
30.56641120111001 30.188086527708485
30.405972914390166 30.815654342709433
30.498118537053976 30.538515130985125
30.654424180405346 30.1736555884641
31.70220436346586 31.426829872971958
31.599985605098926 31.70327994396452
31.856785306946257 31.307851424528955
31.152186476241024 31.727363715815812
31.640295918984442 31.68248515458872
31.99403887200621 31.038649682273476
31.046138207634993 31.810508080725803
31.026795252001943 31.829081833935607
31.935150107072683 31.179737363024856
31.010983537729764 31.99548967782552
31.657817434472946 31.6745690031498
31.808216383665176 31.362573330122117
31.877414397927094 31.18606201426354
31.68263592800384 31.43098604235072
31.951916418965936 31.174556917561972
31.345781276036487 31.707530913042167
31.75226888413898 31.406008592534896
31.075623399096475 31.746726192018237
31.833753041224835 31.343123234656478
31.694269796971177 31.429680925283904
31.13523551823521 31.742889928789186
31.972614110900118 31.117735608828028
31.680202385020817 31.527933726468103
31.20126551840129 31.722576420903398
31.875769518882205 31.26079418421918
31.026747421136257 31.932852754954464
31.271239207040917 31.707938960938595
31.064515004233662 31.78033397483761
31.793156417605154 31.388194935890017
31.91737132268424 31.18180133971232
31.797252819568094 31.380276013828727
31.838633666398543 31.324249516360478
31.658378966357894 31.628414169553636
31.96957777982654 31.12753838940796
31.782935331603664 31.404277341227864
31.865272309356467 31.262122188553477
31.876424123654424 31.210618985788035
31.1380343407767 31.732081101286667
31.211304490709637 31.715705601412836
31.801229713881188 31.379161129403705
31.074949404377907 31.779083105228906
31.06363205986127 31.784833770839114
31.51832017956689 31.704284148068947
31.666686326258258 31.55406975302695
31.74767641388043 31.418196305678475
31.637953133144627 31.691772141945567
31.675361453540862 31.55350991653527
31.014424034137736 31.987582782146937
31.026940623902 31.814734270986015
31.04483497195186 31.811902797323302
31.961555916486496 31.142130722782493
31.02006041991647 31.947326178245092
31.011405782377878 31.99545655663284
31.959912417920098 31.156405682107103
31.68178763913577 31.46056329437663
31.89039181164543 31.182667635400925
31.987885852372155 31.104222671381834
31.01973158969636 31.975456556810737
31.02555387460091 31.93757571508682
31.037290149907008 31.8130452125629
32.13910591037617 32.44255361561172
32.99737183256745 32.1967319442154
32.49760733469919 32.37218699173253
32.85026136110862 32.242461084804354
32.124933565799964 32.45823703681853
32.00945345755511 32.82390030138993
32.78181691521363 32.29587263385802
32.896194219696035 32.23549672935307
32.10307680965337 32.54073755229743
32.19262129471172 32.393749313023065
32.00576880656343 32.97096479073547
32.38443838071761 32.38281415564296
32.156799278602485 32.41032014147288
32.5219857078715 32.32239530015394
32.018600183724544 32.790802443454034
32.09074809171731 32.71763065506447
32.683182578300695 32.315709059930846
32.89402605875382 32.23938321665611
32.06613311107404 32.770092058671054
32.05864637959283 32.77296527321233
32.10480460999967 32.52654542571826
32.09555578079136 32.5761020682481
32.78487717111961 32.290252074528546
32.11488908925626 32.493575166709654
32.98955762692913 32.22497125603404
32.12890068848364 32.44271167359445
32.941402247626726 32.22749943084248
32.09105832305308 32.667200382152274
32.31193173363786 32.38319462995096
32.440920374515755 32.375693641811786
32.79623366112103 32.281755751815844
32.99498247431101 32.19840394561941
32.40141035158949 32.37681147691806
32.14225040584717 32.424503030091486
32.838314325353174 32.25578865242052
32.03700735278135 32.786493661349944
32.67024364745579 32.32021782980879
32.0908301361697 32.68646669937775
32.009054633289004 32.933667920324055
32.27735211187916 32.387333251614294
32.46322449678416 32.37412735188724
32.948383070868175 32.22681727326822
32.07557331277215 32.749659040456336
32.81302516866425 32.26905524133205
32.79169218964915 32.28617862682749
32.50286447925769 32.34763063025284
32.74315956599267 32.298378241718375
32.09260284436283 32.59805897852706
32.92807963792783 32.23273815215691
32.00176073169893 32.998282721183074
32.90677872576952 32.23402325644962
32.07454822680993 32.760499458801625
32.997765806466234 32.167051604920154
32.02809814215782 32.789249629482846
32.84504779986583 32.255122327479654
32.487586377495795 32.373546544314756
32.67984636342267 32.31737096705908
32.17040262292375 32.404097229018916
32.286534643307384 32.38632976893236
32.108779934997216 32.511233212733906
