0.5562494277304636 0.5149672993649007
0.9003492563617339 0.1244171609501632
0.10902510869971338 0.7810088822953251
0.9164975953743348 0.0902929895604091
0.6202923933675925 0.3327253726429248
0.7188244169405785 0.20763166720959825
0.3686075631718969 0.6763267086605961
0.3160656699469456 0.7439868060080433
0.5313423935448714 0.6709782490714112
0.9929745872408711 0.07183988731313917
0.011688747893486728 0.8178431412872436
0.009237506562472464 0.8761860850997724
0.2761675068681263 0.7779458652104599
0.8152273450958617 0.18744984894343486
0.5652995793477337 0.4638628016623668
0.6468142206660215 0.30090217303963707
0.873681912858019 0.15005410876619718
0.9956035494045262 0.020603561190361774
0.7536072521635471 0.19268364361510293
0.7091124609634931 0.22591149869877436
0.06995882020643285 0.7848959024988842
0.5349547745467207 0.5738392380330755
0.7325016939575743 0.20581251505178833
0.3161013416036743 0.7277176931223228
0.5687019372116855 0.4040275293615143
0.6021513498331226 0.36817514489350145
0.303347658233036 0.7449643199654004
0.019996969086846894 0.813985984749812
0.7488733654825013 0.20032886038621944
0.6130881658533474 0.3347819086675834
0.7423580287255223 0.20312438151237944
1.8036737817019233 1.7122737359231972
1.591124459674467 1.9206480093090104
1.8327340250445272 1.6006123997729012
1.4357145459526932 1.9547388225545612
1.8097977661975153 1.6152579448921371
1.9381798601777924 1.2808231414250533
1.4042299843904469 1.9812086511402147
1.005878445933391 1.9978838279986892
1.7070215593894262 1.8078542767437398
1.9193596727840552 1.5459189981145376
1.995853590694422 1.1237859904512422
1.1285286556255247 1.9822628866817844
1.4495832280242147 1.9329123392765772
1.956720442628882 1.232363183470866
1.6121877202477544 1.866851626651778
1.5931828823076546 1.8984041749536615
1.936690633515628 1.399715329439633
1.7673775042110647 1.7878214588281622
1.8600376695972112 1.584064582458894
1.978095341901068 1.179566116528715
1.794427804002899 1.7384282889499874
1.6968425796446036 1.8541894237199168
1.4424846962706366 1.951900209658754
1.8605592381737104 1.554884584458979
1.7446667064631871 1.79645531959968
1.8041549784501525 1.684302739117582
1.4118470722396674 1.9758600359710448
1.983042622991989 1.1437397676943553
1.0405404078969225 1.9858293543669778
1.9269569190736926 1.5454183475395586
1.9969471937432557 1.1064227903133839
2.8458466831849836 2.5764312984385698
2.6249694286246634 2.589938661264935
2.9097981343519352 2.571113679241073
2.3592906584721565 2.6353697657954234
2.114738058000435 2.7285645116456747
2.3902132839959704 2.6281530533061295
2.93473294160383 2.2794239243003087
2.9497091602494803 2.1727908648905956
2.012054532465049 2.930312451365749
2.733515436452004 2.588389781788423
2.178705493828288 2.6426544767566496
2.551526901905968 2.6192116396028213
2.019773487528723 2.859948805028984
2.5173449563514794 2.6224717950542553
2.916861373733162 2.33964724334477
2.0364375388924993 2.7418321390654343
2.7153405863464313 2.588978982144253
2.789602472184936 2.5863106188942195
2.8745034266472014 2.575694187835115
2.931673193464212 2.2842371848751237
2.0162024554609044 2.878243530901455
2.173004648274644 2.719413019212642
2.96903624990826 2.1348440125977404
2.0283642752394533 2.765356342204437
2.9796073672617895 2.1095085009207746
2.1785932813502926 2.698452891435407
2.1582884683577097 2.719666179471054
2.913600692142934 2.34460370367606
2.94832171175573 2.1759099389558765
2.935744002272874 2.2731993838213462
2.5625181342995935 2.6071181163455504
3.8165629622165844 3.8438938970910286
3.66676503086748 3.9366556801319694
3.39945360107118 3.992264777400201
3.8848809682973937 3.2108707706382296
3.878058116982461 3.2505894419860724
3.8592172268445832 3.5294348496917793
3.8721773001678885 3.4102287908931403
3.95850125833645 3.079270610082342
3.1554913908801865 3.995609285390098
3.4654184003937516 3.9859150459981967
3.760948808815802 3.9220243855643346
3.9377964147698665 3.142105797418333
3.4867114585067793 3.9560972899816274
3.8765663546958145 3.356238107327069
3.842075530543192 3.6735630386422904
3.715095665240444 3.931757365579584
3.8962582321788943 3.1977032004955643
3.7797962483043017 3.863213799561197
3.907752216469438 3.1570839052918576
3.9795737498209736 3.0496413086296292
3.992440901689794 3.0459509533813556
3.866421975880291 3.463190098968975
3.847530854591688 3.5535449443741887
3.9743958710715597 3.0583027232021944
3.4991916822680587 3.9505082251106343
3.827082954061545 3.7772351907635935
3.845846072794004 3.636417745922318
3.7166761859815898 3.924419654832988
3.4324362195292197 3.987188544953204
3.8301008107470538 3.6812024238675076
3.9463817300877526 3.1207223552681898
4.812928159503109 4.742526196402372
4.298562310062073 4.986392340298874
4.304030178664437 4.794706502159175
4.740148814332514 4.755417812836428
4.994780837661377 4.422484580033558
4.212937853985542 4.986964886429751
4.96073567807139 4.595191067140132
4.972862644827802 4.479041291716682
4.444747581769439 4.7564818949021515
4.879735223806346 4.679904878873366
4.3255328612065576 4.790374710746804
4.301834151381411 4.949784740656427
4.861322467917756 4.728995091492314
4.403319827422917 4.7790282793060195
4.303494452935553 4.876451370433411
4.945412005126479 4.660720528496075
4.302105294967796 4.910398340076049
4.102436320051209 4.986994548221954
4.060241773073583 4.987764368564103
4.407459894209753 4.757537909683908
4.997585941052016 4.025946893691672
4.774027249902741 4.752263186442234
4.775427656202121 4.746068341044068
4.254482457775085 4.986892866790408
4.887382711780418 4.662451571203013
4.745851380031579 4.754633368600335
4.876198722600113 4.7043066054594975
4.010674003117824 4.990017334149982
4.005371161017597 4.995712581112455
4.875670557808073 4.7109430329518895
4.975635744182073 4.422616610688563
5.727223307043161 5.971195070775055
5.651267296077067 5.982728350340711
5.855153782665022 5.423616740036373
5.795249924581826 5.720058310098059
5.93652975498626 5.075628261586442
5.925334269235218 5.257933329905423
5.175472198514129 5.98840520244198
5.939555853875135 5.024528523827787
5.562912723047033 5.986637347989163
5.885331941575055 5.407935307299106
5.847987134079961 5.535008699762069
5.806369784108121 5.545945223776692
5.742955369328667 5.720926837980003
5.890216172015074 5.369692219112919
5.047490595248741 5.993104051484512
5.739796054900004 5.732781791663136
5.907486141593338 5.327172048805641
5.736372606828539 5.797434326840516
5.394577945542148 5.987597837420139
5.881663917243299 5.4159690565150065
5.930743770185293 5.163265270287003
5.8005054811733965 5.611538764258199
5.928930409874029 5.199309888672988
5.6923374088893235 5.974637358653799
5.8511593667977175 5.4885670785348
5.167558567336373 5.991067228840734
5.727661660760169 5.826371399489479
5.984991356653738 5.0163585787108795
5.9893552892956645 5.007910406479485
5.924301227569791 5.300652650898965
5.895976567531976 5.333387997494977
6.341279983948054 6.479423820493523
6.696511533342397 6.1299593714060645
6.824120323796781 6.033705188989701
6.4727115439989795 6.390243777994384
6.107028000057524 6.933135512105825
6.83853535565884 6.004763778690672
6.2130854512959095 6.600439885914887
6.0207069653976 6.96346924119499
6.649115626788653 6.212545890594378
6.1305014312525925 6.690850669962076
6.451341814898178 6.412356048417077
6.2390778724184655 6.532103303672521
6.195795005504191 6.632766911982452
6.574642369690527 6.272845196654034
6.550509017745407 6.28288961148502
6.651805861843406 6.186371557862193
6.5211616259565375 6.336623966577484
6.669133518243388 6.1423218045296535
6.798185827406325 6.064833050714558
6.422537411663206 6.471363366283569
6.4799067616558865 6.364053936650391
6.575730872166617 6.262641589524782
6.1162144322746395 6.864139986848174
6.125781098010172 6.717139420380605
6.2367913882592605 6.593177630234447
6.449381245632461 6.436649315029341
6.62854382832621 6.242433828338902
6.778157815611754 6.075673912223811
6.749916085106642 6.123324284880418
6.093184034477431 6.943880855083397
6.202456166444829 6.621934072742627
7.054889088223701 7.05739811505311
7.621633271101247 7.013956782305611
7.029688061398814 7.3680882564158905
7.025686090701282 7.979822924196668
7.156646104085924 7.054643450323601
7.612027445103048 7.019875105453045
7.203745916457665 7.036860731493224
7.051923424173634 7.16755878047838
7.46320363581954 7.030686399118184
7.031764351628178 7.277856565761376
7.652752361562648 7.001294882027816
7.053736521187287 7.090999631456416
7.052800939064681 7.143720225813521
7.62188050059569 7.009871826987689
7.561385317146497 7.020311765384516
7.029146289743652 7.740113664196016
7.002839602841422 7.987516886208141
7.288878965757607 7.031152207102258
7.187497010990718 7.0393845888580335
7.62759922284631 7.001482385069113
7.137439599045842 7.055657437780868
7.531328212569186 7.029232579353612
7.898310188108025 7.0008982089550695
7.369412980821368 7.031122359889758
7.129264379143439 7.056491949094419
7.68456612388966 7.000984513512461
7.026342514417321 7.880312592496097
7.037434376813965 7.182369621250622
7.17525616663829 7.045555927997954
7.027579519510316 7.8420200845657675
7.031866403122123 7.191173287359595
8.296111257821101 8.639737984527065
8.753771034799344 8.181693919010497
8.019646354091579 8.673083462663584
8.703993284007819 8.503388305558596
8.881459229779843 8.10045545515983
8.884364292359738 8.036378974273973
8.718532517312024 8.464498983029367
8.715542807313307 8.493159776896357
8.024578968965614 8.653530991250701
8.002552662820989 8.815377305762997
8.345419498824926 8.558681322078423
8.34201358810201 8.632024220621675
8.359896846394964 8.538398867119295
8.80174571762265 8.155894088741737
8.855325484203995 8.148348248212613
8.651957027915206 8.509153120635457
8.74928507791033 8.36595791423444
8.626239803732046 8.527405859251127
8.31132024374036 8.632760323990812
8.916973435123271 8.004215453195604
8.855777634840537 8.110707499910475
8.005260415842821 8.673753819348542
8.423432225029101 8.52952474575574
8.727718706682321 8.463888244327709
8.91107721923832 8.032607985796224
8.638343727292144 8.516299143738125
8.733412492415942 8.367525023822957
8.776054984725654 8.168443613173478
8.000531458536098 8.959858155786385
8.250591062553825 8.64200215817418
8.620520320774519 8.52820772452119
9.563668769476267 9.292310855448557
9.779568828152591 9.242508795320298
9.519278834239518 9.41185250168375
9.506244209193925 9.463524575787137
9.406277722108847 9.89641276503537
9.799468593666367 9.079817673120075
9.04026444318319 9.99438409475027
9.363295298891327 9.913772780111524
9.677135888992776 9.261959848047967
9.413425894801659 9.601721913184026
9.421911937366673 9.577962091144862
9.442551830948705 9.523398584475618
9.503361409143015 9.504077335542398
9.313152482518708 9.945335033763627
9.411292606251614 9.616623688651954
9.562574605749928 9.29267044564755
9.996975989786332 9.022088444511201
9.770271371789832 9.25349885972376
9.977133180035581 9.030510691482732
9.366364148409385 9.908493730889385
9.55136606300427 9.373289424331407
9.911984887633238 9.064764942823912
9.146097012660263 9.96257749444285
9.503877833036567 9.484477827930327
9.400383474778785 9.908366764468235
9.355433187117665 9.921906753472683
9.047313433478486 9.991293615642746
9.262155795608178 9.956335459894873
9.779883911754856 9.221759391102685
9.44586067655751 9.522671521694868
9.7861260985444 9.112413551362996
10.382857591594911 10.861114442628292
10.774966043253421 10.168425592588436
10.457582847082168 10.710852459545606
10.47797026510682 10.303464687361657
10.567875627627707 10.26071488466004
10.269894338453657 10.884823158522522
10.91730892048662 10.040291809896612
10.903477253587733 10.120227106186016
10.455806893231472 10.786277072849714
10.74459127173362 10.18799798949709
10.894308986153161 10.127652184597313
10.0543021493176 10.911681279668045
10.548327262310595 10.28539953786809
10.572587207916541 10.209369033621028
10.404828145369411 10.798096877640482
10.013815702291048 10.930685234818217
10.554290971903434 10.268816361051636
10.81095794565595 10.162249738773859
10.95999966104722 10.010562969291007
10.940644457998049 10.017869020876295
10.473687498513666 10.555067509378114
10.39751580822378 10.851004552572043
10.271060831096468 10.873018932604367
10.679851966622167 10.195031847518376
10.667212337016412 10.199759584617416
10.084067544711841 10.889835862465585
10.874103478696092 10.134362451270624
10.459404366074148 10.562924876135733
10.927311921760786 10.019643758375217
10.117984580694255 10.887767985517778
10.821673577903194 10.14147017401077
11.96252149360213 11.671060512865855
11.470696454325136 11.756914310630039
11.171203663712038 11.774816657939764
11.97635385788385 11.299092516447697
11.698613804422743 11.692005555732965
11.013009983627368 11.798676284811949
11.976056088617664 11.390025659946833
11.985274942228687 11.031287182741266
11.579456632606217 11.699236672022332
11.56591492813686 11.734392526611426
11.96923692906987 11.443908687294893
11.541879589555258 11.741784719738888
11.015853042117989 11.796997640630005
11.749141782183184 11.68157170509721
11.25663234237199 11.7675405369437
11.130326230657667 11.794398256422815
11.148123849179285 11.782853491589929
11.42851023500554 11.762023251160715
11.983331037147055 11.132163872894214
11.964217800143588 11.528107030010087
11.247242660154177 11.769639294261232
11.976820609024422 11.182194783107093
11.97487248847966 11.393437708383132
11.574551169378662 11.703913051398517
11.559118471187132 11.738532834712
11.001854749257603 11.860910591870324
11.110654022455467 11.796372661363467
11.707701393450686 11.688733529413792
11.963621989095685 11.664046436672049
11.402691293705047 11.766379554553053
11.573219398749437 11.72386883235818
12.968481176397749 12.46805498878646
12.039210851155689 12.570559054052149
12.000628585391462 12.628648353752078
12.43494848901928 12.502044315439484
12.381690717742911 12.505433413168118
12.465246838026955 12.475171956144152
12.261740811796978 12.526644997644206
12.986465316568646 12.309887126013885
12.318816049549028 12.525196573973025
12.969365307675913 12.405208154978489
12.553998717943951 12.472740269546762
12.351903012176498 12.517140622639655
12.010485547404455 12.60297072207383
12.443365874017212 12.495598464764072
12.98929576655196 12.191739668792959
12.017079317419109 12.573148588115432
12.557250398219882 12.470081584754594
12.179434509360812 12.556888497454182
12.148796935652676 12.564318581827086
12.994297201323915 12.14906841356042
12.978910375232132 12.3674997561127
12.255982285734863 12.532625853589574
12.45237436540917 12.47772495623731
12.248826674405535 12.554810364925363
12.452578636006793 12.475857020512763
12.010508903127539 12.575011033763142
12.9949828485551 12.143053851054495
12.768937572067724 12.469569301625517
12.983856329437812 12.362871861560361
12.139022625964254 12.569177134880217
12.010467103368661 12.618787845861984
13.986703797372456 13.582291513618372
13.995419289401143 13.039873977668414
13.5707889189958 13.709382038419495
13.027793767220297 13.945899147939807
13.309770539412751 13.938623206567808
13.336548583865019 13.744268460577416
13.418134307236654 13.715440211177397
13.617952227244206 13.629994203850455
13.980990571540772 13.586654576638816
13.027553668082838 13.974732065981883
13.80867239735086 13.60960959089745
13.98670718511223 13.143300083141163
13.987902953283486 13.115265617136988
13.405564470609695 13.718327059165706
13.990795603406388 13.08162819585126
13.950823062406888 13.6005674500183
13.597015977667533 13.708659293103862
13.399578696363479 13.719673079232104
13.792885560436877 13.615259575554944
13.007351811080754 13.979097963486973
13.844599131543193 13.604724887278792
13.323468820862344 13.764368776494829
13.903784339321358 13.604086675831427
13.309864186091186 13.765704435615236
13.546934732877197 13.71062085618098
13.665502353898757 13.62709925851522
13.774407083752642 13.623769335463528
13.996879118067126 13.029889574972348
13.176454856670226 13.939338384582621
13.383999114593301 13.73526390517436
13.60916270234698 13.638675444614737
14.432322845461309 14.209165461198978
14.299345382427221 14.624360920722312
14.188150615838222 14.880839469459236
14.878141731383128 14.031293443301903
14.278812477968103 14.867722835833122
14.33950002448393 14.398571616334483
14.359973115536736 14.243280594998534
14.667377109570136 14.047762331284863
14.278843518844283 14.742794775051209
14.165784160909775 14.954253806338023
14.564853544981274 14.104849909845358
14.482039309623843 14.184058555032374
14.30466517263347 14.551532917986231
14.938293860785887 14.00117931791101
14.286713869197524 14.64857629015961
14.560865905932078 14.146358929696015
14.241610189979644 14.8716636602853
14.31611544841273 14.43221919724133
14.34666768889395 14.323089049017284
14.552482494206025 14.165874163704192
14.483273862100425 14.177517813394998
14.345788874080343 14.352374241947226
14.100165852496582 14.960940410908975
14.8572569798962 14.041766973900002
14.593769351029804 14.064746784022956
14.288640053797778 14.641638092104087
14.339981835460048 14.354195059214348
14.352000488131162 14.28349507580715
14.087521148935672 14.983198527665571
14.168660634434287 14.93742974139169
14.915604250719444 14.025108733164883
15.12101494049961 15.233649245593956
15.953929667644974 15.188949512378898
15.075210072733453 15.322384921492723
15.074023622602832 15.63886636696582
15.328582763383148 15.232125924624805
15.059117129954563 15.724329778517625
15.043067264340888 15.774005340477052
15.995797311009305 15.060048979614741
15.654298859241583 15.190346626021588
15.045948092258966 15.759972515675432
15.501891552267598 15.204113676032287
15.977682781620702 15.143878036471918
15.433019906927504 15.207457384438413
15.015672471901844 15.947717071265194
15.653250361782286 15.191263552951993
15.02120645108719 15.908371446711554
15.090693531081513 15.290821980020253
15.082937358041235 15.292688588233348
15.034555920422438 15.889227545661125
15.06533218066298 15.704419729388672
15.589408802742044 15.20073069226703
15.074566214045573 15.550101510681241
15.414597613992953 15.213995776155851
15.036395414057349 15.78534847493576
15.474490993464425 15.205468979673746
15.11731436085917 15.242754298020447
15.386170040469043 15.22976386846776
15.539018333561033 15.202825596617803
15.104840572531737 15.254567219298876
15.007717605129313 15.9559019636387
15.035988770179967 15.852513282391378
16.46167297962348 16.943654463421534
16.488338408809735 16.513817554351597
16.57451546956994 16.341342637540833
16.643358523090445 16.29226389263194
16.773462705415778 16.121138308628176
16.468395363438265 16.93994898000843
16.5250278645501 16.503764842197814
16.56546789461425 16.383526895266282
16.76774637673782 16.173889830736385
16.21875070602749 16.99157571484208
16.29412841123946 16.965504832272167
16.659332874128385 16.226941784186646
16.725032426699055 16.21699169203357
16.550303103407288 16.453951024937172
16.96239660397419 16.019813521759723
16.629335170716434 16.29280952688981
16.47815746054 16.632287404585405
16.267283422984715 16.976082702513107
16.435372510122534 16.958712081020757
16.95434743704812 16.036582378986648
16.571079343111506 16.362598471769804
16.800988952485028 16.038198103964415
16.51972910934468 16.507389452498703
16.486037897611215 16.555029702655848
16.288126682960783 16.969596236104998
16.148241930207586 16.992190738796577
16.621375385012215 16.320065835286307
16.47431943201759 16.859421186242848
16.649543097157917 16.241394959143122
16.55300569528547 16.390206805673508
16.643837748527822 16.26757483711198
17.223197546178287 17.353524560540887
17.17887367461884 17.82511188709383
17.44829567531959 17.250936308650548
17.53257323577435 17.22433339747999
17.11539548868313 17.971111413734594
17.47605445111025 17.249224947031138
17.703459742417472 17.132939726643205
17.76160027428119 17.04998564446274
17.39554215936052 17.29401308402255
17.852250352565978 17.036493757412398
17.930110714229073 17.02891193263941
17.18604503290285 17.694877486446078
17.0899403556904 17.993933134566795
17.561074862622153 17.17398121570519
17.194207130292675 17.49658252678054
17.64495407475034 17.164984282517313
17.258359857542953 17.34934040568913
17.53852184307655 17.183935789985867
17.15670972888305 17.94997088081854
17.18058151486285 17.7742585798529
17.971526713163684 17.005143611284524
17.20755003411171 17.478857077525795
17.18532144894326 17.736272174242863
17.1904054262552 17.601333886396176
17.160268057170732 17.870634959037073
17.534232215740822 17.21742984881481
17.352604492445888 17.327766150297084
17.705101915884242 17.082949566433836
17.55486315701489 17.17453364333238
17.76591141054846 17.0496057934927
17.428540271529467 17.293271041167856
18.208112330856164 18.731418891381182
18.454490274959664 18.553698496306087
18.71700070675275 18.411895034134794
18.85300383715589 18.05270497928557
18.540317192017348 18.475179870779
18.134781735410005 18.823449387310788
18.75768220012983 18.224579166053385
18.391346467375584 18.64355240679431
18.839299061281334 18.193886904639005
18.32410477416279 18.68305862314438
18.302367663598332 18.723499561290676
18.625068475780804 18.454161375426978
18.203373660802825 18.73948268427293
18.772067366383826 18.196466191140065
18.90800375471637 18.00664076171133
18.49126875327599 18.506573467629195
18.661266653552357 18.422836575897158
18.100272509570917 18.882402358070582
18.092388775783824 18.90127357908598
18.18365932876333 18.763702917149775
18.973173866693205 18.00527784643927
18.73395557737607 18.388583784171622
18.0861911308948 18.903193292862618
18.330662370673657 18.661517930177602
18.359023268353152 18.651982839788012
18.048356628197162 18.98306032722405
18.163034106564332 18.792830529359122
18.439870362050687 18.6432431759018
18.256952715852165 18.724069138453274
18.512704292888376 18.505815084521924
18.07772784758912 18.927119071339522
19.88395947266792 19.647671618800107
19.996231235282664 19.276717139493325
19.628863033344178 19.949257565159208
19.939014292748592 19.32205224762634
19.904345407718893 19.419267042186025
19.829282733059607 19.650159026511506
19.641634717654924 19.673211897911443
19.80793445300998 19.651794544482176
19.95079443763684 19.285151777717374
19.569439486113204 19.954564027632607
19.174377182480438 19.99755821771283
19.889244770899563 19.506686593000325
19.451280842589952 19.99332971845262
19.54658992101085 19.97589610881048
19.948390430574424 19.292427549517825
19.92298937094122 19.32292021893425
19.835476516927866 19.649419898975406
19.89068631212369 19.436178287743452
19.637296512813673 19.767851166312568
19.221462589293598 19.99623928984752
19.762989945078882 19.671084506993417
19.476864638187724 19.990375634379227
19.59838393518951 19.951633961665845
19.91512926855558 19.41457463303184
19.634823618213463 19.892259222632994
19.26398921464088 19.99355013117409
19.94210537984185 19.321568809993884
19.19013982648777 19.99687450650947
19.55260715047445 19.955085630989174
19.887717768354886 19.552642308714148
19.51480163153718 19.984770546886594
20.2519138613606 20.58478627896139
20.879001444510404 20.210538341588972
20.720013201457952 20.543977186674987
20.964726655100907 20.058933858774612
20.12253306932088 20.657207753697538
20.806621532373544 20.51064181843577
20.176973552280714 20.63869911012116
20.10260414003156 20.98769495002873
20.90498628711013 20.086520653932148
20.837764392223182 20.296235201630438
20.198542063120083 20.597640720106533
20.823654527939976 20.402661751407138
20.983834185542197 20.039366610356716
20.889835380920037 20.099983469294056
20.779918291275813 20.513880073407158
20.68517108981253 20.55017696082959
20.364185842443803 20.584242621278488
20.889592098935303 20.107461397611335
20.38557382143256 20.567047583851483
20.117798375283332 20.941061170576415
20.727294578169264 20.534102009288908
20.948656078096096 20.06924326114298
20.164485243678808 20.652497255288317
20.631142863151567 20.551733881267833
20.81587398048849 20.455580876653734
20.885722416517453 20.14515333039517
20.456834904009238 20.558332772470724
20.873242636979118 20.245412937778863
20.888120790631966 20.11672314377933
20.97066068954216 20.05022992680307
21.43551195352756 21.36950080311925
21.989358312316575 21.240896557973375
21.109924429892963 21.75109875900244
21.122678446057122 21.67296671950368
21.0774614366353 21.83236644326585
21.888413010328794 21.357298656958573
21.283531080182833 21.568378353521975
21.92120490297549 21.266038528315157
21.21271303421737 21.665475279742935
21.292202612918405 21.441668925206958
21.69437840425337 21.360738646564368
21.09646866236953 21.775978568300868
21.043411929289757 21.942132605884844
21.21459694788844 21.6388480389947
21.055876194185732 21.921036201706787
21.06680483950373 21.88412746017972
21.28141993935577 21.578620141591767
21.021174459489536 21.943233635846685
21.915246776628273 21.354478577826537
21.222761150442697 21.609061195854046
21.993394230833612 21.143955498003482
21.656502741986856 21.36652199425371
21.49559364926448 21.367082652632604
21.087215687508888 21.786396091638856
21.968402320724397 21.242222599691537
21.10616694561922 21.752509513274713
21.150085689545097 21.669745959809376
21.114306806292717 21.69157997789471
21.405836692093267 21.393160842760413
21.276265117864405 21.596358490852474
22.859895783977084 22.859968224463433
22.367017478122406 22.87483339683404
22.578420565844358 22.86312728758172
22.31900132068517 22.94576765454207
22.927904069828376 22.48756052758407
22.98563144566172 22.064316046299382
22.935152949302974 22.25809721349024
22.861659265919503 22.675139802523237
22.964293282499117 22.21739495797463
22.10703437415079 22.952749717616573
22.930464073826 22.354417314249197
22.875582527340256 22.629761347714478
22.99684701206011 22.060397528152045
22.36089395022405 22.929618572722195
22.907018388640378 22.55571533857978
22.87585473775598 22.555764251141003
22.931330684169545 22.35103513824818
22.95139265219841 22.25204801201487
22.08115392174997 22.97382978646161
22.842576898365376 22.86226171311678
22.401762338733924 22.869143757488658
22.9709774942443 22.129792348523857
22.91426749330154 22.49458070546216
22.19284060916928 22.94720407884514
22.93182743934193 22.28019254957435
22.024384880150645 22.985742611308847
22.982384586949077 22.110598331950726
22.930337341816827 22.48201287870094
22.94844440039856 22.25627746670391
22.10738699934644 22.947258271450114
23.48250403264273 23.57662914576809
23.546460885725843 23.52527706923719
23.090934132359983 23.68771810606104
23.631287543132444 23.003401092793883
23.188296571785514 23.580560013596692
23.02399289476662 23.90295680568714
23.552735825203936 23.429950372752693
23.556238593766974 23.29802960956298
23.630832467273017 23.174204427598905
23.037895341583734 23.809500617852173
23.493319379371687 23.57662465500472
23.142884255800503 23.673393133121085
23.579472260131805 23.23309030826088
23.074497999134934 23.739731406712252
23.003153292008065 23.9113488787606
23.546870732032872 23.436575905253193
23.03785110731727 23.9020331260697
23.9865898473596 23.000501277664643
23.554949047988483 23.400344996720143
23.62710680809543 23.21781830709381
23.16924006950472 23.582835451547155
23.54658925789333 23.474598155221003
23.911266162691565 23.001308379143207
23.14899545574176 23.59016065308902
23.00085023367186 23.95697515954088
23.573964787293807 23.23997673317493
23.038712426129116 23.788535840813914
23.50336079011706 23.531556097174725
23.147442896568943 23.635167255052163
23.630234383688492 23.187947390650645
24.27690479032573 24.634663525253533
24.791498120560227 24.088612026190155
24.716627142108138 24.164160850937858
24.432131561608784 24.57420825165982
24.00513984466945 24.66299566064198
24.117699454041517 24.634907938920993
24.547638611384595 24.364285126170984
24.594702427171473 24.233765613046998
24.956695294203875 24.080137717830144
24.726839838001805 24.102430294065087
24.565729085854958 24.280414447775396
24.693925710520933 24.191691961540418
24.67093530063128 24.225622573513043
24.534234002238474 24.42652335422451
24.479274519455284 24.44598800842521
24.087667688515072 24.63761331794952
24.995134457070854 24.075614003952655
24.27725847567647 24.59057946459333
24.674654672693816 24.20507444924595
24.687405940688958 24.197640909339576
24.340445496527245 24.575429191098245
24.056869154735047 24.641025837118587
24.553548150587474 24.357293158835475
24.436684476100336 24.464175988215192
24.6510539438703 24.23164007278083
24.566025263778215 24.257188252104264
24.00038278951273 24.86723913232651
24.005093630947943 24.80987303431985
24.112437740786564 24.636542831496424
24.01174648839827 24.657058271951716
25.76011635540162 25.485713375268173
25.22481885834096 25.960062112753178
25.78499993899558 25.016977152543298
25.23794342413501 25.871861455878264
25.09296073766494 25.992950221851345
25.781137684283888 25.42612813921556
25.377325710255075 25.589812897842936
25.37162617109075 25.773068752633495
25.55262513248228 25.538007010856678
25.764264298917595 25.44217116835077
25.266138245929103 25.80075999603998
25.454033766900057 25.582183118388585
25.27050661338151 25.79016544794913
25.14368471302472 25.972897435736233
25.5311783840612 25.542606871690875
25.406778739456296 25.58914010678453
25.645009878900677 25.531906494959173
25.839322789502322 25.00241076102766
25.48040124457464 25.57133051436569
25.142718618678593 25.980390208161317
25.37345006103383 25.721102156883013
25.74506395107178 25.530158161961076
25.103040657699495 25.985154675803354
25.260197461647135 25.86805578459745
25.755598190678207 25.510254068107436
25.03379914838672 25.996584986120062
25.225633027226035 25.896568340424707
25.783753288418225 25.23652907203566
25.316635649126223 25.782622071657272
25.356961168662615 25.78004353764235
26.911851908282905 26.72564222112478
26.72117136230075 26.871050228733782
26.543845046700124 26.911484804565575
26.92642535652267 26.32732138716854
26.453822996659085 26.92713386980034
26.943287158013543 26.14638141410998
26.364945182181053 26.994198565675664
26.70314691436896 26.891684269274137
26.89266802380712 26.741422034791732
26.942656465643026 26.210738102689785
26.727593256219862 26.856642699915408
26.562176534179102 26.908448858900403
26.437811338262225 26.966404778754836
26.930601252662644 26.319903086430774
26.982982306798277 26.02372017639913
26.140366316749784 26.99632847056165
26.78756283624692 26.754215417659182
26.956423140556247 26.070591623057318
26.600708735938664 26.892600455583118
26.441019910010347 26.939940838354403
26.74340669526857 26.847917644949227
26.920921909784 26.679343869577693
26.939886320086575 26.280092350772797
26.400301381961455 26.968994049613123
26.976394950246828 26.03011906629848
26.035999617531665 26.9989890373457
26.913679734400414 26.69239937273337
26.454177898898923 26.923963243958795
26.951527209300032 26.101435644381798
26.28375062364766 26.994968132319073
27.41630211611083 27.184433133134853
27.029395132965636 27.359813084808348
27.70329941327843 27.036977759361925
27.093026318599268 27.25708620743765
27.389920982050437 27.194666606451904
27.523904039914 27.13264547977513
27.228487281171763 27.247946175106375
27.93417967596315 27.030089890189842
27.06307454470124 27.34133756725942
27.66021566309761 27.100295993552376
27.466667040833034 27.17408744223215
27.493114680121423 27.145192853523703
27.010929624179127 27.607652542475233
27.582974741880257 27.114744895763945
27.253312770151158 27.198925986784275
27.0121443016978 27.486605676603904
27.01028937709873 27.803683058653636
27.00430568108419 27.89826764259883
27.69258144906217 27.0450783613327
27.092960232414438 27.305311659761774
27.08619262362717 27.334828648854593
27.68044878206438 27.054734093239126
27.410429521025705 27.193745307367035
27.289214174251352 27.195720066078078
27.98751787976598 27.019772908143292
27.005274632483296 27.88876277294568
27.268652845289623 27.19861360052137
27.025613686163076 27.450705728013897
27.076059008536856 27.339724313570496
27.549845928219817 27.122296409226536
28.075536609051774 28.111067518584715
28.0592949877856 28.144703231957752
28.1236855977338 28.108119062561467
28.517614618963815 28.070748455456577
28.016739197854427 28.498846022092298
28.045714866112878 28.14553698744121
28.01289261405283 28.964946466986493
28.93269607543132 28.036121722380045
28.034445930184077 28.39679519819897
28.013388879459495 28.6861134562781
28.015434329537186 28.547746899015774
28.189193897643158 28.0927607225213
28.04093097222946 28.310013858634957
28.686891718941034 28.058815999115488
28.010010526770266 28.989033159667386
28.17530112906304 28.108110648768832
28.709472203661807 28.05420038547303
28.80959840593887 28.043942444470662
28.49289715266292 28.08360189996139
28.18676889234143 28.096429212680658
28.426469617327108 28.087422689855703
28.03458040208982 28.338132129696305
28.56156690980612 28.07023756048601
28.568009371615116 28.062356453322465
28.242213297294434 28.090873595211466
28.830955205013996 28.039954470203632
28.9441098075567 28.027604796648326
28.813302638677165 28.040958128621575
28.65318799205759 28.059223569855696
28.301044257897335 28.088420685179987
29.243761580458063 29.18535611551453
29.77697799515623 29.04006010959781
29.19748925831235 29.20188204856638
29.535404838034815 29.06164603694637
29.494443771584624 29.180329155416945
29.04356534483211 29.714248519442567
29.190110624847595 29.651064588730144
29.02068260169525 29.728789254935517
29.195120709354676 29.48055021969041
29.974300835075752 29.02983631285758
29.51457502420812 29.17011834179724
29.953879332596355 29.037622261770647
29.00973183879029 29.774566059634573
29.10785964093028 29.702541490329587
29.089302452190662 29.70428736909298
29.53489344087163 29.096059088822926
29.002284923685785 29.91582940348593
29.672754457264237 29.056111445489954
29.781066072983286 29.03810701930701
29.52222031626718 29.156340001618766
29.686727284060556 29.053044816464293
29.045022134661853 29.707881392272466
29.976296794008775 29.00487105465391
29.195701385914422 29.297933819823342
29.009445949771678 29.8381835431576
29.359820360683006 29.18287351111137
29.150107058747814 29.668554210002835
29.691363447263118 29.040934069818142
29.858431631001494 29.037931955078534
29.13604563524165 29.677093932825894
30.562819745519857 30.683557860497846
30.5727950728493 30.296868073551117
30.867801198499798 30.12441016989616
30.212827285044078 30.706605340579326
30.00323577697752 30.711637154157955
30.983332571122713 30.012049693214816
30.778962198851005 30.277244968360506
30.72987116989637 30.285897949610682
30.001493174384933 30.903594464319003
30.944804194436234 30.017777441278522
30.028327172898788 30.71096347203153
30.868250957522434 30.056216337419485
30.562976604049815 30.415914315216337
30.83719216842972 30.17690995876074
30.570010764926142 30.324198954081098
30.393473749347056 30.68770875596378
30.803270382522122 30.20402243279112
30.583219032533524 30.286127032223952
30.9039011721376 30.047934128903265
30.8399776299384 30.150335633620525
30.85189899135331 30.132131491327016
30.568996805401692 30.358326432660522
30.785448351167318 30.239564915411457
30.928691315186015 30.02910087431434
30.286669359112494 30.69560873777308
30.27025258022248 30.700964392223955
30.000699581611023 30.949107405904776
30.56890447806419 30.380191379597125
30.814686993608188 30.17753735142072
30.90177314591628 30.051791324570853
31.040597434852835 31.42595710761763
31.730524209610646 31.034346449057434
31.267429154788882 31.22521160381713
31.53376552122193 31.178542913999358
31.229820255534918 31.245054785414293
31.685624308490418 31.112983681147423
31.064334008678998 31.303662714274218
31.06598054548586 31.302041437891987
31.445584114525765 31.18577592722017
31.67980356281871 31.129488994923673
31.015174248062916 31.54801092084092
31.12661865339773 31.248297899812275
31.075774167871256 31.254037151438
31.76548992950712 31.031607895458965
31.70127889443089 31.102838000465457
31.0346810221955 31.53149660149634
31.626869335680226 31.130982969412482
31.343106042778732 31.18878327237226
31.480186763924767 31.18508598228333
31.93960233020404 31.020081094447693
31.53418595537488 31.134521517581003
31.164942407113134 31.24583470082381
31.006744093919604 31.92412232926669
31.685173478881865 31.11626945462735
31.06063638703044 31.307743471915668
31.00786968903513 31.56080645601584
31.704079068323423 31.08358243551262
31.265319717706156 31.237746883847635
31.066805737179514 31.291567603746245
31.321134197382506 31.213594976115186
32.92902038411198 32.32500462043073
32.422890275635034 32.884794447410094
32.77911160833484 32.77257682149678
32.667956702501996 32.87542760068182
32.86731099425593 32.57307852327611
32.83497677959352 32.58418203526707
32.195944946537715 32.91673206199439
32.97941926081743 32.21334342874033
32.74362380715016 32.81628820710155
32.827068825854475 32.68103770026068
32.16364098035192 32.929020868954254
32.833577658597946 32.645878925812255
32.90697286311706 32.518717973212595
32.26258585062634 32.90482504488873
32.070169923557295 32.987292989593676
32.142310602402624 32.94117985980729
32.11494003528039 32.94639008334286
32.96481990556378 32.29996816016145
32.63255575115938 32.883449229283464
32.93625718775382 32.31363783272306
32.830697773536066 32.67209972956996
32.81686955129543 32.72030099966122
32.90174699929974 32.52411444953498
32.282359214924554 32.89533504323819
32.89950589134144 32.52896456691611
32.225406043975234 32.90884064465789
32.783506602028886 32.76841360290315
32.98720488190876 32.102697307206284
32.91147830095238 32.41620056936597
32.918672177717255 32.41553593097739
33.4792903035793 33.52105908773386
33.91666398946676 33.08658185235915
33.673876216765414 33.24589291032766
33.371944710947396 33.882024032325496
33.608275907606426 33.40975703999467
33.49234600752427 33.446975266329225
33.00171160418793 33.93439805891488
33.18199053458034 33.9293173881406
33.63253639497823 33.37053251276543
33.20894775263549 33.89571627079312
33.788915279322296 33.117466695865566
33.67779968435614 33.23201956622265
33.47762491007916 33.537878898586435
33.38085372699951 33.65301529159102
33.974266093805674 33.00153544526511
33.642105082269275 33.27668181590388
33.193365624480094 33.91751973607605
33.42454780684939 33.56395490462953
33.79118527051259 33.11291467401655
33.62716654374448 33.38614586958301
33.37210527535152 33.80381387943688
33.3960029205273 33.63958137605638
33.919215798539604 33.016787282200056
33.24295456017973 33.88247007139861
33.599723020469966 33.44146509766755
33.396085952606256 33.60929265097444
33.6648478183843 33.26745535283889
33.778258625587405 33.18898558759975
33.74446407282131 33.20428687357881
33.798310328622655 33.09938157271983
34.82371296814147 34.16582986610361
34.80882865312511 34.79477822715251
34.932631798899926 34.031046161758276
34.89813637384482 34.036722745216544
34.048397341669705 34.952351520531025
34.2143913487106 34.88813521589707
34.408967240589604 34.858288772539126
34.993180219770885 34.00959083956055
34.819933935776724 34.697975406954924
34.15491419761383 34.91038108349061
34.656838921002404 34.85358295126205
34.2756565912113 34.88462741150178
34.805728852542906 34.84087634592604
34.98365487073275 34.02118154675844
34.03099509488437 34.975278748104074
34.86464511539617 34.092873312201974
34.284057626389895 34.87156809609444
34.83301447094693 34.14354310580509
34.04711277238912 34.96293433044932
34.8639931491295 34.1291377505797
34.68668598006439 34.84832741049512
34.1133667725537 34.932249718477074
34.99461638958512 34.00825995160193
34.12126194531429 34.91641960806497
34.823331313646634 34.413384097481405
34.56114461420747 34.856929689542724
34.102608018679284 34.941667886806805
34.96587286296139 34.02839639473135
34.820254906349696 34.593969136012745
34.84683053389278 34.13687474213024
35.82962208744098 35.37910100815319
35.01316605918043 35.93878877535732
35.353363700804124 35.49431324918626
35.309057782869544 35.88153252016339
35.20778878861824 35.93599803285834
35.72267389588814 35.40924024999192
35.83794812526437 35.35392438562388
35.309322945438154 35.638247639601445
35.706860073132724 35.416511340203
35.32672845976321 35.52566723292754
35.91083964063854 35.30953834008914
35.30384912565112 35.90435555816771
35.698938678100696 35.47458832838997
35.558269735538275 35.488318949878064
35.993735407047325 35.28407918704989
35.30988817464366 35.56655444648287
35.64020749549109 35.48295213147916
35.53510425005454 35.49206781660292
35.901076223273606 35.33546991876511
35.61440364580882 35.48482685419256
35.99716552337139 35.1203632575327
35.26970721316728 35.91119970958777
35.312879139916674 35.53481023221972
35.225852513430034 35.929947453334975
35.91164739431182 35.29069064478301
35.79509972301127 35.38005803215657
35.65656116074298 35.47840175234507
35.76537277976792 35.384735363056045
35.34037999713951 35.520480099924995
35.555630329314994 35.48859074260362
36.46785964613732 36.71262040417168
36.76341465068276 36.4657119114016
36.92300251026286 36.08470783750613
36.8326175557957 36.413847039430316
36.115976398660074 36.73690140178584
36.87833376915372 36.38729268324178
36.53827968598354 36.53738839357868
36.62130607481676 36.50568789321928
36.03481319557607 36.7430028520769
36.80235927600097 36.453506459165865
36.56207069296864 36.52062068271662
36.9121045287471 36.17859086932428
36.04893258243204 36.7384136407861
36.02053585195829 36.85259014402084
36.023564783229446 36.83063560822064
36.409674103615146 36.73154037624122
36.93342655501782 36.07576742119884
36.76168390920655 36.49444288775133
36.51476333721133 36.563565063824434
36.544695165939174 36.536892190736225
36.02614046093353 36.81744971817914
36.01968414893457 36.93123584945085
36.030001239197986 36.77064327497689
36.91304953262346 36.121058276004305
36.90207706609316 36.31158844999057
36.99038131888721 36.01340971434703
36.822037031133114 36.42049722712131
36.41814386606174 36.71323473938373
36.86777056333735 36.39289745802288
36.48576935176238 36.62686147307443
37.588542468384304 37.19680603933437
37.21286141759775 37.2838473707828
37.163294695941694 37.29786896205835
37.98246723714047 37.10880786493003
37.080994962476154 37.67988254705421
37.661853114347274 37.12577515483275
37.08458130841597 37.48468005269538
37.261519953551584 37.279335734310195
37.009238769092114 37.753891025175875
37.00187657235022 37.893684489987706
37.03079308324091 37.7390100873294
37.47537307448532 37.24877601018226
37.109805408732846 37.40390165729536
37.1334685082084 37.390910282043876
37.09879271951604 37.46450719663048
37.43518270307874 37.266369164388564
37.603168679772004 37.17113728292345
37.991788021129146 37.06723446676436
37.90438528004272 37.11140874964695
37.468793549340354 37.25276666746595
37.58229847284943 37.2464299918298
37.07419622612995 37.689998904545355
37.27635225489844 37.269901237065
37.658811690572755 37.13931669123168
37.62215339750647 37.142115961926855
37.08214774804597 37.53916660767414
37.99485861097932 37.02284435276887
37.13445451965244 37.30862760877319
37.06914327122382 37.72950380803906
37.87781401469746 37.11580175503393
38.05696260892042 38.84660978576698
38.746936034060354 38.237189725404214
38.14242251967329 38.39868745592025
38.09221125505818 38.47242249339106
38.24671389228698 38.31652952925625
38.77406322076408 38.05773895533802
38.00714659477474 38.972176624731524
38.52093676068812 38.290476613265575
38.01812994021856 38.91366607935628
38.976787324960256 38.03665371098047
38.12537068447624 38.46474235240566
38.05817047025432 38.59049875817631
38.67628827285344 38.27135054977346
38.29032124816222 38.29848061150598
38.0578993960407 38.59093175475301
38.08989151623616 38.479825849569174
38.22938540737815 38.3186768000733
38.574414543971564 38.286044255717314
38.13752800668026 38.40538667457262
38.711550729221614 38.2564791772189
38.26176859818221 38.30182742616482
38.06999583933612 38.55748205913129
38.75432550867489 38.185459570388005
38.13225324472035 38.41767911286156
38.90666078920291 38.05032333496976
38.1920566444697 38.38785736224567
38.01673031146219 38.92935732031501
38.8227177851898 38.053561913032624
38.368785759753486 38.295993748713954
38.20952001770047 38.387528795773164
39.898847244887136 39.204305779504935
39.39613879711879 39.504823363014765
39.92341557296746 39.03243576012934
39.68072047203482 39.49084534339493
39.3012978899372 39.75224814320687
39.31645245571221 39.549152201235536
39.717260909334804 39.30677260610048
39.15127772265992 39.982014180315325
39.30785316935018 39.65167321708499
39.15622007319434 39.83730184815929
39.89104377863018 39.25319811235929
39.8383024559481 39.27218562894864
39.64027766240682 39.50075656686817
39.85187750302222 39.2543438539476
39.02167927573723 39.990780021933126
39.19094057879136 39.81521031194741
39.68566366355113 39.329245726637104
39.9127626307714 39.032570117282084
39.19530701812696 39.767946467321906
39.31014470460179 39.60378642064404
39.26148709249202 39.76316393527509
39.777954464376805 39.280814623104554
39.91206178762939 39.16218455878769
39.32979775712839 39.518282041943
39.811716571293026 39.27667190096071
39.698371042466285 39.30689408086807
39.92453215150318 39.01842037123875
39.31490537836553 39.56664639727973
39.35256633985044 39.51302124690818
39.765599299142764 39.30486995211575
40.54105037048483 40.253327965428014
40.36647641639614 40.26362709166852
40.117485905429 40.54078038840087
40.1515508234979 40.40105852359556
40.31757921012712 40.28146548889397
40.91016433364081 40.11723973857302
40.0440256652208 40.61414242010552
40.63931333030694 40.20450693661013
40.0194587220966 40.706700944425485
40.126738454894614 40.535664456643396
40.87246152012424 40.144735275104345
40.21545575000418 40.37584532009337
40.75514556839102 40.16260544710234
40.54836832937981 40.25119022923631
40.765560013312346 40.15290508146978
40.02941266943452 40.667487090847274
40.93240720314313 40.06512081514197
40.23912313364409 40.31943615120246
40.87053152983094 40.148429050032384
40.14800846982525 40.505847055150824
40.09949682004637 40.573913979176154
40.97445779306752 40.03732313433003
40.74634145522584 40.18360212227514
40.947788643743884 40.06429984216488
40.01462382838934 40.73449470111863
40.91032560974912 40.08907644485137
40.62784561958436 40.20524444559071
40.26703978088655 40.29680227425857
40.16085116613361 40.37605217863334
40.15911509381869 40.383308683977525
41.43520152215459 41.11603110171779
41.30489768497753 41.30090528017977
41.4172027179246 41.143852284626476
41.192765880212235 41.63178381198508
41.66541345079946 41.03540934812449
41.3481998806301 41.159976562735174
41.08245281316641 41.806229416353844
41.262267745130835 41.502870475450905
41.921880962543575 41.01438453127128
41.31568446622922 41.19754814953248
41.01026416375751 41.943017912945486
41.07319045072345 41.831606202193164
41.108053904932106 41.73297224080859
41.49001759459045 41.06878843689431
41.519783702435134 41.04433330736487
41.21943185498697 41.5855004443981
41.325263405065364 41.17847859924788
41.0522689060287 41.86230274132617
41.2889950691588 41.42788812184037
41.44763957147699 41.0940775156738
41.30638499606651 41.26743763450957
41.15524629689724 41.700142659294585
41.51920653166583 41.045844862572395
41.502227555426124 41.05310471116951
41.021592286613284 41.90333199967273
41.25096252991318 41.50767557566057
41.91949844155954 41.032751854806214
41.20901402459962 41.60241812236194
41.635138121611554 41.04208086673119
41.29576069079002 41.31479116314096
42.33906394343489 42.802025576952076
42.80217217534933 42.29486116046828
42.84389016505932 42.10706003009262
42.37107913079071 42.4346027670363
42.66119495597853 42.3805772606859
42.15291071900039 42.82560092427102
42.35893125186343 42.47934832293281
42.083423333338516 42.8311892579319
42.70772359088542 42.299895396067896
42.92504431417281 42.072006104121805
42.34610272340263 42.59159224016801
42.811227984870484 42.20759518426636
42.97870479345057 42.01802826338399
42.032287082583835 42.895931246295866
42.63784620156687 42.3963365756149
42.48549944960536 42.42139615192
42.75272778155026 42.299343333823025
42.611735606587146 42.3982767660874
42.53944024094489 42.40858499472784
42.82404153096235 42.11747704958513
42.079582753553154 42.87069823186356
42.66788862608815 42.30380306504639
42.661884018686386 42.30627902275211
42.34962253792084 42.48055226526727
42.19122207210331 42.82345788622015
42.55362895363328 42.4039700584997
42.879352428368094 42.086932841399495
42.97397268926557 42.03322244800079
42.37470479070524 42.42152750222964
42.291626087382284 42.81605710520663
43.99462368910064 43.56689368313801
43.149563016802105 43.77203061461565
43.86811285183394 43.572918820663176
43.018836281455464 43.96067976669618
43.85879532445926 43.72482308433955
43.03838023241936 43.80902458260982
43.68335690803295 43.77021031960594
43.10254243557688 43.8052952656438
43.42510224112996 43.77193396469847
43.847882242366 43.74577444820506
43.99998607368949 43.40238852904974
43.05858458633793 43.80777837776374
43.995977041779355 43.4782104296111
43.11754164649965 43.79522785682519
43.71194668892658 43.749894002786576
43.01916401393391 43.892574053010044
43.79909562513342 43.74938878585135
43.84934355814619 43.7436395764734
43.002578545702576 43.976514392755774
43.14939694173133 43.79465856141918
43.69750015272587 43.76116994582602
43.901825367856546 43.569515425565186
43.121103090131136 43.79491114678258
43.994696781863645 43.49382369439794
43.02924624912911 43.82352388747727
43.033325841764686 43.81339477841333
43.44561956307265 43.77155932838467
43.02764215127748 43.82721608061563
43.606460962364395 43.77037753673821
43.00446375073358 43.97551778603504
44.68063939296005 44.71278715761094
44.8528364562352 44.068729844588404
44.04322906259178 44.85245573493029
44.706687262287296 44.34046126648175
44.85856031836105 44.03088538979216
44.1516316127868 44.73111444442792
44.68747729069359 44.4604074064558
44.48938537274445 44.72198193993327
44.858663656714114 44.021375622968236
44.76772701642047 44.275779765017106
44.48673725642376 44.72399633437157
44.801952675865586 44.162574858458754
44.083001970612166 44.74317412748748
44.7262818631004 44.32854787229331
44.68198571093605 44.66628411439101
44.7930403873808 44.23023538122462
44.047064826983444 44.80543624447103
44.41730913818934 44.72475875265722
44.0143112938968 44.97712399146113
44.906045411185566 44.001054152147624
44.88239957059498 44.00842631077689
44.74366663629096 44.295470394507596
44.084121832395255 44.73821630086342
44.53636495138344 44.71828572187139
44.69453665987094 44.440422893475095
44.81883337826492 44.09658193734869
44.018058461621166 44.889093995353804
44.834650028862484 44.077309744924385
44.671345025764545 44.71612276797009
44.013746939581736 44.99931059578936
45.77660161970568 45.343551389567736
45.45586519573635 45.67940378102036
45.58188123678247 45.38080923115715
45.34920713793788 45.753038856353996
45.20916543874818 45.8941314489142
45.142153968908936 45.98069885062082
45.55567618047043 45.5586875251712
45.93548727344938 45.038415277399004
45.13690961084804 45.98117116386968
45.19060314144595 45.92582969317011
45.814658255624536 45.27310053235311
45.737322523801964 45.37262728068173
45.87160346419318 45.064548168245125
45.81768886588211 45.184811595165975
45.49658403720887 45.63003962984838
45.328829115147606 45.7812888346037
45.044198437782185 45.98834886211688
45.272328667354515 45.78138710148673
45.49839220263618 45.57118072572451
45.559039443581916 45.52935389210385
45.165784162886716 45.959437600855814
45.47283166046799 45.663615332268606
45.75711274734445 45.34570175262078
45.40863972362322 45.695699205279084
45.217985673068966 45.841338154396716
45.108186478380496 45.98503464233075
45.26612288153635 45.80635193930563
45.8229388507869 45.1715897958655
45.56123277398641 45.468220314208075
45.81634150815881 45.25329982235101
46.986580697237706 46.46950988543701
46.140047636419 46.61182101213254
46.38168280315696 46.51358305794353
46.00608128553182 46.89581633325389
46.19364439497616 46.60675633105857
46.772630222304684 46.47055007744101
46.09647953220327 46.72192897684027
46.58378292878792 46.51232516342267
46.354749728883874 46.54991341270986
46.999545841622265 46.067434936604876
46.34698929268614 46.57417326104998
46.11288141399418 46.72043773774541
46.995735712812625 46.404922117551344
46.00237275922486 46.95969468677169
46.748432970328956 46.473016033956824
46.31751564849998 46.597285876092265
46.663274161324104 46.483406490584166
46.06890791207672 46.84832305182761
46.07321217682712 46.83197638146264
46.612549668201396 46.495495270640006
46.05626726879198 46.85495742310259
46.08163230602425 46.8077813578715
46.09079362451327 46.8016445369296
46.13948744020899 46.66263774149309
46.69502460242933 46.47826811557094
46.02183513217812 46.88870602884994
46.37460947271896 46.53518441142261
46.603145822016145 46.5108108144886
46.03283444033082 46.85631210954807
46.997375912751544 46.243290922478664
47.819534369962774 47.85568918801371
47.580832792978335 47.85704301892765
47.931854448008735 47.72407638064769
47.96335973043222 47.677992334059404
47.989553361882635 47.59995144472888
47.36349321586886 47.87558556754438
47.851973188469096 47.852370944001855
47.99494664587308 47.25634801361649
47.04467017044536 47.923009636418925
47.54043784620091 47.86974417815953
47.85463962854159 47.825870238605134
47.19102726144234 47.889731495547395
47.895707270398844 47.79832432128488
47.99337862893484 47.2619278214537
47.99992864661713 47.21081826068108
47.317153126008435 47.88849834213512
47.99158998382807 47.28018466485958
47.0304393065074 47.97813949319642
47.9747819340945 47.6451658441606
47.873813810817445 47.8209039014986
47.8948158852332 47.81702200667559
47.068987080407965 47.896240242930865
47.92293674494832 47.73306192980742
47.04071922421457 47.93404386470076
47.98890822302335 47.60715189380087
47.955745696826305 47.70976095548494
47.995283244237314 47.2257201193202
47.998834967601105 47.21095343774995
47.034151542210104 47.97737028219648
47.01834421847474 47.9915782181561
48.020611880442836 48.37161348211146
48.65726676192896 48.177647389648385
48.95200960514914 48.050782848176304
48.878788049108365 48.05876634856246
48.233105061592376 48.3104673428758
48.446218619599136 48.28563111948936
48.76738615622417 48.06520476444126
48.573868066398745 48.2513612254918
48.45708789222961 48.28051827140787
48.58567544433235 48.19067332892442
48.019990555760515 48.46487536060761
48.860420070099295 48.06493826610186
48.00286043493881 48.93394484067317
48.13606134872773 48.36546062254543
48.01622833928566 48.5605128526324
48.0028650077103 48.68733289303847
48.3776102046454 48.298842765378375
48.87764945489664 48.0604204444322
48.14057665920997 48.34636132064085
48.72382671000582 48.15276353679329
48.92671629635036 48.05834977330284
48.21014820771253 48.327334579363
48.020521526718944 48.41072080454547
48.29341116070203 48.303641054095145
48.740424361832865 48.076159264982024
48.01427813044744 48.67215046369371
48.37380504987663 48.30358526343787
48.672241226734876 48.156801970301245
48.73245061359298 48.081265744946265
48.64211683004708 48.1853454408087
49.92655985001982 49.784836629780315
49.65181471061514 49.95427905076161
49.946449266553245 49.08352690671971
49.33282205000351 49.996320670990734
49.90950433943601 49.824366246421995
49.738510486442216 49.847244341090956
49.9336882834461 49.53800939994094
49.94026044306462 49.44657012710134
49.55692894877241 49.97402472748888
49.7605793141117 49.82774332949592
49.940339060003225 49.120125792477296
49.957905423464794 49.043471872954754
49.96671774766248 49.01111201643822
49.93783421880785 49.52435425591124
49.96107301211168 49.03606923562206
49.61028087198201 49.97089845622717
49.67298418480168 49.84975383625718
49.38198961488757 49.98674531261176
49.65661222739295 49.92957750680721
49.928913227328344 49.59660718585424
49.38460443151912 49.979638749734924
49.930631265754826 49.55516343172178
49.95412641032225 49.06818677147306
49.52824455412769 49.97930594840353
49.74733176048518 49.847116911067005
49.823392729078115 49.82533193080558
49.66634444264801 49.91175266301349
49.9422421495589 49.10140858011412
49.62589693609394 49.970832707617944
49.26270831582241 49.99797676587615
50.46957361488313 50.49923203092445
50.349799070838145 50.54062304161144
50.82026155870477 50.43193186321434
50.11753142857454 50.712791175569315
50.994315029947586 50.3965536467014
50.08024549521994 50.83843439062795
50.063466450089294 50.84915053959178
50.19319766237771 50.6419595927242
50.260526095510265 50.561536853554394
50.55994931799917 50.47893883976368
50.9986836378563 50.044285623233
50.20075140803552 50.59041235897213
50.00762412946155 50.94198278563781
50.174452494872035 50.64929518406079
50.241466030203576 50.565788379759816
50.28167742231663 50.547484919077384
50.44829023695073 50.51828580490898
50.67276743585733 50.46247041382363
50.962853568836614 50.40193277452452
50.68635938674847 50.45439748686297
50.0822357281629 50.714948100941676
50.91227216403924 50.42531840041572
50.441749360599864 50.536464790715556
50.26395447396586 50.56128423414748
50.03220921492791 50.94102013804347
50.60530751312474 50.464146609560906
50.13968427057872 50.68323438552476
50.081341666816684 50.796122205782886
50.04226091878472 50.89154532490139
50.492961967386464 50.48074035833764
51.121646617029924 51.61602867721612
51.3207676395228 51.41835119470361
51.02877514337478 51.6642993502902
51.867331040044014 51.16533981439037
51.234640370431556 51.607088686748746
51.66085718740747 51.2391656842661
51.418478369127406 51.37434571631377
51.50133622274392 51.30271076793997
51.05301406807457 51.63179073125209
51.72276983499844 51.16911608942569
51.5293930721408 51.2549876674293
51.96641333951655 51.09635885796766
51.44579350252156 51.3309149483056
51.24921443021616 51.58215761512946
51.879018038406876 51.12896432428593
51.011057995169 51.68721053496015
51.521305579196714 51.28595084157383
51.98014897730682 51.03909686801033
51.04530388900868 51.65164815052703
51.956869231801505 51.10167545298638
51.286435668237566 51.4614124660584
51.77045082302035 51.1677172806719
51.977835055238366 51.078009939320545
51.46565507090306 51.323421604792564
51.002555919105276 51.81856386816071
51.23618731345561 51.59918641135866
51.00852329410031 51.71063420051786
51.28356687587024 51.54335428540569
51.27752822960909 51.58107243663704
51.00403568072963 51.815445306547225
52.57620239998484 52.48440232068141
52.01683412248256 52.85767526271723
52.8214223184039 52.40428358801963
52.64178947190227 52.463275289629316
52.92599706690201 52.32730796856329
52.374095701674754 52.53559930322775
52.22000001646814 52.71313910092255
52.97459746689697 52.191129005741594
52.04455512934279 52.83061500408287
52.41730441043574 52.493370151862344
52.96038392857895 52.27985505256825
52.13820965810783 52.77831642168789
52.80908839047301 52.4359039718147
52.92759384814954 52.29566594607263
52.357227064254246 52.64014400438639
52.19397058223229 52.724997612291986
52.06019502115422 52.81409392729469
52.290910221404495 52.71128116899471
52.35026768988992 52.657800799774215
52.85020419960713 52.357932316641815
52.834301509234294 52.373167097463345
52.17306074993462 52.75400943564734
52.69500871565762 52.4597035582793
52.015505173706444 52.94317474457523
52.759111830521455 52.437681227442944
52.335494981453294 52.699715544005755
52.85151635594874 52.34696789652697
52.96898829359024 52.19507504523461
52.38630598690519 52.52814619929221
52.96193118368907 52.24356504857412
53.48668590623297 53.05311277389044
53.195058370928365 53.15465835559091
53.192947705279174 53.574099132305314
53.04753265331679 53.96736095935569
53.16434563325629 53.83704049463108
53.264511835194334 53.12411867807828
53.512637664628656 53.033977036137145
53.37990497922535 53.08346700913601
53.69650129854325 53.00674102503705
53.18033875892503 53.724801217323666
53.057437142508036 53.93524480783019
53.166240319635286 53.73437729867335
53.129513096332595 53.84645401048341
53.297854927221074 53.11890148767117
53.64999750600201 53.01366040318963
53.08910071894872 53.87274631497133
53.430395141895055 53.06414924271353
53.3090616570321 53.08919365802586
53.07052244606274 53.90906292867271
53.99126025542473 53.001102175568235
53.39996108449763 53.078113585462084
53.189612820235155 53.57524255296361
53.18805426181458 53.67924776559516
53.561051785801496 53.022885652478436
53.18952011044318 53.61070233424264
53.05437107304099 53.95288389175854
53.19902764312122 53.12666484672108
53.1293359002147 53.85492403125948
53.12512824279911 53.87239796994205
53.61079541196639 53.020192144132665
54.03439720604646 54.03256086639788
54.88565491067701 54.00895960692224
54.020605549188176 54.68077087631472
54.142381997606286 54.01807964319143
54.03253922197286 54.32643267181301
54.521688296319205 54.01616786423918
54.0098687673354 54.886617542320096
54.04453090802761 54.024932327583635
54.027787936429974 54.67729126027309
54.96281706801381 54.00330585177034
54.70387611075956 54.01283178053943
54.848001810235246 54.009727875062545
54.03200090713344 54.65747117267713
54.62833139707867 54.015774399706366
54.74408142159999 54.0100471140837
54.006222371757644 54.956011982511164
54.70251364004418 54.01405684820228
54.01957951750897 54.78476513895784
54.06022496517824 54.02134502800056
54.326531674959924 54.017109278187945
54.527983091946766 54.01592745215223
54.03527733355395 54.02871146739068
54.00148463833666 54.95998098669482
54.72635797583841 54.0113092193173
54.090832898987394 54.01865243026916
54.0322350132098 54.571574924488644
54.01290556541725 54.86357776895196
54.4777658358707 54.01645853977547
54.01915245553222 54.84840817375319
54.90397949862091 54.00728751348344
55.98172281612345 55.41327479058482
55.49126784132546 55.80468083004166
55.77213831453233 55.75073310501242
55.67794874312058 55.77185158850441
55.324712482629266 55.939546401041774
55.84509463400032 55.64388724458239
55.999089609596545 55.227724159753826
55.53456778163254 55.78100230647542
55.339140630620584 55.866042282576004
55.9195728537431 55.494704623678125
55.06608713817735 55.99795545877498
55.075611336661666 55.96297658127239
55.44804133440309 55.83698392417506
55.7928223576797 55.70589106968001
55.916667749775414 55.550521890378725
55.37847090142542 55.85393609110486
55.192819419069664 55.94404142393239
55.343740165132246 55.859362757926675
55.06888744321803 55.97132691943934
55.375158564841826 55.85404536309536
55.78933252873814 55.746907120728594
55.81533325294124 55.67961253819401
55.94511053444837 55.48389508679643
55.91580186815841 55.59132329262381
55.995157449892446 55.22899928138394
55.84965769435839 55.60496145793819
55.79846192778721 55.683300074775254
55.18912884044455 55.95811461913036
55.97165129510719 55.450471997977935
55.705917987760216 55.76383703119105
56.89362732348616 56.48946710690993
56.65883949894001 56.614728277719124
56.23760486213843 56.94524470896123
56.3756929966361 56.87274875892171
56.45139406563137 56.74061642195004
56.893028220454646 56.59745095000318
56.29218148767823 56.94240105971817
56.95282951579869 56.238239498712076
56.11981712557158 56.9481203034388
56.534011628393344 56.733944540106926
56.433014691497455 56.871425549244606
56.33394723473193 56.92934121396285
56.99423293887069 56.11802830863292
56.65867689042274 56.656484719413726
56.61752852742967 56.66373220971408
56.808619675169524 56.60942346793234
56.585113552739124 56.71968693344613
56.916132944350906 56.39489587953278
56.960680050663186 56.223457115522
56.59157590794211 56.707073719075666
56.02584504390382 56.96804935662542
56.89911528689976 56.4018248161717
56.35894213735628 56.907470453943205
56.04567057067727 56.95196518817878
56.995224935587544 56.00381867068714
56.003349330555274 56.970463176208895
56.60209929606947 56.704406843529426
56.99398421560785 56.15173458926083
56.695195117794974 56.61081791018287
56.644849664302576 56.66272778293816
57.66332468077899 57.86186481856629
57.7676224186121 57.50584591212222
57.856796963685674 57.11745225632444
57.203133521960666 57.87699190298218
57.71769794944821 57.67457878473495
57.819990589816975 57.150493952932464
57.924347022491546 57.0133959796174
57.08421391305801 57.97627220705287
57.21513304113895 57.87518686583514
57.91001191131927 57.08233314273887
57.13215685064414 57.920807381219944
57.14235145147188 57.913111322423894
57.813050738781996 57.307289084403266
57.60816674763052 57.867920734653644
57.08743255293356 57.936241767953206
57.713793923696244 57.78671186262152
57.70497222295536 57.79207190878765
57.54881345380815 57.86835946305525
57.90788829250913 57.09843534308031
57.22159560452856 57.87190531633385
57.891297200199645 57.10116879245603
57.39333518914667 57.869059759499834
57.11502512597358 57.92625111484913
57.758680851326 57.64816650396519
57.18987396674358 57.90308911937357
57.79720387924309 57.484890878406645
57.79114381154506 57.49133573923158
57.38810582384714 57.86975227583125
57.81562154006766 57.290421083417336
57.945155707686844 57.00833686853932
58.61397792313332 58.77881605702018
58.166389741637424 58.78626365347593
58.818586500026846 58.172091515902956
58.726235570669836 58.3586547722752
58.664253573608065 58.547017329662324
58.64945545714724 58.67249535368599
58.08158347411348 58.80177955065113
58.90663276071628 58.11426500660022
58.70765596225072 58.41819892205647
58.615193206256116 58.76895613722625
58.66942241105912 58.43055165027257
58.804035496200704 58.320583869431275
58.811630870016735 58.264813201688575
58.87933128010262 58.11532639230151
58.63004739939077 58.67738732428624
58.98086902768454 58.09339184063861
58.83954347205484 58.12480955476557
58.70239322330621 58.426467168242226
58.781731660890294 58.346567229196914
58.995976202430775 58.06303423826655
58.865234868451324 58.1213009164743
58.043273934715636 58.91960655267182
58.075733533887785 58.83715822813521
58.1403368083953 58.80079153493768
58.66555590225285 58.45140502122395
58.06488758909347 58.88438758573621
58.79021918534246 58.33594157105654
58.02108812920589 58.98023735485976
58.72428053872792 58.39517736443637
58.6628008862367 58.67014287285138
59.075109153461476 59.48864566875494
59.52818412382605 59.28659753213881
59.456311613870184 59.33621932398482
59.715701896849716 59.27763435923964
59.02095232110535 59.720118419761384
59.16128413783402 59.397675445471386
59.78960673522252 59.00602514403934
59.11240045000994 59.407273148693356
59.010320649118896 59.87946843827272
59.75455281404887 59.268099192899385
59.78386896353626 59.07996403315154
59.95608947853697 59.002494765884016
59.440008993839264 59.35203003450561
59.01891250473487 59.72106467666006
59.02234937899285 59.58776852780974
59.031028075412074 59.54014470262572
59.41590025303582 59.396908187998484
59.015383297067 59.789071625119185
59.05796714714805 59.520956972551055
59.03797659173228 59.52166016137573
59.08589591664295 59.478755183445706
59.0896687516461 59.46587387392946
59.77504733792506 59.147700593511495
59.50867620034725 59.33489142047835
59.73108125979772 59.27576561673628
59.018197873286596 59.77046834827279
59.755378247406824 59.178471174778494
59.76674012089516 59.15583463827074
59.765163561430796 59.169812676434006
59.02729937272433 59.58520510235361
60.90053009857206 60.48431157297136
60.16154828858768 60.723950673898074
60.86113313046201 60.67853298843665
60.71206572369947 60.693462848457195
60.52304892965038 60.714323044022336
60.95692999288091 60.05068292048245
60.03060119795414 60.885368875982635
60.07641850931704 60.855652305210334
60.9751471603904 60.03595973325379
60.947901175692024 60.373176125656215
60.88255605639144 60.514817995758584
60.49239429695608 60.720458566612955
60.08321270877137 60.828483357788855
60.92576933803858 60.41650006309807
60.14403389970015 60.79372523490535
60.02621129153173 60.95827229857057
60.04144166885851 60.86961010520028
60.890608109085385 60.50089120048951
60.154981566395605 60.73069856910533
60.94959076556086 60.20197549384905
60.61913084236631 60.70927302004
60.10675378594437 60.81076753812465
60.13699650585075 60.80816848099139
60.87197965273982 60.60287201659018
60.09713710436694 60.81599104637601
60.97923218050849 60.03214312699862
60.82944542987558 60.68162588368175
60.146021612896874 60.77143238123176
60.74924506036915 60.682853668174914
60.89613953506247 60.49125370102702
61.786390817563344 61.67030714449714
61.72469728031898 61.72708890410924
61.95498486997205 61.28702232605848
61.86655002046431 61.41488800056998
61.60245718487343 61.802009762162534
61.63460712452875 61.73460888524707
61.7887049411092 61.475402490877336
61.321697675094185 61.85719336428364
61.223976553254964 61.96207687290983
61.975286525712356 61.17963140796652
61.14591340687137 61.99448235654338
61.892086497752594 61.33461420546671
61.96786330888866 61.20399198297709
61.99429265854778 61.08040315603618
61.17703060524544 61.98963777035227
61.523128712954225 61.823442690611316
61.983450331627004 61.14482014571262
61.607108964381545 61.79594431470264
61.27033573616054 61.91308826881965
61.82915024720565 61.470572199581824
61.63288363832067 61.776002880679066
61.036120587247964 61.99690143149605
61.968285344913525 61.1832667614316
61.920697003666525 61.291117231244804
61.4078138598521 61.82545605594856
61.19365788081949 61.9740725517603
61.98789008396366 61.12122437262404
61.476985515742285 61.823903118839276
61.28988158319071 61.91108126324315
61.35981943817306 61.85685397693566
62.398292703537145 62.441580145509704
62.002228145603766 62.66572996190088
62.693062680454986 62.12637107630516
62.90754065514458 62.120207358423855
62.01067031311378 62.55107087948951
62.25590620367997 62.53505198859954
62.4475318976566 62.13389825305818
62.59619853740152 62.12994456747852
62.98721339735563 62.111857728071946
62.66466087465296 62.1277594507173
62.300628119681875 62.52568893217209
62.32688618996107 62.460750131666494
62.000735423807576 62.914972405264706
62.23853900560822 62.53552559996564
62.08998324469672 62.547185319265644
62.41825560879007 62.16191699850654
62.53265608925737 62.13122606286739
62.00578658195974 62.56770378915925
62.4098436670021 62.4045724307671
62.81142840530038 62.12511281136481
62.143513449933835 62.538864666609896
62.43193589828312 62.14364886863671
62.00550441845541 62.585805989329835
62.07233837968276 62.547933817425175
62.41438688160392 62.25611370975255
62.920723381474 62.11776859550391
62.99866091880232 62.079277587271655
62.142534161823185 62.54128394334555
62.96158687615468 62.11260890582836
62.323241779784134 62.49219020881105
63.833049247280115 63.26573216192338
63.38268218782507 63.47461570408579
63.29755781142065 63.6992929536407
63.413914752816126 63.313813613838974
63.53793801494169 63.26883427611628
63.34717158504399 63.593516204007436
63.174164101994684 63.841518505403734
63.012008657667934 63.9206288402192
63.299294236517035 63.64344114958731
63.90669901521428 63.19139024552622
63.09791412049792 63.88142332628577
63.07748887433573 63.91933243576389
63.97206759218281 63.10203903625298
63.22311109531627 63.7461071721274
63.189929767829874 63.7554614570768
63.37326375070743 63.53657311370916
63.39306045699235 63.43109132900175
63.240937364310845 63.73583639975623
63.088961408514855 63.88177786388429
63.29335696737089 63.70938299867167
63.493800959660824 63.30527340538123
63.28324541603154 63.71434435124738
63.41024616776355 63.38812000307197
63.004403564384674 63.935482908779015
63.400337206789686 63.41787957860544
63.13082660275811 63.87849329170405
63.953739533422045 63.18655916731893
63.99487479632807 63.05190166682969
63.305847706902114 63.60627654582187
63.386208797057954 63.4454504321603
64.38533561594325 64.40620415224254
64.53399682586641 64.16860819927244
64.18870099516445 64.49929293257405
64.65199151176495 64.15242323636755
64.04960338138332 64.62958554220815
64.25306185928976 64.49749956100398
64.8515521714128 64.02594375441416
64.30152286231544 64.4395079160015
64.66662270320566 64.10826309250632
64.43071750532144 64.2425190911546
64.39614252297638 64.33774635539204
64.11992428590275 64.5224380788817
64.00659476163813 64.91867960987699
64.87226109054303 64.02445907918805
64.0837743215363 64.55451983551065
64.96085698012983 64.01415045638325
64.98719029049761 64.01334739827314
64.03951870553604 64.68264747197084
64.72668837414176 64.10516153592548
64.00394851082848 64.98024161850502
64.45850293267507 64.19756025150157
64.43148887658789 64.2096175797385
64.02536276627269 64.8723243617757
64.61097253999043 64.16624593243516
64.0727656131152 64.58302977218338
64.36533261396805 64.42225098841627
64.88655128310174 64.02405455580943
64.47766741021111 64.18308344745553
64.02646758790073 64.78547664788869
64.75866408557164 64.07949894051619
65.11730949919311 65.19352037208714
65.56941509083471 65.14020633218702
65.02103697871344 65.19565645343104
65.85029151771623 65.11304716035683
65.96732825464986 65.02179551917361
65.00583210435751 65.74690698399768
65.58406663978938 65.13870119828528
65.01638131723362 65.64099331801484
65.01699875499297 65.24292529724372
65.28533713454928 65.16378426947635
65.0014694883162 65.99602786312407
65.92684744609863 65.0960267986777
65.83206790019688 65.13831850372061
65.29219556968886 65.15830909312581
65.21861666073679 65.182006024739
65.49213806488105 65.15763363552465
65.24235950784677 65.16869390391275
65.01664575705298 65.43181981683271
65.87403992129381 65.09967505357673
65.00270014914415 65.84302741348297
65.32772457524896 65.15781132917243
65.95770024052253 65.02618611023509
65.86128382978167 65.10930090959212
65.5461333599299 65.15418805464788
65.00470832041624 65.78380511729355
65.26690881628761 65.16463580702627
65.93611702810925 65.09072289861406
65.0067723487587 65.74191059911657
65.93876951083814 65.05117512448841
65.49532019139049 65.15569144442733
