0.8976579374556454 0.7106185866289652
0.5484284943872254 0.7586618410436092
0.2871187354514372 0.9191649304904742
0.8785111625062002 0.7409885040721483
0.03659865641427529 0.9611472146110954
0.9939919861102741 0.4418463239555015
0.5105707148617494 0.8283550542964441
0.9971607523851037 0.14024249409131784
0.5093925780596754 0.8782917869518905
0.4132817784760895 0.9094537402654923
0.6335864289124308 0.7555124568141404
0.6832260288178211 0.7550578853216819
0.27899537949005404 0.9530831479457433
0.5459842697546069 0.7914259409907629
0.8981538089703227 0.6115060931823418
0.5091868460511976 0.9058876101570474
0.23692047545841222 0.9540449596161793
0.9956430515058264 0.35189106261747416
0.013522370453991406 0.9844141301158653
0.8030570528693662 0.7465257315576476
0.932798401555782 0.4931368657896986
0.20643909045833309 0.9548198215369731
0.9913100011957625 0.44245118700983954
0.9129692088993268 0.5418993957232138
0.5250260170339823 0.7987596235426754
0.9821518096181697 0.4924261466471903
0.8715492305940634 0.7456002587458788
0.24056625510016827 0.9531189288235289
0.45389508282235735 0.9082131976156655
0.9863223220595142 0.46467231250706265
0.04769941912249831 0.9580230422801671
0.06535110267920585 0.955847481945246
0.9982566407674859 0.011180970257855027
0.9823902973615659 0.49011117249769653
0.9252396059489775 0.5085629552635771
0.3886344620736236 0.9096646490885261
0.9073926162069532 0.5983871979674499
0.9129244231209851 0.544029174060035
0.9242019064570225 0.5170730040634597
0.9979127224051041 0.09277291834571144
0.3714128670792548 0.9152961731223175
0.8827757642009018 0.7170602547199941
0.9970505923704124 0.26041353725778993
0.021598637115133434 0.9637657553980967
0.9176380797296201 0.5300064084266414
0.46985684784686677 0.9063145986032684
0.7968051475676766 0.7541729347462277
0.3787868378523709 0.9141381772423299
0.9981093920747919 0.08426923060587455
0.9981569602090447 0.07536820249556964
0.6220773568640927 0.7574401976189143
0.9948880091831852 0.3731356868815744
0.9022619321183994 0.6006507983616579
0.8899057222804972 0.7108857862437581
0.4429308192829414 0.9085736541052432
0.9890719846814267 0.45025851738146927
0.008124463741179255 0.9903114576596457
0.9190291735983896 0.5276083803211434
0.12770198306200553 0.9551960982443255
0.02842728942751005 0.9618787857245785
0.9985363943645233 0.00782925561837089
0.1736028949837619 0.9551281570084977
0.01175586731767908 0.9847464597229109
0.9267449378187974 0.49857476876376594
0.2853359573296338 0.9425867679463433
0.07190589723834928 0.9555652256297946
0.8979387526962701 0.6826472599126394
0.03713610130264722 0.9595869182399464
0.5198890797509411 0.8120776997320033
0.9881371600614428 0.4593963633421352
0.29712257057958646 0.9157628081570518
0.5252923109630661 0.7957021475037155
0.9208935022826958 0.5219803499260988
0.9846481472668879 0.48268892484529435
0.8809947516706796 0.7389798737777054
0.9109718228551512 0.5645570333092426
0.03154210532996604 0.9614731741360247
0.8070366003234388 0.7461705289578768
0.9169155798209201 0.541768834096407
0.9851291112244119 0.48193511269618894
0.014935661213338447 0.9654588459466444
0.9091174115794962 0.5875159228141514
0.9277431325111303 0.497099468582583
0.4607219980606412 0.9074864262004698
0.3286089641381019 0.9156407002889274
0.5185368963371411 0.8165743914056292
0.6118297384994815 0.7584590178240278
0.5341485921246476 0.7937493972208711
0.9097253760268716 0.5791041543458375
0.8770308071469198 0.7452853269594274
0.8982478121656 0.6099453920141517
0.28410909136149987 0.9496964437357324
0.8822997033614096 0.7237001294371256
0.28544971834456945 0.9377577774486656
0.005778452103517684 0.9910679774481427
0.5374543219961347 0.7927882747050464
0.284462653122756 0.9430708004166722
0.3876578675456437 0.9115646159154852
0.509647141849193 0.8600754343492806
0.8546423036619286 0.7459817751255481
0.514987779078855 0.8217871045923696
0.8844178870436095 0.7163961047207817
0.8977605047068541 0.7062170612355366
0.9973929165424923 0.12085744899613837
0.8878165182423795 0.7110857209347285
0.8518823998654221 0.7461381786776914
0.7998273273638467 0.7491845018306243
0.9956464759914021 0.2948382890894492
0.9209139995524914 0.5176889441903698
0.8856864434923585 0.7124010169825027
0.38315376668160084 0.9137238141575758
0.532850985538537 0.7940720869427205
1.2092827502710128 1.1219889006210153
1.1667608406322147 1.8526084206623374
1.2821021880023207 1.1058846113028031
1.810072335212089 1.0330303092010613
1.1857392271141105 1.4445463799413716
1.1724180428086313 1.6595956389361288
1.75082561636252 1.1029061340199169
1.1337844597447313 1.8605528827590327
1.7877325123677172 1.0338120161221511
1.0110917914535242 1.9628754892236402
1.2046764143657809 1.3769262048979911
1.035447998290869 1.921655913500309
1.1870045830154126 1.3995823979182074
1.1790181343894344 1.6268502970306618
1.9657328103357754 1.008553835138648
1.8734234686553 1.0278857534706258
1.2209736518261491 1.1096557503602245
1.1698381199494488 1.7205359176005768
1.8736277062906925 1.0244620704294667
1.7540275232927267 1.102729646074598
1.1165814860095147 1.8628172698136891
1.1105051066018423 1.8674059420296163
1.1846713291515703 1.5360683286597177
1.7856581611659719 1.0732484421880235
1.2062840719862318 1.3747230382828266
1.7700375313278867 1.0843013087911682
1.0092925837635796 1.9752561913542013
1.0525753464372465 1.9211888504826815
1.5493244109568838 1.1043659310041394
1.1437125677640256 1.8554453047324695
1.1994895426475967 1.387802230107011
1.8955756217867492 1.0214484840935543
1.0332405111816159 1.9450910795973493
1.2068564034468867 1.3431723109442948
1.7680353511615023 1.0959323172241038
1.2077136366141743 1.3347771623854423
1.060490331166402 1.9033637216891899
1.208875935044079 1.263831568597872
1.7832427793697225 1.0752667642139437
1.8441967997105986 1.0288199347835458
1.0529596760435802 1.915131312747957
1.1795425164008084 1.5950984389428453
1.1884043112619835 1.399177463383512
1.0545622768304417 1.9085156195454394
1.0620029128515998 1.8982018854867997
1.1709075894189793 1.6878039932216486
1.1736339818111294 1.652177117579014
1.1829906000500179 1.545301128611058
1.3881655986218475 1.104981926024142
1.2080626422123604 1.2894172164329911
1.2696551921931973 1.1078468886389534
1.9260091794075929 1.020859872552427
1.9948574911834034 1.0079649901862076
1.9480940107618732 1.0181386538676787
1.755821752559814 1.1023756361781358
1.0603974621961585 1.9075579341809488
1.0351174522903053 1.9385684956416283
1.1000206248571798 1.8872210705237347
1.929855287798533 1.0204293790674632
1.005430851057287 1.99930849793801
1.1306645421005932 1.8610507446486069
1.8214973445197464 1.032860963862519
1.1697618386189172 1.8233540736185074
1.4526615976644095 1.1046374365450218
1.780804672285928 1.0840577562707923
1.7827159863348838 1.076416273170118
1.00722831456299 1.9983231979450569
1.228470607733204 1.107864671945209
1.2062464071836834 1.3757294342825368
1.1741529060352462 1.6442564398620627
1.205568338376304 1.3760180252562204
1.9655532746426458 1.0177973930971116
1.1858798822791918 1.4055627571836564
1.7699031742145257 1.0933896003135812
1.0880981644649492 1.8883521746855214
1.090127080784303 1.887303491948442
1.1516914873086046 1.8531993243419504
1.5889949910347512 1.1031625058980918
1.105800997450339 1.8715927599822564
1.0142612445747239 1.9588745858047836
1.1045067768926367 1.8729176049352776
1.9597485605623546 1.0178452493789472
1.3847363802479675 1.1053674639415583
1.0277117630079933 1.9578586438824654
1.7605370712065995 1.0999818921185032
1.9968775154852336 1.0043315244931548
1.1779829617472517 1.6405915811509142
1.8972583668674488 1.0210142665229736
1.1691375009346598 1.8262136981349564
1.653873976142298 1.1030788294656313
1.007755418106791 1.9769401363274834
1.7874743572832261 1.0491765707287088
1.1704814345628995 1.7017440212971233
1.2195280539781783 1.1152884109140584
1.012970824069639 1.9623475321182413
1.0279012914631713 1.9536977703712384
1.182066731674809 1.561220166689285
1.893577376897421 1.0232274051339623
1.202719322299734 1.3777452025674997
1.1911375390420904 1.3880594166678115
1.2091853563371728 1.1292748927603775
1.0624602338864095 1.8945070791317438
1.847518382136026 1.0286240134277689
1.1744048717881457 1.643414640900144
1.1711418395773006 1.6826688785119366
1.1001290153489445 1.8836450777231264
1.1272795892821277 1.862507350709735
1.2097502458712364 1.1172041295853954
1.1853404652522825 1.5051580862168112
1.9335047530436473 1.0203868675150987
1.2089922642234905 1.1996805339720122
1.30947385817278 1.1055608021726373
2.607352615671674 2.5814217211560515
2.6048188239615504 2.8314430191602993
2.2980724134999697 2.9898104556296
2.7662822147017154 2.114321275953345
2.315056330628827 2.8749886141701766
2.9410281490704886 2.095451877437733
2.7079984646405455 2.266320678684434
2.2399996492020766 2.993157792473163
2.650372181925751 2.5214794127578957
2.7658444091392482 2.156407958690852
2.9840356707629963 2.0089911685952186
2.6864859001423165 2.4797512394201613
2.7601064203550627 2.1903660190224175
2.4708810424391014 2.8476075013688953
2.70824735052448 2.249616819083921
2.4758618797729275 2.8407743299307424
2.943651803266327 2.050535964655694
2.40886636406013 2.853349307495489
2.979110388149017 2.0209432737358957
2.9811787930440232 2.019665251446454
2.972514254280855 2.04674901549328
2.7077965992276978 2.4213315445635555
2.6078094306298127 2.52213059672486
2.68925313691652 2.433808026302045
2.9406895274688223 2.1102033111975587
2.590319227673011 2.832888358718184
2.652498804575751 2.507610599280353
2.7117873300730646 2.2262589005765796
2.6774146540732064 2.5001912489044074
2.097939944578252 2.99632482012327
2.3867718644716316 2.867694650525814
2.3119359611893584 2.914759366120823
2.653285228425755 2.5025670177811965
2.138146960345486 2.995943972576823
2.6871859193848002 2.4764478602437894
2.3191411087445126 2.8744026721874394
2.606349659297849 2.7303690209216684
2.3748141862895364 2.870367702784864
2.9782025339315545 2.0223570915116174
2.733845785603014 2.1971081496803633
2.1405317726828783 2.9936248634028635
2.6075488844337555 2.568838830483659
2.8264494959310253 2.1110014213946386
2.58362917097284 2.8360479679240553
2.9108560721857955 2.1103789622548166
2.794551150001342 2.1131187084029093
2.3112591566491716 2.919174042270115
2.9482078621990815 2.0472156823922303
2.30065470087384 2.973197256167808
2.9410718329563394 2.080064837271959
2.4953608415882664 2.8402545063886726
2.48007815047629 2.840643480715065
2.0272825636229257 2.9982076879528394
2.3640036757308724 2.872414014217544
2.710627431033906 2.2273317938070174
2.400083957583613 2.856448432055066
2.0506872351743897 2.997743597774501
2.5900315923976107 2.834152996033656
2.3065387753591162 2.9271400378388757
2.3917586823645602 2.867521442159351
2.7229994031993403 2.219416739781513
2.438497486085827 2.8503102453531617
2.7391541777585116 2.19159406868496
2.6540081099678057 2.5013231748344706
2.731147692520904 2.214125163365286
2.716085299016279 2.2237195891840065
2.4153616265177202 2.8509347834680576
2.7630202256195386 2.163208357886162
2.606774560661778 2.722126283725661
2.692539659296102 2.432616317647651
2.6069852223037357 2.593813050474888
2.3030677479572628 2.9575992474275203
2.6829311150801205 2.48975354210965
2.6885956197545036 2.4663932740401644
2.3099796616498764 2.9215217367739257
2.3049000585783572 2.9395209843167307
2.7161308974800606 2.2198339891392567
2.682508884201189 2.499398647160666
2.5853139847210107 2.8350238963093464
2.0104654318051502 2.998883478776691
2.4558977265950004 2.849373942617465
2.372970960871399 2.871607882234547
2.5327457483311804 2.838133309771365
2.761431807206233 2.1680606399121185
2.731927137251673 2.2072638602398373
2.585551968136015 2.8349643228884336
2.5469623691972676 2.8378654619747565
2.3929350653689387 2.860627124270754
2.8762106437211052 2.1109203529705747
2.2977959669002033 2.991879535117209
2.6054192329509105 2.7401602588887766
2.468072135048005 2.84863189985401
2.6077163398268737 2.5476341530792777
2.4003186478268734 2.853817835121458
2.595929632112968 2.8316153150582806
2.3105393173766764 2.9199168377984495
2.5032301906152727 2.840220841816861
2.5286070310816804 2.8394431393489263
2.7659157472920817 2.1322389876170167
2.554798865073526 2.8374025619290135
2.998555624002856 2.002006398752797
2.298639934380041 2.978183158510615
2.0662839236730735 2.997134978288094
2.761010038312862 2.181952951614895
2.6931778596565126 2.4292198248165007
2.3122039245284305 2.9043528834595147
2.6939940401319684 2.42757663168105
2.3014312368488694 2.968912245267224
2.5315696221000894 2.8382539453500217
2.720129940548593 2.219807664801974
2.274394969991984 2.992770326086341
3.720358789082569 3.282958203831467
3.9498099672455185 3.1988509640659277
3.5474462059531886 3.5919097953234305
3.1597565257879534 3.7837316438696664
3.1278201012270626 3.854186156348201
3.5500307281797916 3.372881082820629
3.6537048459523906 3.3333566249783466
3.495595169951989 3.614427814507623
3.039152160948521 3.961727755489594
3.577461354780516 3.3530407869455874
3.263980261826765 3.7594764416800053
3.8384274736505635 3.205492381379316
3.0746087800645503 3.95306863888184
3.469635577448198 3.6406529651362027
3.088888392711922 3.9018395550488196
3.321353485023751 3.70832551091221
3.4002543948289885 3.6922359281745827
3.2312052453363043 3.7832470497140402
3.791919244504238 3.2787628742101997
3.980797680181821 3.1175136974525692
3.5661263830203564 3.357813157634257
3.9530384551657574 3.14247761621645
3.8726612669431675 3.2030680887668375
3.152853756444748 3.8255763231974114
3.0903777772944583 3.8813382900017763
3.4213202902346933 3.6543477908779365
3.6080685497397016 3.350136534610062
3.412310235808228 3.6617165044829534
3.676439903629684 3.2977714846791253
3.9851125546964883 3.023653191336392
3.0383984007134255 3.993705078537282
3.0598985923702333 3.960310866635165
3.099080627823277 3.855148999230088
3.7940281149800934 3.2684776493373517
3.5662505817683146 3.3558114386937534
3.6634935944038127 3.3269943372731383
3.320853791312449 3.7386334683790396
3.077672717308351 3.903575925886062
3.8171774796933455 3.24896101846252
3.5758054476426837 3.3549598415738173
3.6855895365330937 3.2947256261325633
3.9867895798538164 3.0103379531782086
3.1315861828042895 3.852340734476427
3.300609404050798 3.756928716100709
3.949873487754058 3.1690398114203218
3.9677083882546715 3.118969717973573
3.0636521332152755 3.959870824626821
3.791867931576595 3.2823005810560715
3.516960637224719 3.6102929796793712
3.826686328158779 3.234635238328748
3.3618721476199545 3.7039376497515986
3.548808077343513 3.4684735438851004
3.2391614865040124 3.766742575945194
3.983027640018168 3.028400960815516
3.5563541377588255 3.370076771819936
3.9820752381812996 3.1124519362681613
3.450277600188321 3.6528698951951615
3.1440803928552405 3.849972433461309
3.3746740780264566 3.6949113236456834
3.720285904170003 3.293494053504245
3.523378564788126 3.5954928756445828
3.826720685528801 3.220688106146172
3.1573534345506893 3.821804858212508
3.1250426040717265 3.8548649845886622
3.197709762184166 3.7835299208857567
3.350105779675637 3.7042352420500304
3.7977639503270235 3.2617688774993208
3.4632675399673563 3.6446047948593847
3.834226935331667 3.2102068206372505
3.634128892106911 3.3430647373072406
3.958142617549352 3.1328259595462002
3.9601964329007586 3.132187233680196
3.6166831582183816 3.348265033790984
3.3036650299160124 3.7549796569720053
3.159112012548453 3.785705058623775
3.5476795227089695 3.525982312751562
3.8301519119204586 3.2161057135567197
3.549064266474261 3.4416833911266016
3.673714418076084 3.319400899342237
3.7460984635598926 3.2824299822355205
3.1479479864370536 3.8356420414081183
3.0203996917036315 3.996031964574157
3.0758761869550044 3.9417636051962015
3.483786856457855 3.628928511112553
3.947429549831484 3.2006434206053296
3.8139482657432993 3.2519361614012445
3.071569635020767 3.959659713435981
3.4054157369769946 3.672589413675474
3.368823889887901 3.6966974974272997
3.1585142720945134 3.796567786616756
3.314015016614803 3.7501924425844755
3.5225944243991574 3.6093001115064096
3.4916014353673694 3.619360126240597
3.3197488614538586 3.7432064256223025
3.157771552626571 3.8182120544294986
3.9856717439556415 3.0109601718098356
3.2773460303761155 3.759206335260838
3.649894081466509 3.334158213427081
3.982703691329621 3.076370926195801
3.9610203730321834 3.126373897517043
3.026649502970962 3.994208679856936
3.680672756710732 3.296887214222571
3.4099895079200757 3.6645499755237925
3.307622464512706 3.7536291205915955
3.55755057513786 3.363060240303654
3.280058723340165 3.7590241780891622
3.145533934072729 3.842141396627575
3.998746983782433 3.0064318439554287
3.368147689800982 3.7022592301690773
3.6099695004072028 3.348926749080073
3.1524550466845134 3.833409333995992
4.557861861286309 4.655084532724085
4.647022177042619 4.3916188347255005
4.935996915530561 4.229352037786124
4.524890285076183 4.999027232315059
4.6189330920385 4.579317591008864
4.343271815916774 4.999634857398925
4.907826654726993 4.268026015639824
4.666449345721221 4.383766933688991
4.669049327056076 4.284832626625762
4.642819034625739 4.55737617810488
4.945394710266958 4.165445625012332
4.535938146652994 4.9556529284345565
4.551934181639684 4.903429199063161
4.622973003864465 4.558084955816478
4.954982813210395 4.033576425699979
4.951326138308737 4.053991530965733
4.992789892784837 4.031189343459627
4.616655106608186 4.582251383328649
4.949094683760457 4.082125292969617
4.605221315563332 4.597432590254978
4.913806934123282 4.231048422742625
4.70897631849956 4.268198229340733
4.6561041923177635 4.385276862993443
4.643897980647402 4.53476285542896
4.599272773075499 4.601716866205414
4.948815722221422 4.139355509196718
4.593764730113373 4.611846237428657
4.5416393243699815 4.939276325361519
4.65211065259882 4.390274529893308
4.942621040684185 4.183155754583005
4.54687436387491 4.9077751933246825
4.5605557399126 4.62609559555125
4.543143287344122 4.911690048478459
4.552001285840175 4.853449050395487
4.556708534265174 4.835983777127884
4.587647438365295 4.614341878404011
4.951281839408983 4.060148936035949
4.211863547718765 4.999749561010509
4.9542982727532126 4.04140433341001
4.556189733735415 4.844665131318261
4.528956932705778 4.984761233362674
4.674378848345775 4.280083971738377
4.647005898919886 4.5302608445640224
4.667061048267212 4.366031155895389
4.682177587068949 4.268520315628354
4.996874969168193 4.015379647293171
4.528818768284304 4.989556669631511
4.9504433497121525 4.070183041894291
4.667973890648478 4.319553467426619
4.580855596917227 4.621252962370282
4.6131487779371945 4.587557092121071
4.547922983627036 4.907435929599616
4.394243094596828 4.999261172317097
4.5570798887883806 4.670374265811954
4.942296214293155 4.191207856365134
4.580017705779069 4.624334472739209
4.994932080558014 4.028874531023013
4.926205231407463 4.230288093169709
4.559766505404156 4.646913955737732
4.975427799755561 4.033131441949564
4.617291134064712 4.5820909696877115
4.998926598593667 4.013263140034634
4.911609012802797 4.232171659632173
4.106460193432198 4.999777261235788
4.6536748816824165 4.387783867835092
4.157884142797169 4.999751760687784
4.528773593978105 4.998633057818964
4.603039661968042 4.599691885606945
4.534692372556418 4.957253537108074
4.679477367375092 4.2752953784329435
4.644925792594302 4.533763077038434
4.548379967961452 4.903800248006126
4.941130195474116 4.2147257882226565
4.951265937616668 4.06381924988971
4.5317902764129965 4.95858015550682
4.553256190046219 4.851906021990498
4.553843745430491 4.8475940261883235
4.672221151467748 4.282476730197892
4.6084335711856355 4.58993900660435
4.5568117133338495 4.7515001118562585
4.5864884986038374 4.617641438559939
4.675821906478069 4.275654969392411
4.556906327412901 4.742220113862321
4.910109797882091 4.261703395608399
4.941706980837278 4.199548072474081
4.5428723178023045 4.91534804934916
4.628618516365597 4.557782986704229
4.975470725114608 4.032710005882205
4.667488794783768 4.3225932990693305
4.644847759751543 4.53391985328408
4.940114674429744 4.216213908242874
4.598733918660764 4.607220432167907
4.6206581632063894 4.562946664973634
4.544881866053272 4.910824026474155
4.988668750302287 4.031321420877245
4.680253168213948 4.274126622408456
4.53512680159294 4.957220078857018
4.654332343513649 4.387744736859682
4.557133807864027 4.656819221840881
4.948349582736783 4.1574629391919835
4.670295320338049 4.284441611589765
4.540150575994059 4.94784367967825
4.556722593812175 4.76493289118074
4.945438953432204 4.159721834438982
4.952332176457882 4.050643766793864
4.531577620780021 4.970839705011262
4.94844201166582 4.155790046225976
4.397598040938345 4.999114493618009
4.998273949773452 4.014819905418629
4.59335308883494 4.613408152055247
4.5807519147001585 4.624094694189654
5.123048248575744 5.336518982548622
5.8264092453220515 5.188328275810726
5.998565522796787 5.102004551767799
5.092780596446623 5.578514875835339
5.173630461919649 5.191327068476876
5.019610504186505 5.860806831169736
5.067120883827991 5.702561555737729
5.103801253768711 5.360792757838407
5.113083949829428 5.3538377615740425
5.880781780889494 5.139426487400606
5.049903707892877 5.8533749645722475
5.871699981773719 5.14411484538401
5.966660033638048 5.115042010734484
5.853905645358266 5.158654270749633
5.064305777267845 5.727726197101876
5.065234009092677 5.723697776390543
5.699711148272789 5.191005667029925
5.056650442570083 5.830620988802757
5.153779614662683 5.249833513411415
5.164629352439591 5.224863731755576
5.14099966564423 5.279889752315353
5.080675200613938 5.631711011800833
5.8870958750050795 5.122200257231932
5.018535446994761 5.916747723590588
5.005766132072234 5.983082851377376
5.094684781502571 5.568728651095618
5.960873431450548 5.120318521499508
5.001556473496266 5.99531124515732
5.350156778148333 5.191256056052838
5.095178847552061 5.409101797239828
5.013936313026738 5.973685686008319
5.01356953140467 5.981346017912613
5.169499890766504 5.2202913356157294
5.102335476378402 5.381968944398732
5.019159377898394 5.915596933616364
5.06009154195282 5.732091096108197
5.974997141342317 5.105201255619556
5.8370420928349205 5.162710150789964
5.081229403880479 5.591885665958756
5.154786897463696 5.230566957739957
5.01645048574643 5.937388111960044
5.867268743571268 5.15420651178926
5.066172740965432 5.715910580678631
5.747216476863974 5.190224431405013
5.135171019408454 5.302704894455947
5.094868157848195 5.437500040134186
5.132921611010752 5.313227285981128
5.094779050448499 5.459805765132899
5.091651583923144 5.578868450722128
5.117637010732058 5.348958355018466
5.646766960457128 5.191190648446768
5.067856320779107 5.637907864653466
5.160621975904532 5.225365864474931
5.849304173397681 5.161398631164837
5.881436221676004 5.134765426844837
5.833644174756728 5.181421422161243
5.999199236296982 5.087363256186438
5.098399940945286 5.384669928601886
5.1354165152989895 5.281907647964197
5.037715590862488 5.858237481978548
5.879852809185028 5.142427860086824
5.962307259347315 5.117599301287507
5.010956090049996 5.98229220212516
5.09521853497391 5.39011851725525
5.148665933827572 5.266235162646832
5.014037231614302 5.948522592550982
5.074256251832412 5.636514407837139
5.059670255521393 5.75373147580661
5.749351345752654 5.189559760921549
5.058498352336547 5.803089515594693
5.125769017135689 5.333245463175894
5.844578304987897 5.161408955014571
5.0872580655678785 5.580690775095732
5.085208938787784 5.589598237985691
5.7708720192982526 5.188428752819353
5.17009239736566 5.21741222875501
5.110784250474821 5.354990985045614
5.152250232487802 5.260380378137685
5.96843115249316 5.113495382842923
5.962800737746438 5.115240010266575
5.983659699241864 5.1039578752486285
5.129415729516979 5.313382237244318
5.776772558846317 5.188377340173623
5.999968112637543 5.041216629370809
5.052966637149898 5.832755750136998
5.017795931313319 5.930148599808941
5.0582772503560705 5.822354030810875
5.064374772507776 5.7237587433252965
5.019525180541205 5.881102634254696
5.930927776228339 5.122018947059928
5.71182238701282 5.190595785675685
5.127480161723821 5.326816411613078
5.058335763723257 5.804565874419353
5.004754240280594 5.993760580089953
5.8683812331752385 5.144735074806485
5.976713013076321 5.104074771643338
5.052452235039783 5.843609637776027
5.103314746321095 5.371078211394205
5.11903734441399 5.337374571860575
5.0267671099526865 5.859195693880259
5.110736969565602 5.360116619895491
5.167794878471753 5.222345902764384
5.9729188918339595 5.111221628529546
5.864042262295362 5.155138973748742
5.999657751140208 5.066368953971425
5.150352979927745 5.2625624378539735
5.173566597832752 5.192925389536906
5.148575688554068 5.277868028491306
5.83367729895639 5.164967651013531
5.873324413081747 5.142443147324762
5.753620417636603 5.188825210569957
6.470442674627704 6.549912671177734
6.164849588171969 6.947773188573074
6.775715851018637 6.423936879801408
6.198512333254224 6.894224415332587
6.303129908086459 6.752411144865693
6.904727191347169 6.065910793305788
6.7802070081386265 6.360937812500191
6.76327149543926 6.474644222575112
6.716082125571374 6.486267806888076
6.8898088883927056 6.332119482461934
6.3796893728880795 6.656781410563811
6.706733919125697 6.518868950472188
6.008422347033346 6.95304778040556
6.710137822517195 6.49907077524991
6.424227032314416 6.567898244085813
6.946575929731881 6.053691870664302
6.306946703126316 6.693025607504427
6.4153371697814965 6.645728089242418
6.290983436358527 6.77518638190508
6.830929772243747 6.332608023459089
6.671342714698282 6.523719217629721
6.257121819217424 6.882422430203948
6.185191495039495 6.937363999896549
6.890727775627057 6.251243948465615
6.903931158001917 6.1277996887563555
6.809924371441321 6.343814932821032
6.571428745410602 6.533491806631586
6.35691489679113 6.6743445277569045
6.269007404646071 6.882226885376323
6.993482806387892 6.032573707089164
6.50891096294176 6.542446354218134
6.454618421597388 6.550599955962807
6.193356054674791 6.923835830447805
6.885420364228945 6.332462808467641
6.511947466126789 6.534425260818235
6.9117067225322835 6.057388098874899
6.894872713322064 6.141535040778383
6.282499008215705 6.781656111780018
6.202289410800134 6.887740507660808
6.416607169729176 6.607935707870973
6.596916168258111 6.531460482450097
6.291859077865478 6.762761108140051
6.404450192020988 6.646483361971284
6.9094786070535745 6.06048416622316
6.368154697186418 6.666303580271207
6.302450072449001 6.761512041591988
6.96154402440212 6.040067482774942
6.2569544654001135 6.886743518692434
6.766929409235149 6.457461347833337
6.697904548278823 6.52144848385206
6.973821458333368 6.038294092984916
6.282338309113912 6.803864357392653
6.772681520337829 6.4340407552910595
6.958052072755455 6.045672682353115
6.278463571356411 6.869335260733943
6.6168771428478035 6.524860765848495
6.708846822761186 6.516234570238308
6.904591890304266 6.067628886015214
6.720316820734637 6.4779326958620524
6.718243530313147 6.484272034198658
6.435309926267571 6.558556619526651
6.893218918469176 6.15551452026672
6.274676990584991 6.875716163600994
6.280288325788541 6.842845396886039
6.890053236890612 6.305638089496234
6.344012047592165 6.689413744098386
6.80956897452553 6.359649085331776
6.350302338685256 6.676579446146368
6.613444355180385 6.524924924914275
6.13346543353461 6.947893129907898
6.168720721326759 6.942301683740112
6.5737150304900585 6.532541501678252
6.927866673336562 6.0561628392982065
6.9966082019175335 6.020293095945627
6.424952668765869 6.565747015908304
6.6091711423420545 6.529907220483366
6.096304339516948 6.949786696647789
6.083537283680025 6.952087177367443
6.947636825933239 6.049572884782393
6.43743832800493 6.551237105619483
6.40040234224106 6.648105731517123
6.194492157201066 6.913540698622524
6.892017677382907 6.239403642426525
6.992330753448728 6.034194013854662
6.777908166786865 6.381459285001961
6.389838417544556 6.655402924970318
6.472180094002152 6.546879432669854
6.4935843857361615 6.54683605314752
6.8967799449163 6.139530147534033
6.973980167271043 6.03776003495353
6.129213094874334 6.948641011740551
6.323638112887253 6.690527887246995
6.894415484479779 6.152789569988465
6.007248151761904 6.979116234542977
6.090686304497669 6.95032021691968
6.282175496647936 6.815008967785352
6.173520100936609 6.94221965968962
6.1660416630561485 6.947158524287359
6.003174244993096 6.998421403785161
6.770037485528108 6.440210907935577
6.362602056082255 6.66738479829036
6.424018510331107 6.59654126765944
6.7946557291308745 6.360432248391636
6.375333224604318 6.658033255254821
6.772872746939913 6.426875338884391
6.346870853068642 6.6868908174416815
6.348186028865902 6.678753503861083
6.36235748864347 6.668712219026932
6.129028466013487 6.948939047839447
6.184845273731888 6.937886557207148
6.77656143349671 6.385860691137051
7.373212352257817 7.503715465103237
7.63320973184084 7.329118946125177
7.202214793653262 7.997721870184061
7.261072182030933 7.571591108243198
7.387791922294452 7.336108632136497
7.649250455925594 7.212830434526037
7.983893413525359 7.101975932048603
7.2067420004699025 7.914943956160283
7.337963581757354 7.511424885256841
7.226381788814945 7.66354107608838
7.7659661881272415 7.194639437049325
7.821306451718479 7.162240095436179
7.252975184013069 7.590707482610787
7.283049042637083 7.548622221723245
7.20501720601731 7.9608020073223615
7.4345369144757605 7.329424856414819
7.210734313252577 7.756191893540917
7.120135514537308 7.999773586162002
7.213143655035333 7.681812063404399
7.337759108667731 7.53124742171795
7.506433595257385 7.329119633386025
7.904804494260858 7.116480194605672
7.424243599048411 7.330831770739311
7.6546496280094765 7.195829014482003
7.891101606444203 7.1556862217089785
7.969189670568933 7.104098663726362
7.236161035515956 7.596624425718548
7.322965606666227 7.536804776730776
7.800897454507415 7.179568532045852
7.211389140319254 7.751125243785303
7.376734582276545 7.500202330862209
7.903952797306365 7.143024590238179
7.266418611480542 7.558189023841352
7.828962782819674 7.158285725943736
7.236106837013874 7.6027529304921595
7.993747771540248 7.096885980082772
7.648626558613566 7.233761772364553
7.643580863789362 7.311932136509202
7.207110271074038 7.86936859704157
7.813415696013959 7.176140242096145
7.38352588348198 7.343066672834578
7.407307057516556 7.332801907293589
7.352732941349421 7.507486684843025
7.2270539580794795 7.603524480927212
7.379515920091593 7.424516749875537
7.336666704788997 7.533946628086362
7.381920545567002 7.407181628108916
7.9462443715664275 7.1107941688658896
7.249063373442583 7.594735843845827
7.213634959597512 7.6699319444405685
7.960409181041374 7.108697868416176
7.170130227658891 7.998759957491057
7.996816752422629 7.041705399923335
7.269165594374461 7.549241410849657
7.209823621355875 7.78383809831147
7.77821299405729 7.189332915242829
7.426357712713904 7.330782207004661
7.287802231184861 7.542323948999318
7.207616998513273 7.820823504309328
7.209548073276767 7.808358512731523
7.383480368287271 7.384636153300529
7.382740882519641 7.3926254971634275
7.648859563056812 7.219893352286843
7.293144455347671 7.539092961264028
7.256751158684526 7.574940061529922
7.377769170228752 7.430985823373449
7.378433144561372 7.425007630138103
7.6363276029165466 7.312323080511368
7.20584365970538 7.916596907320207
7.991641815821694 7.10059903159736
7.997327408302953 7.031340473198322
7.24981696775282 7.593634580879424
7.781953445703269 7.187049399009948
7.648473829076875 7.276016287810898
7.8810937925632825 7.1571705511352635
7.8974479266097495 7.144067297712386
7.6597272109305505 7.195702916231491
7.975746580009315 7.103723935783956
7.794661395886778 7.185416831974608
7.964606003710586 7.106955966491863
7.3768373151007065 7.485691804077747
7.919364232961787 7.115425441870243
7.998805563515465 7.022765602685967
7.6531327550225825 7.203880757672318
7.289891169823131 7.5418485285309504
7.212459464338934 7.691761105078985
7.6488721423848975 7.216443597804342
7.633580448504586 7.313557732005291
7.890746069464868 7.156833036947881
7.794688730265896 7.179668607078992
7.31624451119101 7.537782804879461
7.0514632982394705 7.999944726998524
7.99945767371599 7.0202789925208355
7.207185664081411 7.845256543729052
7.265777736320485 7.559521515526095
7.939369828464924 7.115009078360613
7.266462100764063 7.554755818648577
7.995600336607345 7.061885419892578
7.903159415266028 7.143815091732415
7.376974826213239 7.436301071316752
7.941834002044731 7.113572562521119
7.338504518306554 7.509196234975038
7.26913938846754 7.550403863789188
7.373110655523363 7.504149345682071
7.220286222205391 7.664618423810356
7.994252710195543 7.067764072595398
7.387238079533443 7.338227590831689
7.939437946156504 7.113575974464967
7.2858847262542135 7.548069261698661
7.256426747288503 7.576781707531019
7.815339989850926 7.175703199807995
8.743607109781728 8.895905992634962
8.515040494231446 8.965840647771342
8.850804645991113 8.560977546139886
8.410290323522931 8.99861847255563
8.874199531898704 8.218761546534898
8.528428852079228 8.946084629680097
8.758549910121928 8.776296957419039
8.54138384498635 8.920366928158575
8.809222520597952 8.59750062747631
8.446436862866333 8.98443229046262
8.906952504213711 8.052990130306306
8.854905727889378 8.406587858432777
8.784534216214128 8.755062310752864
8.616633399048585 8.91854579165333
8.945835075659378 8.03552557963378
8.846280908544067 8.587002046235845
8.846381830960807 8.578529861708677
8.5392407404938 8.945884678856798
8.807035947260106 8.634792960242583
8.891459892956677 8.08174202329903
8.866821547579729 8.232869656232095
8.806732471091085 8.672094750110578
8.7931087712301 8.730260683041447
8.876952327627452 8.208216450601554
8.709291382314738 8.91141033892474
8.851277844251477 8.481745834452052
8.14791497189138 8.99907525557188
8.79447007641427 8.67996721159538
8.78770110758875 8.746979358628717
8.412437097846944 8.989250785654894
8.829219912202309 8.597146523795784
8.865657702040934 8.361902586978687
8.95737151343326 8.019129393634097
8.44922902365591 8.98067327150203
8.746310796640985 8.830978434413316
8.778443328409537 8.75909238579133
8.752237629431798 8.78016238806916
8.794435004998563 8.723962459311993
8.646862384687667 8.914893964994405
8.88672194758388 8.181503183773845
8.718412288743366 8.908863640131246
8.900344149877945 8.060823901126815
8.750179482122094 8.786967604155933
8.839131828905888 8.593996493756002
8.896194180412946 8.068268361981946
8.803246112968095 8.67803385593192
8.76913914910884 8.775218440294616
8.847438574412438 8.575342535661036
8.740115404101592 8.900496291499799
8.53936467452689 8.939139007266899
8.745903303161445 8.870395960433244
8.80889020006408 8.616996742973628
8.866171167276574 8.24969871764381
8.457339970264565 8.974434095143481
8.51724645784091 8.954786411268818
8.998716228702868 8.013913952789588
8.748044489419243 8.804492671764148
8.849926439050284 8.561508096649646
8.769198534972878 8.768193355416077
8.90857988328085 8.049257640194652
8.411910784571866 8.99590889124897
8.918511076693418 8.038517879831646
8.911658252426005 8.040994593745522
8.889041616143484 8.154688133517146
8.470910165630139 8.966114992058444
8.790605328880682 8.73194768777778
8.746271270420046 8.849474429869597
8.8571917030354 8.365840489025008
8.115954441943451 8.999379011724779
8.86904785762031 8.228374431097794
8.731057926777467 8.902285737190986
8.912906472527807 8.040911317260846
8.698610596688683 8.911712971368043
8.457827581337371 8.973479815066453
8.425988884171371 8.989147252469708
8.081117537559905 8.999999978598701
8.60792200662424 8.920168047970243
8.87616015130731 8.21156884833894
8.74560183508368 8.878227744339059
8.634704179648228 8.916696486364462
8.854779286799472 8.415515585840687
8.999817982089821 8.011040455312784
8.879286152318096 8.188840814646818
8.851060303273618 8.486198389203517
8.755137791649634 8.780035678067101
8.775487394991611 8.76237009264958
8.839259393371574 8.593924457812276
8.919127269923043 8.036544606815042
8.746705714837756 8.815193231054183
8.879365635340715 8.182576334237782
8.851760255002237 8.427354678997968
8.626472648395104 8.91690158654844
8.951807162879808 8.030381775607827
8.807909626661596 8.630542244923056
8.661921799379398 8.912198152992126
8.889946884266443 8.121111693806798
8.525434568489715 8.952443448881443
8.858147941376329 8.362570611694416
8.99731244077367 8.015659201692353
8.31445831291166 8.998780666062903
8.850969993762105 8.52080960867594
8.968282062921904 8.017030940734347
8.949295019522856 8.033693186364937
8.840781647733182 8.587069035196588
8.737475556743602 8.902015643858165
8.99582267568821 8.016585952136682
8.801018257848108 8.678198848179209
8.85655734575793 8.398401469192203
8.903133283383255 8.05576373890144
8.469231986110874 8.973327162556142
8.861336398672945 8.36200542859073
9.941370792288524 9.780236676978452
9.965500510483317 9.470635039985927
9.848230381844395 9.92323970980124
9.750744314135051 9.979429334654977
9.92243097705371 9.893701888672641
9.978889743741021 9.016315955321637
9.942695602054913 9.510092531038019
9.756313867060323 9.956935715958302
9.795822760970749 9.95047965026687
9.975716302378334 9.432848304909946
9.963402541440006 9.485773115190513
9.869017864127176 9.896133374232338
9.452899440324343 9.98926988611468
9.839956584420355 9.933440293717947
9.927368889441208 9.849082352675623
9.931412382050308 9.78457020008671
9.222953203346952 9.993537251686456
9.976854366211278 9.099490788352362
9.192066672935653 9.999906327247448
9.362644862089908 9.990885738734056
9.541556882472824 9.98289164956142
9.847074954567756 9.931236679655935
9.881058041936207 9.894297135576714
9.818530623973936 9.943048545227978
9.941503584517822 9.732751593553749
9.97587455636327 9.37831031453544
9.944917912152892 9.494415067555304
9.570949136752345 9.98045713674598
9.851657170678788 9.912662946113013
9.97611811566388 9.357678292276926
9.977222196040472 9.052933736718291
9.833529816733645 9.93580749344872
9.944648815257134 9.505788721539698
9.263773215476997 9.99099854159374
9.110082957983028 9.999961064183527
9.975568862057466 9.457214991091618
9.976335944754826 9.324683174813044
9.995961202758082 9.01301227416387
9.93991615012774 9.783236613549763
9.856006992202602 9.903480673068469
9.85274187428565 9.911956013736479
9.78881397174373 9.95631296677557
9.2119170921221 9.998963392710435
9.941873014580892 9.511029783877945
9.679332062617538 9.979960810016111
9.876651131436953 9.895475149131956
9.926863301136025 9.86050557886938
9.440244868220425 9.989518570601868
9.79981368184225 9.945919989894355
9.839076467504716 9.93352841322048
9.495565196043312 9.986243014902437
9.925681426359027 9.864240462981812
9.9288852278822 9.797486119908383
9.85798123362178 9.89783096442658
9.519144832951664 9.985810140642016
9.843013396640256 9.9329844600561
9.484459849373659 9.98792283360003
9.856411381569036 9.90117751552787
9.831655537899858 9.94195211301506
9.925650069868357 9.869107932339594
9.459755251065571 9.988893642999761
9.251030610657756 9.991942709310235
9.525602466718986 9.983929167502108
9.923938480176737 9.876236906109764
9.963723737079302 9.479414526466066
9.852766654319415 9.904914212073445
9.634457317547023 9.979962823499395
9.217621070005476 9.99518773179211
9.941747693399 9.547005048699846
9.928367132900068 9.816882592423713
9.473874939838899 9.98865448942165
9.973786228829306 9.46262351902532
9.41755380959052 9.990732153054417
9.929750165377735 9.789345822788682
9.926345041239635 9.862663996713609
9.978226817598982 9.029134637352664
9.582662422335101 9.98007940386997
9.248016385316289 9.993480076949227
9.753244844977056 9.960880121481694
9.79044987882717 9.951072926300622
9.976918678556327 9.066486763480507
9.832743987517082 9.936069780561251
9.92373495047333 9.88746035101809
9.970591784036216 9.46984353262777
9.783256633539892 9.956587717430033
9.987230842658466 9.01411495142627
9.48333974486045 9.98807723556949
9.953157643229684 9.493605072386503
9.373333095849386 9.990841291565129
9.97339062108044 9.469842787349922
9.925437909917424 9.870585125835818
9.251445782624149 9.991469077380232
9.805106777608025 9.945297284115915
9.56527607345372 9.980518871349998
9.543995214744314 9.980541994905472
9.821997572923392 9.942610236565384
9.629949644737014 9.980055872343407
9.976644751235035 9.23792183647073
9.976785521421762 9.187304528279586
9.845661842436177 9.932396913030473
9.870809565833516 9.895762971906352
9.220563129551756 9.993941279976006
9.92815621063073 9.836507839871851
9.944351624135654 9.505901405916857
9.808013581811238 9.94523392172903
9.75155234796329 9.96625866510371
9.950158813208681 9.493898915840346
9.956364777497436 9.493487237217895
9.848848533277696 9.922549573898905
9.699112734718216 9.979620307021248
9.755337874155067 9.958257950847596
10.270669465347527 10.302073760007122
10.341760316093682 10.01688626579491
10.22287613105781 10.409688273923006
10.077021435081598 10.852447889819036
10.100344779824313 10.800782737973101
10.036957998044644 10.891187390972977
10.283373193173547 10.041454002902542
10.211035838603687 10.520556969032606
10.205623564721654 10.557670692110138
10.301911796197286 10.02133433304394
10.197158503251854 10.611228756742905
10.121420152948357 10.71277719754927
10.994747019604524 10.004194648280716
10.055944797941915 10.884025148718798
10.183925194330111 10.620229048687872
10.007651621185348 10.989649699976125
10.038942284565406 10.884536922317258
10.135218690509758 10.620362566234522
10.018055649645634 10.969867561109984
10.861872555106975 10.005272811920918
10.483989440782874 10.015452018940573
10.060100760198946 10.86343140516418
10.704318952884053 10.009788148830088
10.274473451228863 10.271702257130519
10.06449107319627 10.85251176642187
10.240551706913724 10.369907510300422
10.129152094077376 10.63684290753199
10.839283608956954 10.005934961204325
10.111945957287942 10.79254214561908
10.103027172908016 10.796179758251885
10.1005632618521 10.800049387514724
10.687155646359438 10.013997442357079
10.252387451769653 10.316948218423262
10.017296920894461 10.976910719653457
10.205625864516227 10.550159719087091
10.30060599039362 10.0355071928126
10.025877304349995 10.969040771418008
10.119084761751635 10.758733471338118
10.000449106338614 10.996929846756062
10.030775357704705 10.964100700651707
10.229513529085201 10.373579222599762
10.115843960882057 10.769950214083483
10.289637672426926 10.039848438228173
10.205783725419899 10.538024290766812
10.274765738157544 10.26272524511592
10.115162296905467 10.7755422299199
10.083207679375885 10.849427735167922
10.659636606175674 10.014242287593303
10.275536046896267 10.195285485353581
10.221901393464776 10.519829183659553
10.282303353509361 10.124779804801076
10.099713929217218 10.828375950732664
10.292291621505811 10.038840698327126
10.1082782832677 10.794922254252196
10.708836503514018 10.00726623765546
10.225480757676856 10.385076174773177
10.003058606830596 10.991829822723593
10.017643640206236 10.97233505719335
10.22276732733942 10.472758970479461
10.128308106331275 10.655061188731072
10.258746349077514 10.304821196399502
10.20919945948468 10.536484403270832
10.123718413024363 10.693666738590181
10.247375332927557 10.317908473205788
10.456561230776353 10.016691308628674
10.803803416415958 10.006351347290597
10.114373500907417 10.782636535679028
10.619342840325501 10.01445546269541
10.241998890384869 10.343932729474973
10.119588873045885 10.752840844073702
10.200698286567775 10.603982424947686
10.110911221464217 10.794271248125519
10.205337930133677 10.597079815474284
10.117806417764221 10.761390391314185
10.120062228690328 10.727672991934265
10.314429032641174 10.018663678262545
10.259265731251656 10.303560694365508
10.870018877603378 10.005253627483762
10.327532308365196 10.016984121081592
10.093225097587917 10.841985913404024
10.281502652468829 10.192931955863033
10.036469052147988 10.919062543211188
10.056564082912114 10.880890009597596
10.275357896389544 10.212361133073465
10.226844413177453 10.382720427752085
10.122196248902968 10.705014589770721
10.23277446633653 10.372938851009163
10.701909748567392 10.013478604879051
10.037719243993017 10.887319513506231
10.28251755054107 10.049057179991047
10.116548109265207 10.765401336832404
10.39396317858296 10.01682122989884
10.205646551587181 10.546099783653487
10.035146098320205 10.929036541674746
10.682338332574306 10.014025712365925
10.707853117483555 10.007658688663636
10.296521414411455 10.036516018017592
10.999816493625204 10.000639705842799
10.033186929865956 10.93141030240946
10.831458345526368 10.00618156151098
10.093398684231273 10.833207414591772
10.126084332910155 10.681957509278934
10.013530412407015 10.988612559754106
10.036090315298956 10.925998743239715
10.057736469259794 10.874194157296737
10.129102136894138 10.652904193015438
10.192990802365733 10.617853932287925
10.88153821057269 10.004378552256972
10.134549670266738 10.63271475800579
10.062804256921234 10.860728860863215
10.222839522726535 10.42447031603863
11.501665968500928 11.19458786769326
11.138760486713648 11.343027955421395
11.810453935087153 11.128903604291258
11.031012172419917 11.54254624395511
11.800553579159393 11.165106019837468
11.362279404169197 11.284031038330625
11.069562452819396 11.37324121126067
11.95172599911458 11.07261133295846
11.036731257802659 11.387889962187947
11.4349029663263 11.205047784098943
11.289637285340069 11.317702848257195
11.647837013075987 11.169476575052343
11.020844289144579 11.55141509680293
11.970421652267087 11.071220232679448
11.7967760122898 11.16890717190321
11.863384539812989 11.118278231529054
11.571452644705317 11.192428745950384
11.595271262216507 11.176700391882427
11.154272295445962 11.320961825449157
11.876356031745923 11.099082669177815
11.015173987979834 11.623544168618059
11.995423484819726 11.020416878459185
11.29250504325529 11.30331726430143
11.381134174306379 11.249389249730086
11.39935965583071 11.239218155451162
11.01485199313888 11.8785190534872
11.0064218860168 11.940886358089314
11.400592706261532 11.2105381310149
11.377546355469066 11.261743599432103
11.008231689584578 11.907647395942448
11.377297080701807 11.264991389877943
11.582484655654596 11.189770970225661
11.606077673080845 11.175585251339172
11.356442389095623 11.295905967691613
11.395369111694691 11.240755173428314
11.801766250693175 11.138059880062825
11.07853216623806 11.343550478464174
11.857679943808527 11.119003263684998
11.991749388322534 11.034350601315033
11.899144199812994 11.098158496859995
11.001591572731002 11.973058515501315
11.360039018460512 11.28984659867528
11.148492255926131 11.334027181258106
11.146658242324103 11.34202714351905
11.918479600475708 11.081396450929242
11.511031648341596 11.193630471718102
11.005534269678343 11.947661456916855
11.447493938772135 11.20106335401644
11.365515844550526 11.273112166205696
11.411389598032505 11.208087535320399
11.077100230701753 11.37306712684003
11.031439679009152 11.438346023757617
11.05988729706509 11.380800493568414
11.035203270194401 11.409946771904053
11.33105320926281 11.301919625146972
11.350120755491007 11.299265362791314
11.625950967473026 11.171791073413189
11.846559277758812 11.12001438479402
11.28182602309703 11.319975432504588
11.390202347510112 11.246570324829023
11.454039566225912 11.194979429146189
11.043374028424624 11.383425795236063
11.587805376367639 11.178415116200739
11.399706170624368 11.224168996982385
11.063786079558017 11.37781558545512
11.019666201738168 11.57588621559229
11.047652045478843 11.382561590475607
11.426487555253619 11.206444792968407
11.176908794532832 11.320131509796603
11.015481188567541 11.589767947633376
11.97861839955344 11.038917137264168
11.000770509022091 11.988350800222284
11.330326104460438 11.302819264780952
11.81013432166692 11.13126344599689
11.634562546033433 11.171214426529774
11.843064264627966 11.120289148973303
11.973808961912262 11.045976448384772
11.97331273628723 11.06465315050907
11.013348576111351 11.888201159179312
11.021393807619635 11.551140037941545
11.042630868694758 11.386756666897167
11.99583223904235 11.016782970791063
11.380161487631522 11.253711964766724
11.91394187652069 11.083684857811917
11.87611059186914 11.114168776501803
11.452199284070085 11.199444782830206
11.39486148442039 11.242433556884164
11.918755485719247 11.075227076029563
11.015902385587768 11.585068547185267
11.534025088572347 11.19342678554525
11.977212973437343 11.042751511829989
11.034638277709995 11.43049500130966
11.165820955806279 11.320249676515218
11.819130692603649 11.128058667278381
11.997621188926365 11.015708403291425
11.904189380344553 11.088498937800454
11.00359717259106 11.959243957647312
11.587142048821873 11.17971286562753
11.358785093499584 11.295200980961999
11.872255846631043 11.116448255455964
11.031150374643952 11.441774811360354
11.94592247293208 11.072908927806195
11.036375456919599 11.40830617606772
11.020231985920034 11.575209096687152
11.249952111924836 11.320090054302248
11.098612816993924 11.343158266390041
11.656814152720603 11.168966040283873
11.019145744126943 11.583992527990329
11.799430280891075 11.165580797001606
11.62313484185914 11.17243652973813
11.147199191010863 11.337419997024057
12.974904981230518 12.303291283695982
12.391997945604828 12.685772542106372
12.7656196041678 12.579564073914765
12.370911202147331 12.777483108756986
12.116320743980994 12.870559639052278
12.947676943842202 12.572323700467402
12.75458259590133 12.677579577803556
12.175778833039098 12.833356174394407
12.443799751998844 12.68433820665549
12.996478742628383 12.043512689427098
12.032673142821011 12.924423500341623
12.193489151389965 12.783855177564362
12.099495766147259 12.90424703059457
12.13833982136637 12.862824231908169
12.723112405007377 12.680465351003551
12.18834209406604 12.826030768028346
12.950862528407841 12.480122029964416
12.978945264152589 12.281122021413445
12.647972361870787 12.682900758300702
12.388015666163565 12.771447994092542
12.079814052108249 12.906773197491148
12.072983849301412 12.922400202054352
12.113832427137837 12.88311960330294
12.985315708455566 12.268089017033333
12.013277830018412 12.944809564955815
12.817159088865608 12.577861955557093
12.958148835329776 12.449310334520863
12.029011126013694 12.926650692571814
12.758859328372402 12.60092596320792
12.987154158065815 12.252846836897444
12.958449296942568 12.42216661125836
12.64806555510533 12.681087295490578
12.009035395817438 12.96969392963477
12.273737214636741 12.782075420232426
12.950194215781837 12.567390621892526
12.9741977248583 12.408038221565747
12.995150106959109 12.209428198000913
12.362959146837758 12.780857958333733
12.950250794143965 12.538833238997144
12.255915649510094 12.782566779663222
12.977360134212669 12.286564910600468
12.389715263866204 12.76711471743264
12.43053563172609 12.685367637325857
12.003922488427518 12.99699055481366
12.144545515555997 12.84862218709095
12.994166881656287 12.248277563649037
12.952468587133332 12.455559704773975
12.108540234107252 12.888286123792376
12.041194812223535 12.92309703979161
12.602078195833943 12.68298074248761
12.192053537023257 12.810893355830643
12.906626797542357 12.572802047348489
12.827006361998063 12.572820147219044
12.229751150736753 12.783788602433871
12.754942969645093 12.625091632638634
12.76133683791172 12.598470851732653
12.73574991012634 12.679994703801334
12.141462749472572 12.859375461258377
12.962922470928657 12.411212692381872
12.335760945134622 12.781688474229966
12.005385891809775 12.985488215664487
12.115377512983342 12.87548446180178
12.822549868004682 12.575775098061897
12.15166835124524 12.846606744194165
12.161553022737014 12.84411779254458
12.446177142562078 12.683058120525146
12.007635247796477 12.97501899032473
12.995262397279474 12.193389644706777
12.007786055263573 12.974212114221922
12.13743562519732 12.864625806295589
12.077315493551431 12.912494824056385
12.141584518445347 12.855178949943877
12.38661132934078 12.772827348738547
12.95084564615253 12.53566451858446
12.39052776644912 12.749379685819827
12.804845047598212 12.578872825736633
12.97434903111274 12.340191991948034
12.984829748143158 12.277367600995044
12.741885755673628 12.67783577031362
12.192699302047705 12.810140691974667
12.997782608913333 12.002609772045496
12.192976526159597 12.807016630362885
12.01296777874609 12.946014991734796
12.09982926701607 12.89886517849133
12.763165385924147 12.582027350930131
12.404155830198546 12.68546826004615
12.083927466715592 12.90477997987326
12.163809188752687 12.835909066199616
12.101353024057003 12.888423826732206
12.378416242659135 12.77317251447133
12.989191827516148 12.251257699999826
12.391462751212433 12.735627837063635
12.117133138321114 12.866684362308849
12.01563644760014 12.940871058841836
12.995525636276657 12.043522586976147
12.116240334790872 12.874809405443536
12.773040588288458 12.579494649071233
12.388521173733878 12.768159712883248
12.266735081677485 12.782559203747326
12.502703970884893 12.683011984448354
12.121757914770084 12.865377032970121
12.007612392531795 12.975587558746204
12.95324904537657 12.452146980732737
12.952526365523092 12.454662827561966
12.166243904003917 12.835307964469582
12.996856709313366 12.017412306891853
12.976239824841603 12.292918780442443
12.00299979748048 12.999618864079615
12.754260690961086 12.677598575204177
12.951029880411573 12.455714982085885
12.96061446866542 12.41352812714284
13.377232492718221 13.618649586096769
13.68570072591192 13.535023800595049
13.930624274003133 13.424063192068497
13.18220641097749 13.852617524215056
13.30524333269255 13.701715481276821
13.830285450360499 13.529906197488371
13.235107789087715 13.732362813955568
13.843409942122541 13.512381495138396
13.960529777678893 13.349606914163076
13.092685872508952 13.89681590281295
13.958223562001859 13.398521070188075
13.900631650056393 13.50531504887916
13.91350453860627 13.446701626105352
13.030422497628948 13.97484353477601
13.99774976240121 13.235378133211006
13.23305188663164 13.782308961292843
13.16557037753166 13.877865204927051
13.409730703911519 13.563492675218207
13.37204431595639 13.6923173689615
13.376195746599837 13.668336248838871
13.084456702611144 13.96306294926944
13.998718107967159 13.08971119517784
13.171696572284752 13.858451816212286
13.02034965939204 13.992874000914126
13.232812809231183 13.8372981868382
13.26682996881003 13.724916390517675
13.541500499590892 13.558393206537804
13.546943649124506 13.54726135243679
13.158148299141638 13.883130691129848
13.982909339612371 13.34740352885039
13.909043052505304 13.500903137792964
13.589100301948491 13.540245957809452
13.845077683331008 13.507680926182104
13.98997436613876 13.250941892802405
13.20950535935004 13.838627229461691
13.997846382748245 13.191614661859836
13.580117568950744 13.5454897480842
13.986233266110094 13.32444382023617
13.091113802189737 13.899122773280821
13.275788628920536 13.715799664683892
13.06602532552486 13.969639078118037
13.375286396626208 13.668409708223887
13.027155815675972 13.988275981191721
13.999547316333501 13.013258928398939
13.37780411608024 13.593006422243546
13.110175676425632 13.8937170803621
13.029367555690214 13.981601349514802
13.9377630717472 13.417164003999202
13.920098157968724 13.442509344725785
13.999802281894272 13.00155401126027
13.957704594659914 13.41539394783181
13.298656100134544 13.715734365740424
13.987274321446987 13.291234410362284
13.08766404302268 13.914249728033143
13.790711565943868 13.533435366807169
13.933669526300042 13.423888587620748
13.363004164497045 13.69771335318688
13.996741462588155 13.247302143799907
13.167894507477705 13.860613342697848
13.522209495373412 13.559779767898512
13.190070304812126 13.840116031237294
13.367358470522843 13.69359267673335
13.015972418647683 13.997924719776291
13.935967124581751 13.420122615408214
13.343957619122373 13.699901112790892
13.545251689252163 13.54779487571568
13.12343699053477 13.888459690756642
13.333833191203865 13.700561005625694
13.235313122217123 13.729435270883068
13.542094954548404 13.547876887681344
13.79253136256501 13.531268644761932
13.432423193425688 13.561689062981435
13.460981434743609 13.561617796119936
13.654556325445979 13.537941924492916
13.988400626504282 13.271607528950476
13.990533819341255 13.248944112061599
13.564364564143467 13.54641446635457
13.91282209226689 13.448334900036983
13.373996112450767 13.68780955315887
13.61041480514735 13.538925721307933
13.034510022229535 13.969829047963772
13.135777307528448 13.883595879804112
13.129560293933395 13.886684049707291
13.233671786859077 13.769628913300314
13.401621896118982 13.58529371065319
13.984876330201404 13.326292124879963
13.898691187716933 13.50581293077526
13.820352625507942 13.531227467995725
13.23447609812393 13.73631862227878
13.08616183088519 13.93723914531419
13.73863985987597 13.534308965400854
13.106877340196078 13.894743916154555
13.085878155775758 13.953370930344693
13.023924327344524 13.990521069749963
13.26772721266666 13.72437148215646
13.147460855315797 13.883455020022812
13.940281876565528 13.417049812676442
13.960007877546674 13.377114411665985
13.930031767729059 13.433055241001199
13.409190804568476 13.563943207794058
13.406496337383466 13.57448966495218
13.99953707043597 13.078592835451024
13.949959791180513 13.41632447888222
13.860345372932771 13.50666525709807
13.986779756054522 13.311639869120048
13.729279958707561 13.534582732743127
13.587556052265473 13.541145251010667
13.830789647495951 13.516680586936385
13.958910893181638 13.382453599143084
13.912375750663914 13.470998596214699
13.401930505220296 13.578664679621422
14.7924091854039 14.509544962034013
14.127028726870783 14.862921675264502
14.321803679565308 14.769612847479996
14.358368781566215 14.52499654739896
14.950931242846973 14.332920292664353
14.046996816108189 14.942813776503783
14.32636684207335 14.583606571415176
14.097581489133475 14.918541716160098
14.97631030764758 14.29229606858041
14.258399947807765 14.786763733008048
14.451854016144933 14.511622097857826
14.988693343009377 14.044469733215228
14.873867172670206 14.47828694341258
14.284571141947962 14.784240917976732
14.235085422583204 14.816252824558259
14.427926885244458 14.524899596375061
14.514271137610052 14.511140642753046
14.902077545178187 14.386442922165157
14.126133221674545 14.915847281017179
14.200810325628586 14.819828402076162
14.501170130417437 14.511351833129593
14.322137510278113 14.693108332452683
14.984858022835617 14.126534868105047
14.059632064343758 14.936380844952538
14.862286290131156 14.504016741180937
14.982342938242601 14.14669702967608
14.980379994464768 14.246725024189809
14.951588639476014 14.319585276156003
14.917163258428973 14.366509338563796
14.091672634829246 14.931975160152158
14.187458048648722 14.834695350769456
14.338559964095243 14.566809770737002
14.325993252338568 14.603278783982628
14.934341385101307 14.347168882386462
14.244336092515107 14.790221775334947
14.87705644658257 14.414370085636538
14.903645005097603 14.386142292238066
14.97561157486642 14.298461246670266
14.009705245176004 14.97339000576152
14.161605385247407 14.840280829163833
14.884429385454592 14.391116409196659
14.041859400618774 14.968236962016318
14.34770109459051 14.561907228155976
14.874490619157346 14.468308348309662
14.32586684369389 14.647680620573539
14.353033614697495 14.552174040007518
14.442401330649616 14.522205123017912
14.990815778504023 14.018166716388025
14.961282599587767 14.319378536870774
14.35438904384091 14.527591169970862
14.243300268797418 14.807235464151185
14.976850892588967 14.281691695405375
14.135398558267362 14.861158769646396
14.198132567930882 14.83377135747358
14.286064498488841 14.77468283318945
14.68511230317021 14.510929518572533
14.950131371526627 14.33888159215857
14.8749718419505 14.423631447926155
14.265094098312556 14.785871084336756
14.878159746906778 14.391180012885119
14.353384462497669 14.527762380788879
14.321872832356878 14.760857090790713
14.184538056196523 14.834797945453763
14.18436422325827 14.837283593189909
14.069876098704132 14.93323346784404
14.156084441541623 14.844578807121945
14.00796845053292 14.991349552053965
14.2220673159886 14.817224615296675
14.151740799169911 14.856857277225114
14.451126614831296 14.514401454388377
14.96377631413973 14.29866096212986
14.126759523830032 14.878900127208986
14.896414597086874 14.386846125500945
14.987653276323826 14.068071983608977
14.327315695846403 14.578438287561532
14.980655943999043 14.152282815170812
14.793755361736471 14.50825484498973
14.045485876862804 14.952454368402424
14.864131691795869 14.483058114235112
14.113271435137385 14.916102530482414
14.982759644287658 14.143958900726748
14.996921790216202 14.002926124480746
14.914303828771585 14.379385444348173
14.042429705537135 14.954846862608326
14.464419521303276 14.511601738234717
14.807988979671379 14.504184085009847
14.99072229884728 14.043628532024776
14.979948738887847 14.277520641182086
14.92811102615244 14.34763415683866
14.065038781579307 14.93613974035564
14.045561024537859 14.94822072938624
14.097571301151925 14.930103019469975
14.984947268849018 14.096364618082449
14.928014958734304 14.360034621402079
14.348984786900388 14.556872036914688
14.104699047911785 14.916896790685024
14.97609555119874 14.294868156259552
14.866027808908346 14.478915001110675
14.927950157011372 14.364165946829202
14.302021536865151 14.774367344283476
14.043491048386322 14.954273658760489
14.016668944866046 14.971255012950493
14.798175556018933 14.5055916870845
14.243356400220545 14.797469813440088
14.022000836655584 14.971193358819693
14.05460066962822 14.941744838969825
14.038332004427 14.970376627935485
14.990840806243778 14.010880384265363
14.222518266867759 14.81696612463117
14.936260029102446 14.343818264654779
14.446540644294906 14.517250067443573
15.622672478883176 15.717159832322874
15.323769229269871 15.993928616945073
15.601559168832782 15.958137157706503
15.715355703102157 15.116528640142525
15.93003472127173 15.067991720367056
15.686627105400708 15.2183464177492
15.757796289955476 15.09598332594566
15.633750749752835 15.504912767905259
15.56026329992495 15.964950986046766
15.663356462854713 15.502169451489694
15.488311662959678 15.968091819962968
15.68867407488627 15.129497817853721
15.864589081328063 15.09522807636615
15.911314282259275 15.086126422930743
15.203982221947518 15.9940213903439
15.62627938529885 15.541879913435624
15.673008245056103 15.284584694097441
15.343499684861081 15.972308761514403
15.144535352707758 15.999018994324636
15.956097837377282 15.049808436452508
15.68311450639795 15.276253107264886
15.670290825756114 15.411346986574497
15.621897078779396 15.935031835981508
15.603940131978154 15.935824264323188
15.972726486690359 15.045237907150337
15.985257916165821 15.000152270374004
15.980438481152886 15.005030290872412
15.625211281594373 15.591102569876316
15.9179835273313 15.074050207981717
15.713484162650431 15.127993859332141
15.876442303097713 15.091374816234152
15.632247094196925 15.508068509772475
15.739990521492338 15.11584061933106
15.974558538179064 15.026874666990489
15.665838889867741 15.47260748681088
15.435238002763537 15.968105702880997
15.93361981248018 15.062956830736429
15.535169656447149 15.967695956743707
15.590963042533716 15.961888046204475
15.756662291562813 15.103412264381413
15.980074479172067 15.013819209773272
15.667573120971221 15.411515061676344
15.876696838115864 15.090122118665503
15.541263655725217 15.966915331131299
15.621986910755169 15.92479793669358
15.964956705028401 15.046697334825629
15.575213947343963 15.962077169847129
15.742575335420051 15.107146288710918
15.93733674369331 15.05889236528146
15.866589857266298 15.094331225986858
15.755453136295046 15.107082608262559
15.63013745827659 15.510443875400846
15.686795694538782 15.150334672719834
15.364157885742209 15.971743415099443
15.973325329732328 15.028966890615635
15.62297627550444 15.597061073264735
15.670675067470317 15.379770846973916
15.96388794348816 15.046934706773644
15.361780077266328 15.972071306325343
15.783177298205285 15.095829424523844
15.33017424142581 15.986062715606213
15.682637717987609 15.28312310921586
15.196398935927768 15.996476916364884
15.683303161650365 15.223469416038993
15.34301740652807 15.978854915886963
15.366308133262715 15.97032096635847
15.671157059662608 15.316578774162299
15.07694861937557 15.999069026943062
15.562573200370252 15.962388196904548
15.955933783097883 15.05111420271325
15.652488046759878 15.502940225828691
15.891457978159854 15.08882477330238
15.665050626323904 15.492608942332472
15.981289054368268 15.003718937468332
15.665505364360072 15.485212249147343
15.198082494209267 15.996285712530673
15.70759384753132 15.128015304146814
15.688007511195227 15.137443175759577
15.327275457109167 15.992505541738531
15.629072045725401 15.540888449673487
15.59979714294606 15.960274255856428
15.622383285113706 15.816049955007228
15.94229741181659 15.05301701521922
15.336017753328822 15.983427560512611
15.624553669356326 15.593702628038752
15.151803222229676 15.998892070020002
15.6753336540479 15.28414686637946
15.976535026422962 15.019708433107864
15.42769648427376 15.970138084881869
15.60263714145032 15.947551904051439
15.601512516050915 15.960012234137695
15.55925411888909 15.966071086880257
15.855404616332471 15.095758311978742
15.92473460210876 15.069083594213884
15.622602939433815 15.78780960050384
15.56242098620939 15.964568660296962
15.151855152700074 15.996823168714252
15.622205661800507 15.91952115828608
15.935866907277203 15.06066312014858
15.6656630345032 15.48323004020199
15.692888608669893 15.129266063346451
15.622785313832368 15.61993886476958
15.667265684829298 15.43476878106883
15.567005680519324 15.962259360135507
15.973053449194088 15.045018957241044
15.91563582354798 15.079860692257945
15.629390957245914 15.534977458779577
15.66294161197534 15.502309595505434
15.54930473022765 15.966128509190355
15.923703901605627 15.071098411396921
15.331911345847683 15.985536357207975
16.18355424772452 16.64775486280013
16.47553207386748 16.123054135550166
16.225966513486046 16.35550411339035
16.668087660109773 16.009991785663683
16.15546554871893 16.7373066810599
16.64052629349963 16.1227962486089
16.003972351736063 16.867968510589655
16.054074363464593 16.794937258652034
16.257422176782892 16.294126422229127
16.022327778648155 16.865118389034063
16.27759063051941 16.203086597544747
16.253783050586126 16.341877172778908
16.30804362265806 16.158343135019592
16.304146230927483 16.198238552101746
16.209513944944504 16.368932037562544
16.779060575584985 16.003906219154427
16.406421477392968 16.151528326886638
16.258047325310727 16.261499924023564
16.07446791209589 16.752255898552246
16.164621949283447 16.70928453826928
16.19235833419155 16.586330095215956
16.19529176629255 16.512457756950067
16.063575878588946 16.77679874696742
16.16849185220457 16.700719281957983
16.657376272245923 16.11636989938325
16.047834922284142 16.828487166797583
16.206352309934424 16.40191845580116
16.189719488971594 16.618946005244492
16.100706436133652 16.739733232725243
16.664999208197237 16.083496137115855
16.717697590972474 16.005938842214672
16.363376300182352 16.155451926883696
16.163544679748654 16.73045194948087
16.453870459375754 16.13965474115488
16.080859047398206 16.742538609247852
16.364609310458825 16.154277204901405
16.391805627618247 16.152842327787575
16.07990691383988 16.74595232208741
16.039611155694715 16.852219081060703
16.806272901717637 16.00344645640137
16.667086898619676 16.014637230313618
16.202196869501186 16.41239829846622
16.198317970248272 16.487941321578802
16.05212233234683 16.803667022251535
16.431646858157325 16.146733104708098
16.907784839355074 16.00004597973474
16.459176065032732 16.13410234574409
16.043825367691348 16.828941173943015
16.066371735447294 16.774734425940924
16.002480044636023 16.91436933516565
16.261077577473053 16.226266824069597
16.220973310511177 16.360735481566174
16.179445364661493 16.691137852257054
16.37510657007883 16.15372614817565
16.072844628503468 16.759360070617568
16.20213789595663 16.438465798239868
16.28374072545338 16.20291080927248
16.264062301267312 16.21737934762665
16.1865167535554 16.62360593951425
16.641626449898503 16.120863191286396
16.032283878069027 16.862210849205006
16.18018444444031 16.67664552944722
16.25139181857436 16.34350430429009
16.66522519653581 16.083230013662423
16.89489126301526 16.00106924481352
16.003368845359578 16.869500606409286
16.208019108967335 16.376184324029396
16.44368729298215 16.14548221981555
16.19468499520733 16.517941156540374
16.709668606091284 16.006195052426524
16.05894866203295 16.779837932993303
16.228787644714867 16.346669068664216
16.460110299800025 16.12817320284587
16.002136594004227 16.99954896260762
16.169018596819896 16.69822936107406
16.46779926958472 16.126896723437245
16.41109507076029 16.14871470949802
16.30521321005215 16.182841473964825
16.194641876595625 16.523640065893023
16.15767852515855 16.73396799969837
16.291583102853032 16.20260208768524
16.661207101214117 16.0871830687807
16.449522785514322 16.1430802488692
16.164392751624092 16.714385830506714
16.46210487048969 16.12798142600785
16.314830222316022 16.15633286997988
16.070105266194584 16.768947400595657
16.403093058240195 16.152748973865254
16.294823703412042 16.20202114243139
16.09693234183899 16.741133603178046
16.19802965696653 16.494295790653897
16.003018886579518 16.877365936608992
16.14182133431925 16.73793094039242
16.307981352298373 16.18135961320139
16.43922221723222 16.14606153494389
16.163714973352462 16.726703175860834
16.306338850319637 16.181633466952068
16.05802395406157 16.794762778815517
16.866341867582122 16.002537855290285
16.2073878359629 16.393358172693922
16.666944712709526 16.015375939396783
16.285001847800633 16.202708973268944
16.43232229812453 16.14622667678265
16.673739303685206 16.00948942403796
16.034320375706567 16.857619335036627
16.267399372532328 16.214150666343286
16.76137573100265 16.00427887220997
16.68288832423979 16.007476209653742
16.16779804018915 16.70794533013222
16.436319522612152 16.146173943609014
16.16150176462406 16.730853732848992
17.97298260956357 17.07206685737804
17.07600849544142 17.46981718839571
17.610884385336078 17.382062402222996
17.692727042013363 17.212219197088658
17.814507976982288 17.14593069451958
17.69603033750347 17.16944615381117
17.022925298722946 17.914584500231257
17.136756696263205 17.455762909058176
17.025312028237813 17.812770432324374
17.273006954785707 17.43185877414976
17.416604257639122 17.40938583790855
17.72000708653839 17.167237896092935
17.28953222561133 17.411408713818187
17.83935489359972 17.10038757890524
17.07081456541743 17.796456702374684
17.019784234377866 17.980822250144655
17.98113153629524 17.06191869041591
17.637575104034447 17.289554476822417
17.218721035055978 17.43800127566749
17.622831181609055 17.34248454061066
17.029054640347557 17.799268306532568
17.68831172155868 17.221572487992237
17.463043551639473 17.40519824849377
17.628484151948737 17.333574647826975
17.4921456047183 17.393682789897984
17.66035553184121 17.222163696560035
17.621762625328845 17.3691909840295
17.911236336720034 17.0913627551556
17.59178620519048 17.388866429055952
17.180479451665924 17.443829468836512
17.62877912267024 17.300816881070972
17.780411253988206 17.147967854891085
17.180383723416167 17.455191665449476
17.834049355721042 17.130661601853575
17.020026461996668 17.91821754179673
17.89087916362656 17.095525887928773
17.9129851276817 17.07210821920126
17.90311918007685 17.094627070895893
17.98382710298842 17.021524605939586
17.07442979950453 17.699940263952755
17.00126826266304 17.984232366996153
17.805210133347487 17.147056686326756
17.614625154958055 17.377508943074215
17.024018222910914 17.82120645453492
17.761498813427004 17.162277707580923
17.548055968217145 17.390159073257298
17.993850478340274 17.020053191430165
17.627553680308758 17.341062658677522
17.479290345269575 17.399311767418393
17.65448670604522 17.288278075540855
17.025608354844596 17.80889118218215
17.695344804185396 17.1807253644955
17.727996541347256 17.16698959889491
17.07095568907225 17.786566921903688
17.213581985074313 17.438923215416324
17.070004413506172 17.79653696383474
17.60135048138823 17.382910050727777
17.278105589273476 17.42910381476698
17.481599651830756 17.39378182791533
17.21056016387414 17.442649600637086
17.833231975425512 17.13704980338812
17.697736313191797 17.16794665830592
17.773311696000697 17.154437540852538
17.455730784250235 17.408079149045868
17.128924546331067 17.459424617642178
17.12534133748243 17.46140422984604
17.316108461971137 17.409899291545504
17.655383616126446 17.260551881748786
17.09212199348057 17.46888341111635
17.53212363131092 17.392400697913807
17.775270578983765 17.150527936369254
17.122128934472393 17.467318590692365
17.871276058296544 17.09741183750611
17.071885530495713 17.773329627116198
17.978971432274836 17.067918409396857
17.628503988758418 17.31384164880432
17.075948490332735 17.581891365374286
17.281831637881552 17.423030696522687
17.286603806111934 17.42198952927085
17.815474124193717 17.144858378946306
17.260068372756916 17.436746517285574
17.02394090806576 17.84364520431848
17.86269666122227 17.098111559725158
17.77686350538354 17.149022207570045
17.617552298403776 17.370547060008786
17.628853578353 17.300659946752358
17.075931459787192 17.583015073490643
17.027635656540145 17.807207168302664
17.459344104291674 17.406995178152464
17.876821065067013 17.09678428602782
17.982227800306728 17.03678582165401
17.821626740871263 17.140759737304027
17.695245803779343 17.185598330150462
17.023184222654013 17.84906062704101
17.81887729916584 17.14235404902735
17.41002812001728 17.409777482156567
17.896506593189326 17.09496845145725
17.65812463472393 17.25656909978226
17.81530245584155 17.145195583171013
17.999484464731275 17.01088911022017
17.07560984756016 17.587980732388814
17.07425429928723 17.76576308310394
17.63353814530683 17.296598679296423
17.593658187168625 17.387658127743506
17.50146718410959 17.39356321097793
17.86077495989656 17.099485984077724
17.28925019677445 17.41685068193067
17.075388225946327 17.669428577672974
17.27504935588442 17.431800389885957
17.622807042126123 17.362327448841214
17.541523757309285 17.39217165586828
