0.6459623523529244 0.8239021747170978
0.8317571645885404 0.05156837367270661
0.7034034655859751 0.07360008634545101
0.6500790214059807 0.43616274922979337
0.36968306911972426 0.9412780045327112
0.46044179768010396 0.8961899314122227
0.2795891745878414 0.9552063521018225
0.5821544373923357 0.8668609840802245
0.38820195678574976 0.9180843811703274
0.47826342788067744 0.8741480099110779
0.9145572366821643 0.01476471810264246
0.06613126423749549 0.9963796775145503
0.6191394218022983 0.8340718286280335
0.6906938576621694 0.25641527782755824
0.6668740934950199 0.32322275120263144
0.875231334076755 0.01597847256000884
0.7937707528728886 0.06870168538392718
0.6495812125690612 0.6127628087280184
0.5431934939967119 0.8726936345601053
0.6930530243518929 0.2545834784235046
0.9289953142498508 0.014216061199355257
0.20888248599419534 0.9879912680282427
0.8378204520430557 0.02537829554696236
0.8646759144045287 0.025116266520008756
0.6633811184499461 0.36700036760061827
0.22763201037558922 0.9634202120417338
0.4128694875309521 0.899079194541182
0.6570494278078504 0.40232352760572077
0.20007280078441858 0.9915231928099015
0.7013707755584732 0.1779651878313847
0.5625098743672942 0.8708307093742071
0.6701173476309494 0.26316419429496307
0.9631826015038627 0.004534349913525526
0.24397431254295232 0.9623300084938096
0.08708758473960743 0.9916800183775386
0.3500204271518289 0.9540210742649996
0.8331013451164748 0.033188063435824255
0.7032449342015376 0.13935601699693834
0.3537169096875843 0.9503159040723528
0.6964615604405013 0.22196285231879975
0.6499128617699746 0.5284337859523357
0.6467834786607392 0.8163962739703623
0.405439755613451 0.9036270185344303
0.6265342801914977 0.8260505119167753
0.22299036644464865 0.971026152678041
0.7026275015599968 0.17344688183092893
0.37896413387283523 0.9348121658912167
0.38563371794275225 0.9272895768117152
0.46841144518695776 0.8778312420978965
0.63365232554087 0.8257856005513675
0.5916626884166774 0.8559574377413948
0.2657871893274296 0.9589101769013956
0.648619783983064 0.7855053291718733
0.5980253755159066 0.8550600061162256
0.7953805676379372 0.06003747450866903
0.6568413151154676 0.42550824632828865
0.6025414263277511 0.8390842731877698
0.7010176191975076 0.20832286792102328
0.9629928543777789 0.00860905673521406
0.6492345466839857 0.7691636345139278
0.4868197481046942 0.8740080766758308
0.9761399362067673 0.0044273642444130346
0.04792690688534362 0.999361864333338
0.2914371452631036 0.9546313090363474
0.20975091969382853 0.9731966163107842
0.382748795124946 0.9276786775950384
0.5904466614477042 0.8622551298288033
0.6628573727516524 0.3784611260902532
0.668381142856782 0.31125236586634775
0.4565700315913489 0.898878849914567
0.9896525665790863 0.0022005937016701393
0.46230795457289575 0.8859139961246532
0.5998123001985672 0.8460564898210203
0.8189548297155446 0.058847150334445875
0.6696124972576113 0.27923121978698695
0.6462771594613312 0.8200779040124301
0.6711938906346582 0.2595926127278183
0.7409482041436183 0.06973253819798853
0.08250295902995353 0.9954729673097038
0.610100478030542 0.8375838909455813
0.6929082518850814 0.2548274073647787
0.3591955424372747 0.9417849495752063
0.6663898809556279 0.3368024055225889
0.6684131686009245 0.29046615336078196
0.6698490735451952 0.27642483610938506
0.649725833850129 0.5717458642774279
0.6585311761359496 0.38832858182144936
0.389829792682311 0.9066433498305021
0.9527301645092682 0.009168087600152197
0.8356957126668351 0.029689468689819587
0.6962655078802868 0.2324287306985292
0.6936641497675256 0.2500014622286655
0.5466539603128059 0.8720514595297051
0.33931335601440815 0.9545651578514586
0.24282375589542027 0.9627220829678912
0.6596930419087011 0.38052047426503965
0.6530366282240142 0.4270054232894509
0.25928948665145357 0.9601159182744637
0.7948529931655589 0.062106367918191574
0.6497897779691392 0.5336998334456896
0.9400489618104043 0.01090265427637993
0.7033276974794499 0.12171614685714793
0.6492352657902557 0.6931658537007147
0.46183873330966074 0.8869356012230777
0.8086622872754211 0.05886684010281662
0.2232539674122036 0.9635611979073011
0.6557765353545261 0.42678825932103004
0.6520454439414993 0.43130552297310987
0.6475658893757362 0.7926963305642118
0.45962332380050264 0.8972604843129954
0.3706447777633294 0.9363052168104239
0.9161985422522457 0.014509684225315844
0.461008273553998 0.8897465945410835
0.7029658400511368 0.16366221170287865
0.6680332083476201 0.3169160079209439
0.7374737699606103 0.07053820501068941
0.6776747618278504 0.2595211812059902
0.2022796679620713 0.9898595802080624
1.324649226312323 1.8698765448374872
1.6794010860417155 1.7246378528199604
1.725241348553413 1.2682974103045945
1.4967839022818432 1.7902065781142968
1.7424887359615688 1.096694270581914
1.6627331386251853 1.7735642336248327
1.2733272493202843 1.9733007000348182
1.4965169544791612 1.8614862673972172
1.2766922336682143 1.8805280074800161
1.6853888719544188 1.5867667797307234
1.504214149549084 1.7816922830226412
1.776792408025229 1.0748177874890539
1.8255782687250381 1.0525363362543463
1.6952082715577057 1.42698791805413
1.8563859175323607 1.0229501588698429
1.6975216269040927 1.379268860829884
1.1306125649615768 1.9789364794946405
1.3809913086242158 1.8637614257282742
1.6526016235748173 1.779062473745571
1.0037451789000338 1.9838936070710513
1.0091595502227861 1.9793043362866176
1.6594071152078622 1.7781715322936362
1.8654438089222718 1.0103088265004903
1.9485093738981494 1.0034703822545814
1.6656825155463095 1.758079741394004
1.7077874286461387 1.2785547135824364
1.7312669947847263 1.0979978485963344
1.922897491240874 1.004516941580454
1.6698604444546437 1.7467960679362426
1.7902347406565262 1.070259995564555
1.7021868843792953 1.2830995107928487
1.808444704050285 1.0546981514502507
1.1760599127737141 1.9733749776628882
1.869377064162701 1.006759562422566
1.6845577129992177 1.676248855760662
1.7293389329191178 1.2095416097370486
1.4158785799595461 1.8637330875133578
1.9471228522135182 1.0037236786121733
1.6958186557828756 1.4217832246143494
1.6905985484327615 1.5670521649317886
1.1648862343981214 1.977414043283767
1.7076068177842565 1.282599880416388
1.662789169923806 1.7650099231398946
1.700237098450563 1.3139200949719565
1.6990007464949188 1.3155291813327465
1.8521854105526714 1.044995281910563
1.6989811837451518 1.3394145193281917
1.800111353577734 1.0654748409327814
1.8560648013882544 1.0336537394901661
1.6912839649559133 1.5028246231013254
1.9081368568378394 1.004905332427457
1.6736383564281054 1.7394899574718121
1.7310265028616962 1.1535797855317975
1.4448525090673305 1.862559404811558
1.7627554532691345 1.0822944955618088
1.6814435032952462 1.690745101098791
1.9973298533073889 1.0008680148778564
1.7792787570392397 1.0720136590963407
1.771331043513863 1.0812783183126147
1.8207135387331808 1.0535571479996242
1.6066956958660419 1.7811949656785497
1.6485435037122582 1.7797653829542743
1.85516889030945 1.0424032901182074
1.6915500190092718 1.4625684573371918
1.7308415203271696 1.168490755502585
1.165671558727384 1.9746893531249536
1.6923755493210377 1.4280837522012102
1.9918371892143352 1.0016870926657946
1.6976146172434134 1.359559092538408
1.293213144102916 1.8740118470191676
1.8993747472742157 1.0066967859520162
1.3502712540494608 1.8697125562778025
1.6812719310055422 1.7131186917697296
1.3567422085063716 1.8663332636977095
1.6888053723973826 1.5774531946999786
1.034276476119231 1.9789826508582093
1.750154623124615 1.0927697306298403
1.7245383435276715 1.2748981897421054
1.8008584165098849 1.065068544196973
1.708523458419958 1.277655242299296
1.7451632929014034 1.096484169456331
1.6969658387714142 1.4018985741619527
1.7563142146124537 1.0913413137552528
1.2749990785176553 1.928703705025786
1.7522350931716277 1.0917167045282339
1.6989695639764826 1.3507918132512144
1.8298590926531602 1.0521167080131089
1.7291971055679056 1.2277001196938075
1.157363930772694 1.9782787053150428
1.6918317846956765 1.4414017591208919
1.153151983907235 1.9785268644133172
1.728494587439989 1.2328856465384943
1.619506712640253 1.7811720692446902
1.2757371009004506 1.891819220691
1.4279709611424152 1.8631235537550344
1.8471609790218868 1.0455530266707873
1.6799551340231373 1.7190233430701332
1.6759422766194134 1.7325954166604929
1.6915051700029822 1.489321064501945
1.6764036028890952 1.7323936165379936
1.7869292131352 1.0713973311044893
1.3559414912017929 1.869044329845354
1.273549211738236 1.9508955008881212
1.3188106091182918 1.87197731780879
1.8643604439499355 1.0154562253632005
1.6853708080517364 1.6184964168495752
1.3792101937099097 1.864473209210098
1.8428014675768498 1.0464709416780216
1.2944779694651718 1.8732510034241778
1.9238043193602576 1.0039942506501172
1.3374975483336533 1.8698349938110277
1.8616929087630605 1.0216981879759555
1.6815674449399975 1.6887653944597658
1.8115871116694453 1.054047830886002
1.6908576468696102 1.525297132952697
1.7578404787319133 1.0842534687413075
1.6920959820323445 1.4324694446495196
1.685058538497954 1.6638432897396143
2.5123487887335365 2.445030374440139
2.4880431892282098 2.8056994863415587
2.1329497218106015 2.876369201266019
2.5775722998374997 2.065280451264439
2.4579954476743677 2.8300206021876155
2.5724387301017257 2.22368501611244
2.508656120750329 2.7621958158831985
2.476702832919713 2.8123698763220686
2.2698166134768094 2.8539743775875337
2.419366981727898 2.8323609219372377
2.9419377882404274 2.0492524372723384
2.5158762029615573 2.310314506619666
2.0535582543018718 2.974400625191236
2.1073642096291874 2.9733272373148707
2.5551892856175336 2.2428886084256816
2.1706435239268695 2.87431096089255
2.6107749507643634 2.0557775328659997
2.5418054631045344 2.245615892355531
2.109687279337199 2.918271111496705
2.5102751395640377 2.6192819309890423
2.5177203383924613 2.252882947237567
2.510277293736652 2.458111958388548
2.008546910503024 2.9892234175957566
2.1736930710802076 2.8668445628535615
2.111905499733089 2.9079190067299523
2.4887003349218872 2.770069493002753
2.1124431364750866 2.882206397760167
2.9342495751679993 2.0499631198305392
2.264342401106199 2.86393330907201
2.941977742776271 2.0306299735662217
2.954124361191557 2.0274607668641704
2.8833184311900997 2.052012018453387
2.1211232698086935 2.877896726931246
2.5170861654506798 2.275012172113761
2.5325361316914905 2.2479252926990796
2.3565819171444966 2.838779911183103
2.339626501269001 2.847488434028351
2.742160449153312 2.0541809711312693
2.971733553144043 2.0225923909430534
2.5143214914963203 2.412260025794664
2.3422258829324965 2.843364131598399
2.5738956534576993 2.0688862645383947
2.171432355352403 2.8735191756668463
2.028255164208815 2.977947324176463
2.3449977078894344 2.842333466966942
2.515377069218338 2.3622848798387115
2.356837225193738 2.832813639762052
2.514104321441108 2.4141278093386203
2.616375724962678 2.0557720881331787
2.5052871816900013 2.765125118491214
2.8794668702090798 2.0529609035882808
2.5798624474575655 2.056926607288564
2.039365466619803 2.9774765997747776
2.510286030357424 2.4519919803148316
2.5725260580421736 2.0821038736556474
2.0069946871113356 2.9977526285112615
2.17622030942418 2.865140893528113
2.41931121166431 2.832583950696096
2.9760712430153475 2.017163332069827
2.514449063141384 2.4099706363055704
2.979238291692697 2.013200312870092
2.4650814949309137 2.8261302128023607
2.8810940423621334 2.0526850203521674
2.4943232369448154 2.7695302658712153
2.566265531903625 2.238339904170692
2.5709045955018675 2.238169794260854
2.9704761333458745 2.0267763427443306
2.510262847994726 2.744345360247245
2.065677504094077 2.9739697719710385
2.22857031430228 2.8641987618776703
2.547818481214068 2.245115291159599
2.2771048271975514 2.8533891446408735
2.282158599866445 2.8524569648225793
2.8397924628853346 2.0533489730268677
2.475361150606577 2.8165957982270253
2.512528842362193 2.444523558161986
2.1433140263924413 2.87537312475088
2.5015042919238315 2.7658901159304174
2.5094133357050525 2.746257620327532
2.709562147946537 2.054949408857398
2.4636123194147936 2.828888787818956
2.5167432345064817 2.278178167721506
2.9984568664956783 2.004340078249738
2.301822665091544 2.8479162112139056
2.8301524748238434 2.0536561608604362
2.0259772298431167 2.9886990919136696
2.726088987450936 2.054215926549432
2.427426542113924 2.832003994566911
2.1092128922003184 2.9187333381442193
2.47666073877123 2.814651424609777
2.21674274835934 2.864343159453351
2.173544670695123 2.8670877757505773
2.04250373298413 2.9770776421883056
2.975827760307684 2.0214193697788665
2.918907414508088 2.0515364548983097
2.4835479725676546 2.808194752122329
2.1076317805766323 2.926157474659819
2.1086289002516487 2.9216416676339754
2.9896549794980607 2.007054008191196
2.536041694497553 2.246027532148184
2.5174822806724095 2.2536425876008455
2.4124613303530476 2.832775290369467
2.9898590048554485 2.0064389572898587
2.2852724265539437 2.847949839108167
2.107608011015147 2.952832209626628
2.5713973615759356 2.230665435197327
2.4738639339410335 2.823412064723195
2.986003782954215 2.011227916771616
2.1443736597720555 2.874643728531112
2.5730070058490737 2.0712344164739056
2.128246264745349 2.8774966143465206
2.1728526180289522 2.871199222876181
2.230195440301869 2.864108848110676
2.5111048907345173 2.4488376777387737
2.2691992741728813 2.8637831274437096
2.4455780892783707 2.830804479546262
2.007587440729579 2.9950397422966644
2.00486481048269 2.9985311604035276
3.1236697260190684 3.0500692609321263
3.0953826133440243 3.6243988632877686
3.1046658226997295 3.2670731673112066
3.0889959443801476 3.9051594615963627
3.0010701197910317 3.9772431470690526
3.1025795196170787 3.487544690664038
3.074111279232489 3.9082226237550226
3.1460986369803345 3.0163148627356993
3.6112613337459507 3.0023555594957356
3.0343656713171487 3.9614020917920696
3.772308278337588 3.000612399729092
3.0912643304192438 3.7492706559236675
3.0608186615607726 3.9220440434755757
3.118565994467187 3.1339250524135878
3.4981507669133696 3.005140331905584
3.0962429375029643 3.524504588843191
3.7388935277609585 3.0018002055250195
3.121855087130982 3.0990077925947355
3.2727771440320024 3.008051828720162
3.592481567136989 3.0050411285279996
3.1068180445698563 3.165359084106698
3.103095839081786 3.3116233615329693
3.1093631545136 3.1525500939338955
3.332064363933952 3.0074811501733008
3.120586784263159 3.1010280728683357
3.1177181009501855 3.1517170703811166
3.10101540617331 3.522914052478421
3.2501841072810036 3.013028616988617
3.1431565969777306 3.029269029078908
3.0580998116471667 3.943324220189425
3.0603845310783973 3.932204560359663
3.0706443031555315 3.9145097603487913
3.464818718659706 3.007455130392669
3.0905266724696396 3.8763053289408065
3.2718054557937584 3.0086857279766264
3.038162166827437 3.953098898945848
3.104164360466688 3.274851012082286
3.0166033030076416 3.9688452903700666
3.0941044498978103 3.6646201738648347
3.1157009310385475 3.1517476729016725
3.002630275296563 3.973360157591502
3.102883289422588 3.445350902414893
3.056685565076701 3.9470308112069064
3.9492120323594917 3.0003719541156824
3.1053095330611638 3.1802237909007416
3.1184695021205715 3.1349954691239326
3.030608935561076 3.9682264874473496
3.090582380918746 3.818621293601726
3.133450241144737 3.030288539020433
3.6105074364425835 3.003605188374882
3.105268454846261 3.22708127244301
3.096000420656365 3.5320749142553347
3.093993315198669 3.6734527761601248
3.2481515850232863 3.0133783688386004
3.0807229117516073 3.905874171087698
3.0914202029898776 3.698672414312348
3.150070638582178 3.014919238547052
3.6377419214066657 3.0022122300091856
3.1041398283844397 3.306906487371277
3.0007580208918676 3.9841574467976315
3.053085209729547 3.9507617566224
3.1270315140169624 3.0399361830525966
3.1013553771068216 3.5079614098352137
3.4760697976282575 3.0057918674954767
3.1805162051068967 3.0147412043378
3.069639571642589 3.917041525070692
3.2677128826612467 3.0125308427928026
3.0913424354675474 3.7098977368496993
3.090699205995065 3.7877105719748467
3.151213817029424 3.014838516626636
3.0501695046791255 3.950830785174214
3.1060477421933177 3.1707698924152288
3.034919507489772 3.9552498856091707
3.2405023436079867 3.013770802741613
3.5726489890807493 3.0051194373115235
3.9430795075605514 3.000474195639601
3.2269253801357682 3.0139855811704184
3.0135130493976354 3.971378147149247
3.1050036260407334 3.2505766641131104
3.000583250919669 3.991999043656749
3.0959174521006974 3.5741527411733216
3.1227739422996614 3.054935933501866
3.6390742365874518 3.0019200293574406
3.0950727867068792 3.627410499650607
3.9717353677448406 3.0000316622219585
3.118253576331502 3.150929092772693
3.1256362941171822 3.0483791149867105
3.0894149390808137 3.8852459727998157
3.9626949581341995 3.000293512482097
3.127145906078256 3.036156319168278
3.1451266018392645 3.0236021006525835
3.1196302729550074 3.111203018192189
3.0295926796157264 3.9685727732942757
3.0960062314537016 3.5260300502390796
3.031082442532049 3.96251855958895
3.048256440110054 3.952075694079452
3.1050156759637106 3.239755564164078
3.0915426394019008 3.686911723977017
3.287887731387178 3.0077490018954953
3.494285323287231 3.0055974354764365
3.0592136569115462 3.9398263659292634
3.0007864433672458 3.979618583522714
3.016585734522234 3.969977231820173
3.120360332917351 3.10641727579761
3.1076228563808517 3.154684290678919
3.1467100004979556 3.015096897273602
3.1050808093070668 3.2386305291033928
3.27031900140131 3.011930767648475
3.090532427508064 3.82486418765899
3.596321601008231 3.0040907070627876
3.034875122530571 3.958883940574333
3.4682898529153827 3.0068318663146854
3.0908960278176 3.779805902033126
3.129522951018791 3.0328806922047358
3.101703029245229 3.4898864441938264
3.0665434706024013 3.91884073005031
3.2733554819835518 3.007783905442732
3.0958765764150304 3.586680687085369
4.429534974878125 4.066642375598791
4.340246559214886 4.559202615715526
4.1073595307913955 4.6963483757186655
4.034312284539204 4.899072529528558
4.000182459187648 4.983086464179681
4.698568084854895 4.01995491977188
4.407955457888107 4.4810963349341595
4.064665342557396 4.864414228930894
4.524122741824723 4.026473486546931
4.041062600789216 4.864482764531495
4.137082003592691 4.585581815709176
4.950344636933073 4.017953994950285
4.26975728897288 4.5767039500867694
4.420805834379323 4.352935623998872
4.021949476063691 4.907093095427341
4.102350271921063 4.743309580037659
4.47975340719519 4.043719392185899
4.427469208384453 4.319796280571979
4.070627353778367 4.790262602111911
4.128741787349953 4.673523451800482
4.428161137743385 4.1793770576392975
4.992075188049699 4.011741830925158
4.068829846984715 4.810405763596532
4.017044262236481 4.910132472751501
4.38122523106707 4.550272034974272
4.0330531459659955 4.906647521722589
4.427524281394277 4.312044927020344
4.529731437157476 4.0254413132628475
4.408715739860735 4.4669761161680945
4.07687928998506 4.788905003740144
4.179085868630746 4.582958800636206
4.4085177286826145 4.468902509136975
4.087209112752137 4.748982249039652
4.105426858886336 4.711890349299327
4.065427152317967 4.843059464030308
4.036793929256068 4.870943358382961
4.437976659959101 4.053191663922779
4.389624310228592 4.506854345957425
4.416074643171157 4.364421230968669
4.012061943924271 4.96510587074389
4.974286287879084 4.015384194347346
4.45067949676012 4.049381057028928
4.085995736848044 4.7708301275236344
4.134963264872083 4.606850521344508
4.1050028628022694 4.718630554304189
4.289642698461393 4.560538739030388
4.103433634164117 4.722827722996705
4.391128460465844 4.4985944867771686
4.147602907890133 4.583535969380177
4.269406803894762 4.57937108528258
4.414728019865596 4.448093055512137
4.298197588166621 4.560273809270961
4.37833398486145 4.558673879900382
4.224627634334004 4.581777976524997
4.808814763964738 4.019783230487487
4.107082279338093 4.69984207865871
4.428976153373806 4.175706460398277
4.934012381604333 4.018494437319265
4.115285129418246 4.675832394382461
4.388882516295401 4.5464548926571595
4.005721451413006 4.977248858999666
4.070214006446541 4.806592076142547
4.42810472218034 4.233269021440438
4.035253110124708 4.882850166863216
4.465796750804604 4.047866225200549
4.524097293534845 4.031901927375686
4.954392621256983 4.0154838894821605
4.508963922541978 4.035688703402575
4.862223427651437 4.018778017703301
4.08042776633385 4.786961784072247
4.003497187241256 4.979276229979585
4.594114447489033 4.024098818020489
4.482004522919193 4.035831480746293
4.4098502667462345 4.448162669859725
4.427600705729714 4.278338111197134
4.396093815695016 4.4896874384294145
4.583190774900313 4.024876908977651
4.133608511182433 4.65987224127841
4.011454449413044 4.975641449303282
4.654895508601784 4.020573639738929
4.104604805425768 4.720160489631853
4.427893767648924 4.277025031067937
4.102510922433538 4.723921355842279
4.135597429759782 4.602441919834203
4.995189745291576 4.010331169005924
4.133645539013509 4.643779456643607
4.01270409721886 4.965013867501149
4.012848329877661 4.913888530722301
4.281308235489602 4.571639442502242
4.475546815346234 4.047049015514222
4.414882733450276 4.365013572193718
4.198796054063004 4.582688369808188
4.419911879453856 4.364046441247137
4.246803559978989 4.580540734809505
4.450706869330823 4.0485754896313395
4.112900230172012 4.69181646302453
4.5968645564396375 4.021597983435144
4.134872970361941 4.624669748997746
4.005383767789903 4.977727448773781
4.441451401138389 4.0504883473260005
4.324574531822456 4.55960903902332
4.380312564289243 4.5508332937186
4.1318347031472635 4.668913127725182
4.282673666616644 4.563360154273192
4.015645507957652 4.912218026772497
4.1145045380494265 4.685172657537298
4.630005800608552 4.021553760822878
4.529806293702556 4.024893796553591
4.425292158954991 4.333236459630837
4.00937576714951 4.97591551300056
4.997436281861946 4.001862214057562
4.473213813837972 4.047590892424899
4.996032878412407 4.006906276198549
4.277810475337339 4.575729034923216
4.066971642335859 4.813441977386819
4.100188391072272 4.74759945316233
4.510770605734537 4.034860026860177
4.995351393926417 4.0069191059436156
5.776377034637891 5.441873150394319
5.371363802792594 5.77495987386005
5.975840255497914 5.388735511738228
5.4590349939206035 5.590423815226552
5.090960604178571 5.907077247674063
5.462784629448411 5.478413158456243
5.1796203232570965 5.895146067841631
5.705592329659046 5.4536483855633735
5.962055459775792 5.389665942963746
5.224780946469147 5.872105500037663
5.061285147023907 5.976968846668661
5.385560143979345 5.671877694910671
5.996600338672038 5.167849073861447
5.066232579310263 5.966843036249786
5.871563542819241 5.404031343439591
5.305076725102867 5.8398109790605
5.336561230442714 5.829484654290505
5.28171071771655 5.849685578911541
5.751297690238957 5.452377748479881
5.21481384775645 5.884645786426558
5.455227867396995 5.637840842735071
5.338756676107364 5.795947663328905
5.9981391525876315 5.01126432633367
5.116144324057858 5.902998521893772
5.985930848231093 5.373850722755287
5.579134079330876 5.478178122629154
5.783661345448938 5.423821903318841
5.771686403193019 5.4432173898759935
5.462307146767011 5.55607188814187
5.3785630404224865 5.76111996049983
5.101424944340704 5.904848985050853
5.196586208092359 5.889813483254305
5.9894309471558875 5.267733272451069
5.831977879680169 5.405963404040404
5.456331890767389 5.627054324858577
5.075768051380583 5.9105911980450205
5.259320736669529 5.8590736030071175
5.5426802841109275 5.478273358167031
5.387348572899517 5.650531650129913
5.9071901652514125 5.396820057935311
5.199596326526503 5.886599193672233
5.703083024122763 5.454003013820374
5.376426724549649 5.774947295785986
5.992046413396972 5.239133203050261
5.369300285995644 5.792268313818519
5.410646141617225 5.64822721728141
5.6697729708465605 5.4662176616222355
5.290205720924736 5.841338283921129
5.994230265727849 5.210021248049978
5.7768507208370385 5.430101325271588
5.414826771270974 5.6422759553824395
5.755064990054365 5.4508397297831594
5.074551574846968 5.953076081711818
5.884781893290206 5.403212285066155
5.024743275103004 5.982209299716304
5.2580214230985165 5.8608508781200825
5.03419026116472 5.979991263821888
5.713306136183234 5.452812896497721
5.987813380809977 5.342843304870946
5.264136989616366 5.8578370304551886
5.996730729615397 5.136911103670311
5.642343132516147 5.473579598735841
5.219149643498278 5.884254816501382
5.762352743487874 5.444378093329022
5.3845058356544415 5.709365177532342
5.233418494357802 5.864281015784076
5.989191437203824 5.292939112053974
5.900934022851408 5.401766091636708
5.379686579214535 5.720016823152061
5.7845077153389735 5.413755722753335
5.7575980464916166 5.449066948116669
5.702258601271308 5.455960657999975
5.336408875348256 5.830812834690981
5.069178757254789 5.966829890080108
5.98830413669663 5.338146696467044
5.68792900027791 5.458129269117466
5.283879186363968 5.842980980358501
5.637665648193038 5.473711398007512
5.094858473458232 5.906569815114784
5.921600492325738 5.3909983991441095
5.228086009891104 5.871954533328355
5.996738509578258 5.13435698240813
5.985315328323702 5.387374245061706
5.994041326002797 5.238567171821679
5.012465361889249 5.995972484512393
5.62658945545066 5.477822517510874
5.9958127356101185 5.173466480296477
5.335284275463336 5.832081493492719
5.337752714451389 5.800598598016942
5.414336175575854 5.643409313780763
5.2419247526585515 5.861482839610664
5.825253873136448 5.410111187450406
5.369762636834645 5.775678225820627
5.011817262523393 5.996910496319113
5.673521945269993 5.4600691128441365
5.367328511490807 5.795522179275999
5.281317718759424 5.856228039254044
5.991078370901509 5.248444605469255
5.075453277855142 5.952450815878902
5.782865259557556 5.424902947608805
5.385626722830933 5.671145713707089
5.460611940933828 5.580712953569857
5.0064589579534235 5.997070081053566
5.396389146865272 5.649824126225293
5.06382259795502 5.972619233035095
5.221208948021749 5.875540136249458
5.073332017082331 5.961153444124644
5.6968013383879725 5.457909630802619
5.181499223472504 5.892987544043711
5.323659043514748 5.839787079208556
5.987158900741536 5.350834899647856
5.156836378824315 5.902146707661478
5.2213905230061055 5.874914310262383
5.4280325389590125 5.638561759594355
5.160423595332949 5.898530559498066
5.658238048914521 5.468473901151665
5.819853006518286 5.411693584186165
5.417840295355071 5.641534512121833
6.643121236943786 6.812074483456962
6.75681099481752 6.160853412411248
6.334970677414502 6.996519233535298
6.8910240690702125 6.054461645553289
6.382240598965964 6.834124881995545
6.643568864978567 6.778858272656885
6.704610986300185 6.7044910698817715
6.7372997430984665 6.540274411698336
6.6194107568571905 6.818097513844841
6.940355946019353 6.0011026113144705
6.732052887623277 6.61212274553215
6.815815034509941 6.102092183206471
6.759248029993284 6.149207521716422
6.902668327330994 6.013190628242014
6.663019291536833 6.71322654705194
6.7757739856854355 6.119158369214286
6.831515974644959 6.0607214764620725
6.645948177563642 6.720682349772721
6.345103934930258 6.970549390944757
6.855746297428125 6.055056258498291
6.345629558904755 6.949043414473792
6.734308424457348 6.558212423451158
6.483061719225369 6.831872250278591
6.743350710649047 6.45638197179937
6.001932781243852 6.9973403596587715
6.374686570770476 6.920022453478678
6.351678702318859 6.944482867622706
6.7161627482743524 6.6688284831945435
6.378680802506437 6.877703421875667
6.823519364905365 6.0764013120232025
6.595108579971742 6.822385582305267
6.753233106673754 6.211010016293191
6.7461910034978905 6.390951550749529
6.735359442001047 6.542684591076722
6.747672276156833 6.323071142588849
6.740092035115276 6.4677153444907916
6.372427609634798 6.934748349798112
6.7056474129604755 6.699863280067375
6.633467875290974 6.81405085150178
6.711191081948783 6.685847020269403
6.772071560136062 6.146351728136276
6.727989318319725 6.64580120569886
6.772162848210183 6.130998756405829
6.75742205790939 6.1517963100257695
6.750260638110203 6.240334606098783
6.660180844518358 6.715557859244861
6.932325678523832 6.001948917597312
6.9873222795399 6.000251156165554
6.746007486757648 6.403211516781875
6.1187847675813885 6.997078120705672
6.5098385720107315 6.826316542251899
6.719351622334047 6.6483531012645205
6.535832113899334 6.823613667430083
6.820891122554812 6.101034097402512
6.3596302607375055 6.937253644513605
6.89306112278912 6.016797903587181
6.719106482329827 6.651724745203031
6.707698343308961 6.688041616474572
6.376497181635148 6.882263164858227
6.814330354350217 6.107109464078414
6.787201643199095 6.114230258680438
6.913333514408693 6.011559468372346
6.52094908080518 6.825596574296755
6.718169565878388 6.651937344412483
6.610153702493049 6.819130705763962
6.932322506304056 6.007033966354307
6.484217829249944 6.8295300615663415
6.8977665477542995 6.013376393399344
6.733271480571414 6.5917265372270855
6.448475069965758 6.834057525582174
6.743546350815808 6.45588518906326
6.734373778847843 6.55242470567177
6.678370102740567 6.710203624827735
6.338460337451456 6.9805090722055185
6.752579104223403 6.237091484111256
6.738313017460508 6.529092714380186
6.754931500755054 6.198042193750775
6.756191321056486 6.1635297687904185
6.728737310910039 6.629583445364841
6.345408737068277 6.95655922305775
6.830893985053556 6.0672354788619245
6.375047242219176 6.8961567454912425
6.843182659963681 6.058422277412349
6.748333534067237 6.269621360112347
6.645169271658698 6.75308292184578
6.380314203792714 6.865950201205463
6.685028289206533 6.7058652852580805
6.4705296457049855 6.8324610636120235
6.493867355509939 6.826847862358923
6.458893399052224 6.833520771184578
6.733514607465687 6.572702239559141
6.73842638641676 6.512151207403991
6.358899797684387 6.9435281106233955
6.660594344004136 6.71366878075286
6.822292278953761 6.082078374910593
6.542898623722824 6.822606967882776
6.91615087681393 6.009796517201158
6.739762598108397 6.511950086572384
6.827464149507601 6.070689650809877
6.746847475131298 6.362900242134431
6.715225350741397 6.67352017230004
6.800181270249112 6.1086640122043
6.340651982562986 6.9790253639281925
6.8031658223793405 6.108124140008156
6.773163147848784 6.123105543808186
6.920153550655536 6.008998429920997
6.188635823227804 6.9969136310616795
6.7511279973798946 6.237449242676282
6.758112158912935 6.150259614078808
6.977419146999245 6.0008395045133875
6.646329842408349 6.717686409891578
6.743565885519764 6.439973924919521
6.844675358034085 6.0577829730379795
6.784992681599216 6.118328818281953
6.821931928010097 6.098220209200306
6.333370267825369 6.996877134396005
6.891375720547843 6.028597741693789
6.854767043779262 6.055068872022512
7.18580421729043 7.829847107944001
7.440839946988423 7.382553081600008
7.220562855933427 7.717668988733149
7.3576172036604035 7.394508822584554
7.14557525916279 7.936924825564285
7.840265761719026 7.369297808129376
7.875440888994737 7.288438080700239
7.940763722656147 7.228401207928372
7.278341429651912 7.603297603501659
7.232742505937085 7.619866682401055
7.220866908816565 7.691260503634437
7.004829511511366 7.971945107512712
7.877388573971567 7.232213824656108
7.4844773360414685 7.370887394154835
7.346863553362652 7.56521001120074
7.1942549314754265 7.722034207050253
7.208277389464797 7.719807204987655
7.353108025111827 7.422121917990238
7.991043394118193 7.107014417445741
7.1922258049625265 7.725900494451649
7.988477251003228 7.110434653696024
7.982129333335493 7.183163644917046
7.159232317006214 7.904343798573309
7.945409370388885 7.185315119815589
7.807077778024317 7.369423864691192
7.865434705319292 7.363093578148839
7.246142505525359 7.613210621327391
7.2951927461040125 7.592931900814142
7.868347126327503 7.344279707312881
7.9975123794910505 7.01202764642654
7.792196995492069 7.369845464882584
7.351568158521645 7.560967547056769
7.17977454958204 7.8553666756258025
7.032302741013104 7.95777147505748
7.227808360092753 7.630334780073046
7.22748913411337 7.645875009329455
7.189768970252055 7.812118305481777
7.871668433792619 7.293456548528273
7.143023491922487 7.955143348905054
7.05343875539401 7.955596614562172
7.171310409537653 7.9039331857217014
7.994388966535298 7.0364578992584
7.43665407668454 7.39397887301696
7.191155435815995 7.726972179431416
7.311378024744376 7.581769416781117
7.224925423185467 7.676942506531949
7.156766883054151 7.922861220405565
7.352989726137058 7.422275552760312
7.2555277283515425 7.604152556827365
7.008518188798158 7.9623721117429
7.171548926150705 7.863804834051656
7.155640746110326 7.924262580013908
7.066439745297944 7.955583424496892
7.355120105607833 7.403281105268931
7.352939929689597 7.535306547008531
7.941639305527951 7.205791546003309
7.251930024938269 7.606416327089598
7.943922656932777 7.200031362218561
7.921861025621376 7.231665631492944
7.287376669760792 7.596790207747394
7.944592135107952 7.196919304506524
7.00477492059696 7.984977322604263
7.4693498478165665 7.373646195265792
7.3125514565159335 7.580647661020061
7.320929969116362 7.565387265297588
7.000633771945229 7.9894449510667345
7.278748607532646 7.59994460869019
7.454282639007212 7.3745666716125475
7.993315892427452 7.052967658554258
7.253575286483637 7.604815937350344
7.180519836627819 7.8417073679785485
7.316681240087456 7.576160918802436
7.448742501047344 7.382225800616894
7.299305230919889 7.585308050151358
7.355202488980978 7.396135349279521
7.845549893845123 7.363813681451855
7.560016579958621 7.370580758485059
7.402550802497763 7.3944212014869155
7.182068285807875 7.833747416406066
7.31950480218825 7.571989191357218
7.982148421071248 7.166584541399546
7.155140295996481 7.928787386360397
7.352235406228085 7.557860515055074
7.993671448295096 7.0460501929182735
7.356583575894462 7.3952109384615206
7.95648432205318 7.184971156910989
7.144744117835141 7.942460845526408
7.3208292577817575 7.569545379501885
7.984896919608002 7.128197813922236
7.218176880573218 7.719791839025501
7.870672058752768 7.334409831509215
7.30053512562835 7.583477209238737
7.8765587200342 7.261957402921636
7.286409952103625 7.5984941913454715
7.436982773101087 7.393906883581518
7.870911595398183 7.302973095875105
7.023257465214441 7.961727395791155
7.17323827337402 7.85798896387512
7.021811407009878 7.961818048706376
7.24767947314248 7.609941923111104
7.935423390094459 7.230616547220137
7.4388223310780655 7.388081419355881
7.914675151241728 7.232088128110933
7.942342578306752 7.2027038466934625
7.867366172664969 7.3502235282798365
7.943114272178601 7.201469975764234
7.449909610949881 7.379711484243205
7.857087520747023 7.363225728574605
7.992322866757982 7.079107354599775
7.9867431705657435 7.122235852197603
7.296055480047933 7.587629334227707
7.993099671658573 7.053543284989999
7.146190181501964 7.932827470627418
7.3444106363699415 7.565287578816779
7.266856503805226 7.603617757170513
7.675698408348704 7.370362699455468
7.989598260239312 7.108117691131446
7.202250809475056 7.720609647471801
8.93773999286231 8.123431394713677
8.472530843927101 8.470561795442988
8.148402124686283 8.85070619816182
8.73260385916687 8.244292458172122
8.191213042754827 8.590306996496683
8.047193362103531 8.964343116594973
8.69882759971012 8.258443085304815
8.651850131526462 8.425821108725673
8.007702388357156 8.996163728247252
8.156348399284555 8.844123633220848
8.305038355120484 8.589300743579859
8.886074114959733 8.168161553796438
8.043766607544855 8.989356582581499
8.806081749424871 8.23603787487267
8.378717244841486 8.56331873727258
8.124527355957786 8.919976977130997
8.861551389312734 8.170192424726714
8.917451155269498 8.163234263551116
8.093266019410088 8.930801329575065
8.930313226794695 8.143195401181751
8.653146140078471 8.400638338895046
8.380208666534449 8.473634197651764
8.1578153259087 8.609316209738296
8.484218948957311 8.442049925735748
8.839969778837538 8.221135066862523
8.940621326307056 8.05228873721562
8.68293292433846 8.329405956260942
8.482940684946811 8.46257517454207
8.353936867704782 8.56660362304623
8.129443265208735 8.853311248364019
8.3452674902786 8.569190068443843
8.17718992642229 8.597755759072356
8.945918690350462 8.017072464324674
8.747293053690237 8.241392309878446
8.851427433905434 8.181219577288426
8.120987734718588 8.925074162120238
8.669427919590476 8.369089333007848
8.621452635182694 8.42829443868968
8.664953042286259 8.37860511463752
8.710028829078876 8.258089586722964
8.697462146199495 8.318996360920286
8.618972158751214 8.433209468995049
8.158553119359079 8.59813133154143
8.083447788036883 8.954305524493382
8.98920933609115 8.0004710223628
8.951292309091244 8.009627211068633
8.938605822684194 8.06184472935577
8.66993107149877 8.356917295519107
8.342987780822789 8.584172210104366
8.128202228466222 8.865793432529827
8.973828938164568 8.00214431785007
8.522071863396409 8.435837351875382
8.533833393712323 8.433814658522898
8.937827011688986 8.085872357433328
8.11805670211622 8.928512775382924
8.817634950140807 8.223764080008513
8.666659145611177 8.372239672333805
8.674549313930624 8.355955273099006
8.680204640760378 8.338819076906804
8.69830472161378 8.27436572812637
8.962243250545747 8.008357852836523
8.156919445732767 8.793719457057954
8.243171460057019 8.589747492334263
8.757260890703723 8.23628241556352
8.361840819858326 8.564903270780999
8.743279260096255 8.242617886585817
8.402579609534374 8.47244101008752
8.157648690184597 8.704483755394394
8.63652433749439 8.426560114766664
8.184912437553344 8.596795267884266
8.049928174251917 8.961228125922645
8.047047861948291 8.980450719013474
8.489682177790678 8.435957821148698
8.656222987085433 8.3810198559041
8.919618154112408 8.162278767127324
8.942731385596723 8.03145649167467
8.09188738449115 8.952352498622819
8.854604923101931 8.178214241349135
8.72924612130655 8.245854385842
8.717555461857053 8.256063973517932
8.93625135606663 8.142424286371686
8.332086664154527 8.584217349192299
8.123939723225071 8.920967357111241
8.847675604431826 8.202169768787025
8.911453670085862 8.165392227801254
8.48142436305938 8.46348369960507
8.023174763398933 8.990081632903673
8.687743813734173 8.32411535638459
8.810723618435567 8.224775240513905
8.189793233476856 8.592780577137528
8.644137344454888 8.425970300689006
8.94210136053595 8.047913332685651
8.398938893692732 8.47326530478685
8.724286990600891 8.2461854905807
8.473393184624332 8.470179095638235
8.96449541581037 8.005247836249794
8.858590072891495 8.178182409544418
8.661149263632703 8.378934397009143
8.93854187772072 8.081356607661636
8.328451851885912 8.588776994284492
8.72970736681705 8.2456257128495
8.718508308368149 8.255258085009615
8.84869992610641 8.188890036415394
8.930221564128182 8.156785843721462
8.15781125872281 8.658270417030558
8.675724580122115 8.341246572707677
8.127574987797932 8.868391940776187
8.008616862601057 8.991819440398281
8.842708490065524 8.207260717323098
8.652232592475121 8.411766458622555
8.355934971831557 8.565301206613583
8.307064085895508 8.588921307806874
8.127342716394736 8.879490839211462
8.368278135416457 8.56342269720154
8.379546305967509 8.477022742058477
8.157444097052494 8.730472874156593
8.350991505918406 8.568625910831182
8.127538403842221 8.874590923186961
9.723413759129869 9.283320553767467
9.455802588623673 9.686392458616965
9.704739131678704 9.622661086790263
9.579094045899708 9.626974572063274
9.110931607188927 9.943202472895601
9.812929135845161 9.1705459532541
9.508449458492501 9.679838344136304
9.862913336977144 9.00569312068667
9.364157423435527 9.831438080302659
9.068907728375475 9.963613538988135
9.520245340864511 9.67668122882218
9.526645039563405 9.66323137879615
9.269226217071092 9.840583512970994
9.139342819900387 9.846768833805626
9.111777972540127 9.908138234870234
9.5697599109098 9.647166369866309
9.785985729314454 9.263383583954132
9.813405708814235 9.096395729269725
9.41791449109001 9.696390451989412
9.79132933227711 9.18148430320046
9.10743571629122 9.95285956715482
9.395008747557247 9.760460831197436
9.389384256859845 9.804802890195665
9.856281043096725 9.008093529282466
9.777403590347673 9.275111096973589
9.76030579877148 9.280788845571793
9.539247601053361 9.660890621939256
9.05216123389486 9.96588141578085
9.396800178290976 9.710613192662894
9.707322520025377 9.494584825415856
9.136660577230769 9.906448257067165
9.436790716587602 9.688250771904578
9.846830268874621 9.039512963465652
9.719325379684438 9.323144064669599
9.014327816429493 9.98603518935536
9.497283740577014 9.684545969385475
9.833103695911696 9.04138885615406
9.367877178845925 9.82610765190573
9.343315427508088 9.838239631021755
9.43549890418289 9.694533798054671
9.721007077654122 9.292477362773015
9.175826224635932 9.84608020480969
9.77531506966368 9.275199890404913
9.786122951088606 9.192254442348826
9.907662168640169 9.004798488608493
9.848891747699035 9.031720257100025
9.137313098590683 9.870318550663582
9.020444565649969 9.975280394708031
9.547971973626616 9.64841467899371
9.00066549651571 9.992714113971529
9.191145171198738 9.845106398666402
9.22130574724574 9.84504835094807
9.711505119171957 9.366541230376104
9.71937870972736 9.320863159658767
9.572354911345869 9.634740523289224
9.417346460085529 9.704948740477471
9.824745588080418 9.081250045044987
9.542753374612877 9.653416327100572
9.706894714732664 9.592864747042647
9.711322102317556 9.491709950812409
9.826937758453584 9.07945269464784
9.658698423425593 9.622883808190625
9.155347449723767 9.846599016770945
9.38198944369117 9.805914863379074
9.487903708735145 9.686220413920406
9.38123032830477 9.82458371820053
9.102505598864246 9.961665371939842
9.348868122542411 9.832313739608985
9.63135856857803 9.623421152227271
9.25018778402976 9.84470256222392
9.850011688289362 9.028335851306508
9.380865226216203 9.82535551594818
9.822302218747321 9.090292541486708
9.046501203306082 9.968409259596426
9.4045181643696 9.705555787073289
9.018607352078229 9.98299282028929
9.110965045204113 9.920249123217062
9.39104258394404 9.796441330812064
9.714344416753065 9.33873455670565
9.719876501763098 9.293036554357185
9.772451820496912 9.27735114368346
9.02326329814578 9.970427497171451
9.39530326180768 9.725386263605442
9.786560902536053 9.192182686936489
9.295017525636778 9.840226832634603
9.943298907543513 9.00196272450708
9.788437925968738 9.189979036611836
9.575963496220618 9.629936324038967
9.495407168615221 9.685952557805878
9.394986105673487 9.77747629683662
9.102911173913732 9.956059977304308
9.785836684587796 9.269269283207121
9.828469550597175 9.054294369245927
9.42724875656167 9.696291761064034
9.827869513136838 9.066504085639142
9.039138404700312 9.968849934205101
9.346360317625805 9.833496909902768
9.520245885679829 9.66695755121227
9.795451047909628 9.178665632789691
9.770377746360857 9.280043457460806
9.91384319853049 9.00385863036036
9.704768202156357 9.6034591252449
9.428607412450264 9.695266815261949
9.837315240457405 9.040416538586713
9.33830243962832 9.839158793373516
9.733768806544298 9.282669394081164
9.124417378606125 9.906935793648847
9.799535637612038 9.176990428657472
9.601320498172155 9.62450624770666
9.97860157420948 9.000581740495557
9.257896495698633 9.841010556000791
9.174594023758365 9.8462089171923
9.391719935537912 9.79544820124081
9.758289051747175 9.281893522507293
9.785442420764674 9.270057523335595
9.342583076303612 9.83826994029154
9.011741604701168 9.989357271772413
9.482437854856549 9.686380362415406
10.981498242064518 10.82546204580072
10.264808044107026 10.969626118104221
10.528022009726005 10.912877569647584
10.986902115345345 10.163064344421027
10.985728612486566 10.33880798192359
10.893498453473692 10.905693218860943
10.491549079479295 10.915097849129285
10.474648420267512 10.928564594615368
10.99498640913832 10.142742020246871
10.983685060606547 10.725092709240174
10.216160559931184 10.986949753138997
10.109527576270615 10.98918148046216
10.432811332054367 10.959794193703425
10.083184699544384 10.992459845292583
10.924803880125712 10.825840192216258
10.014520077718796 10.99909586521185
10.769181053046337 10.91019367697242
10.89989168743959 10.848753476474354
10.236798026509351 10.975809921119442
10.473401009924107 10.958426885712939
10.893742626534587 10.882104998253897
10.985207611164006 10.50878434387453
10.481893458264219 10.924510968016655
10.488452995768546 10.921314433726588
10.401876156044116 10.964697133442785
10.041788087238734 10.994534603455634
10.538577181629824 10.911321999788932
10.922907730123889 10.84225391131456
10.372561145574839 10.965718210466989
10.306106453953635 10.96785686996151
10.997669190135037 10.098533880969992
10.216538226102674 10.97601286523972
10.897892211277739 10.857957385361843
10.993430420802676 10.157747541017018
10.982205181279664 10.784547465747929
10.999841896939587 10.031117127172584
10.142901242735919 10.987332583423678
10.831803299625832 10.905702497846502
10.007541315401191 10.999787424330403
10.459757048275327 10.959469611031913
10.092454755931929 10.991414188435149
10.247965003625094 10.975075154564614
10.797223055675765 10.906886568627062
10.984240900138051 10.564692219568471
10.983967888118904 10.572966225869003
10.983183322419503 10.762263254497734
10.032607045687769 10.998845431895479
10.986539618604338 10.309993953113086
10.897068398169257 10.877755617065338
10.249095249829951 10.974849952001032
10.798049975758557 10.90596342188581
10.30627168570636 10.966082331908668
10.649333018772591 10.911089542128392
10.984912885318131 10.541879720216688
10.997685298943512 10.068013658420648
10.111570952580774 10.98874613891275
10.91496536322867 10.846238404334247
10.98174905862478 10.818902143554329
10.901477588656247 10.847646609692509
10.286705519288502 10.968142744438374
10.98840023553379 10.161168916502344
10.42522311894397 10.9608226354964
10.425773628176037 10.960223281688826
10.495533608319834 10.912916885125632
10.68027488759622 10.910529924555023
10.485180715290978 10.92207154586676
10.995398307769921 10.13543216475162
10.985458334747872 10.429373937001438
10.98196100639642 10.81465671282799
10.360051389964676 10.965979712516639
10.254227522421898 10.973474977745376
10.365696085642966 10.965876511505988
10.03342937370779 10.995011983326748
10.416063378981741 10.962861433926518
10.075106554186313 10.994496272796106
10.530454788430673 10.912853717004255
10.020230763085117 10.99907112250068
10.4068172265634 10.964381756686462
10.14284772927159 10.987497667498873
10.99964311505931 10.059841903729373
10.92441608592587 10.83206745201971
10.48385792977841 10.92339327413651
10.7907185120967 10.910093598774424
10.983325696261653 10.734693070712817
10.983734739857281 10.60408786128971
10.937589026195022 10.825713229666002
10.254404738811635 10.970349360506592
10.89581636360651 10.881937727044958
10.46730912797324 10.958645591968512
10.916529111035766 10.843349994462823
10.984403008877933 10.54609514125324
10.083595157261014 10.992231590407455
10.491401972717227 10.920872304939657
10.66587599606723 10.91086995065739
10.997108829658053 10.101737211830553
10.62943324211161 10.91125615300077
10.473645679904896 10.945186685655573
10.096997780949845 10.989765539620317
10.982818269120264 10.768037495247476
10.531250560073566 10.91272039322385
10.98566376681895 10.420510944108141
10.898761800885387 10.855262337440088
10.419270015522152 10.961199792916545
10.911027879153565 10.846817967548382
10.37858910376065 10.96536198802537
10.99978098399448 10.048750722848126
10.438975878127934 10.959593591554803
10.995585772402533 10.124701662410093
10.263778359514621 10.969830939701895
10.480246762893923 10.927525210415489
10.985215418467408 10.50498517278777
10.781740719419426 10.91017053091339
10.66221226586319 10.911054535852191
10.995917649602077 10.122397051683292
10.986652387307602 10.255377327218406
10.99551297556241 10.131739556436777
10.994608778226008 10.152926724674172
10.99106018108158 10.160669510055815
11.684464088203445 11.742792951014874
11.800735678946431 11.362098824283677
11.70745366205483 11.407575999867161
11.152327041194424 11.834487216940632
11.817236950944041 11.142134168577302
11.083702886970869 11.968295857064238
11.852214656342184 11.116650087057991
11.3207583200089 11.794628716751788
11.032954314643868 11.994683323761816
11.69782358270921 11.444396174072184
11.70856043681453 11.381282718672463
11.864893492011946 11.026247447669224
11.13138635724376 11.935011289234101
11.571601846919926 11.794477774447897
11.201916938724743 11.79975830871409
11.572878245208761 11.766799776136123
11.135138629575456 11.92857372439357
11.86140601138821 11.058461665160351
11.793742908563276 11.378512629114649
11.920783331113439 11.022204938928336
11.801504018770315 11.237990702021326
11.805250584912859 11.196651307088933
11.137953502988509 11.89868909481256
11.809988394686327 11.16465284125322
11.179490240661504 11.827220426849538
11.123229074049332 11.936254186368677
11.80453279275249 11.234275089946369
11.690489103142342 11.725653198776724
11.86206070204619 11.052874974844748
11.140065952276817 11.848375390779031
11.064224002053422 11.983964482896909
11.937719988486906 11.016666567739588
11.674718397665316 11.758886883066117
11.872887237372638 11.023936991909908
11.090156831364602 11.93800103871992
11.79568654640576 11.371025091537005
11.858013883382666 11.094115109491913
11.852972611437469 11.113438773149669
11.822458292530246 11.118690665890258
11.94496932853312 11.014803595084494
11.18547286817867 11.818526662721993
11.593229877040914 11.765024855620553
11.598640560545938 11.760613887482226
11.697921431397742 11.441329224326026
11.697087001263501 11.51135740644348
11.145710953278318 11.838029735924396
11.959386274975268 11.014387295015775
11.693063995433157 11.64915639721125
11.970402513346116 11.004686564473825
11.087866112438256 11.943442258935377
11.808636734165974 11.194429475333285
11.028971572391123 11.996886741248224
11.064929516730277 11.977982217950998
11.756505967247497 11.381041312048987
11.959453318680248 11.01391138496639
11.137101108733775 11.910582810139113
11.697447624446596 11.499287612697552
11.697766854123234 11.459783267305665
11.694352624511014 11.568339443139225
11.929639106464576 11.019276303583258
11.68692812250083 11.741006480005383
11.689159211280552 11.731707663217346
11.284050991380223 11.7989770965813
11.70047318647846 11.42599890755862
11.69076747254882 11.651473096767473
11.83392127261606 11.117510797694871
11.147035598565779 11.834947003045766
11.815032167189344 11.153223279560867
11.821850897011734 11.139933786855437
11.050678336403646 11.987572556915334
11.08040864612775 11.972426332378596
11.133447721018063 11.928620262035986
11.693915856255925 11.641058539424145
11.700485755433572 11.424076190324365
11.130486824162016 11.935201818827803
11.162702903125618 11.832762611096204
11.706562467015186 11.41965217309126
11.19932846057031 11.809217824922271
11.185526149287403 11.811475049864137
11.860166480572898 11.075226923249813
11.305140837557065 11.79689740870435
11.707064164987013 11.416768571950735
11.137674975851343 11.909463761214178
11.593547178314736 11.76246149900102
11.612368786410615 11.760526265396287
11.966086944520576 11.007355741710056
11.181663471686056 11.821754902466044
11.675955785082085 11.744862985714736
11.178420942472625 11.827890713327799
11.758268790438064 11.379773331770885
11.702147496936355 11.420071815734259
11.127849348715824 11.935746228705655
11.163442084194466 11.831283652747313
11.694666000750608 11.562205946929495
11.931123082496677 11.018726711168444
11.200559921714971 11.80122901935862
11.007367073365025 11.99789135388422
11.63922972231328 11.759107659853054
11.69326109748821 11.642737002510946
11.1416179607315 11.838520466725468
11.001319383224617 11.99942911967253
11.695541585137235 11.530427675710012
11.138183519161773 11.890801753163673
11.548249191293984 11.794560866222131
11.99108859852651 11.000666369897155
11.138680513303646 11.890550195361994
11.28994910267437 11.798304028695563
11.065874671433713 11.977293225325543
11.692502573579812 11.65109376091958
11.820840332909903 11.141036837844823
11.857485641663368 11.095339693869661
11.87905575035716 11.023038176389042
11.695101604474647 11.55752803225971
11.135293908581062 11.91266139952017
11.088880976916894 11.940798885179252
11.495251375373403 11.794578119149449
11.675936728740776 11.751465737850438
12.118470828852285 12.224983021535406
12.337555421287908 12.210477143993089
12.044768412218957 12.49653006941374
12.779318276072818 12.175257887853526
12.4204903720393 12.184450999851519
12.900159653758283 12.055307075526857
12.009912078912219 12.717399519181107
12.063068238246268 12.33096544490516
12.106955190840367 12.228858933574973
12.895661548804565 12.103890846600768
12.683577633401406 12.177301682991537
12.035606901176156 12.501132648754824
12.083249215584356 12.247095129981414
12.004112104359901 12.955844079271156
12.02483306438109 12.540509288746797
12.010780268422742 12.567534233513632
12.923580059176125 12.014330761506518
12.40179587640801 12.205591460954349
12.072981235023686 12.320504141927374
12.047879118496038 12.406805232555843
12.879734642424252 12.116466641929176
12.314670161423921 12.219371693233896
12.567449661009787 12.180304752367446
12.025590189202434 12.516335288206795
12.816927508323332 12.120250836625633
12.05343976940086 12.399881823766503
12.06286713872415 12.349806537533604
12.006183645259346 12.748415895867412
12.134911611403096 12.223997860506717
12.810193646884828 12.161801098185999
12.90033123631042 12.018682190995364
12.762099992454706 12.176988387447885
12.97352950677884 12.004495465010596
12.090667286845141 12.231906674521431
12.00968299375452 12.729689028684296
12.054543992940891 12.351445470149377
12.370204653647638 12.21004482650665
12.004286144637293 12.85322758642807
12.017565569072927 12.554684641461458
12.472776503904909 12.181857743751204
12.005215335084406 12.82328838234629
12.073212199940695 12.30458299260244
12.772555321932867 12.175532954208139
12.075800598158608 12.270427134480135
12.51722412979184 12.181608385971721
12.07381411407116 12.283988572252055
12.053768315793974 12.35305554612963
12.812331648279436 12.157012347514181
12.073651867073815 12.29406021898715
12.896202761953223 12.075504480342993
12.402872035244439 12.185657414137758
12.045214095417256 12.44128104988684
12.084298424399226 12.245157681583363
12.846448169966877 12.117436266795075
12.317186299593514 12.216847295700031
12.030580227024993 12.504110264679078
12.276885195238535 12.222729112807379
12.33284200659061 12.216068063758557
12.085946161539972 12.241346299126153
12.027652676713467 12.511400850798813
12.343478345841714 12.21029195387862
12.887643143366411 12.113173123632448
12.003384804848363 12.972440885594132
12.937784476386136 12.006542272323411
12.994605588902745 12.003952898757593
12.632859872355029 12.179141801825656
12.079006848065987 12.251394658955974
12.089215116039155 12.240690473946819
12.005484927166453 12.798304410426903
12.890602786795698 12.112191187114554
12.050154465861363 12.401896966677054
12.644003270578708 12.179068268994314
12.099246086733991 12.230417408864103
12.827368050687799 12.119117385738331
12.038480859971191 12.496858502936822
12.816908745302031 12.143614094648223
12.38090357470942 12.206154792100387
12.002168060723683 12.999373504815601
12.461647483948761 12.183911549844975
12.8966490999581 12.05683058631048
12.411554109326028 12.185092842876353
12.307244062529971 12.221539872797203
12.808357523610571 12.164881943841015
12.906967628583827 12.014725584093146
12.800601595337852 12.165340317115042
12.89232449628008 12.104999585570724
12.010467511782277 12.626206540639012
12.012989026470386 12.56397823061959
12.09013327700523 12.239188534786042
12.629295645928964 12.17916373738536
12.071890911563036 12.328380475731368
12.002240780919502 12.99811387603517
12.846124934263775 12.117946102414558
12.99815847651369 12.001119965221392
12.268825551027405 12.223285598855654
12.427316340719242 12.184202582109812
12.81481798191632 12.152858103991635
12.581779139749068 12.179638658834056
12.009352840891339 12.734446708376332
12.085833717758113 12.244543637379289
12.220119387317684 12.223803637739717
12.994411364114079 12.004455679882206
12.875096998837757 12.117289391610873
12.006593010391239 12.740054674603282
12.924196537185004 12.011358426831816
12.009953622795091 12.671304150235834
12.789213532487572 12.167365453692438
12.827201424309505 12.12022139583529
12.073078625740354 12.31359359582972
12.010192682224956 12.659059878451131
12.47622171502266 12.181693260300097
12.402502286029096 12.204576877310735
12.0314498745786 12.503338812907314
12.786430376511 12.171845254615938
12.720095114696733 12.177178575239616
12.81296849094355 12.153297879575419
12.928053155403063 12.006959597868537
13.043949335537018 13.208222965405406
13.01518118490212 13.6102865506193
13.990687903113274 13.183875690276265
13.21300123938614 13.199095994678459
13.038551045138213 13.428416334007657
13.44973196453349 13.196809848665492
13.026348498941566 13.503245139659525
13.04137063243448 13.209431314238481
13.001093215186389 13.621967464877205
13.628845559807004 13.19054785969127
13.666159953636695 13.189028032504698
13.996509633051515 13.007840808519095
13.775722314172542 13.185097188072257
13.000889371355829 13.791690240935242
13.470593461651976 13.19097511660281
13.198458939342865 13.199267029663746
13.03815426577689 13.491089702830694
13.116365294423074 13.206255180804495
13.03980219469077 13.211319735091653
13.651445202310182 13.189886960007836
13.996186388545434 13.122121739905108
13.039655938438017 13.222983625058804
13.365702982440792 13.198409547480354
13.835236063432937 13.183989401752092
13.760172256968469 13.188469011854401
13.165583267540377 13.205536667539523
13.00084453890114 13.809717610629807
13.00108983317466 13.758317493199163
13.019823460643819 13.588468209210046
13.036297222760236 13.500905898656809
13.76058508801251 13.187412478516348
13.450948014879616 13.19627887868421
13.180404886478957 13.205373536216412
13.489216558654883 13.190613324489453
13.025155002706892 13.57332948895196
13.371388064450034 13.197246371930646
13.703179727262203 13.188587757209136
13.994857363520094 13.134058297928082
13.000827006607718 13.969267124648207
13.022415844959253 13.58083643015263
13.791552747853835 13.184975165193906
13.013735231607521 13.616584156716474
13.019820691326457 13.600236341744598
13.015707068279978 13.606656608437488
13.08909845860522 13.206644055873099
13.301991039627692 13.19871967744351
13.996508256597007 13.014529588171293
13.018977892477059 13.600616190647699
13.134384816710769 13.205551123515562
13.000936600998635 13.758514293686536
13.913289951160575 13.183976048333097
13.806329461053615 13.184941604186832
13.03895712215661 13.279174606026436
13.429686758734494 13.196945545509285
13.9940676996546 13.164327085774678
13.038593241176384 13.311943218004746
13.656051550565483 13.189671267231
13.6577577831168 13.189462236664731
13.000588744139433 13.977416010529401
13.192846196790441 13.19932870515249
13.025448831055371 13.534865428107317
13.831537902411347 13.18446639925145
13.991006521550815 13.180015062379892
13.672414135919974 13.188732504113782
13.189939615630415 13.202822456808057
13.025252206914656 13.550641834107616
13.261139365844524 13.198839890574463
13.12260232197485 13.205564955244675
13.766125985453451 13.186818559457315
13.219355421052436 13.198967877676193
13.002491458679403 13.62021560675845
13.025363549970175 13.536321422668228
13.991454121331138 13.165205290079417
13.182541014528129 13.20341922146676
13.466294685319433 13.195696508724593
13.996228256019144 13.107221971517912
13.023479939208528 13.579875296600067
13.080423786800816 13.206727749901814
13.03826378737595 13.437494047242026
13.005791878951818 13.618198229960228
13.976762325490828 13.183965596207404
13.200651442002014 13.199143483313641
13.413633911190681 13.197128217727258
13.07312137899877 13.207459826449705
13.994806494195016 13.143721473649231
13.332012077276756 13.198707993108394
13.02519051358023 13.565998803707412
13.350061599542531 13.19841799454386
13.727861668088371 13.188492855564727
13.038574117198989 13.410015861704997
13.815995230588486 13.18475345005474
13.99646868452463 13.078945479760769
13.07157746764598 13.207880602398816
13.039412753363036 13.229945015709292
13.116754242021447 13.206093333131312
13.102904838962633 13.206368636231097
13.466940704245363 13.19239799351724
13.021405289737048 13.582150631606018
13.245736881072222 13.198950203037024
13.996475171809331 13.074909160164372
13.023937965894827 13.57591214950966
13.763275592507275 13.187102744726735
13.68288618695364 13.188629438966682
13.183308728723379 13.203185521188257
13.018280818342495 13.605603228169924
13.005665115292468 13.619614332142035
13.190496413254095 13.202367920021173
13.190704126704853 13.201147534811058
13.997032136410338 13.007091610747693
13.766059548671276 13.1869063458328
13.20950241212949 13.199123810174578
13.024797923634969 13.574667427346848
13.999700739342032 13.005200782860209
13.025728870782334 13.51636154182253
13.64279136951641 13.190258144892603
13.379025911345176 13.197231842316747
13.787297317749783 13.185072732809674
14.589769297998005 14.565890416200409
14.851162434274139 14.509587937243674
14.852653408088644 14.00705977714309
14.2165880549812 14.917503541780242
14.36933659116101 14.847584252263308
14.126284853250745 14.992569166756185
14.57366436209461 14.706665179107002
14.760470876002588 14.54584613338324
14.51970287784786 14.84639623907568
14.194441628711678 14.918337173747418
14.519932734323056 14.836228536441027
14.663370905872192 14.56335683249147
14.312634525133634 14.896153674852767
14.352272764554717 14.869133472724025
14.336925169772769 14.8790792404031
14.582206794941735 14.671864187713677
14.539147393210875 14.78646026672451
14.527133504885198 14.80880869884397
14.832987369260763 14.528311040722976
14.16528118699463 14.971173697704476
14.272043018505048 14.914557489632669
14.19018526319585 14.963819601994551
14.879233268074598 14.000641323311022
14.565410404649624 14.727329336351682
14.487089953048324 14.847364040747125
14.851277596903836 14.471965007946357
14.664952479280196 14.5468682470659
14.529912881132311 14.79111391596316
14.006561647378094 14.996469877645639
14.585229351615778 14.652643009864041
14.587302632103022 14.59252658426266
14.18428188185083 14.96870605388455
14.2687305283809 14.9172324046437
14.101624045718886 14.993045377279797
14.566217777241922 14.727300261000995
14.939478877505111 14.000236820302721
14.322238152296578 14.884121428121626
14.158427698079983 14.983166052450024
14.541633667183316 14.775920039168167
14.66034949293606 14.56574270330739
14.347530437117841 14.876908527863138
14.302391639690624 14.910060029159116
14.851406759419245 14.43948139442137
14.553194584976236 14.73169328549943
14.80619742320054 14.532912084943225
14.35257207870314 14.86332958617151
14.33761808693558 14.879007373941734
14.585363309139028 14.606099559127141
14.142403061252558 14.989425936241886
14.795894035049034 14.536909209514457
14.300092102394867 14.911644034398657
14.367906186517908 14.859629617504059
14.549985646776037 14.743236512101086
14.331831243920332 14.87974609515279
14.83970079589069 14.51903958594586
14.194424111222984 14.962426594738343
14.662159585888741 14.56420115627274
14.18707819054486 14.966561060416891
14.851698148271767 14.205543311713331
14.851633509656615 14.391865724789607
14.027387969917719 14.994790734592268
14.852169757015929 14.072825173522938
14.859712508187753 14.00070721764702
14.320315764297206 14.885750731683121
14.581588054417317 14.701588590832207
14.13957966365087 14.992044861292399
14.573281116041766 14.716179764604425
14.852114519548811 14.083097406301404
14.318075737463438 14.89107196278308
14.203196788642854 14.918244713896842
14.789323941931398 14.541569160431937
14.51134096951409 14.846651645421977
14.584599298373709 14.668278396106682
14.851958224315718 14.155526492487784
14.8422780950684 14.518483704204634
14.579112749138723 14.702592438884219
14.578244351350309 14.705909503602534
14.569500242946482 14.725971351057439
14.551487244708717 14.739325252044315
14.36846322065277 14.858993506312336
14.287744539828681 14.912358122992886
14.547286895607481 14.764445846138111
14.835691749256325 14.526982090073332
14.252877458765866 14.917469438654487
14.663595371328098 14.560122474982494
14.133924446008217 14.992449650873516
14.303668818808559 14.905566044018832
14.30779802140528 14.902748323433856
14.159408293854082 14.980426798266578
14.549320147489304 14.759368819916242
14.093693307924035 14.994324862331327
14.323535452762902 14.882603050530037
14.770404502794197 14.54548455525125
14.572638569242217 14.722777111867316
14.738659682335495 14.546776134710118
14.525475110011325 14.81642934636066
14.18570221540103 14.966627566513676
14.276287132509863 14.912466193883887
14.429912925855357 14.847483906416134
14.333421038862397 14.879168436012838
14.161950358036009 14.975842029537386
14.534303881407492 14.789126957307662
14.848648533928037 14.515595830306594
14.832138891666762 14.529887695027888
14.338698866302499 14.87749690057293
14.52534158880707 14.831665050327503
14.521489365959736 14.835007492315954
14.53814229175241 14.786964356099897
14.181864783507807 14.970710391106204
14.814280938201133 14.530645779182674
14.35758319132195 14.860200045376098
14.529130083123931 14.804028021757059
14.775446429208559 14.54206030828224
14.303739179788863 14.905313736704649
14.539472173363194 14.781839510517472
14.77303643491626 14.542195877199106
14.1534833578936 14.985286976871231
15.798929988748203 15.937420405356828
15.887707763324904 15.581756292478117
15.932524899938015 15.119257196899376
15.48033259285598 15.969865419863183
15.26513785251563 15.979723872458523
15.870169885214722 15.623006560249522
15.1687748156618 15.995164324319251
15.98264050003649 15.109750500174693
15.707490772494173 15.95832451856039
15.634637752600108 15.960432011712921
15.890402828238184 15.286269727037798
15.868427170863907 15.796206173190935
15.90394355394365 15.264564214749939
15.189361190526535 15.98446499948756
15.987106449995947 15.02853519253266
15.832867145536603 15.93389339906466
15.995107842909196 15.00175138058044
15.095565612880959 15.996586751035657
15.460516124860389 15.973483517560126
15.731353966163518 15.95257919819804
15.967823869291323 15.115932178050892
15.86474332741313 15.861865075150142
15.859625652110932 15.883638994852777
15.92312760335768 15.223550245357544
15.924069441774513 15.223360389983226
15.878393517199802 15.603165679224322
15.888682581238932 15.404158600734549
15.62981108649724 15.965876807338175
15.194638043592658 15.984042146011044
15.889547959105686 15.364887478963205
15.58185155929963 15.968806621512307
15.732205730806427 15.940385398981697
15.740967825449285 15.939423027236131
15.83982729887637 15.92011741251995
15.918469470774678 15.25934360810715
15.01068103848903 15.999764906164726
15.175240716009698 15.993716093498916
15.868890149704121 15.645184206536268
15.896826582195166 15.277506601104367
15.926950938317558 15.176059489587104
15.928250541461004 15.150912138190005
15.927502915532967 15.171062195696248
15.650295538881338 15.959725104828527
15.98708524355343 15.107353700152789
15.633245926012345 15.961290113622084
15.890334827370229 15.36384912268853
15.890466238493218 15.285011163227358
15.86986134359711 15.627172868348135
15.834775771364018 15.922486061444669
15.217773564611974 15.98008510938247
15.460419746625105 15.975231144503843
15.843612066880585 15.914147682828494
15.424106556859277 15.978291010991084
15.870602872597646 15.615253907061572
15.863622443616991 15.8825000739913
15.987812695500901 15.02116461415069
15.050724760916182 15.999086188215584
15.76110820990197 15.939221432515788
15.677015054634365 15.959699993064076
15.920936224605159 15.258638066764222
15.602830023263671 15.967395518733028
15.38655651792148 15.97903789135582
15.883157662023017 15.584884044289378
15.887896292037297 15.580020449591263
15.471136375383802 15.971449526961505
15.843297139302434 15.920100829146941
15.911499549819558 15.263726508799127
15.993930317645619 15.016858485611326
15.879028740869066 15.600960848706391
15.895112288286159 15.284765750383514
15.996182879241907 15.000852407496298
15.924721198735838 15.213473546097541
15.846032924831558 15.908330430566199
15.5878448372405 15.967943897077351
15.940171008890196 15.116480186618507
15.868762941370738 15.768399890004048
15.92929553218088 15.149252101612735
15.93001525296574 15.134065483361136
15.922816966927094 15.257190505350135
15.10850963588005 15.995877334227384
15.43191685997208 15.97618632465789
15.86753576251216 15.84125965818199
15.79818770386711 15.938603696169375
15.71244943326108 15.953243333538177
15.89039064298864 15.32182527689157
15.888391503698195 15.508027569933018
15.735539878523294 15.940047379072283
15.807201694883434 15.935695280826168
15.901136362541838 15.268680928883935
15.150764655619554 15.995819137821341
15.901060604087055 15.271957334241499
15.855900480226573 15.897130446023427
15.871563810547315 15.603551835644454
15.927812619007378 15.156605830843048
15.420998632663283 15.978858763425059
15.185189372184736 15.98523438575066
15.199137941182713 15.983725825009587
15.889164176705027 15.38344515877782
15.866026562886093 15.850614371438686
15.994276046604385 15.01166535890367
15.475731044868759 15.969959518590775
15.809748669540884 15.934759209301019
15.856149783406721 15.895296484502442
15.70864480698917 15.957023698734641
15.844813254437092 15.91204118711679
15.857630862406914 15.883949950751814
15.937474814344847 15.117415926395655
15.837381597407742 15.921836114726016
15.199753908384622 15.982472290192455
15.83388075044709 15.927672866207256
15.880063786390886 15.594959800028706
15.947857495033203 15.116005100631327
15.888492933628417 15.434863739104664
15.630265141659402 15.962011588756301
15.185087933426749 15.99201719202849
15.931151064538287 15.134037816728508
15.854229797515726 15.899422552617574
16.909084216493124 16.709646402029488
16.43438300999972 16.823796784289012
16.923376951823005 16.205481689509874
16.29062898651278 16.859761717568915
16.41078594310808 16.85826979736662
16.812084681449818 16.75539864765652
16.00919233175797 16.963496560680927
16.917352506908827 16.458794877576256
16.857747213245073 16.72906278894071
16.954371559024143 16.129960062623507
16.109314603599543 16.871048124768613
16.52381010040995 16.786319676135307
16.10163852462025 16.943665040681207
16.923089256763227 16.429071327741063
16.45224233572488 16.822769303355056
16.97573369029162 16.067504297874486
16.667863772383043 16.769292553726768
16.66893848719006 16.761661029399338
16.909146857489063 16.493624569768905
16.985632993266876 16.061997553588274
16.824674612889787 16.739256743920862
16.483127852811883 16.802472942443472
16.95120271811113 16.20256854258569
16.432132824095834 16.849854263615363
16.901422810037978 16.72522223640686
16.068184000115455 16.958104106744855
16.99225589761152 16.030638761828065
16.22346701515495 16.86100769226302
16.997792901946777 16.01679271186719
16.07162629726146 16.94786512060689
16.953843136046316 16.198790690714144
16.588017754230343 16.773051465491257
16.971523209345424 16.098753090920148
16.13545151256873 16.867875742698654
16.91767786606032 16.43379929889708
16.18155939550689 16.865715402104907
16.833301391144882 16.73000081391824
16.83326332878168 16.73383395313094
16.508883322415464 16.7993662181756
16.821308548763657 16.739998876542245
16.477971525872068 16.82221147207408
16.551203810929962 16.782792070473782
16.983418055059857 16.065746023387433
16.592481541461353 16.76973039650125
16.523571935280046 16.795126810087073
16.107979427273477 16.873958255591678
16.98582597184508 16.05454733251844
16.757113352818095 16.7564760087161
16.721757968859613 16.757844108062386
16.91879875473112 16.43238509996154
16.583065878293592 16.77971596359785
16.91406688413665 16.47901522245215
16.106177486343633 16.914328566358247
16.050719542498932 16.959356426260584
16.988861087779352 16.034117720903883
16.916677182945637 16.475316657731852
16.49756524239421 16.80170814193413
16.81068271179971 16.75603688880935
16.418074102960897 16.852884630497087
16.015265507657702 16.963305215863468
16.00640892883017 16.978690867538685
16.22205112466956 16.86400759917094
16.86700097123835 16.725560959947945
16.863088032146916 16.726203614225962
16.107540986429555 16.895188946213146
16.708545762736698 16.75920158253519
16.313609497305503 16.859577876132928
16.1199984402896 16.869075463883004
16.973274519619267 16.08862037380338
16.005073282354783 16.98322558186105
16.963650500445148 16.116198159185355
16.963437460076847 16.12937065778364
16.812826492296203 16.744262532041354
16.776171173634353 16.756376238306856
16.143355318447835 16.867347744516685
16.47866884908121 16.810905965803983
16.966206344248782 16.10444938618674
16.049260371061084 16.959616659662217
16.106370677824323 16.910996715289198
16.10325775802505 16.92101230810178
16.907387544383933 16.723415179165023
16.614546531728543 16.769705578851774
16.827958515673608 16.738774768044117
16.923158399908235 16.21099074066321
16.198485102840124 16.86446247492305
16.82989482529908 16.73404868883439
16.09350877380471 16.943834119998453
16.931137158122308 16.20425753648619
16.58691496423238 16.773522668052394
16.07584259204396 16.945577189555074
16.972872417012752 16.097190192464105
16.963556846345597 16.117474121388906
16.270188432248005 16.860331963872927
16.001903632784412 16.99523261519668
16.585797318398843 16.778043390330218
16.590599133329764 16.772549620136527
16.545840212950203 16.78343217117849
16.43874602179785 16.82311676973188
16.987029801555035 16.045694001186508
16.840566378569356 16.729947697381352
16.923696903103394 16.205114235727557
16.55338140106915 16.780156987048002
16.945028693565053 16.203317008201605
16.706082495012666 16.760398017986976
16.404781053262532 16.859210197760007
16.51764342278176 16.798242304544736
16.003181900425684 16.993678829393115
16.873899830621728 16.725507602176368
16.768861133620728 16.756468842340773
16.91232814210689 16.481781039458408
16.99616545564763 16.01901284313977
16.11571453886116 16.870321303513418
16.909103985220025 16.65077303312115
16.59130608909994 16.772431712006078
16.528042292422573 16.785745068122015
16.9751890229408 16.088215031327884
16.91740552893581 16.436478478911322
