0.42401271448819056 0.6767663140687943
0.17319877486108803 0.9027460966481353
0.1994845064881654 0.7156423298888782
0.42995980654270893 0.4213969662326087
0.12521533733971368 0.9728020932760945
0.4318944618220599 0.30784973187560327
0.7315872225277755 0.033024371985178824
0.10578008004874351 0.9888978338630039
0.5537247329500795 0.21151195588614025
0.8119294295930577 0.012296418922429386
0.7158465365510752 0.039790020404466664
0.4326077614216953 0.22787384545580924
0.17755605677477815 0.7892587259585359
0.6438804000938216 0.04326846226100989
0.6046778518322697 0.12200440123541456
0.7488795477525779 0.023131661690630523
0.16891156971484955 0.9625928450136965
0.9056204311765965 0.01149566978657357
0.3222630354374706 0.6784271603588741
0.6127785307935527 0.0802462857322962
0.4764605277893448 0.2184628017099215
0.42452523087704064 0.5007668004536778
0.2639176832037625 0.6842758742063065
0.20612889427755854 0.7025848548084936
0.14884762488548442 0.9646554781480976
0.9572807865390482 0.007837820207417301
0.5834915667515825 0.132281362499296
0.6341429256936619 0.04792575126793108
0.22142129682035594 0.6992669745089484
0.11087752594679934 0.9833582454088247
0.005584512198857361 0.9939681927728428
0.9740727524609216 0.0029722711439428284
0.17533374737837193 0.8384188335567027
0.4423483105547854 0.22255544308113162
0.17862075292524648 0.7462057670679022
0.28739783538200847 0.6822263764142089
0.8929297923319226 0.011606267918655488
0.6085744302334096 0.11543492960521562
0.5545387951373845 0.1646921970946681
0.4266529858657039 0.4932872446259887
0.5872594202439317 0.13216290202642744
0.19109354276378898 0.7159494632995209
0.7515707686873528 0.014760936595783924
0.5797382602392585 0.14709864148286278
0.7198033962407876 0.03689039221640944
0.3787535288798394 0.6768300774700116
0.14160662461301987 0.9712956839123147
0.1699520074444122 0.9182286680332834
0.5497645721772452 0.21230579356419887
0.20232063424053637 0.7137130492890831
0.18110510905015687 0.7271094816282049
0.7415922924965128 0.024881453240163443
0.6312237878779338 0.06362664429066256
0.09179678122518387 0.9893709634538618
0.9415865997526793 0.009310113460050728
1.7265916067278182 1.8678079400160246
1.913489757605506 1.3297643628714035
1.9570592709714703 1.1929572240760917
1.8872977921542957 1.449771204334124
1.3495787398950538 1.8853532084184532
1.838276946114219 1.6092811194943968
1.9463097615029747 1.2774319150127211
1.7715399814888002 1.627694192093722
1.8765874681383188 1.5705968464728919
1.0340421752274698 1.9290159337800359
1.9077296037983276 1.3397112855124633
1.5419141741244493 1.8720266635154577
1.7655963819105827 1.7080479295437057
1.848725898467511 1.5754819652279601
1.0518180752334518 1.9122736613979554
1.8649001157542158 1.5737002119857046
1.8039460130465308 1.6223367494500818
1.3391239313139784 1.9100407402971313
1.7613477676215663 1.7475072111003924
1.7520334226348957 1.7626274819746295
1.0087851326332768 1.9555587235005383
1.0000966477702444 1.9923987837343158
1.8783393937379436 1.5603685014913657
1.993154607459319 1.0959020907228954
1.0069166725949343 1.956017340458346
1.9027716334864764 1.448479775119138
1.434914894411806 1.8843631929016909
1.984375286718802 1.1406153932753917
1.511311825453364 1.8759190874543634
1.0322603915965758 1.9508739298411968
1.821348491996499 1.611841632663512
1.7303308058986508 1.8068403280000966
1.9401113617536048 1.2974697682720413
1.9550820583228141 1.2293554074303725
1.8254918742233317 1.6109736043294722
1.907289851568391 1.3845410150634039
1.9726185938807763 1.153739767467818
1.8862439981382626 1.4520851655085887
1.989928760797521 1.1066131585557488
1.0387223839466315 1.9225325365990018
1.5655230810420915 1.8714512620583321
1.0303713424218608 1.9550526249514897
1.6867443216501694 1.87033181998725
1.7334967282936393 1.7689235388046014
1.9239813326952109 1.297922709049718
1.993471216528399 1.0537121561137164
1.8382803642115082 1.593685592102497
1.7703037483527742 1.702883601528718
1.7615118973566735 1.7235258481942144
1.0032725190844478 1.9844271117124508
1.8341486309137223 1.6104520390302945
1.470881149042997 1.8803238845939942
1.8794580590872902 1.51103109325553
1.8819466433893133 1.506422659646446
1.9995292742918416 1.0302711037843542
2.196340229005917 2.6971604574305914
2.6642514296999797 2.454388098733239
2.6577625202292805 2.596490187937467
2.0704479942990552 2.7470485502060313
2.4717066538023325 2.688449499028234
2.6871682174151337 2.12395692607293
2.5373082268412137 2.661951655096875
2.663068863379694 2.4987819900334434
2.816156924878104 2.023248902833419
2.0690111863489467 2.935647447336183
2.17531453019449 2.7057750226433352
2.7956878057590924 2.095326083189307
2.056047608437162 2.9381545259307367
2.00086247621234 2.970003311277966
2.882480438537704 2.0042392384742196
2.1015358728496816 2.737167397626184
2.2037490897025296 2.6963062762790706
2.6829609195787834 2.2253725494937626
2.7904727793785344 2.095937916269781
2.0167895413247097 2.9570439661138335
2.8759097949008012 2.0110229207404138
2.660092475711143 2.586664136286969
2.8157957137004983 2.064514604830011
2.7490663036642276 2.1014346398454062
2.6670425831712956 2.3557016542402387
2.5733969182368326 2.621646223613848
2.4818545606096296 2.678514684310442
2.6335450260227935 2.60095600820791
2.4643492591957714 2.6917478404817317
2.6843595205593886 2.157875586355025
2.6815383363792766 2.2984021655254283
2.8131345477363054 2.0922313738245877
2.7248797164650562 2.1198257969211305
2.665982605004398 2.4326308796729936
2.1049345872490735 2.7247304530215706
2.1554358306261525 2.7058084742374318
2.5374768316345637 2.6328504090591394
2.0354259079987433 2.9527110729623844
2.2157652877200156 2.6928856209694763
2.2142482644002026 2.6934979633710032
2.6613693199448676 2.531912241547247
2.1588808012419216 2.705787653027042
2.9995635817040984 2.000515841544672
2.5084423220821157 2.6657313893084402
2.9211492832859083 2.0031790271282848
2.726529099711706 2.119031937799535
2.672316976153877 2.331398883403208
2.0699331470888302 2.797465213875518
2.547311862867854 2.6294497169994298
2.4971404810250633 2.669669059192228
2.5839977521144673 2.601896894944772
2.151574270710165 2.710387026480987
2.6794063989161176 2.3026216604762597
2.682033265441074 2.260620598742795
3.4156257949447606 3.2938876754066393
3.1508146622813964 3.7117474178091148
3.447813633056025 3.162151953060897
3.1065375261317434 3.758130915247009
3.608216952693174 3.1451958475429107
3.7855395996364454 3.0739220875687043
3.1392745061197767 3.74238862412375
3.086064632490089 3.767948822063715
3.3262980833429516 3.304367919549887
3.2807988528082124 3.5466421868420683
3.343651495096677 3.296927093446799
3.0730898313837756 3.952024950046478
3.3079860635213647 3.358256686512727
3.070094344674067 3.9601365499447567
3.3142236986949576 3.3420144804982423
3.6375414202336946 3.139861687094311
3.584238920695631 3.1475608489485305
3.018601637408542 3.995164999653932
3.8090656340621076 3.0132416298084577
3.419921999301694 3.2748451322116483
3.284469701357606 3.4430414859238394
3.1982405792830115 3.588743007421456
3.1765736216886262 3.674508401044032
3.7303531345820304 3.1283749743047635
3.1884248074286403 3.665256339725819
3.63343941438782 3.144323623175276
3.4327755903019197 3.272545056374076
3.277628254427153 3.5673367653391095
3.3091078854996003 3.345332027462222
3.4382627257970233 3.165190145999643
3.271391647768766 3.56737260786635
3.846061240486964 3.0079510859006944
3.0791204315767944 3.818308027675281
3.197701396068847 3.6563646781188877
3.495384791055374 3.1540853426410154
3.0248536467521583 3.9762563743614248
3.3244215187028345 3.327708182317122
3.3090523976000004 3.3454474716857967
3.7728108234814464 3.1141937611684423
3.0877347241490902 3.7661651855326674
3.205891945567577 3.5799230457371465
3.3193161607360877 3.3283013994509103
3.466885975110163 3.160104599391981
3.202106726478416 3.586021107939449
3.005324837398377 3.9962667415740842
3.5357032870832144 3.1490353373529585
3.193354565404103 3.657113902659352
3.1405543051776066 3.7355480999802895
3.5530258843975373 3.1487572216025663
3.341057831823823 3.2986719359941827
3.0571785550155446 3.974629797520477
3.7959815139381887 3.02531925099368
3.1305132678982655 3.7558372780876685
3.4369001019658483 3.208060396888192
4.641611110849592 4.188732246305796
4.555613165492896 4.781678456514321
4.422363085095263 4.8442207885462345
4.006683132035989 4.8730833825865085
4.615298827961798 4.702325665171236
4.929439514341554 4.06159719082281
4.8920726111705015 4.10974813382113
4.630142786728477 4.407651272081421
4.619659884612077 4.610556568623435
4.834122774819635 4.114726888476911
4.92834960573531 4.086883073748824
4.627099550427124 4.525297890363762
4.7958583695327714 4.158849660119595
4.426233364160194 4.840314996051111
4.540470283722317 4.822697757875111
4.554185236150661 4.801996537573231
4.09392531700642 4.8442901739005215
4.528552816397055 4.835226815853925
4.630415937525179 4.243163726024116
4.929589143191735 4.00885659755686
4.603770086803571 4.778454420657135
4.671267324778891 4.182133139980298
4.615714967964918 4.628995069226184
4.929150902399016 4.063874861556809
4.626666757516302 4.60124199515296
4.01943288215728 4.8475406273964285
4.547571557233008 4.821554656881604
4.767690110736687 4.17790938979161
4.552183147443566 4.813945867769172
4.017698106380729 4.858819513025972
4.865954346902643 4.110608632865308
4.740824384128495 4.179486714005655
4.454634081177509 4.838684048201526
4.6513820725988255 4.187582472525935
4.0002326225568705 4.937416183627745
4.715605390653371 4.179510753906757
4.915765169729528 4.0980392078424925
4.831010610331084 4.140343648841257
4.478626333894547 4.838237159765135
4.615449153262919 4.645062886650051
4.949994957466467 4.006697764399957
4.532029096944358 4.825988772852888
4.788181592529086 4.176922280551278
4.807615036384504 4.157637030493308
4.905887885380819 4.102317814151663
4.776905974278528 4.177450900233473
4.6324005169080635 4.221980350390448
4.859910653976789 4.113483369966169
4.6040012717797225 4.709696187250721
4.635043239048081 4.206888363572306
4.62350820473104 4.609934107869089
4.951209733942769 4.002786309880843
4.001179088293141 4.901397031084468
4.922805432813565 4.088844958460796
5.921115121383966 5.01396918631027
5.36463982084849 5.630329873560596
5.583483304881817 5.299418419917068
5.761193384295052 5.118177837324128
5.13925515805241 5.977731499414774
5.896752383802247 5.078485615996943
5.191958559911566 5.678158134682698
5.383349321115797 5.377876759813701
5.165720035391684 5.921301651287405
5.191824619114256 5.8482084656809326
5.196411040814672 5.654095940737532
5.456760248290817 5.313558383117172
5.379378371967244 5.544984826682352
5.431778288388019 5.358743674024604
5.380579761195821 5.4708380636325105
5.757427925123511 5.289788273377084
5.153659754916896 5.932064049483644
5.376688843986813 5.544986578624696
5.117678541921064 5.984208205255071
5.364061425409129 5.643263329763565
5.368056241621567 5.609533901769593
5.298312494993191 5.650362680212204
5.629158420545047 5.2978131714485475
5.4842921915078735 5.3052198156304415
5.188355697973801 5.849213460919471
5.626874741680589 5.298751442459585
5.910467320110223 5.0703106592927245
5.675767424324626 5.29526392084245
5.125103253374527 5.9806662657221485
5.88603718449178 5.092143208974926
5.855906083658532 5.095200867485597
5.5320217671638545 5.302761197654638
5.420610416402348 5.376133247187088
5.87583943687598 5.092671900075514
5.3682868689391645 5.601013299369961
5.807240043306824 5.101663806225482
5.19364534350777 5.665177956665301
5.78965455875917 5.103956877289548
5.88652900406961 5.083824738163046
5.161806344412463 5.925963348393519
5.930360285597596 5.012298738299225
5.166250502958949 5.8678796436304586
5.173430884981889 5.850542698011823
5.473122300492401 5.3088310242925685
5.81669457483724 5.101474277831003
5.789584875174295 5.112244308579533
5.902160491931519 5.075860159676041
5.93378651863398 5.004577862711908
5.010558808980278 5.995795646863787
5.442491667051616 5.330380240166262
5.369871597584704 5.545264297443686
5.094799927488929 5.9847115020112245
5.57735541634742 5.30147290313729
5.734131108657877 5.292528441911486
6.150677270407048 6.208468466931682
6.005543727902255 6.64415689001472
6.852031204146589 6.094199342266468
6.63750560963864 6.200164239485966
6.107871779163557 6.581045652751254
6.1426988280654315 6.4694304892251235
6.906527207673744 6.087614725220403
6.849505165943723 6.18954805742988
6.057989594040549 6.625528022234291
6.070811802429323 6.6237349132034185
6.384907975251678 6.206616442008314
6.981005095000269 6.062923787744804
6.767512668934527 6.20001586521572
6.137869056963562 6.553780477989818
6.003319938144108 6.989263400989742
6.566816818875997 6.201260564523939
6.654708786492993 6.200157594498382
6.032535685181174 6.634007226709616
6.991122974230897 6.011692139237817
6.916753314138457 6.080310052693016
6.14806365907269 6.2374875040135045
6.825972812784178 6.199948072189096
6.137085508738996 6.56060327028514
6.098880674153426 6.612929381454387
6.083283561618931 6.621792888205861
6.421937728896612 6.203574349778799
6.951618923439245 6.072628064090269
6.29704352796256 6.2075413009677
6.143887836273421 6.465041640703136
6.000666988441353 6.993731030804184
6.142603027696768 6.483164834267701
6.986736874113754 6.061193007994947
6.972994445123549 6.0706292522445064
6.111807000710686 6.5713372503061125
6.0674491832832835 6.624670155418556
6.9757061272582055 6.066328724777922
6.005027344800457 6.980757887469869
6.001738560691576 6.990623498245677
6.148042422792639 6.431086022474713
6.9893825369506635 6.015351242914375
6.100518247197273 6.609907023513073
6.09897728626967 6.611052568170507
6.122202746300408 6.570115935034359
6.851824768669974 6.118802433629339
6.50205540371513 6.202612876432908
6.881914107838905 6.0881036860710065
6.927043481037299 6.078442089114213
6.832499853845458 6.194758240586809
6.909393924482573 6.083908902551706
6.053127936386283 6.627727277649298
6.005284375162326 6.922126956250263
6.860361632312832 6.090857047386836
6.404781379144612 6.205525444743262
6.078558784177579 6.623398555166119
7.025174568826611 7.970004869065933
7.683761781882893 7.29206983541455
7.303105614983846 7.636354491376991
7.651305527394601 7.376025297547524
7.642374618666113 7.456256826947497
7.12097865161892 7.740798127022606
7.69577534692333 7.034377930137807
7.338504810280064 7.62871376021927
7.917217054687016 7.013454223424974
7.637384053412151 7.54878779442076
7.969824560052189 7.0030809591491465
7.0474446215766795 7.843182231766727
7.275856095813452 7.652517336972048
7.653246095882379 7.326097152001529
7.155071472734248 7.681579336184198
7.461721920682174 7.569621083238465
7.133700018035009 7.70961437243378
7.030441016591175 7.8501614910523845
7.316895213957895 7.632583814010214
7.108929623871387 7.825304441633796
7.629656459244887 7.551448945565902
7.787858674091076 7.031657328069583
7.907468554972777 7.015499928692454
7.160254932883623 7.662628020484454
7.688639167930257 7.230816260382471
7.368485045455097 7.6038950496288615
7.681332066711178 7.3132519639951035
7.45162620661263 7.5832564192061165
7.6831168491045645 7.299319040118276
7.69145999835769 7.13096852871492
7.4896904139051 7.555677885475974
7.3852815373750715 7.597391827374093
7.647417003973752 7.45343882645214
7.118660333662609 7.823038118871009
7.573784567895424 7.552247569120521
7.010314818777319 7.983088910136706
7.651049579645669 7.411432300797215
7.41630520476425 7.595865007389972
7.4512464020581755 7.586490204823839
7.1793345269801705 7.656512741168912
7.5663089726738315 7.553032765309262
7.673257860714008 7.325392213904862
7.454843122022492 7.575773360606836
7.030329040623676 7.907209806702439
7.301936795697281 7.644706574216214
7.419726714926782 7.592318752847278
7.364220393789284 7.621279068555378
7.0564214519486725 7.838571462393592
7.027300001544301 7.958678988786384
7.195444232403853 7.653366361191543
7.521173458773321 7.554603143967691
7.8611074473198626 7.030477112784766
7.894696368452946 7.028357662720346
7.4744992645649715 7.559898155072022
8.083060363664336 8.976780020212443
8.783489313724083 8.580629143705217
8.839227250920892 8.410465202674603
8.215178944662378 8.703519745603332
8.918920749659337 8.388047464492843
8.377984634478144 8.581053366084074
8.815184173900752 8.440648582040643
8.36637221717511 8.600645839937652
8.144779603664574 8.75087931430554
8.98402644418699 8.325791916888317
8.122273559327853 8.823700755722417
8.218550696717303 8.680849540159098
8.102937781846503 8.940510373606875
8.016050538181977 8.99928569096015
8.196073038423899 8.713383401492937
8.902905024512664 8.407683100662396
8.129054115784484 8.760811888079534
8.298794126329005 8.611158286599684
8.24474638406959 8.629529802203795
8.812349195736012 8.46099523825119
8.269360647458186 8.619984508692838
8.057905230508757 8.990276655963406
8.978529688351527 8.368576034055346
8.22815828511367 8.675045551287676
8.04717831807418 8.996153400415878
8.356800006678432 8.603466192808229
8.12126417914846 8.89514555236081
8.256221740147028 8.624320627736596
8.127176423463853 8.788878236307186
8.112037483416062 8.925022377836934
8.98508290650576 8.285303457811487
8.229484498227082 8.658345781712121
8.992862516496405 8.16528707880197
8.225268090805617 8.678260280316373
8.80125397745457 8.575852755846727
8.166136919541605 8.728128058549004
8.823167740128635 8.439559202370468
8.787947391267329 8.577055761029282
8.990579657396239 8.258118658542255
8.942833927663237 8.372292192917755
8.833883727716723 8.425040390654614
8.23770051575221 8.632715847099584
8.029465318922645 8.997827687280541
8.174725976277683 8.724285872561667
8.99898643785224 8.055494070221478
8.80397191625194 8.511558484344603
8.91702166013761 8.390093805538019
8.94260891762826 8.384174476059504
8.117110093716148 8.919059427850222
8.367180002649304 8.58185843124191
8.154804311834463 8.74847763020546
8.810837159964118 8.510411373399075
8.135840677761564 8.75752600162555
8.799636854542051 8.576128895597845
9.436076054445108 9.435364378383271
9.267977330706126 9.805083834912734
9.340956894981318 9.533981561820536
9.056822782714166 9.94309691370987
9.481060519108869 9.246866302746628
9.915436891729904 9.221697142647445
9.387082509658503 9.518784151789502
9.330213663111525 9.611357607395567
9.989366747256698 9.0823993441247
9.942061397345558 9.105040995212397
9.147296898064948 9.93362464083939
9.457128566425453 9.255547048468111
9.2864346105415 9.63952999844489
9.45352744976871 9.287967036664474
9.001384638871919 9.948430605887152
9.22008513304815 9.89634119781083
9.974680593927436 9.083251640405546
9.21022296484718 9.929700463540538
9.449317213834775 9.296170114953073
9.858206754385046 9.223192280484904
9.23802212342837 9.887581347715884
9.257445128221239 9.821557501155926
9.50299362419852 9.230560527951658
9.922998697207596 9.13423462743281
9.52739797092838 9.227174903207139
9.393792149641799 9.469683907364757
9.7169222275267 9.226122101222375
9.964955025976378 9.097318006325807
9.922152734416823 9.137963184000826
9.91924330934911 9.180083714360398
9.0322946046691 9.943282961160833
9.363392652721702 9.526686923453235
9.482354143789372 9.241721258481554
9.475690962906567 9.255381084818552
9.082831086085044 9.938456780348837
9.998789210288475 9.07785949446996
9.527121037413417 9.229500774810612
9.276964694764011 9.648418209680615
9.920146766521505 9.138883284919837
9.207502433416636 9.931284562994243
9.248583301874117 9.877272302772871
9.911931296481622 9.222369820488893
9.971902239401967 9.094640855648052
9.312125422525346 9.627890152818857
9.270907042558658 9.800531346192894
9.27164715255768 9.662202613594863
9.35980459682957 9.529298874821167
9.803561563047051 9.225671446580938
9.392911855249697 9.510180303286552
9.436464974102533 9.351687222665477
9.255697935078494 9.827694706234045
9.406228914570567 9.461298771443921
9.332490004581814 9.605554244416632
9.375173557475643 9.52605490318699
10.63641942472275 10.362740638827027
10.48553051251869 10.861538396743956
10.856903867368656 10.27519294620522
10.938259105992017 10.186109990771484
10.640321502037729 10.361953703354379
10.419305419848355 10.995989154280647
10.49825481838133 10.58587604090706
10.44859325413533 10.959188011068287
10.495506922882608 10.83261472795318
10.621355549789953 10.49371485846027
10.951960247875322 10.126581271744454
10.904323287445939 10.186311389991918
10.71294463689113 10.325591788651577
10.478907828761118 10.869587660943685
10.874593781936671 10.20149449497192
10.969199916599957 10.01933901223996
10.515954876251092 10.520868590460422
10.769025914753438 10.279437715010005
10.478507971422683 10.884841457023647
10.620170732143219 10.506604454344668
10.429496951875192 10.982985809913052
10.722965070149886 10.294908266254668
10.938812751396787 10.178493863939947
10.411204596698369 10.998397556830124
10.708101046508851 10.35309168588527
10.344244443287655 10.99876997722636
10.460140414798525 10.92223111725646
10.96405779226204 10.050598666173636
10.869475056573418 10.202886957394377
10.495562000577761 10.757033228023603
10.860126951424173 10.232234193529303
10.984288644522353 10.002610361483056
10.862078900946338 10.22578813965195
10.441944517477786 10.961801350967114
10.756636082601572 10.283019625476982
10.960066378127229 10.060728464404438
10.980966937091923 10.004756890820357
10.571617873073299 10.512144273576023
10.502275007390462 10.572802749280386
10.51162080565518 10.52127304408354
10.965308442528038 10.023920300571378
10.150242242342902 10.999358795999054
10.469365729655063 10.893772672665966
10.628171848320328 10.445673393001051
10.950996960506794 10.177907593831529
10.550378062584105 10.519738634345615
10.705330114506173 10.3571248789105
10.878605530127373 10.193581851482511
10.55689764432181 10.512685402686614
10.448931332217205 10.931953019862556
10.434719400343655 10.965408395728948
10.705040421202174 10.361438693081265
10.714911004838648 10.297122428974914
10.636039076716086 10.39742589974229
11.874700156670118 11.869156203702234
11.966272660375578 11.587256913211176
11.680890542591449 11.978573325830752
11.751314987984923 11.907134428234368
11.973977977748321 11.069924848840182
11.095074168483508 11.996022573118285
11.92278873160715 11.862282508726313
11.302599414112901 11.987548579824491
11.546801519063354 11.981695253699108
11.972094972046882 11.247795972471232
11.816526679226053 11.898301485034262
11.682906993384195 11.943323478434964
11.928999587107947 11.68433998615634
11.948137874841672 11.667443944368303
11.926687094316495 11.80252261047237
11.262575577105443 11.995036521163204
11.966998402479005 11.57194702364226
11.862170418403913 11.884577148274323
11.892810493049504 11.865278548150359
11.39359323693476 11.987251971058821
11.490011458857095 11.986814289809297
11.970934945382714 11.491478066234182
11.952442824027592 11.593983793972798
11.997827892228035 11.067094084174007
11.973860457879919 11.122091065818514
11.922809892472358 11.856521906091585
11.834721814962796 11.893336546711852
11.683560841033849 11.932241248899285
11.276555097124662 11.99457867786782
11.279127380146905 11.989562379898295
11.62242832061811 11.979188846010203
11.690264225888988 11.924784900640852
11.948932864969933 11.641674363066405
11.723575763334896 11.913128130442772
11.92750978982159 11.696570569292444
11.51990287613344 11.981909982897527
11.805524297845647 11.90189925507243
11.95030234963816 11.612218940425818
11.968212839445437 11.527316742392427
11.876769680431769 11.867457042627736
11.925266861905808 11.826991071892401
11.865768673582577 11.878451441310288
11.838855424859284 11.889164135889782
11.72643597619688 11.909459608228351
11.841448539106905 11.886373346701568
11.796864450983964 11.90389970742885
11.964241926186657 11.58767811196596
11.971616235333265 11.419077044266166
11.276408273748762 11.994959338383746
11.560657565503366 11.980152130346305
11.925135287329866 11.851800977975545
11.92622430924355 11.811329883381871
11.99908793001159 11.013463625532717
11.681990756710096 11.969180922187611
12.830791239077959 12.652723334701232
12.032218174350776 12.765884342816015
12.829304773578444 12.70605791810852
12.903265310879139 12.640851034758178
12.1621888647549 12.764949831746378
12.960046688387642 12.006163523048325
12.49989043292929 12.730434303016592
12.920422698714503 12.456868287741987
12.718605362712173 12.716455165568295
12.01485672887053 12.879580502979088
12.941472622968252 12.060907508654601
12.776749577022125 12.710791213715229
12.936368998377972 12.441807344319395
12.937896570215425 12.278815441654839
12.35356619435722 12.733156317665047
12.000325738176889 12.925987801459181
12.912104684680568 12.565837275437483
12.716933320016762 12.729491417114714
12.31914703792814 12.74253923774122
12.951580291038503 12.032201099644023
12.004728488899804 12.9002447611761
12.018777010412112 12.793501200621984
12.949361067688912 12.053788498929334
12.017769956838315 12.87323867077187
12.225393303397212 12.74862728788413
12.92576416279657 12.444068516724323
12.938175410853484 12.219913089815204
12.919069407809506 12.48334067758842
12.904342992517993 12.587782673113662
12.03220225911875 12.781091772539082
12.903418464132544 12.625717828891483
12.936972506617204 12.353896989702887
12.894025474731574 12.648249455841905
12.954880839259518 12.007640326488882
12.450352074619634 12.730962456301306
12.793014032168129 12.708465864572805
12.026787714868235 12.781642453004565
12.003703821299466 12.904906315183538
12.929080276484449 12.443822293597952
12.914860529668195 12.51297449363325
12.915187740110872 12.51024046647089
12.385723825571308 12.731226007372399
12.016088006963784 12.875444806327758
12.198995334770245 12.762801386470835
12.849698089576403 12.650552431447721
12.996463718421586 12.00411014631699
12.204986494873394 12.761140473884893
12.996552112825 12.003486676797335
12.365868641862033 12.733088813837012
12.919193919085048 12.475609463934568
12.006627199013163 12.883079987592243
12.215009028848673 12.757811828529945
12.93863966420118 12.19733628714478
12.829581186008514 12.6955924218774
13.666503313155815 13.996667655564442
13.715674968320092 13.721624807188258
13.709488276073982 13.996276105587521
13.89684617955544 13.272602857598255
13.832113907886376 13.377291722215165
13.966532757179541 13.058674584599984
13.825759002677257 13.593720921508446
13.805761891786036 13.59524228942657
13.920334867975745 13.094505004251113
13.726468971006076 13.643766039664012
13.736577382889603 13.639373910241007
13.778576740890514 13.633478316909683
13.762933894423504 13.638458659120312
13.849973986659263 13.303574360869286
13.869948551964054 13.286212772439661
13.987463422166678 13.000031425383902
13.908302237819635 13.095984175732323
13.831689603923829 13.387508763323964
13.39798515641458 13.9976025814653
13.71399823890195 13.73209088846306
13.920841715456685 13.07658594992595
13.736325804941423 13.642578007249885
13.10225818332314 13.999148235180828
13.712035379672278 13.987680067246487
13.892652929610163 13.281201369212706
13.712085202894386 13.980732326866264
13.36186844212216 13.998876365160077
13.829822940252305 13.442152645885225
13.79543820594289 13.632549275251252
13.983921852554278 13.033244859350757
13.840972423526694 13.342919960721343
13.82931534307507 13.592371728529157
13.72488433821184 13.693996347357627
13.975307550377892 13.051328193876614
13.868421547622063 13.299399611499885
13.924560843807559 13.070480987639618
13.908206240181514 13.1887337218584
13.724750846230345 13.70216105186099
13.716756232544244 13.71536378920818
13.546656049810148 13.996852408095924
13.901421004996235 13.23898889072664
13.90814544818669 13.222931598578102
13.84309820574566 13.329811515403598
13.717653871148485 13.703073667686136
13.7760071694416 13.63668308128142
13.713074793153341 13.869399571620821
13.713176394666496 13.807589405834443
13.847726720534201 13.32709530949474
13.934279758624953 13.066373221525716
13.830314520331902 13.41652839438866
13.98640581469963 13.016440852049108
13.798349880011772 13.605656808034345
13.978630732239726 13.039382715387212
13.876544439209042 13.284474546428179
14.128705954000369 14.625383605334127
14.901624621354207 14.47486630895641
14.815182564612632 14.516424363148753
14.976605161997655 14.299705022361206
14.986783277105042 14.140934880435863
14.08166102059692 14.831873046442805
14.475633053998614 14.548213414505968
14.99868736172611 14.035480169845266
14.30728218808019 14.568612236340533
14.159934789911317 14.578454343592956
14.08614238609677 14.664210983288847
14.66215884744215 14.53196347396476
14.025562923517246 14.953035814482266
14.99145460305959 14.139241575427109
14.842378386808996 14.514392730832931
14.917846190571694 14.383168302164584
14.968338692391754 14.33234961515036
14.231032340490541 14.57552051175775
14.013465120133075 14.957579085865556
14.867119913115005 14.478509816876329
14.078548511654938 14.840166372989064
14.995093077077748 14.073200771639849
14.560531929247526 14.5449863971404
14.053480629320232 14.917816265776722
14.470247302166817 14.558899534670752
14.930425678365228 14.376815162529239
14.159032185314366 14.585851236833546
14.315071013072506 14.564909771538069
14.076483386112368 14.902324185616669
14.993970956644851 14.106658071416893
14.813388448790635 14.520219530072954
14.6557915013788 14.544417510026289
14.90908136885377 14.428583426576019
14.007905801395165 14.985832122459472
14.982077462772525 14.181734720263496
14.948017015084066 14.35207067130975
14.976983576454359 14.292713963389783
14.964653709244862 14.347836453724563
14.979358725033757 14.202339340277323
14.484513841375371 14.547595424087358
14.107498090612085 14.640304938124167
14.082377804283107 14.705385771801735
14.398607013008768 14.56135562850342
14.940828319537701 14.363306354016878
14.384009928881266 14.561885884668245
14.796118474904704 14.523061193762553
14.059079976426816 14.912367204972497
14.15160540961552 14.604481009370458
14.904876362242 14.458259889729913
14.969097632129838 14.313720986474754
14.999966470775119 14.013280716211224
14.992844063465776 14.113157680077745
14.864373427129147 14.479504309534299
14.134795832026073 14.622710677686294
15.339886377461353 15.058825403604462
15.2914256352878 15.894645626895471
15.263484008018917 15.921100763147674
15.324652957210569 15.852957464573624
15.705368344308704 15.003196031044682
15.335041189194428 15.846168549315708
15.59158059886106 15.027655470867833
15.244162577539221 15.9489597046454
15.190804944375314 15.976287736271807
15.522763585813887 15.056571553281636
15.158707767872082 15.983265161702974
15.607210748580357 15.00996289668429
15.199070633881107 15.960991428719117
15.062868471290892 15.992503173109741
15.534216722926061 15.046949049994883
15.33775140820689 15.567006550768008
15.534687278007478 15.032398240289785
15.252564577519514 15.922678041408389
15.33965537836006 15.505270591918372
15.712039055162036 15.002346509335908
15.5262393353575 15.055546732536566
15.599634054801742 15.013888992088145
15.409492243610819 15.057157858725478
15.595101291067174 15.016987339426386
15.081169772055185 15.991458217622368
15.85970274879865 15.002268220190786
15.335461785465533 15.666643824566549
15.27084208596777 15.899390139551123
15.324800881720728 15.851862381920949
15.156986528874578 15.984805813691704
15.337272761949063 15.609642538344195
15.59535210574367 15.016809423896392
15.197246938476798 15.967491546663904
15.677751681758002 15.0073949251382
15.426495052363643 15.057138239645637
15.310420602671803 15.882466112308519
15.922769939436082 15.00089047968403
15.31506492858387 15.881071404010788
15.339731664619691 15.171741825224395
15.594037470154621 15.020750708983392
15.82708069305218 15.002306672212438
15.15947616357306 15.979528726691903
15.226226436810691 15.956645634776335
15.263907498313563 15.92035166631642
15.93976784061502 15.000363447559872
15.249505297908978 15.946574809014965
15.271126512779098 15.898389561074698
15.309541369206002 15.884463865622417
15.612368748697103 15.009210891579157
15.27055598341894 15.904747255214994
15.52874580713533 15.05355800674885
15.315254516931562 15.869728169332856
15.249879585597595 15.930271836148805
15.247343253904546 15.947965345662423
16.41986947514684 16.028397564769367
16.224818168251087 16.367034515513165
16.09534583141816 16.487772588128394
16.018734949954876 16.66214211802192
16.213741400194532 16.407011596395446
16.262368971021875 16.108881573133335
16.632197850368197 16.02245383761176
16.15410010823227 16.487689819377803
16.199551148160023 16.42600369056233
16.08704458758046 16.616530697371932
16.918745247201755 16.001521551742954
16.018322636079148 16.85799250257869
16.27476857364751 16.092719813754616
16.16073447658742 16.474395407222577
16.231438707551554 16.132668634494753
16.343111079598078 16.071493330160834
16.17334682698203 16.464692594746055
16.297234208012092 16.077633144148074
16.37029998420998 16.039243814160784
16.23903423315268 16.126219813620626
16.879554932944295 16.020378429672053
16.021965666860943 16.658336306645854
16.004069440266715 16.99100134028226
16.089857986997366 16.610668403178927
16.011812265189803 16.867390774333668
16.02923822040254 16.65766465785762
16.051219404477596 16.62136746267746
16.08985017619873 16.614950710353565
16.095092424912703 16.571958845937104
16.955926259017808 16.001158636805602
16.404317746024528 16.038573409551965
16.220327544340794 16.405959076477362
16.573528924465396 16.023086612374186
16.809578731302945 16.021682851537353
16.351309736535434 16.0660179778652
16.291668305968333 16.092592579775193
16.16918421766898 16.468602146073604
16.40743349043288 16.034228875378663
16.042665086955143 16.62145170834581
16.93914540769756 16.001200372819255
16.010830895091008 16.901108568092738
16.464746760211778 16.02565274255707
16.0841461358471 16.619096773080063
16.409368876489115 16.03005195699977
16.224722241553877 16.38029728250915
16.22759267339932 16.223661769652978
16.26341663962308 16.100114533238393
16.48783370942567 16.025646129055016
16.179531198949213 16.44328272460262
16.196997567330442 16.430203291937552
16.314255701736897 16.072693832906495
16.034690838252512 16.649572221014193
16.163782784101183 16.471208527946082
16.229926278573824 16.22245846499332
17.469540308300626 17.233513737492093
17.248380387362797 17.529897965557375
17.13701089508308 17.879121204759237
17.392121021793145 17.485631883230152
17.172528654046115 17.58092689228277
17.760076088832843 17.107080925382693
17.469739132701665 17.195959472765054
17.61835312531422 17.175811758075444
17.95525129551122 17.09940417254196
17.149702113700982 17.801292746435177
17.64851300607881 17.15572043733533
17.394566554444708 17.297221778425843
17.05186469696953 17.92542210118055
17.160196555923346 17.595497080930425
17.011352115531036 17.943210010317383
17.38768050700792 17.529866240208683
17.17003247471851 17.584218966065176
17.465119237108468 17.283269957185176
17.20398546434713 17.560943910506758
17.20923607140251 17.552890862724546
17.069481203666378 17.923072401402173
17.957892870995266 17.00568279951773
17.39213090053459 17.31489600527529
17.565504184502565 17.183140359348986
17.715135608904774 17.1528133622401
17.70029189079227 17.153292315832147
17.155258387320913 17.644687406691403
17.078070990784834 17.882454439008356
17.473864111777687 17.188018381763623
17.036535611294106 17.93447344719163
17.89894452832931 17.106386423518273
17.559479650856254 17.185688013560853
17.022397081601316 17.93870230644913
17.89908872982982 17.099522831476115
17.955456429702075 17.020851877650895
17.028014136242952 17.937048719833005
17.23214793741368 17.535835647431774
17.754350017585363 17.149514745049707
17.151759839466898 17.769950104696303
17.39029881429691 17.487475262719453
17.144708450035026 17.849916599774655
17.40163078591418 17.286821910836622
17.07077294677673 17.89574716586658
17.98029218455154 17.005375456124217
17.152248854249116 17.717399962397067
17.143977855568 17.851225508510858
17.194806159876887 17.57714314118682
17.751533412985896 17.151985644362252
17.574416207619088 17.18100353938754
17.95252208415485 17.09947225316539
17.231599370626558 17.541413839802257
17.23868903141192 17.533714439344358
17.1466280983834 17.825328006342747
17.222558538536422 17.54777531778853
18.659192612246677 18.9187681654993
18.87769032972153 18.277294746798454
18.752907095426664 18.318276006908036
18.95058417427022 18.1029492846449
18.653347119842728 18.941595479192028
18.7359956763397 18.58485863292921
18.706116684135235 18.917549046606297
18.733494583924784 18.718603685733505
18.44443733861588 18.961716259544684
18.938193046548506 18.1431601709748
18.334719567388902 18.987443278149193
18.335547082145716 18.9772177078099
18.72108402553611 18.79818686130109
18.975026599656374 18.002595601774093
18.737571063601663 18.562738399228543
18.752367162720976 18.54567006594182
18.636262905860562 18.943419652573926
18.292414375011692 18.993873537311824
18.52282886122048 18.95432704413282
18.93614375350902 18.20486916840977
18.656887285518795 18.94136738478346
18.95379203192156 18.006202192742496
18.73593864444118 18.64181553204119
18.933146513785065 18.23301190739108
18.226245973514995 18.99922479031115
18.710287832345138 18.8020254602607
18.80916369604504 18.287521392669614
18.605106750434043 18.944349409719507
18.942257822812486 18.10648436649174
18.151733625738917 18.999959384728598
18.73349726916174 18.715860656855032
18.404275558946484 18.971918201458678
18.72227757860328 18.781646903869515
18.95098485262856 18.030762680758126
18.437217964712495 18.969032545048968
18.902112498837504 18.233994700918295
18.901259284807654 18.257925738747062
18.88989714388527 18.277034188317952
18.80671401883582 18.303187812938255
18.723291555450814 18.77886314728849
18.77873009333692 18.30580243351575
18.752421339682915 18.431438672494746
18.273025686859768 18.993993988870375
18.602806890034117 18.950218005311843
18.5196159351365 18.961671121311042
18.729880715243837 18.76168628272052
18.752370984946467 18.453591699320093
18.70936980673023 18.883609011424824
18.37512931525698 18.972724332377833
18.94749013254917 18.1035554544407
18.90052804115762 18.27553829540242
18.7527409234178 18.322836298514307
18.72712940975919 18.771960717548783
18.761932969751314 18.309582037599093
19.181918034787994 19.12432248999188
19.071062967749246 19.971818058503505
19.11685606111825 19.702880143031916
19.133463417783805 19.646559431559336
19.023583579137533 19.992267782438013
19.82910543463615 19.04739395842345
19.571789727999636 19.10069290214372
19.162840654480807 19.53571887675531
19.083962333695542 19.703545191437954
19.804939534485726 19.05992800655329
19.485049123822673 19.11231035326324
19.630684328655477 19.096782982826753
19.7638994346486 19.06641660487134
19.341455986410377 19.12258622515001
19.85150624347961 19.00805998496453
19.156362005480418 19.548500065548286
19.639767818304446 19.08861854312544
19.6771041934678 19.079631815926902
19.604250027351334 19.09927075202488
19.17475996818212 19.26298254667805
19.28495171064133 19.124174686885674
19.173448151232027 19.294062785938657
19.450451192608394 19.122520146395964
19.48061318512836 19.12087890620681
19.06816989539776 19.987693389980418
19.149334574884627 19.569632803589847
19.172366559218965 19.33333897646421
19.142354802587445 19.6383197849993
19.07553850953933 19.806676806230783
19.072272318190176 19.94385164917328
19.078499438204016 19.77036625781753
19.86739364284488 19.000398423068958
19.171664868219647 19.443535945946312
19.071319458282368 19.951992910659467
19.07324339337459 19.8612458703735
19.840559828262663 19.026821910308584
19.11761995836116 19.654417838979967
19.081482253258038 19.707942727770124
19.80265940190281 19.06075113622131
19.48333531033428 19.114754743029764
19.836879911685692 19.042361271285703
19.17754866943279 19.171954445590313
19.697005982392717 19.077139773137908
19.52383093774428 19.106668367133462
19.166607404405358 19.515985907550697
19.080759758562188 19.722809026541825
19.16822868065155 19.48020600861356
19.056539246345523 19.99138047084566
19.17842846714047 19.156826912751026
19.909277482023843 19.00032749608435
19.1793807946388 19.133327575603573
19.146414140748405 19.58655383727146
19.143886520451353 19.625205606960662
19.71062703184123 19.07034125216936
20.74004384937162 20.529280764045446
20.04873623604414 20.919234390571997
20.196456576362387 20.6655079065604
20.190848515654032 20.824884384093124
20.742198533378822 20.486924408843826
20.28407123834947 20.562921440378336
20.476963588968925 20.56204500108825
20.017878261647176 20.978197319620264
20.855105804928893 20.34263178132812
20.815624840144316 20.40223593931596
20.01409843240909 20.99587223695171
20.98408775090285 20.13826280253435
20.12834757911091 20.910155969061623
20.21710493374272 20.590179673319103
20.827427664481416 20.37763905888869
20.933906230821094 20.167874152207972
20.149206656045365 20.90404344851894
20.237310715853063 20.57103143063258
20.993818214363383 20.051175196132764
20.85226395183115 20.342746921937184
20.525539375873272 20.556536394453126
20.885165367385817 20.193429006455194
20.035501975253048 20.938106728779296
20.194278877931648 20.674031295744776
20.177129105863095 20.86363537632565
20.872295035960896 20.33276513267884
20.906968110616358 20.174295550458748
20.798003768293007 20.40410595000966
20.792962081615045 20.42781788184782
20.570680890242812 20.535825986772277
20.155995560222586 20.87336101509649
20.194235644071426 20.75644167247868
20.17763528742792 20.848252298352126
20.193614610157574 20.77346657007763
20.845678542681828 20.361440256031113
20.997135524032696 20.000852230643112
20.99411152739293 20.046240196436504
20.98601287995173 20.068847459562267
20.666361736937375 20.534142340292856
20.758821806710845 20.45150645570378
20.733129038803334 20.530348912339857
20.890159750362734 20.188320193727648
20.8756417183715 20.22629784096707
20.942876631202132 20.161291825664502
20.217833005627654 20.588739600906358
20.786130145556793 20.439895236305162
20.277449633956813 20.564579848402502
20.39844229491558 20.562626429967512
20.198377545864098 20.644829773739332
20.96052475200617 20.16034590579957
20.987661334517234 20.057934476543682
20.02952352738231 20.959314222044117
20.875424683367452 20.289853394753155
20.51403634307274 20.556909660099514
21.552802264574026 21.954259963832243
21.76377004623055 21.170939683290754
21.492617328252788 21.969771761745704
21.555518040234087 21.78177520025531
21.619512608393727 21.175422459052278
21.600472993307765 21.39377488219067
21.891072664538324 21.129619040607537
21.319416904681074 21.995008648621827
21.956072050962923 21.06220656413741
21.821592376574447 21.167329111079393
21.57449625980686 21.70532866664989
21.91388459562954 21.11462987806178
21.381055688944596 21.97226542886816
21.886737368677267 21.15628487831831
21.348170024361874 21.98207758379401
21.58255820272828 21.508924593623394
21.987480802257323 21.039819018735688
21.617119064787843 21.2982237397356
21.576463638259913 21.550645450627655
21.098347296707658 21.999651792516858
21.603800549181187 21.371930615579263
21.929194098620997 21.101081828483178
21.13520191073614 21.996636371867716
21.975768424602006 21.05615023970079
21.607716228832096 21.358867412472215
21.540792310132314 21.962361574922827
21.597380460588397 21.472223356504813
21.9827700331121 21.05012151030749
21.565027585496516 21.76534812950586
21.852403980163896 21.15883649117888
21.691262990291424 21.1745341858516
21.577306497827276 21.52334691067745
21.490930808548516 21.972190388775044
21.55469861441182 21.92299736645916
21.96269244543278 21.058833760741756
21.942371065170583 21.068617243674268
21.997687419815094 21.02002913211264
21.61524228169575 21.329902649126304
21.918392288014207 21.101434746295258
21.99562223243935 21.029267079190056
21.593514482447937 21.494935159080548
21.59883393617588 21.44013804603115
21.619439174480277 21.220083168474904
21.598777135255723 21.45528103694244
21.049281372648654 21.99978263587935
21.51609281390489 21.967009813178247
21.79664635596458 21.1679402242934
21.56857961595556 21.726402585387643
21.619206868683655 21.240731127255724
21.59304090501042 21.498347758368105
21.87650726079105 21.15872296341742
21.571106097514882 21.70769998547239
21.257396595290246 21.995346206783275
21.93335763531469 21.08053277869456
22.357468045703136 22.060741221448847
22.05902216397432 22.32791789437026
22.50804601206617 22.055182395131183
22.224418600890168 22.25845931111168
22.851330379379476 22.044373277479956
22.003231377117732 22.99078198006514
22.275682319844464 22.241666148186624
22.30694444836479 22.151324731753117
22.132318486187295 22.265011843451052
22.00478288198118 22.833469623618274
22.03421155858782 22.73298358917291
22.92766979687345 22.037872967093033
22.039858346599736 22.495958287538762
22.28357986882565 22.17568147757638
22.009993357892874 22.733107651351173
22.998113218442278 22.024595475738437
22.328199910836787 22.091366091990363
22.08326078698376 22.27430855024786
22.080408571360177 22.319122142311866
22.045806985856803 22.42273704721935
22.277799652578214 22.179124808503083
22.425532950531796 22.05992983636424
22.630273840897214 22.053178907646036
22.05045866120852 22.36942521510713
22.34346502811373 22.064061410680292
22.33350306027304 22.067100186659147
22.31122459610499 22.103690388456872
22.155819963452345 22.26267732699653
22.266581897540984 22.247895500194936
22.00569702367926 22.77291377466618
22.331987547790956 22.077704418748556
22.883340436637056 22.040629677585308
22.288017383411514 22.16012170817909
22.006098446409386 22.77116565749607
22.99499115478935 22.03167183200132
22.04045320519678 22.461461654380592
22.034836885695672 22.59408460862122
22.50743476156414 22.05779132338734
22.95572946026562 22.037759959192122
22.676644234460717 22.05063610320543
22.274707488248065 22.24540626983472
22.034577167586818 22.69918296700623
22.001741993662648 22.99498729019633
22.005054015933638 22.82568389404865
22.117635511449556 22.265059068265398
22.707413958439528 22.047331261663224
22.041042703990588 22.45699630314566
22.30041192619179 22.155304742030232
22.003810692715764 22.926221733384835
22.876333000514123 22.042488651806647
22.430045393185186 22.059152820771395
22.22632041384199 22.258056502003914
22.182660547391905 22.25996304529164
22.148370245287428 22.264061865725093
23.128938883800284 23.66369333923566
23.48264251227317 23.19872160262759
23.14440113011294 23.333868365713332
23.76736224129574 23.07865323500775
23.505207461478772 23.119564477992572
23.863378180782938 23.054109097814393
23.296884552837138 23.205115950581582
23.905169915267773 23.03632531334344
23.101265230512748 23.834422756908403
23.741464321693595 23.099398518988
23.096645204663712 23.87104811914108
23.09363826735795 23.932561443720694
23.595481697148166 23.113419452643253
23.189336414000064 23.211524013126
23.02592063439092 23.951126477032126
23.11858734438777 23.671984626893362
23.309781820418635 23.199707882167946
23.13498893860429 23.613973835132185
23.609565857265412 23.102143218454117
23.094409418422952 23.92834597359271
23.508574404741644 23.1195142939125
23.99106718883565 23.017341722062493
23.111398303149674 23.805222352522513
23.178594679755626 23.21460387492094
23.159539750552753 23.240069160852784
23.10357893403354 23.827324339801844
23.15170426761722 23.30146767776512
23.928615219155194 23.022900648864915
23.112673744061063 23.712539436473968
23.791547309395817 23.075560210604493
23.882688148515395 23.051319348864563
23.01008340015731 23.995096685228095
23.992157213789042 23.013911088737114
23.252786087270188 23.208740081862835
23.0167345532207 23.982054146635093
23.052147673837798 23.936374126507737
23.14225165664092 23.53022666251303
23.10472445091723 23.82072653548289
23.83912254037288 23.0678137998407
23.129718047503342 23.624695750337175
23.85266111805556 23.066184806174476
23.511394661602864 23.1194294557473
23.135122999540833 23.54717172703581
23.14963248126449 23.30280721332995
23.760359322556052 23.098478665629674
23.31921534588528 23.19950728341794
23.771839499048667 23.07780660220657
23.88733844393725 23.044325308493846
23.16826042157657 23.21475054124323
23.586380020509495 23.11460807762464
23.500212424797972 23.151067026513427
23.09848768511562 23.85879766159226
23.16812130084658 23.237386579348883
23.154512600024244 23.27233856039868
24.483928365626312 24.484317032155104
24.121449993056125 24.7742766747354
24.65293439585137 24.37460575872327
24.225502630011416 24.627467585640026
24.77372979871735 24.29012768569648
24.441443492542103 24.577031680454258
24.960801965552164 24.206256948575064
24.659980258347684 24.348705906420218
24.87457858442653 24.258422142260812
24.00820154193882 24.971887831982087
24.5252565698562 24.465452336090138
24.24100422732407 24.580309634428957
24.47129837675174 24.494443253200558
24.08020218060951 24.836993089881105
24.075906852764135 24.91640488266538
24.7519031722422 24.32116058414591
24.730798380405957 24.347077426284045
24.843348278516498 24.264817279968906
24.204587897675758 24.677339569076285
24.086513267886126 24.82545830880577
24.455142885523387 24.530053912864652
24.182232704354323 24.74332759679821
24.44697767407268 24.57258468632028
24.650064581651034 24.403233249896463
24.988570594297133 24.109347765960848
24.606954582157215 24.422555429200656
24.96767747736651 24.113655520148384
24.076135156092313 24.853555322325136
24.73587744726496 24.344609917806025
24.955418939894404 24.21113513800118
24.10484245820681 24.77932961070695
24.140567536877867 24.747469086923882
24.027916709372743 24.950384700729234
24.5511012989908 24.43741024083209
24.931025247344046 24.22895473222773
24.186507881748287 24.742430553935783
24.080186682172183 24.8520692637547
24.225679323605085 24.62335712571568
24.03401773880821 24.917704321427678
24.995165292197264 24.033061806879417
24.49276926699507 24.475581341401348
24.537874813678986 24.458102666327136
24.135686559257824 24.75391305037894
24.500231753090944 24.469153738692864
24.75223776706453 24.32014462910472
24.469170474718297 24.503876599721977
24.903489671883193 24.25687329189968
24.930133584799187 24.25660977093797
24.44909199377896 24.535698574272235
24.027326567009755 24.955416705383588
24.014877659917097 24.963705581736033
24.81784286475366 24.272267990265476
24.551842214940343 24.432140843777685
24.22356507419344 24.660334355337387
25.0052159144675 25.747014509285524
25.069460042039314 25.733323991490686
25.39744907798521 25.68144785891006
25.473977896961912 25.666524045574995
25.487871104328736 25.505883022545778
25.892734632664418 25.033287851336002
25.749761647087027 25.15693525744973
25.339106182867873 25.732835011029913
25.81740184664783 25.125618101587282
25.694740340600035 25.426544676441008
25.958680740195533 25.023493816301766
25.499492379456704 25.48011321676852
25.877102367255933 25.063615515806887
25.700148507059968 25.216947096475305
25.98606111569426 25.011985220554294
25.64972214542611 25.440167974392256
25.62680147893982 25.476981263778658
25.356343323767412 25.694063151396662
25.00372559470404 25.804265443828317
25.484766898318654 25.647702138999218
25.368195306645436 25.68960391603196
25.73951872284268 25.20352435820459
25.756749690738907 25.14708904577713
25.85471806773873 25.115081953510224
25.87592737629979 25.11094469987643
25.801849345648428 25.130385826003774
25.749108298880415 25.1690905266457
25.69490326813161 25.36507887108541
25.489801558493284 25.504112183319346
25.74702624878156 25.175212047260878
25.928919619582366 25.02636475163571
25.36056445443557 25.691535171230054
25.795256083750672 25.141496553269533
25.902408538463618 25.031910845355455
25.001681165497324 25.99304572298226
25.45376727206753 25.668253065177787
25.749429193053867 25.159922349180903
25.381050637806336 25.688270435879055
25.850942916768172 25.123561417504604
25.64911536591 25.44204753842602
25.643110613461733 25.45258284635923
25.89138818042706 25.041194710588105
25.496623376209754 25.48247051067161
25.391986686000916 25.686438651915935
25.69636575083846 25.276358932208336
25.88060255473079 25.04914148848544
25.02114359126332 25.73666189015089
25.793364367865987 25.14543288628456
25.06062446768072 25.734752728275424
25.496418697182747 25.485864294732938
25.417854758014993 25.67633703909801
25.484831265534552 25.555153025529382
25.340500983899684 25.6982267628777
25.392350322955735 25.684039774879565
26.50686751203742 26.112974601837774
26.27914348196324 26.533770876154627
26.32328019506218 26.123250956421614
26.09489637412348 26.56530600834292
26.17940650608563 26.543491127846664
26.286666951299214 26.45773532151945
26.073008984131192 26.670952491115468
26.66679851486762 26.03474446677117
26.594712622945412 26.040343310027296
26.07554946686302 26.61576872707601
26.010474769504196 26.9488706883473
26.0702499408586 26.934254544393806
26.66007568521908 26.039148553940425
26.706535872812026 26.006712379414388
26.50802465608789 26.042220778316615
26.320741848583427 26.206361199361023
26.313191147181268 26.37030652721218
26.38050756479856 26.117697670764315
26.22322798737451 26.541553597162277
26.957069176595127 26.004080298249832
26.305690540037194 26.405249355296387
26.111277375467218 26.54729661509596
26.299412978145682 26.44801522494172
26.07632983212214 26.569294791541058
26.072086515177254 26.759837774123536
26.263520522668543 26.534759998702288
26.314035620192385 26.270823128733475
26.289432439056473 26.453261916942843
26.32305490259041 26.15126006539563
26.04692909708655 26.94725385568427
26.191858901989708 26.54286578592686
26.281138058136264 26.51199218800576
26.07119529541376 26.780063624866553
26.31798930819271 26.256835261439612
26.372547073854072 26.118229611916867
26.318337400122456 26.206603714804142
26.686631609368785 26.02306523800771
26.282023721087665 26.48884937659838
26.11579242630889 26.54588281241857
26.074337047991907 26.65362434597477
26.04653061808466 26.947686023699518
26.47185665362245 26.114465426993263
26.05864409998642 26.94610870080438
26.00110004432489 26.954495413352596
26.062738953658172 26.941794401253944
26.31769332407471 26.26040789927725
26.022150895194226 26.947713670007364
26.97990707112462 26.001745728448377
26.050840166258244 26.946989953632304
26.306141547795633 26.378760670323373
26.75675148694577 26.00628134481663
26.07220120343428 26.68466562979828
26.59601599694842 26.040136316467056
26.819982981091403 26.004370377843674
27.249433506018025 27.684132788064385
27.679337268987155 27.667478140054172
27.1309994961526 27.867870127926633
27.8319435349015 27.05212302237584
27.144706072542377 27.75383603836745
27.68739054409345 27.10493400640451
27.057176649477167 27.97194471244331
27.10032652972953 27.961920779221586
27.68129077182945 27.33228181458119
27.16380404816456 27.693637931035315
27.134785638363635 27.861752624332603
27.718726790622185 27.085333479754457
27.109426366053675 27.893190212647415
27.875734848264887 27.020359899857507
27.73732558408479 27.085312270424566
27.895763947424403 27.007544774247823
27.296926053699202 27.679479042747538
27.146951908390015 27.696698777915255
27.817871630540832 27.060979081204984
27.760356532435768 27.065827856691513
27.681148205776744 27.474854991987222
27.032955907876488 27.99459921241572
27.832965696552872 27.03417662124723
27.107909175921268 27.943400496757693
27.64207367226287 27.671578265249874
27.442138621601845 27.674431506958012
27.141901654024768 27.800058891632048
27.86955957191755 27.021911491170577
27.28445908562396 27.680959317817024
27.684198722667954 27.149077616784204
27.750566207573414 27.066760165297715
27.05127520893149 27.99117395340172
27.536999217952342 27.671949548489863
27.097317528875145 27.968666365809497
27.680915380586775 27.656766406897773
27.333890406692856 27.675506683564404
27.904594653127987 27.003312532628335
27.702225780507604 27.08943128341158
27.104158886412872 27.949341123102005
27.999779100016635 27.000342790360424
27.182569871908022 27.68659684546885
27.245306681851762 27.68572941197819
27.023732736641673 27.995450152660563
27.012899841760195 27.997456215719552
27.167664912975493 27.6894487965939
27.682910199227855 27.1520952111623
27.016501783574487 27.995655676708065
27.14131222255176 27.859245511557795
27.125777935698217 27.87767912780257
27.322851922353077 27.679444214629388
27.895193176883488 27.016290389586203
27.83969847390493 27.029725362834235
27.906094593205754 27.000719741544692
27.081041705223058 27.971121341415785
28.379480336455817 28.75398408805664
28.40803912720444 28.280647165314534
28.788238139975153 28.160010735586344
28.686089594122343 28.16642540800107
28.798169043389713 28.013636623059888
28.156730993298332 28.90572070100864
28.793275100017397 28.127742546122178
28.183225068494902 28.86996568682626
28.385069087650958 28.60518903764065
28.39315984932642 28.41666956252189
28.25054462364994 28.765834076321514
28.389096016592557 28.47900036653978
28.20411832878561 28.785488473643966
28.15147019580822 28.951855403912685
28.38754707581421 28.480030510011275
28.652012189318526 28.174652635051242
28.06577775603057 28.95585495340054
28.384621238084357 28.75201306180092
28.201776203153365 28.79696672009105
28.61993299892707 28.21508562656217
28.109762753941887 28.953150942580624
28.517608110583275 28.24018578364282
28.54701694985712 28.233243406810256
28.475727947552873 28.248894192892408
28.1944033716582 28.86828612995784
28.37442157371545 28.756793904075682
28.895920576717675 28.01290598765495
28.12911876963542 28.95234855774741
28.579588211303044 28.22705054840511
28.175786212742576 28.894415736098697
28.928990656207123 28.00903079913802
28.622631453222727 28.204586601373066
28.294930786140952 28.75712323776373
28.793977465290062 28.041579718163828
28.154630319511767 28.943846255346006
28.646096649920104 28.18333388493373
28.057027093993344 28.990702982835746
28.474577066340824 28.255875089788177
28.176983654556313 28.87621287368358
28.73864052203912 28.165141268974313
28.194613291468265 28.819566859003526
28.454873498799042 28.267310493181316
28.77504001577589 28.1607484401578
28.50296293058533 28.248520308297547
28.402797597333993 28.32623102990816
28.55979319235346 28.23194838650486
28.592280695632915 28.218974656447237
28.938176502421154 28.00600141349177
28.52877799732902 28.235768899662943
28.641892191330044 28.187792375921365
28.41055818448606 28.271429487553302
28.017014645998135 28.998272188801014
28.248914804153166 28.776163878234268
28.587531551521785 28.22700092620708
29.01439823361989 29.533435351065993
29.28993885944532 29.345063384823952
29.46230484951019 29.20192116040289
29.04625503827245 29.46419284113558
29.322057289283833 29.28683646254229
29.46957054521594 29.056565971337275
29.32422683733944 29.23648498856151
29.963599627331075 29.029851741028114
29.216605943467147 29.437756285803992
29.31723870509734 29.320540183158247
29.443540578315222 29.226961662473464
29.82330923289253 29.044882178199682
29.010186410547163 29.913379036260142
29.899257994521683 29.04085106065236
29.29991082885933 29.340176046622215
29.878713952796577 29.041707126019936
29.000887514662338 29.933538551037625
29.394757862849527 29.231876108924002
29.027356929494808 29.49863112596241
29.105403574038544 29.458261766609073
29.1869544339506 29.439330102402156
29.465053700527413 29.160701341929016
29.294334635953497 29.344092478333845
29.012316949888362 29.811442481990206
29.466377369385942 29.115593375554244
29.26271568005036 29.346305087858262
29.00405701904986 29.919919886109632
29.369858913130713 29.235885096539533
29.015020704396488 29.5091519307385
29.13539237137358 29.441078283516568
29.259107608674203 29.365827042107362
29.01373504126649 29.590380617722126
29.50002430911918 29.04646887260229
29.047370941570634 29.46289832060267
29.98193362902856 29.027303213347125
29.244385789517185 29.378179879222976
29.851135539906824 29.04239809351747
29.238748337657103 29.40214145441894
29.400427655434015 29.231646082988078
29.958836784269455 29.038755632176898
29.111671368929915 29.443375158363263
29.017979344197283 29.505062904367588
29.028798396844213 29.47776870618052
29.237019716266804 29.42139125392145
29.37579499183304 29.235282048113405
29.992764332492328 29.01994779224469
29.01927168724839 29.503774290394457
29.310429305204433 29.32567605199994
29.035631685030165 29.475557080886613
29.473690425195883 29.051456364680266
29.45316911193 29.2141163958977
29.010611187508534 29.857844363075557
29.323976959546044 29.26307878534806
29.444962081900915 29.225910394925357
30.84715818069758 30.698308090920534
30.561115010949443 30.78374547889298
30.941517941177867 30.552485159891276
30.286058704886344 30.79072948822067
30.058559026301413 30.84295907756658
30.943800310836302 30.300614008721098
30.915452467178014 30.684475902831657
30.80632757432594 30.778047586066567
30.273536411206283 30.79772548042561
30.203605254964202 30.826063922308514
30.017328052105796 30.93997553325976
30.57992960089914 30.780542785828324
30.95594934878301 30.098789572952175
30.96337115636814 30.090201088929163
30.953172120414557 30.10586710785623
30.92264911295837 30.587221425611652
30.95208994706113 30.182888581061835
30.02063931900314 30.912205535436424
30.416884025377723 30.786896337843352
30.98245579129388 30.075288049964485
30.84248455887867 30.75430692526342
30.943392483451145 30.449674792355307
30.259027442231016 30.804263759453892
30.489834236000682 30.78595549504087
30.133559373482118 30.826264448242284
30.544576150593205 30.783764278633033
30.035771263966566 30.843063527097655
30.248979833975397 30.806517595449716
30.031590046622043 30.88340185940215
30.107575483666604 30.83208367785283
30.532975445076797 30.784049629758417
30.94352026119584 30.305362092238852
30.77009636818925 30.7800494825527
30.236286850400575 30.817285136795757
30.942690391790656 30.535905925881814
30.39162144841027 30.787620400819375
30.909188660316598 30.689807963727617
30.00257434726576 30.987482563635123
30.93534569852178 30.558196344057993
30.118301831641745 30.828048933959305
30.999639779099322 30.06551547665311
30.031925287666294 30.877518793268106
30.95136986159309 30.289379615810606
30.918089492347804 30.632417687322484
30.812770221760164 30.769067598681822
30.943336278708035 30.455054627829266
30.90675789887883 30.695553401259453
30.93277696677958 30.57511954239689
30.919802857256713 30.625713476524975
30.236578792133816 30.81035030553643
30.004381289981215 30.94693387510212
30.95166941435936 30.285200271087703
30.063181721689133 30.841911164496395
30.007301037838268 30.946705352204305
31.51971551786448 31.594369044610474
31.84666245594867 31.32188526897308
31.891795016145533 31.311474385996767
31.351999304113995 31.956231046891407
31.61229424360053 31.432584142899625
31.717885576739985 31.392429634476052
31.48765357956138 31.72388403881836
31.729304782172083 31.339562500296363
31.18384873684309 31.986970401534457
31.492346441658587 31.621683776789535
31.985547934878422 31.119373977653552
31.06220535493173 31.996083145043624
31.921885084180417 31.170036203792126
31.824987201843214 31.33701028263728
31.029842414991034 31.99710075382746
31.374721461063306 31.941231160248762
31.246202733574748 31.961337575986455
31.455798280704435 31.937097146272148
31.90980373408174 31.216996180576214
31.72648443074522 31.392403647330667
31.467198513073125 31.912568759059212
31.99525663956049 31.094254769689243
31.954453777346746 31.12006885723359
31.692421010771913 31.40098603568088
31.538827480702725 31.510090974529085
31.582071295679402 31.462022241902844
31.547465969492887 31.465047632423452
31.48986644875135 31.70414376436327
31.671386331001283 31.41456521059286
31.944113066510702 31.155589501063645
31.909343201808436 31.249477931746267
31.477826741976468 31.891790324980906
31.860803070302545 31.315158008294464
31.148652621589434 31.990109959918804
31.53146531485408 31.545832441866754
31.533962330571004 31.516746968540353
31.705686070399317 31.393533846632575
31.372030771698938 31.95398521783516
31.588443348791984 31.45292534590178
31.994263130380862 31.11584236356473
31.544944185475348 31.468115399211154
31.63746077739303 31.425769837303655
31.483392565033625 31.74007978368628
31.521892324993868 31.58509630164922
31.184172527937225 31.97730636926814
31.897744887496415 31.282050888580738
31.916628456741503 31.205686231162762
31.298310316148093 31.959988555148048
31.558541439059404 31.462569676996768
31.509220015795318 31.60187453216669
31.525773826602403 31.55389676144794
31.203261828416025 31.961790684576805
31.9496447815917 31.124496793414938
31.90441317739364 31.279954138405152
32.04259967136468 32.1088347889409
32.558620874476404 32.02175656913668
32.024970551183515 32.95891324961662
32.80704058217426 32.00981499825423
32.05120903919075 32.02843017141156
32.02576073916548 32.690096561084886
32.02878202755746 32.51213674893622
32.626432323780186 32.01529232771641
32.03197683715844 32.407288969139685
32.044414064084584 32.08900592068529
32.02256741093539 32.980932952353086
32.033531279803334 32.18306762315042
32.826652215898896 32.000180857116504
32.45000274552436 32.02303034988176
32.70842330805541 32.01135396979035
32.24440916215266 32.02635175596773
32.33121099310647 32.0239384291809
32.04470111038661 32.04676961684303
32.02656856260249 32.6345723441906
32.81075094190585 32.0022666344307
32.03865771491743 32.13176356738498
32.02027153777515 32.984902762106074
32.722687699665784 32.01087878855636
32.81652031156591 32.00215571671208
32.50689578410314 32.02237523687557
32.107508335943116 32.02683612577895
32.631661958441775 32.01303335985641
32.012489379672154 32.99521565652185
32.27740606653828 32.0239605944602
32.03342260740664 32.27808159315172
32.030245936324604 32.47231441661839
32.04798212772046 32.02958916465639
32.034528993782374 32.16328046267858
32.02835282806534 32.599942486455085
32.79490673467259 32.010392293706744
32.03313879916697 32.374838307372954
32.02564598293339 32.77993966877566
32.02579324937775 32.65568161155166
32.613933143210446 32.01760496284053
32.025491289842726 32.85097416032329
32.03311927419624 32.38750170109189
32.0497206209707 32.029578804182734
32.04443188866743 32.06357556058025
32.34791140145718 32.023458400606664
32.59864376711427 32.01904533315114
32.03447899132738 32.167301230492
32.033359663004696 32.35442394205951
32.03997825484551 32.12639913869763
32.03393101907399 32.18115176104646
32.03954371434189 32.13135754170867
32.02596082704893 32.63652243687041
32.56115194598698 32.01986937474593
32.03127575055352 32.43743196574183
32.01124064200829 32.996032799862924
33.31292299400948 33.06592436573025
33.0776381687389 33.41297384898059
33.01482911042218 33.76954021519535
33.249708792419554 33.40969509171959
33.01808489721248 33.6785355644539
33.56618903946216 33.03869364629149
33.29535752273189 33.1570212909253
33.640635040492924 33.022862981811635
33.04087371929941 33.43056578657012
33.26349422155589 33.33358620413249
33.4311632896997 33.04060781299585
33.94584368065808 33.017629532965934
33.028613486492034 33.661880862665726
33.004413677106335 33.882165630525925
33.031598007666716 33.6346700341776
33.285644205412794 33.21185186661802
33.00593873001674 33.86522529498583
33.303996597169345 33.10468362236632
33.25064110965315 33.343922127941326
33.391211550297086 33.05985953622423
33.85663188202639 33.0210022488053
33.947909369123515 33.00328298231323
33.310856124101754 33.077885151975984
33.00328259862181 33.92508682293632
33.10436715481731 33.41020352928242
33.29527109838096 33.17920628698322
33.01592193858745 33.73241754995679
33.30720503015461 33.0925978360234
33.42456410572221 33.048707964082716
33.27545306896022 33.24488310469171
33.61381763265059 33.02371714978929
33.05273151832119 33.42790332844141
33.03755891451953 33.605038600190085
33.2829680081666 33.22852955822335
33.07515519256386 33.416546046983235
33.33925348487488 33.064866008224975
33.002855415408774 33.97274661295221
33.02307856722286 33.664810003712255
33.91383565199001 33.01959638254587
33.425259073067814 33.048261367035664
33.18125413236744 33.410187797935144
33.60646259491731 33.02384633014309
33.05818546069398 33.4263792287456
33.4961365887322 33.03956461331236
33.5696602263819 33.03117918350359
33.289631662947706 33.20449257890435
33.58186650646611 33.025114868611
33.38882039115428 33.06059363985045
33.006756260181554 33.80645991170273
33.03431704390877 33.609856394245
33.96904475957397 33.001997013129824
33.25970292106637 33.34362727204816
33.03871179239089 33.43914244665106
33.0991238974402 33.41160324379096
34.5223717482162 34.039893021154334
34.50607135499769 34.820338479409656
34.05054500319979 34.98027370736296
34.655740516498525 34.007486454674954
34.66424372585634 34.00208283081676
34.31712973060822 34.89127792165068
34.48160611124947 34.82109167757285
34.385051179373214 34.856110911579584
34.687390223253495 34.00026108130785
34.21093953203207 34.980244832637005
34.538343723183246 34.025132510392076
34.4505227145968 34.82129734499171
34.241652918641044 34.91693394480717
34.270106061187185 34.89640013109816
34.50865755665896 34.66502957499149
34.43978061033765 34.84134074414825
34.50649117182744 34.77118255981862
34.237280930685436 34.91731394520809
34.50845438008144 34.722675159018706
34.52100158800224 34.28359094436169
34.54597700427879 34.01535806406195
34.37507509713966 34.866767499068686
34.92379100084481 34.00006112854038
34.2321664989933 34.968741356301074
34.24630143216857 34.90060008379942
34.51647901103862 34.5911866572221
34.3598727328578 34.88045192921111
34.04148929453979 34.99338310360658
34.512686629374635 34.59795498203172
34.00178470292374 34.99635847783192
34.44400436131533 34.83782132747687
34.646955983862334 34.00880480854854
34.51915827951296 34.50802205959259
34.5061885770285 34.81937594040926
34.56088874400954 34.011651961648894
34.03671336202512 34.99574705918726
34.38494246536702 34.85647842117309
34.508448377552156 34.728649937133405
34.42974309018752 34.855083758810366
34.5113832635299 34.620091966120256
34.241777651698015 34.914963726994245
34.52774220689455 34.03663212253556
34.39400924954882 34.85606281015883
34.52230627274412 34.208778894566215
34.518416172670165 34.52677516130302
34.56688000069704 34.00940684224754
34.49345700092856 34.820429681451756
34.43831757426034 34.855077166211785
34.664289756873245 34.000415546397264
34.23438902450608 34.922129362944524
34.24928084542398 34.9002119758733
34.51955837409068 34.40253508840738
34.5201382784973 34.31302331926664
34.3677740305222 34.873453134359096
35.24816065405402 35.804148101491855
35.55283027535892 35.741551949008304
35.56174583373793 35.314536824143744
35.988511974165796 35.281092860307616
35.18618529087183 35.89238358113144
35.90410218686313 35.300342929414875
35.61414803226652 35.30530368949518
35.15782930135008 35.90321516034795
35.143077212213875 35.97024736798827
35.06158443155236 35.98102876103031
35.997187229376095 35.03993272287183
35.400710996971455 35.78352259095434
35.39578036007384 35.79502080560744
35.23789528511239 35.831390053564625
35.258334612989024 35.796372902116865
35.560933182748876 35.44395720107082
35.00480834050119 35.99818013118028
35.42210943165661 35.752460775405936
35.487402494007874 35.74314917196717
35.23595396119982 35.838832040688374
35.150729157156505 35.96058851336644
35.203313975122555 35.86096054910507
35.91371342895405 35.29592321252058
35.061625884869215 35.97177969772579
35.61811106223076 35.30099468177334
35.42521373236903 35.74789880606281
35.98889933436199 35.12181840734728
35.050589172501496 35.99790820272151
35.993359089862494 35.04735687061483
35.4103900712331 35.756627998338146
35.15244359249582 35.922523827466804
35.9459438493307 35.28602508800566
35.5596671203726 35.59667181448308
35.396755028112835 35.78733559422224
35.20433590652692 35.841991480996825
35.55714476792014 35.680025760609816
35.4054653493049 35.76271510170437
35.1883394828715 35.88480688224265
35.32508997939945 35.796039969636894
35.40521928019474 35.76290831224451
35.58255025941353 35.311825572671474
35.507211273158 35.74205282596847
35.91137175629361 35.29977900598078
35.45804086470663 35.74514150545559
35.66557482307091 35.3006848297928
35.5575121368904 35.63905914234919
35.925397623997455 35.28775555055551
35.1924791842691 35.86843411304328
35.98865919853214 35.193811731188106
35.39639515522479 35.78778295953276
35.17170494875836 35.893517399841144
35.241232095515926 35.81060207250853
35.975846844589746 35.28525826484984
35.97824462858416 35.28361544685074
36.814818829036234 36.91705150700626
36.8724527402009 36.465720548269154
36.648176900572366 36.9335180643899
36.97772072810508 36.303201118722725
36.73232991255243 36.926894082393304
36.556640811450706 36.98221131040289
36.845819035508704 36.66810177813971
36.87425406282974 36.35323043192123
36.70020987256853 36.9288387236963
36.98463750584865 36.19065436835229
36.354671388193495 36.98573963336773
36.86768629183765 36.58745572391151
36.873538143217 36.37109250560504
36.84926122134677 36.63515634280975
36.94775091389588 36.343001345610894
36.98611174730599 36.03858356410392
36.84258170247477 36.804553174999064
36.35515659739522 36.9843951291287
36.86879305384765 36.49814748428305
36.62519801778755 36.94549337361751
36.975681813338376 36.325223825808095
36.831668033938364 36.830588363402136
36.17202385627569 36.99205516509207
36.98506094239641 36.04326494962916
36.5910484814866 36.96189320570301
36.84485147126089 36.78906398706231
36.84682374098897 36.65917063962371
36.36244101335495 36.9824534655428
36.85222633686741 36.610465952578686
36.78492372334578 36.92082533804338
36.841242681427524 36.80993897948575
36.84528956709772 36.705024383430136
36.57937453134469 36.965416314747245
36.59836798273418 36.959729686109476
36.93067437744054 36.34956539213561
36.159941550670965 36.99908567159079
36.63804858622681 36.939943887578
36.641766529189695 36.933578135270174
36.207623689960926 36.99004596672861
36.618274970214806 36.953095829693154
36.8151190032944 36.8887086686894
36.94183801577286 36.34858516440679
36.993944073008365 36.02362520011807
36.949391592147116 36.340374947812705
36.815251136464255 36.88176883831926
36.8166862743055 36.83703915330961
36.84392955381923 36.79723707618249
36.85280578362816 36.6077872422665
36.565897072423766 36.97192707467015
36.21397864706215 36.9898120242353
36.79106403411193 36.9191062779911
36.159787937295796 36.999804983222255
36.85021681130788 36.61599756933737
36.62988478891711 36.94090761002402
