0.029416199452451552 0.06585390706404404
0.008196543485497143 0.07478731088954804
0.4782568013699845 0.01824076481357495
0.0020153361848663787 0.9495366189277032
0.48236913635513934 0.0167471621125449
0.2559457733069639 0.056384995536077565
0.3042666829120235 0.049480052623463666
0.005890024484866085 0.7480610130003964
0.6010505857905772 0.01285577698352669
0.8628972676267228 0.00464149433957195
0.38389358043444444 0.03695737450100278
0.03349970657532253 0.06291220487094185
0.007613100958244856 0.5780960284359752
0.20438172721664294 0.06015294040745123
0.5883342359201481 0.014540246585511452
0.006657606292637119 0.5859062297458447
0.00784547611377695 0.4017884488206467
0.4106104553916503 0.02017936807680043
0.2598433816238934 0.051927932852161574
0.49275153249496195 0.016052378567673276
0.2646560857613327 0.05109061270150761
0.3743228764146982 0.04376276014622815
0.5541990914306739 0.015013649056864642
0.024411754280943998 0.06877720228072814
0.3281221917265158 0.04398754205334565
0.25857548800263197 0.055554646621892356
0.1881704792205633 0.06085450724523467
0.5914146549241204 0.0136308903180683
0.6907962272157893 0.007174050181637304
0.8421360345327381 0.005299596398413486
0.05674767755778043 0.06184495552915226
0.8893530336646954 6.281672396539761E-4
0.4944113355923625 0.015078541590727523
0.004193480690025564 0.7785462805475426
0.574514764325864 0.014570068950568449
0.7743864047044392 0.005925692056884424
0.600496419731096 0.01295102784728408
0.7260811930847911 0.00643787695461695
0.649915419643301 0.01151484101482747
0.24564082448575542 0.05845013587851944
0.0030377164576395055 0.7847688347701849
0.01803450946260965 0.06930846950205694
0.0065766616528576405 0.7206907653074461
0.007682303778769106 0.47817448815786256
0.3262342011174092 0.04918521787918162
0.4101943221786619 0.03408727368154196
0.013236514957773227 0.07329887249260236
0.7678137582960606 0.006178731635676504
0.5623563509475482 0.014666688244707182
0.849940956598827 0.004692484128161478
0.6499186130924344 0.007990801217762411
0.008176046246834767 0.30533380320857917
0.4579902146514677 0.018242892704724678
0.4157318882297282 0.019805398013278075
0.0027340239864640514 0.9330200752564252
0.8813226146428603 0.0035080317365854263
0.007647972988359619 0.509639761689755
0.0029143223037608745 0.8651305209660888
0.06039076385156106 0.060918534646711264
0.42531265086644143 0.019221658741441106
0.44264709128246016 0.01853106340683819
0.23046372597710008 0.058763048327940326
0.9432928447175131 2.502522922374073E-4
0.7800892959548721 0.005876460485146451
0.6065895785512679 0.012801723016045319
0.0017557737053605083 0.9834261449594217
0.007464981436180906 0.5822203971256156
0.7248838666734392 0.007085799059198594
0.6391078871031138 0.012248111730113864
0.19557656570610193 0.06029740702015629
0.32715276882247935 0.047313236315345786
0.6728963505531842 0.007636988147996293
0.47949081340539523 0.01816662826555393
0.0077812124901527335 0.47493436121334875
0.3974191750259505 0.03690288674799458
0.3773055119432046 0.03897391253816651
0.39821154499163924 0.0346076288082563
0.2510698103322334 0.05843985090760706
0.25446905180212964 0.05678432393976274
0.005332069089782898 0.778205434559651
0.42877295873095933 0.019174714919413915
0.8891979564863953 7.938010933622452E-4
0.20660392094380575 0.059047134994961614
0.024422871094205933 0.06861746884905362
0.3784453126642061 0.03739578602579907
0.1317805991579285 0.06089392016837003
0.557498656281928 0.014920043560491703
0.8348142594770658 0.005369243222468234
0.015437283894809029 0.07159921357714338
0.0028303567922468575 0.8979801729409317
0.892661510942363 3.5329191113619984E-4
0.8906690243578477 5.689461939993867E-4
0.0029381082522480506 0.8391435073578052
0.008163733506378779 0.3357399921384482
0.8490661476696105 0.005107827008139942
0.3768047952666471 0.0422838243796938
0.5905926560370631 0.013926727227627667
0.5974928017065652 0.01333617745722171
0.4327741412342786 0.018805019128688927
0.008188741822215961 0.2884658163210767
0.48580167048239375 0.016443594974800635
0.6807210661418719 0.007330161744237285
0.27167186952739364 0.050268662980856194
0.4551076614736417 0.01834316747863507
0.2586386432822846 0.054739092490893926
0.9524686064564611 8.935343521654371E-5
0.006654786556166248 0.6767796312817494
0.8179111595094612 0.005479025400632942
0.37802260633582196 0.03781682564408351
0.006582104447700576 0.689351534369803
0.0032920349285533446 0.7817807645773442
0.8770024099411438 0.0038755944007689003
0.3772643776904615 0.039667383463567574
0.006527465242101127 0.7465488556074763
0.002927231689377363 0.8644527416575223
4.8284912324925156E-4 0.9967845088286337
0.8760585620236112 0.00415561015999133
0.7861818986798706 0.005781486133718539
0.05966273301022662 0.061595616604297354
0.3266850214425213 0.04893695190260461
0.6347794345370905 0.012560197673958218
0.003030470331704116 0.8211288217034659
0.6459570860071573 0.011922516865961796
0.006460121913282824 0.7475241093327739
0.410602842786721 0.03083058296672958
0.012599952934646219 0.07358178686829675
0.012624014432963793 0.07351624926918632
0.050558268990649746 0.06201818491421485
0.49419472603264936 0.015195370383277673
0.008117217874397564 0.40158236086937826
0.38281460810844103 0.037011711716549156
0.6721122591378765 0.00785246960839625
0.21776883288576 0.05897513837503954
0.00781152561138565 0.4548257986518375
0.3059334915018216 0.04927792737901204
0.005461777161791748 0.7640842349313084
0.002438741473990036 0.9445823276974199
0.21213949427064582 0.059035131033741806
0.25925620342730826 0.05332629475634554
0.055343715175084074 0.061953561490886155
0.2531007670283236 0.057096980486268545
0.33639560326036066 0.043946178051510465
0.007793379157230773 0.4567052831548588
0.26755025594930204 0.05083920026858191
0.9076529978777376 3.2152261299966955E-4
0.003500643368090306 0.7807702508982737
0.8665130515561584 0.0043437607001083345
0.0054564420922835755 0.7732002163119229
0.27890463761641704 0.05011430248447424
0.7333585835007683 0.006248904136774036
0.2594019881134457 0.05204854793653835
0.8873968339477167 0.0027388674055329743
0.5102521487613162 0.015046134050929694
0.41889482453557547 0.019650448186823488
0.9832648308364922 2.836644081849471E-7
0.00813118308345484 0.36510567084593515
0.002898988730832164 0.8756319375606387
0.013833364953407035 0.07242483843145975
0.7547976923578059 0.006192592665004049
0.673945943416664 0.007504210733145
0.029850497675603882 0.0642338285692956
0.5146681932309304 0.015034407339223566
0.36117644827648465 0.04378057081822806
0.3752099671288355 0.04294954341644375
0.4447149980824141 0.01841181874154818
0.01589603611501811 0.06987923959796616
0.7411476847658162 0.006193023300530176
0.40288175244036095 0.03428853260748288
0.007617819162613282 0.5407665790502473
0.6069478674821559 0.012719783718367128
0.010432403780984978 0.07458080678871837
0.03142739363431024 0.06325530048479278
0.036173725556371994 0.06210794348196447
0.0030050669883142644 0.8301779691589717
0.9444277463756761 2.0303816875710812E-4
0.007844902084932603 0.43425805618965374
0.25851594606064876 0.055799828206967605
0.8824125078852326 0.0029692793813024254
0.005070934303516128 0.7783400885310583
0.9789781931533147 8.488029809461395E-5
0.0026047692057775684 0.9357654707412603
0.39210199119476186 0.03694266918466316
1.4647487830878327 1.3227427157108487
1.5800827340553814 1.145668987555435
1.1277375668863003 1.3604468254164965
1.0130138932766193 1.5931252349922311
1.8665672604266506 1.1090536528610255
1.0465017193600523 1.4031817210642092
1.0109876222329484 1.8224929783963781
1.1257363391745363 1.370790938384535
1.4819898423366014 1.1657407563790037
1.9349901314134454 1.0349522322495885
1.0102926291227137 1.8375502765215184
1.7479305680802097 1.1196121094641487
1.37010293613776 1.3269815274100751
1.0521676039222594 1.3762488865489382
1.0333159397980856 1.436092748923685
1.904677593220693 1.038400638335243
1.1391351812495887 1.3545712258379647
1.006756612111306 1.9411101305690388
1.3484567819213473 1.3476367005507641
1.5623460353958623 1.163887110332967
1.7300930071172598 1.1409435589142922
1.5271981300919732 1.1651771229701984
1.8787039784365906 1.08367570242372
1.8970816317793227 1.0824404900753062
1.4038439748508207 1.326767499457405
1.901458852788671 1.066613811340305
1.3650596507603217 1.3294727493313014
1.5910902430545635 1.1441502832201977
1.194447968278558 1.3523133264278913
1.9768184009990923 1.0037578090988588
1.357607102481381 1.332885451174747
1.0171953924292794 1.4709835702278766
1.0125941882246035 1.6955709600594226
1.0167549598463799 1.5037051491504974
1.740497063300932 1.1203597298863244
1.4695126453369844 1.299382520327225
1.1201392608739495 1.3711622636494307
1.8307020478511022 1.1146687768485342
1.4714455355457392 1.2828909525541952
1.481266134278244 1.2487229749538178
1.9395276350904305 1.0310559101350874
1.8267574370992237 1.116011828977082
1.7713876644429374 1.1194204141572337
1.363996227214673 1.33102175891077
1.2937521961187493 1.3493453478145063
1.0879730262718756 1.3741554191287801
1.6727742566965302 1.1435320515605232
1.0461764597771293 1.4294882383831857
1.5748766255071533 1.1500224713428993
1.0128016768936785 1.6556640337877249
1.949713744897596 1.0283045912149935
1.0077514216769852 1.8525361024460851
1.9597851338725847 1.0096428006736726
1.4088160818216577 1.324767358948348
1.0282220795249253 1.438325656866842
1.0123515590789214 1.7524219888178898
1.5687652913002932 1.15492049018656
1.0016422867822632 1.9494619029136726
1.8456944057115716 1.1141046758259712
1.01983984961893 1.447065317764056
1.8749634011533547 1.1001130769622354
1.4783191251844812 1.282376179090633
1.3409773384217418 1.3489347977630937
1.0069183752103046 1.929142668214434
1.8784949248821383 1.0987077835101806
1.1305457933258687 1.3586520956076809
1.0113687790573096 1.815607890827486
1.3484098729862817 1.348176303776853
1.7944219724528696 1.1184518134820989
1.0080283154997545 1.8460476915038553
1.082103017008438 1.3749702001216855
1.6603787136797687 1.1436516900808962
1.7343125081271973 1.1269971767292764
1.9251982122145705 1.03769434306022
1.442198729635765 1.3230937002795908
1.0188820240657015 1.4582234367507274
1.0481671329738358 1.3848520006675007
1.4647657396103604 1.3219746890296857
1.0477970682638265 1.3957983043313773
1.0602867338492645 1.375123104600617
1.9030927240714628 1.053941088544382
1.8988124421424213 1.0721918185172132
1.0102310288727034 1.8438152757603292
1.929983535932032 1.0368353429868478
1.9006512066523715 1.0714100794833379
1.001853474391503 1.9484282916752216
1.1968701933430188 1.3508212533972719
1.481122006791427 1.274917190004159
1.037883778592386 1.434067862572148
1.1949966999962052 1.3512902565637912
1.2237528936484532 1.3495406179247587
1.9671437456083725 1.0082773875938913
1.543345171793534 1.1651606954935412
1.9566160495527813 1.0130274804361714
1.093027483555101 1.371337573259575
1.7359282490008061 1.12489311036261
1.9549088157575705 1.0201800339358331
1.9907980516736714 1.0003391270358817
1.587265195796344 1.1454907337843747
1.9630713352510085 1.0087332360453216
1.93898204617587 1.03237044496983
1.0114996477423595 1.7825951556470399
1.9739051057557555 1.0058683886422437
1.568419288835684 1.1600403388586473
1.851768690226576 1.109808043336748
1.016466814143973 1.5375599670557576
1.046346961453367 1.4165382806564912
1.5698951778767056 1.1502088176342653
1.0278710930568455 1.4444118972706712
1.8982536383653086 1.073597174010021
1.8506254780689644 1.110911628063301
1.1446723577705473 1.3534702953976505
1.4817619938220625 1.2219699122761742
1.9271622271319317 1.0374008460675839
1.0151794668342884 1.5514815950321874
1.0306502674289484 1.4376746784698549
1.127445656240898 1.366292201439523
1.001160573757677 1.9793841952118336
1.0146824465188136 1.5749990419650257
1.1912741941291562 1.3532615693285903
1.6166726326432297 1.1441466073889313
1.3534285719439318 1.3446641508100292
1.7937258927592765 1.1190733802223902
1.0077284353740203 1.8746333772388035
1.5766822026306628 1.1466966835914705
1.691011642315385 1.142395375695782
1.9520962433921185 1.0208098390808287
1.0197463096504982 1.4504962922944382
1.2165692410509812 1.3505659858056098
1.891269451275551 1.082708294900914
1.0367662643602444 1.4345069411356357
1.8484029087853169 1.111648694328651
1.1264252288838987 1.368680661091768
1.0142276590288122 1.5819081155397066
1.0009528397298288 1.9976340552446803
1.6746322484205602 1.142932451052981
1.0442814096568145 1.433877080594639
1.5884872800060688 1.145017871064114
1.0165102919251066 1.5208830348234568
1.0498102370503943 1.384475151414997
1.0148332933533348 1.566196505106793
1.9508737407342824 1.022899112479927
1.7341749422196617 1.1272909285063388
1.0002382828213325 1.9997977441139403
1.9870971851696488 1.0020821267013245
1.900876653578559 1.0696941397152253
1.0076221259862792 1.9174615428095994
1.816295641135854 1.1164006138934086
1.016936945233719 1.494883418958707
1.4788593536565182 1.2786247154154475
1.577908254120106 1.1460053462045376
1.018646515803416 1.4655926365262477
1.0075000656876756 1.9195919600277773
1.9556849772082006 1.0166610636290814
1.3635350536499886 1.3318439071012007
1.8628707332389696 1.1093134783613938
1.738828390069443 1.1216399110796047
1.9015706375999106 1.054471178621134
1.0022169678645843 1.9477217700579779
1.8707338311035362 1.1065632355360449
1.0149765572827003 1.5655066060747729
1.4255485384244844 1.323978317652052
1.9568492344121151 1.0114239549682855
1.940495143428869 1.0307915424857226
1.415095530529162 1.3242015757023828
1.105120119841029 1.3712017776668795
1.0076427623266 1.8767374313716838
1.565119392690637 1.1626845291807468
1.9041476720138097 1.0388929963461113
1.0142117421813492 1.59145333049061
1.0089783952107465 1.843913904533126
1.010594301268942 1.8320502096511686
1.62166369236702 1.1440511796920385
1.01281974864966 1.6351840338999306
1.9170694334571463 1.0383202925066823
1.471306634523039 1.2841160059368886
1.019324767311627 1.452346056042006
1.5672605178208565 1.16079559842534
1.0249640710620098 1.4462289093790859
1.4931338943003105 1.1657364613933825
1.4678780324406766 1.3201241180729373
1.5586899262345848 1.164027688473042
2.1816639536652094 2.4371763263376067
2.162343046568755 2.784100263518256
2.113152286022095 2.9080009938496953
2.8041451229868897 2.202028295391337
2.8911248850546105 2.0675427775241797
2.329426256357224 2.2319288933103527
2.101242837649565 2.9509452291489975
2.0657957854876923 2.959869322735659
2.324538989270404 2.4063646686415803
2.8150045196990723 2.0876828773731324
2.3842567424582977 2.2126089702064577
2.883619967276729 2.0798164455915433
2.1353131842797755 2.830936507231453
2.9377402524122758 2.026622551749361
2.1634013693013667 2.5209472426908524
2.245759235510233 2.4107879242886012
2.8115894892594406 2.10423967421986
2.3259379788975343 2.346478875017297
2.934143802148846 2.0642447729617386
2.326255074231555 2.3271674243814835
2.7929298356466763 2.209155269683134
2.207930296380095 2.4154823601522075
2.9679774248966595 2.012018781057618
2.9339025698043164 2.0646062903231766
2.3361885153461004 2.2183458792413884
2.0312349644053156 2.9909937983857646
2.0566092755497563 2.9732347300031465
2.0849069619722154 2.952975959720016
2.703120101860662 2.212480968847227
2.132745370536205 2.8881617283611263
2.1353082784258475 2.8533466424575287
2.3247772771994346 2.403116053993526
2.8056497641559535 2.1174670026222335
2.163093366150559 2.6918181277894186
2.1245131463546603 2.9078077633065806
2.746762069452089 2.210144208362334
2.203138417625217 2.4363160796198224
2.163620123570769 2.4386101157108815
2.8441281837279084 2.082877448450111
2.170606735630883 2.438070500105582
2.830616497534041 2.083566167067566
2.0569575543239527 2.9660573109208666
2.349441419431637 2.2164282686237655
2.1015963672143565 2.92463937527591
2.0723125087391185 2.9595683367235366
2.1571324498155318 2.795183074847963
2.9909592697058396 2.004377307935866
2.3252743863411536 2.348027174287264
2.0381732352283843 2.9850725968279743
2.805232265742211 2.1271613743950715
2.138990001223348 2.8130128414115427
2.1513625641254617 2.8127198152692774
2.109930058850097 2.9154282688856035
2.8570836778240247 2.08040395884042
2.8887599097127445 2.076998883898251
2.3312932672796918 2.225437411971872
2.2437951036797803 2.412866185662591
2.305208868882839 2.4095024926342705
2.8514289591541555 2.0820458242859505
2.993952695432385 2.0024819408811863
2.317637760957026 2.4089687131277375
2.17590142675974 2.437565504402179
2.935686556134144 2.0549040486832926
2.910471595071386 2.066032936941267
2.1379030378212613 2.823427086325225
2.332284731433904 2.2216695026055446
2.948973720625066 2.0147973750873254
2.7320634202753444 2.211269768730678
2.8057550484722698 2.1151255500842554
2.9027354409810684 2.066407994860459
2.081621826496972 2.9595414944022806
2.7536251487670915 2.2098944148551554
2.03226422917389 2.9891691292087037
2.13496412266505 2.8770744531879417
2.1043064504898314 2.9198288504246905
2.049284435950109 2.9849873774268687
2.0559483961313343 2.9749566874651063
2.135308542234019 2.849201064798709
2.8133669652708644 2.0926016992208547
2.9576363910019543 2.012580438831175
2.8048835930347544 2.190303394912308
2.1900293865778075 2.436520880047483
2.0343792012412862 2.98558921623518
2.156199024130927 2.8050143690205913
2.162622361595347 2.7184414084584008
2.162858797380383 2.7162768840438827
2.328850792551438 2.277084313913411
2.804301410121627 2.1920525703201967
2.00044168912059 2.9999618155472234
2.1613369701404803 2.791464937755948
2.8902536555835763 2.071139538830921
2.356187178930755 2.2155810399117044
2.186938637039599 2.4366684792995015
2.3223171770662323 2.407571713839576
2.163350397776001 2.5405669902861243
2.9476260160950294 2.0250565299983623
2.3472161449238285 2.2168458449155692
2.815812563998483 2.0874965934190586
2.2186652976912566 2.414256389686702
2.9696369105462668 2.0097881671568305
2.729366026598868 2.212245399277408
2.0510225968763387 2.979791512037106
2.1349252254907682 2.8827179109066714
2.9348060992603613 2.0599478532993585
2.3284392688140496 2.2872901598891713
2.129276787599538 2.8932606496448767
2.108654250849984 2.9173283147615066
2.2925915965157078 2.4098723200257037
2.0290163857341232 2.9936847501648476
2.8191286804553015 2.086529250094931
2.0198922154691035 2.9950192415649104
2.228733243262435 2.4133808936488768
2.135832966733755 2.8256334111731056
2.798548313920864 2.202223305155033
2.9364939102744803 2.0320311312352235
2.378961228591399 2.213518897106886
2.0032650322495273 2.995445898421334
2.3536241984527244 2.2161396599385528
2.8431688064413145 2.083462873795155
2.2239848941581526 2.4139251564997024
2.1536989274655642 2.8062686021043683
2.9823640070347888 2.0055969295193163
2.1291298549470197 2.9046154682965826
2.807911906264962 2.107053463755507
2.367982967183475 2.2154479760538694
2.795783150707332 2.206106818614832
2.1521675499616952 2.807120676592395
2.2704909464642666 2.4100177323140253
2.3184097612029624 2.4075817184884536
2.7421498793022496 2.210171506496565
2.203570524946885 2.432220946626886
2.7665630267541257 2.209423031189411
2.8051649142509234 2.150156650082076
2.163132040605185 2.6894132450503245
2.8395181166725063 2.0834804883433025
2.936417978746994 2.0505118639918236
2.8122997616140175 2.0943337151184567
2.007899948439753 2.9950582346680417
2.8122106260676594 2.0968167802627353
2.9552539451730473 2.012627955177921
2.095040908552175 2.9512819414827973
2.346488965879378 2.2180284647640676
2.8275713172271804 2.0856217098653533
2.7267268664697935 2.2124190540358604
2.99707444263163 2.0024309570369594
2.9472774955050505 2.025541988867679
2.9481286544720144 2.0212257030666025
2.060064770099333 2.9641721057452246
2.0847756396807164 2.9594747960888506
2.1385781970749593 2.8171396264172754
2.3260150868962794 2.3360705599160445
2.9702131111424652 2.0069269611472444
2.326847369147616 2.3099505826959255
2.052587375094792 2.979536574265125
2.9821573091136506 2.006314806276269
2.162349813589154 2.718859693495686
2.3264759633232988 2.326143440517648
2.0536950974333594 2.975573536034923
2.0647917249958305 2.963529993752758
2.110383079144677 2.9096944450819304
2.163317216440298 2.6303005968037763
2.752887686264768 2.2100625406633743
2.7599892048417356 2.209756755076727
2.1279387625462847 2.90728093646699
2.050321657538693 2.9845460646152424
2.1012659621176852 2.9266830280997085
2.372707429048138 2.2140359846098665
2.2070377824405645 2.4292802292157383
2.2095075777178463 2.415075020689415
2.959140962024579 2.012579407662543
2.264975150167556 2.410522741351586
2.3267453536418774 2.317364540991068
2.3358658979529956 2.2206552026490005
2.9364199126503183 2.0368557116122696
2.8499840479297247 2.082315107272338
2.935505333655067 2.05712024227968
2.207607836436999 2.4219992825503063
2.2061352992125602 2.429513723452425
2.9544219697184304 2.0146304182777617
2.3283985434470478 2.288636994287779
2.8080905239241813 2.1049496116093582
2.38706152176197 2.2125797008782104
3.9706295288918465 3.1827848850173663
3.877700875050705 3.7763720800838483
3.2990373521525056 3.912434174340669
3.601236686451966 3.88519320522956
3.964211009333537 3.336162807512543
3.9085001858896153 3.536205285236594
3.972540326577939 3.132557300870973
3.8782828660113546 3.6829957528283037
3.109940297519505 3.974048801583626
3.922893102353516 3.531089375160985
3.876797578872033 3.7892935084608688
3.870028969196707 3.8507704672372904
3.5711057050652375 3.89604831133155
3.177378480656348 3.9237393000704084
3.7250400042849696 3.8761793992580134
3.0088518422707256 3.984724808876696
3.926426728292199 3.4526012540616553
3.7921083830508424 3.8537254502542555
3.5204097435479778 3.9017639841039076
3.931837994612742 3.433681949995127
3.141836575135989 3.9414145959763043
3.8875155626332334 3.622661120646079
3.905541519039368 3.6112422639178083
3.979642540524992 3.0619438149041236
3.110804697905966 3.9430808064074885
3.7821574960875104 3.8553065091023755
3.9505460997299133 3.422301598282327
3.158501768345742 3.930060581589919
3.0674900831209135 3.9752689682959788
3.956283503503432 3.4148207643070867
3.964478505444679 3.3049909613640187
3.752972890580459 3.8623299624884946
3.453123438988725 3.9041399138366106
3.6790881791149235 3.8830225419525695
3.9972765351555295 3.053172770782465
3.3158829283841236 3.9101669963118404
3.201164311519266 3.9183202715050434
3.7396916219184835 3.8644893855117113
3.9399579926544046 3.4257316216658094
3.6597975951252737 3.8850872066000877
3.871221582605615 3.82710993433182
3.5712230019112567 3.8911320600528674
3.880845121439212 3.6624138521576586
3.9688789577307264 3.2442479961622492
3.9831471601979027 3.061807113381512
3.966216140448095 3.259798110697079
3.956361185574294 3.407716071626971
3.9735791596309205 3.127457182834233
3.004699318334986 3.9986304584328156
3.2137746915762944 3.915521440293289
3.2075706109726303 3.917050874312043
3.961574468519652 3.3707762381562145
3.3383441492588344 3.906295791893785
3.332142450455971 3.910137414274468
3.9688991208614346 3.2259002336684555
3.979569024463347 3.123264333498259
3.882354271916922 3.6595135282403293
3.244775367396878 3.9145942127807376
3.87777598390312 3.7578792215987495
3.8945160159047654 3.6219748031407626
3.9986511052396714 3.0207695025641725
3.584924150666358 3.8891085385273096
3.9697271296852987 3.184832692631928
3.8955491426826407 3.617385374034734
3.907278100398541 3.596517077877816
3.0060196770171905 3.996360348028652
3.900627660820465 3.613017837949703
3.817683741906479 3.8513048148491213
3.9848821924957285 3.053774885236457
3.7277806758838503 3.864657889624129
3.9252813885225217 3.510434210423484
3.5506614165201897 3.8968555569057965
3.8153584181767397 3.8526115129327057
3.92886623504219 3.4514257249888085
3.763475077805417 3.8620225628686002
3.2835694635403447 3.9138695153614234
3.197855617245629 3.9202524444007487
3.149619420839638 3.9374757955046866
3.962125365611729 3.3558912177016054
3.7684527033747393 3.8585064656883725
3.064823328962554 3.978587664037869
3.9565503539491385 3.392914446706299
3.343469228584856 3.904780662031545
3.951554123902528 3.4215368015439593
3.052685692390959 3.983884632737782
3.878274199742393 3.7226368302517208
3.1617598642174602 3.9240495606160604
3.874339940898468 3.8028385512937857
3.003601608096377 3.9993882690181097
3.9118258989399974 3.536007624242132
3.6921028658477306 3.879486525205756
3.116842633797757 3.9421476756421825
3.9311028248965783 3.4488964860929276
3.180704894984573 3.9227920414148842
3.9393084120704875 3.4263637175125323
3.908492285667945 3.5391274307781306
3.9251647912572003 3.5110602262720993
3.7106483987611907 3.8766811651310022
3.885346392449019 3.633132269474786
3.9253607832999604 3.45856785036443
3.9712482018574446 3.1436843788963076
3.7277782412030276 3.8680521096952925
3.696751876268659 3.8779854498174453
3.9998364148637 3.007137598207536
3.062191904498279 3.9830615431575596
3.8795530573617842 3.664099345213522
3.964059299463091 3.3432352695802265
3.4632341479254882 3.9023145293579136
3.973423656351586 3.1304258670034573
3.125675452062926 3.9420720789206376
3.583539604254467 3.8902831845131436
3.5326488300942613 3.897463759111659
3.682438368078434 3.881568359455404
3.8081996538489276 3.8527409703410154
3.9147023679211106 3.533521746581038
3.871134552505802 3.8326870498462564
3.9529810424641787 3.415730869771516
3.959132528675993 3.3730830945800845
3.9651562791373944 3.268458313611707
3.9673037436281997 3.251987967071978
3.7681035521245336 3.859580922621057
3.083044845833348 3.9745102590216277
3.0064017518176986 3.9880051370566756
3.600519063512733 3.8868176943730575
3.908044956879141 3.5473375466110975
3.9051582575630635 3.611754626791109
3.678315998004034 3.883889468969222
3.769786077099793 3.858311495637368
3.548349333384181 3.8972921186157587
3.907494284562673 3.594781159246107
3.22470565000247 3.914771066521029
3.9334779405111395 3.4273690945137423
3.999705142841478 3.015505519027096
3.9653306646105135 3.2604538840669743
3.1528744055620916 3.9334528288781145
3.893184564875249 3.6224542442433765
3.977802239844424 3.1240863035791357
3.421979961408909 3.9043760039724633
3.1980374675792027 3.920145907915555
3.95777111805393 3.3876419967185547
3.8850446475472906 3.648830618111471
3.9651046646551267 3.272656778336378
3.159390353205448 3.9255642662174792
3.5683887209008036 3.896169776313646
3.15019996101392 3.9350475720768228
3.161235284706682 3.925277769475532
3.8734913465478873 3.821962536539422
3.9585710471908246 3.380936683833144
3.8739687702734495 3.8160719131220766
3.1108017106460446 3.950706360036294
3.7734177185633753 3.858108125031119
3.7555965623620473 3.862208452122042
3.0068766796797 3.9847896802823657
3.9646759350904586 3.2971528504018166
3.1557669658266647 3.9302520755260018
3.8846494326881342 3.658292425867446
3.2100057500532584 3.916639737511207
3.9991371056787908 3.02064926398383
3.8788311026146918 3.681524942255975
3.110536060807023 3.954403285561638
3.2529988719664007 3.914408751110356
3.3404159866652683 3.906007554928713
3.931791215802595 3.4367749467469966
3.2673114515703894 3.9140233754068707
3.8755978086457494 3.792166368275311
3.7207412438615433 3.8761806222375963
3.0061670881642417 3.9893430389971805
3.9603060054590604 3.370870547490688
3.062425931569734 3.980129242545576
3.529939459315881 3.901271406206834
3.969572371102495 3.213718792239956
3.694353256967413 3.878610669099282
3.2000471340112777 3.919941361741749
3.8987002436064717 3.6134956726003207
3.96965901716544 3.1869700876189224
3.288132041391517 3.913359903649395
3.462288683156564 3.903932808499096
3.931637455022875 3.441677256516879
3.924588239268148 3.5142072479647815
3.2068824840450896 3.91712804340556
3.775432377426341 3.8570393290922
3.5595924603642803 3.8963499161101716
4.2029091603615205 4.594750872381768
4.299817931529448 4.460311352433253
4.479004077322221 4.338765522101582
4.971504451456103 4.058033389749921
4.906766012415292 4.135094005492433
4.19532412700639 4.6534683015018485
4.507756606122663 4.240245080878553
4.877550595981297 4.174657613185255
4.111769139469166 4.691247430492224
4.065523208238983 4.71712284968598
4.409189212028319 4.443774400453289
4.500133873670253 4.247261780898419
4.487646636617675 4.326005640592537
4.498507229997795 4.259258463436223
4.065513776818012 4.945402525111575
4.461642392595205 4.3451857058293495
4.873894308212355 4.188025801092434
4.924179161959137 4.119761215500383
4.919435382391825 4.13232754220883
4.6834256769376 4.202306214600077
4.245122188468577 4.483108378490307
4.932419899833703 4.114586853330747
4.255543075388687 4.47637873719707
4.961458121495869 4.0816673679321855
4.436584147353465 4.405997606530592
4.244415548069332 4.592745475097295
4.446567573113444 4.358346829658102
4.489864841806744 4.306404628102357
4.070082380347344 4.696529262989132
4.004818636175493 4.979102372172218
4.659354759097471 4.215854796179568
4.979896667356358 4.0342148713144
4.418687713503232 4.4093222956468665
4.497730061606079 4.266817454117897
4.8886971477490615 4.164600666588589
4.316484355656111 4.445831760957084
4.594324883220264 4.238913054557624
4.180134418378291 4.6625535162719505
4.173854637120864 4.688525839713924
4.652840189091092 4.2171648763342535
4.138643248027919 4.6895615711173555
4.61388502540173 4.227506393688469
4.445246264350341 4.3921967600321326
4.897496819603842 4.14429201628943
4.941805257966033 4.091407052876922
4.823545896642943 4.197559591539913
4.990623880395499 4.018375813821444
4.0010147478751374 4.982129998959215
4.25115103038105 4.479064878869176
4.495799432242688 4.274463429492093
4.012760104555943 4.956487609228817
4.854462845456175 4.192485401739447
4.896928006557498 4.152934286730909
4.293153827286604 4.4710086414717045
4.439778647278976 4.395521048576555
4.7914184608736505 4.199609923407479
4.2953638959137335 4.46419230822457
4.450880013224717 4.352892618653639
4.876877695237673 4.176941013339583
4.175807237052478 4.683878226708567
4.895623275100015 4.161613831533852
4.048226520434263 4.956093146516398
4.791115660809926 4.2016842922255755
4.488385442444837 4.311413692306425
4.280321071455906 4.473965288782618
4.666647449806691 4.203067614281107
4.364213379288063 4.444206789176648
4.415604406593372 4.425779458723238
4.633636316429103 4.219757109588489
4.195863633699258 4.650894257432626
4.9024480451042844 4.135700059734534
4.501856568702451 4.242450588768829
4.4676881666910635 4.342365891806708
4.3124077176236995 4.453721607827739
4.878519197043575 4.170121314559924
4.199225627933424 4.605063079898049
4.891024278240106 4.162501544574256
4.993174515752498 4.0034239780391445
4.549320044631517 4.240152847288702
4.481320714302186 4.331553834301021
4.979662135933618 4.039036844716498
4.845689551488385 4.19602889050109
4.984099949301014 4.021467249226712
4.196614180678472 4.638689012394268
4.061189576018005 4.954424701485785
4.493990079908452 4.294139718872491
4.938112247758087 4.1140295945592875
4.927040224067444 4.118823513070281
4.885060588519772 4.1673528101201285
4.954417016157029 4.090346877327215
4.6656629678388715 4.213916019769322
4.66647333659224 4.209701219944567
4.636138487080071 4.21782955622053
4.597898033629053 4.238168517560094
4.439534086042813 4.40385735986901
4.244563534376877 4.493012606192121
4.956756735158471 4.087018035981631
4.068616290718885 4.699346538546008
4.604356525047041 4.236447909261376
4.973007036793818 4.043946261891328
4.480399526078207 4.335622051725393
4.927209153304366 4.116583408403186
4.492021299227661 4.2962985457061595
4.176761013415039 4.6810458763822815
4.1919816381501525 4.6623431241323665
4.79476213347141 4.199484447708815
4.006667819364468 4.96614015851052
4.312715378881524 4.453274153450664
4.858895648820092 4.192444074434105
4.2416488994160275 4.594261295999167
4.962665496994033 4.070190319650446
4.93925624046541 4.093060433098886
4.612276539058177 4.234393365010054
4.495552463006574 4.290102432556935
4.461463320228996 4.347859672324312
4.631527654691417 4.221815533006578
4.646735662615521 4.2174037745703234
4.958841135258263 4.086330724387923
4.921801564223046 4.129821759894485
4.45140971426369 4.348243734005438
4.555430855098193 4.239448491571304
4.611303610941323 4.235449425644749
4.217591466715656 4.594480437661689
4.445784949048095 4.382196511553481
4.062652915364641 4.947033518563027
4.6190044981478415 4.225547317070714
4.9697213695239375 4.067812270617358
4.970927094206412 4.064658898046091
4.922320509593943 4.124708214940819
4.053455608927334 4.956073483695834
4.997250453668564 4.000086103210546
4.108691272701643 4.693631774647426
4.471137082604906 4.341073963977528
4.079398667209491 4.695867110401614
4.199023871152597 4.617031706113992
4.252149580789446 4.478721809396613
4.61236061577874 4.227520177527015
4.360412157719515 4.444660154023966
4.358884923297351 4.445423854822206
4.6566859702827745 4.2166916371792915
4.118053727568214 4.689665797470589
4.983925543329173 4.03252577090878
4.281911859982921 4.472161853034197
4.198722486902352 4.624983302760678
4.2452692489991914 4.481723382511485
4.503424242013165 4.24209290358948
4.198462481000093 4.627469206357241
4.477837895620841 4.339626472232839
4.707254236092666 4.202241366149726
4.416904011951241 4.410229341009174
4.005125532544775 4.968222824388192
4.098680420347353 4.6953920532965165
4.307135964921674 4.457417232943546
4.193571334897446 4.6596331135480815
4.963875192751728 4.068024834691895
4.310273137334223 4.454403210188819
4.468763973480914 4.342351287876012
4.598916102177826 4.237040385194338
4.0640584943411415 4.945740680883991
4.0658452442021105 4.709133501476311
4.067833209895172 4.705312209158271
4.8729724286366425 4.188107894416658
4.418958843494722 4.408867724327932
4.497208766025048 4.270008503080636
4.155040700691087 4.68854276213369
4.757604808886181 4.201825294451206
4.479350128208947 4.337612340648518
4.409651896825137 4.431713699617643
4.440815078892978 4.394707185705084
4.314225504226547 4.451633693374417
4.865807290592556 4.1922544742079415
4.875357803974811 4.177342822879331
4.634078837747923 4.218134040761214
4.882735409158126 4.167458184678502
4.433971985250405 4.408392291640418
4.416062768649946 4.416945426111716
4.196415972294863 4.6387075968827896
4.273674820731474 4.474262066812232
4.201675068700878 4.599902938438293
4.984379737316842 4.019910599366075
4.01126318005004 4.960433102135565
4.200518634734296 4.601044165476004
5.778927886555648 5.610932924314033
5.432803451578668 5.6719762880560065
5.936591003483312 5.137448290821243
5.931846856816227 5.568992208719752
5.006854904049396 5.87806506670441
5.009818779838968 5.764150956184866
5.29778596260794 5.761997363384455
5.43382670066704 5.618986366719665
5.329199353999991 5.73100726971083
5.664218811703533 5.616213045236302
5.9647116274703915 5.036703755795128
5.607248795740728 5.618177693316978
5.888845566728124 5.606523142946456
5.944682083274146 5.047258182254352
5.399881111729595 5.684893833844594
5.779207816452845 5.610858614194708
5.889767813061114 5.588328799689245
5.664073259176268 5.617749681038041
5.996007251192406 5.0355801715347095
5.996027936200873 5.020342512548172
5.793350661423971 5.609703199915372
5.934364264654239 5.260088705339308
5.919942129504288 5.581630635364508
5.3935210215197 5.729255095355246
5.007217405692753 5.797380899793215
5.322676072532502 5.751431732977054
5.006753799545706 5.966639557085203
5.399711173056238 5.695762458648943
5.966518210368269 5.03663304037551
5.22688106092044 5.763860236093773
5.9430846059425715 5.090503438706671
5.998314681345661 5.009603715148487
5.7613661513167855 5.61112515268214
5.006271931980652 5.968013095489745
5.420555548267682 5.67362173480045
5.941590072367331 5.131221314553745
5.843708976780815 5.6065445201128465
5.812171925657948 5.6074645607471085
5.3977763103334535 5.702413359698692
5.724165265328575 5.612350701429565
5.323827482454265 5.745785582551244
5.942754901094944 5.0918575089447335
5.721246946985276 5.61400538726283
5.003768360233476 5.968260158911135
5.933119324827688 5.558018534690493
5.705325809345167 5.616153140240243
5.934145434890113 5.498774981908357
5.411661057604629 5.675840861975415
5.942513598539403 5.094064092199077
5.355933847696668 5.730831645721894
5.305268745104138 5.757196363558058
5.9352653165546005 5.244388346799326
5.932126636770608 5.562879956829691
5.433123853665942 5.671588191809015
5.005802530991568 5.968212949961802
5.3966533219256325 5.718199792457363
5.714683246753255 5.61600991329142
5.933121688853827 5.516787446709927
5.933200622407501 5.515815346363854
5.327643335742172 5.736624860641774
5.925510674240299 5.569209623820768
5.39508237980613 5.725894889145092
5.9450390412903715 5.040895414249619
5.934262877332889 5.379063463027611
5.142690085453086 5.76386579544175
5.895252514332043 5.583201535447267
5.40258695694595 5.679970783970731
5.278446799025509 5.7635858396427295
5.740654408263196 5.611697867689106
5.936387429845778 5.212046318790643
5.936153415777319 5.227442228282883
5.456694184359824 5.618324738266084
5.442322809705977 5.618506375944988
5.983627499272758 5.035616952372175
5.278553068286867 5.76223334204041
5.006999260553084 5.87500309798514
5.941248414622193 5.133847755535007
5.801723968334094 5.609010145739702
5.889271058182595 5.604098924499313
5.370955924415663 5.73013675676337
5.9431995509731586 5.0485325549507305
5.4121460999053355 5.675499142437136
5.320136629598881 5.752946160899433
5.390227883867384 5.729368766408788
5.92153991336216 5.576626723112655
5.001609358749651 5.993615074983811
5.803575836019203 5.607500683148167
5.395481344262135 5.71828259579074
5.3971339456866625 5.717112802859065
5.4073517604213315 5.677570131730703
5.007135662309061 5.801631531587033
5.006833135941154 5.935418865150743
5.007870526899326 5.764187569652164
5.001257787698442 5.997161986971697
5.318791722370833 5.756290038911796
5.920387733708502 5.578444196126124
5.395176485008315 5.7196037819842935
5.934321383577858 5.267214151345445
5.941606612099591 5.099600455772766
5.9494043912016545 5.039995277586348
5.890755888446393 5.583852820887152
5.933986559116807 5.500214154034957
5.941150852242123 5.13701538983506
5.323897867429393 5.742871470409325
5.414875684738385 5.674122687401537
5.971206788132694 5.035827296148584
5.873406108135878 5.606532454157238
5.368939517649952 5.730282145726219
5.007764798584176 5.788235350352304
5.433395909739298 5.629486346465909
5.0019900911368165 5.982202926395884
5.924152737626965 5.572889266481223
5.638688857197792 5.61791269276941
5.505894500817411 5.618266084558621
5.405066051063248 5.678268656259709
5.297820350945437 5.757661153242916
5.996094375745045 5.012530233696269
5.246998140180653 5.763780784798196
5.437466342347941 5.618902582224212
5.71965665890634 5.6155807111614315
5.8373691167698105 5.606690656484681
5.904619134644993 5.582950060067964
5.999127309773204 5.007813470341219
5.936179744795063 5.2202061180119745
5.325651208242145 5.737448285097788
5.934220607620954 5.388810641872448
5.9068176708659195 5.581751204392593
5.936534071964283 5.190413592553457
5.2813416243634155 5.762036118144511
5.323336912617132 5.746180964582762
5.4301521504241235 5.673183445816143
5.943177721123311 5.054429280391453
5.971528852750347 5.035735434242791
5.393716689260146 5.7275495849724125
5.002527087987925 5.978510662014356
5.08558022754291 5.76393366903828
5.999844980168542 5.007491737595256
5.755413730412492 5.611394852661172
5.394097182704554 5.727056828926776
5.373399735296332 5.729966044441175
5.94292415974326 5.090585900119521
5.7517225153957865 5.611407415566494
5.962956955340029 5.039970208665601
5.78445190658604 5.61039488152322
5.400892404041654 5.68066769125069
5.771178859731611 5.611014529060099
5.311947279305477 5.756623030240371
5.815271081383679 5.607291904735802
5.7461907447604075 5.611610296327667
5.002690777196355 5.973079894272702
5.966544126065075 5.0364754267448815
5.404935622857303 5.679589527441282
5.521400586535028 5.618221471126116
5.430966182329999 5.6721458767536115
5.936563097638023 5.158687690813965
5.407893395165267 5.675966768533598
5.723930363876686 5.613208801117413
5.613670392532824 5.618136153897609
5.251370646449927 5.76359000100804
5.901862914006566 5.5830279403129754
5.722102299020507 5.613245643303675
5.9364257262271245 5.1916213503142465
5.933832365976404 5.515807756364672
5.470576200688913 5.61830929708422
5.934281941268753 5.2863346825341955
5.834761571797876 5.60682291252128
5.865684642166592 5.606537042887626
5.997054505820911 5.011562785248798
5.93415088649622 5.46050453410292
5.943855025729415 5.047911672254615
5.947630146699932 5.040281286956684
5.325165843227869 5.73973765005484
5.399342479633671 5.697647520732139
5.307009030476949 5.7568782903266325
5.108524156478784 5.7638761454725405
5.319610724086391 5.753921683531417
5.455156934876196 5.618457365320037
5.931991973635986 5.562888762536492
5.321876620365035 5.752785957013894
5.423478878363333 5.673190920501033
5.433193957674133 5.665117282661864
5.007006091047736 5.846634442147412
6.011328034279398 6.587360433234544
6.370243836462279 6.170692540483683
6.13386045130206 6.185696003937305
6.8867747977185845 6.0625918617904055
6.689213478826904 6.079641196641111
6.000348367874883 6.983329283582077
6.119870665310877 6.251339500270921
6.019189487855796 6.530719580733921
6.391679250387325 6.132959271718587
6.674336333678063 6.101825798283561
6.070243906342046 6.352183161068492
6.827692018883213 6.0713281681432685
6.038397881820211 6.3620658623828
6.873195240960296 6.06662574947485
6.922928304858422 6.0554148228521285
6.0075531502525115 6.909536718028846
6.995483029062935 6.054756552453358
6.081162030248335 6.311858949330794
6.022178875848859 6.380854258309557
6.131567418549438 6.223912662377685
6.626152603362182 6.124959505422644
6.107139035775984 6.309824451685019
6.675969287179824 6.08714785000184
6.077668209459024 6.321757938029599
6.0167952906269875 6.538856994105544
6.450007204510539 6.1258348284178235
6.40492130746815 6.128229785266307
6.751239509484517 6.077073464625919
6.119927413526576 6.2499156913511005
6.8704811494069205 6.068535367975283
6.330185873570249 6.1751811529618905
6.237495917407484 6.176742043388608
6.889604707975016 6.060249489427217
6.672873041077187 6.103644064450299
6.12226420105895 6.240313116812229
6.92072196491674 6.059322332560663
6.0249435504077375 6.376457196514238
6.0373997454617045 6.368853745086819
6.010825280865066 6.7521370944996555
6.109559715935591 6.262812396253215
6.61529790706193 6.125650966053381
6.05403556433729 6.357713541837848
6.902793259385261 6.060194359622555
6.003225915230956 6.968240648419018
6.6507678677346656 6.1083053790264525
6.386660334268107 6.155018414479647
6.005583548199445 6.947113554805548
6.361051143913429 6.174853554256394
6.014534051361977 6.564787772401778
6.019898681565888 6.420921939536881
6.3798722970613655 6.165573317146481
6.202603955324432 6.178766059633546
6.009839948374323 6.7830642939553485
6.002217307448851 6.9747019244654584
6.132363532150622 6.218327903016643
6.364745682957075 6.1725478632998625
6.071392596024473 6.329991585368077
6.809837469560356 6.072949671849677
6.250099442639305 6.175389710558725
6.7321270017639065 6.077381619423728
6.6314795833856035 6.108733956846904
6.125482785026434 6.234429293424103
6.3812194518435295 6.159838808947102
6.013033478357609 6.586874142945478
6.9955834663122625 6.035101989053038
6.024697367640192 6.3778330372121665
6.127698190165784 6.2317385849409686
6.6592130550964725 6.106702298223235
6.006738715110368 6.9243852471048974
6.709176746136631 6.078957980741341
6.011110907893018 6.685505434225955
6.390558203267105 6.151992386872946
6.128563989885458 6.229755505036225
6.124096668428256 6.236673140506642
6.376701497610219 6.166783762457527
6.995633210804318 6.017775294682766
6.399746508667069 6.1313011741960555
6.805550762394012 6.074561281408648
6.677778780326607 6.080455726069176
6.87480558826158 6.062701883139021
6.01967723078338 6.512800366395856
6.662625213672033 6.104835528499559
6.050621628289807 6.358693241664472
6.108391177239799 6.2979855576017245
6.215310433170372 6.177914165400848
6.122247202548337 6.242408872015473
6.172659629042548 6.184189774674503
6.021286723011701 6.400536360399837
6.127774662275186 6.231498371669353
6.962177721304818 6.055276686905984
6.834042574623443 6.071176975551636
6.0737480374573565 6.325193952877903
6.99901356550709 6.0068065188220094
6.199068175719146 6.180692267293477
6.1335708347928035 6.193866170540003
6.0091297243774315 6.835578073285602
6.108918293887225 6.2875469661618775
6.007744406941592 6.85863295560366
6.071087408800736 6.338096705623141
6.029226086334655 6.373046713735561
6.007620325468636 6.889994335596525
6.117621142781685 6.255093096823207
6.869509554577675 6.06992859819133
6.382053323809249 6.155608801945965
6.4469770153777075 6.128066598047015
6.92123591435599 6.056348891097324
6.130382868424117 6.2290639086638055
6.004063012300314 6.961334675364933
6.039613848144014 6.358845155626164
6.133120751543015 6.205636259434576
6.112887223717053 6.256719086774286
6.009967415797372 6.77733952234964
6.776229482106945 6.0763658837829615
6.014437993503923 6.566246934598518
6.000104152537928 6.994109527442539
6.006719661788881 6.936075429442565
6.626501107560767 6.108750197341469
6.403197435752391 6.129592346926082
6.007264216685938 6.915272519337885
6.712141872220744 6.077942363746503
6.219423210512969 6.176807488628688
6.765784300004041 6.076951979176643
6.093425895787976 6.311591684177262
6.366752543631457 6.171231299862315
6.035930172789431 6.369758915071752
6.384587652825784 6.155360333343512
6.389756052951991 6.1543164483493555
6.180671165438499 6.181669191126968
6.24040520467424 6.176602392933956
6.62627041355549 6.1242509680671375
6.064657043093852 6.354655270538599
6.6759568031497105 6.090227474211235
6.3907939050285245 6.1464681140287984
6.909519361938231 6.059700893288551
6.78298451449405 6.076318492720183
6.010446125242528 6.760622036058399
6.108247229192039 6.305695953582722
6.0110315737993165 6.688047904969767
6.072428815678425 6.328789025656135
6.361608895259379 6.174602610243422
6.827117005601639 6.072218576461177
6.0162403230042125 6.556134674444116
6.002715705326461 6.972742111970247
6.018999588621597 6.531744358759853
6.014332030299933 6.5761328435146185
6.855136835929039 6.0708304019130255
6.178496402780695 6.182009142984877
6.785237676094878 6.076148391773626
6.007223705318213 6.923206278446525
6.15346252219002 6.18422832393168
6.454502065791592 6.125657654567482
6.011125772211122 6.662603178107125
6.241072234614368 6.175934080208756
6.738447125740361 6.077235618602902
6.097149590988902 6.310063100723275
6.0054751490887455 6.949212276421345
6.373744277969136 6.1701816043890805
6.004336515420759 6.9516733240962285
6.6746263937674915 6.095677013369086
6.019340122244927 6.529205480779338
6.107499685383784 6.309613251220967
6.998212596422461 6.012401757741171
6.057367143277902 6.35591789405573
6.974453084278723 6.05505228253036
6.971854519884382 6.055265790149676
6.888759529302441 6.062069498912365
6.396683955363354 6.131378012160682
6.793267265580402 6.074583339788045
6.996269173515564 6.0134188887385545
6.191260262312632 6.180822843977173
6.054855930655482 6.356499094973654
6.008875904729653 6.850055237427389
6.009498415931812 6.828823556031381
6.067152398012819 6.354401750881558
6.444941326603927 6.12813540547331
6.020424732545512 6.402876172866183
6.362420117120645 6.172795831599536
6.0996589700662796 6.3098725180922
6.380088688291887 6.16341409931656
6.131710512529547 6.219565167147967
6.0622905853121924 6.354694256893822
6.1093123164532335 6.2718185854499415
7.819963118688043 7.002374806537308
7.360469393600175 7.347804429479314
7.261817439714598 7.404878787971506
7.04909330259781 7.44503024022139
7.320947955304726 7.383224338194216
7.000479374866203 7.977472484661983
7.60345683471807 7.115477923033298
7.400807447307821 7.300816751306622
7.006561429876925 7.907133685631889
7.463838010369047 7.1290301525173225
7.392336979899294 7.332265273753248
7.76598861042486 7.03533789474844
7.768334241210795 7.034661800189001
7.02851721249679 7.842519548340388
7.353949964601141 7.370962555857031
7.735271178306611 7.054286934111343
7.634669144256775 7.059450551641174
7.458053133913471 7.152132892872176
7.6959989570119065 7.0546434902221495
7.040323440628859 7.75793505975702
7.0966570206487845 7.421096378723771
7.396116728161741 7.317117067424725
7.420865911799961 7.298833093351517
7.628734785720933 7.0969745055227484
7.797934883453918 7.028151008583176
7.391598453860201 7.345453228890118
7.028161151196928 7.877581647950241
7.039647290627249 7.788573856999107
7.321639750314673 7.378238149702797
7.435970927709753 7.241287232918737
7.045001107814587 7.544111396097101
7.749496906972337 7.048023226318801
7.610968515411033 7.098467460670254
7.03647311620532 7.805181833947726
7.046099174038391 7.465978726089035
7.030278192464564 7.830548961051231
7.12711354362866 7.419017988976817
7.793921337308337 7.029286101396737
7.042001326624821 7.7249451688402715
7.116718959087604 7.420184937578435
7.43068791492261 7.241891773379832
7.294508754960824 7.389915601789826
7.425106448330754 7.272693269611683
7.424226770899201 7.277952153276824
7.551830686684536 7.120000450948055
7.460157287541849 7.146449866516431
7.439628912442619 7.1718632928464086
7.3365245547888 7.374505507092627
7.823498948538845 7.001076561794479
7.039851239950271 7.758418566171101
7.475715575161623 7.127896719720445
7.005099887406023 7.95996726787747
7.805461149653393 7.0134702857077125
7.502059772722001 7.126236938437613
7.091224649169575 7.431372275611335
7.255562142299625 7.407538245771212
7.241329948340036 7.407556742563543
7.752272020291432 7.03629041741456
7.793234413120249 7.033531729769267
7.192906169755682 7.417875794828705
7.077356526105424 7.442088599268237
7.3417004938837875 7.374031823316078
7.313765382184081 7.387720155759542
7.2733687722545834 7.398131232574495
7.631025148610122 7.067701484098899
7.436396305745722 7.195575917239745
7.690851543347715 7.055705556574997
7.442042544042282 7.170117375774531
7.025717368326697 7.8795519113135315
7.516749125910298 7.12130007901996
7.466931773933412 7.128852501599252
7.22211753975434 7.411885063722769
7.5862440791975265 7.119885021653326
7.118529124483221 7.419201832212739
7.2323497986571486 7.4115542587942755
7.042918204818002 7.7125651853195185
7.104619194324895 7.421050265275023
7.02476794685172 7.886252587114029
7.8041239078159785 7.021069597224971
7.343705273026661 7.373138712351198
7.20782263191397 7.41370711298123
7.748857124779494 7.053318261399232
7.843896653034453 7.000569719656456
7.117823073049287 7.419257399418768
7.046048766761528 7.48551730955862
7.029858168976116 7.83897475250416
7.006502293678551 7.939257715032802
7.341276148768834 7.3740384301615185
7.463398954338077 7.133337776101354
7.044139637627639 7.705513455776997
7.037796107198492 7.802836778249957
7.003524969044233 7.964302029925162
7.326539950631338 7.374909035767555
7.044964315109424 7.6201859248377435
7.321399914162078 7.38300618890137
7.044959931469393 7.633883633093473
7.423733850367515 7.295636622226118
7.036430088880865 7.8173470108620196
7.093707806037839 7.428422788304277
7.406401911586632 7.299166799218546
7.653064096696867 7.059396225390085
7.047723774434578 7.457499621220267
7.448204361188585 7.156842196076776
7.0446058142768395 7.648139299545099
7.032728365304689 7.822818367682143
7.402027866136335 7.3005834377713015
7.39235368763828 7.3238303136939304
7.007889291900419 7.891308821294883
7.077021718364479 7.443316959677541
7.197421794002677 7.415608879947139
7.011803271756218 7.887987856297509
7.268789756883184 7.400938227971142
7.00190772255826 7.976387730311988
7.323598360441325 7.377253541332298
7.446156099114513 7.168584440275209
7.428041163810168 7.262043770249538
7.606910617206748 7.110698618734657
7.975005617225921 7.000401117042877
7.628779074488628 7.073250252117396
7.30538864805467 7.38808636419196
7.083858000372557 7.435952550191255
7.742034405070891 7.054232841834862
7.801068846094669 7.024693326391516
7.00031025185995 7.996513203689444
7.286002067386101 7.3971797374725705
7.39456351533982 7.318928513462566
7.6094317933373885 7.109412825269098
7.426123569795782 7.264153342450286
7.49644087035562 7.127880429316307
7.028477167666125 7.871866087700671
7.606147099894874 7.114866126454316
7.5052351922204945 7.122130639723982
7.356727020494775 7.369183034225851
7.011293299115007 7.889492454761315
7.821996383671387 7.001877591249822
7.0620904622348615 7.444284069109085
7.084877331012994 7.433740363782287
7.286120594100627 7.390027020859584
7.660200388995214 7.05596416112125
7.436214166276207 7.238765107387358
7.09539384761032 7.426677467246198
7.400040062630853 7.30893459677463
7.194679855517497 7.4157803052922535
7.815152919745179 7.010640751178248
7.592179147991556 7.117971511076643
7.582568416216008 7.119914699301533
7.043593516374248 7.707283810496903
7.814961570776567 7.013185768359891
7.006449727320544 7.953245550061985
7.356946479954284 7.354482006835093
7.00712971483041 7.898511759057376
7.39661170510334 7.316535445271379
7.091081013027023 7.432790804179393
7.425796646946402 7.267330044504053
7.606239829586853 7.112392177006337
7.23549731457344 7.408587983860382
7.213633549440406 7.412600854928781
7.438416936406559 7.17553872569086
7.263612930693608 7.401885275312926
7.325746845117164 7.377121901151898
7.0409382760259644 7.7376207028194655
7.001405393383117 7.976857053097796
7.00687819977601 7.9036323290516
7.025393080086466 7.88583494332865
7.297366674481134 7.388995786367273
7.371738170173829 7.34655684159197
7.039115792736631 7.799655477207951
7.3984041201848205 7.3115128053591985
7.4301341171306134 7.243383354191855
7.386016619005477 7.34618120599803
7.855752744749221 7.0004889874877
7.654646999498135 7.055967503234555
7.712196978740374 7.054425031352028
7.039689345874541 7.7837015582531075
7.158912500188681 7.418235265387986
7.63350890826416 7.067420572355353
7.400366712213923 7.305803599919811
7.079966088148222 7.43961879804212
7.040413450273252 7.753256753694497
7.767731974628607 7.0352670265399615
7.35879909680594 7.354463748552913
7.459086869567148 7.148791114302801
8.739843126310033 8.035919804081667
8.682723214206845 8.037662700263809
8.617471818153584 8.327260196520282
8.10837345762 8.704087950089134
8.661734766958824 8.160925156767737
8.590204418499589 8.34158793871549
8.108995221007406 8.37561606060457
8.04710644193545 8.876924763596088
8.58320556226297 8.345247519608725
8.4607636656283 8.347192570923394
8.066900785832425 8.82705409186988
8.644537386283796 8.22506320134446
8.944868136070143 8.006022564121604
8.59741937955385 8.33973118837558
8.184107815455352 8.353168852881193
8.675329025038362 8.098844470086886
8.102236962081662 8.770454295488415
8.188659765103683 8.352045059784253
8.025389913459872 8.9295090136647
8.615950259859572 8.332888433466572
8.620410863852877 8.256176887482708
8.491644768777935 8.346993551435215
8.781190107278455 8.031805663833326
8.62520294764136 8.23946337247457
8.839192576960746 8.021982168248108
8.551514732215503 8.345271025554908
8.082544016546358 8.783929807563062
8.009814265112961 8.997325968625347
8.905891336279346 8.019811280656866
8.138139076207777 8.368552201865658
8.014824063133332 8.981141551928468
8.005057316457822 8.998800661704257
8.66990365819407 8.151255839162387
8.974027913862372 8.00084444937622
8.17688688435479 8.36001123360744
8.812345262102143 8.026018241574834
8.682503390176382 8.0744550025519
8.025994215432226 8.899527478962664
8.67934263649535 8.080572239467063
8.660326820348986 8.183411827283434
8.890637334581415 8.02097535896914
8.924572612361926 8.019696147389945
8.20246528759584 8.347561549173122
8.031778407922632 8.898013022201022
8.108828468778514 8.522023929337132
8.052995330125636 8.849636856418076
8.015309519721635 8.947944752856724
8.140022485706284 8.361374373979187
8.116330525942727 8.371975604108627
8.868359326562056 8.021034514588953
8.10839678078141 8.567429544701197
8.06696925589343 8.813802014515113
8.617981002897771 8.272368417538683
8.670389235814074 8.108876793823825
8.600975702643934 8.339500148539477
8.038865543531422 8.885074974082201
8.621046280947024 8.244853536654462
8.77741772537114 8.03217270564656
8.066118315328225 8.840032300666236
8.334826869320718 8.347328003062204
8.067464143878729 8.797535490068684
8.682690062492995 8.05140647834513
8.751772849634744 8.032943449066584
8.050920692736609 8.868488573579606
8.516859214363828 8.34583506785026
8.106664097645785 8.750263757561058
8.656373512033356 8.210659620077173
8.169602397434675 8.360887322461966
8.092910654674451 8.779106361101775
8.950988021940574 8.005749388094276
8.024575920198469 8.934166758445334
8.904456721257958 8.020746743885404
8.747094470540365 8.033494085303063
8.625190365523679 8.24128102166389
8.525683184045507 8.345624305042145
8.032325075752823 8.886779619962416
8.104978099031793 8.76838140367304
8.617573585182678 8.326917448416278
8.081346222604793 8.79342626757662
8.667599944643625 8.155440191080817
8.939550572717899 8.017875243768882
8.781272153181916 8.028682776485882
8.8003500803552 8.02723287032849
8.716680325377906 8.036780326153984
8.8597207015367 8.021185744449333
8.019247788022641 8.942588674636557
8.079079633458356 8.794255288146035
8.639532865391812 8.230846783348374
8.108120043993654 8.737370332558708
8.657448253281293 8.191544701297474
8.108411747595865 8.52353094129231
8.450036271652005 8.347253747028269
8.135377277701728 8.370414024348637
8.674560868398258 8.099298640303397
8.680221670570576 8.078176858752004
8.82699346953114 8.022810885499553
8.584728081982982 8.342313288584373
8.65347411243206 8.21959762628251
8.618116574094357 8.25856514613674
8.016398741170848 8.945307654219434
8.042731898974633 8.878857795080624
8.632799645832696 8.23388669284242
8.20238553586997 8.349363506385139
8.678925919009364 8.097214669669704
8.655470381226632 8.21312633094331
8.93264672922075 8.019136705904096
8.660434133296818 8.182568614937647
8.064739497501584 8.840704454864783
8.327206264932041 8.347482929896533
8.133683426159585 8.370866056959136
8.660167375698045 8.190969537913364
8.04099793698969 8.88182217973869
8.10816440585221 8.728417932321067
8.398171800780235 8.347302231573348
8.670003272126026 8.13790111713517
8.942603667292753 8.010867400077139
8.60119052224898 8.339329245018662
8.148202928189058 8.361105329526538
8.621510182426439 8.244483078726093
8.10525208995676 8.766194345020889
8.108002982606441 8.74323080174787
8.519244182261204 8.345670726530708
8.652523783895582 8.221448574739934
8.087036034003575 8.780602249051974
8.198393142508598 8.351670561685287
8.106441819923814 8.76519553282168
8.048837323883042 8.870054826659269
8.691340339774655 8.037220621095075
8.756456385582252 8.032736035807602
8.104102603088752 8.77045178122996
8.01443866134977 8.995512984017457
8.07260895797252 8.795405174715265
8.198535661346531 8.35003204879615
8.095351018216483 8.778604591048824
8.032301753192623 8.89567702629439
8.182921910671743 8.354464352764357
8.601640391679394 8.333362121959825
8.671529309049227 8.099409182324507
8.817083324505385 8.025581321645447
8.668868523588326 8.151314263469025
8.108894912970449 8.412122455453423
8.098113338555006 8.775383071848742
8.970971531652102 8.004395081138416
8.592041875171077 8.340034070089551
8.124359782201935 8.371371704356704
8.05484860221204 8.845086652813617
8.636665778298848 8.23336900435759
8.666134832408597 8.157482417329042
8.014665303521696 8.982179774980164
8.051212346880842 8.854829113945673
8.095210677091101 8.778745743368646
8.648745819940931 8.224812802502429
8.970304460001081 8.005407994040887
8.97294783163763 8.001799133173748
8.670274128404486 8.109581506541938
8.015194410761723 8.975943871459036
8.051159650028287 8.864908438049508
8.02220441407745 8.937593809292608
8.632723682128535 8.234165002237292
8.740024438817152 8.034467714143336
8.041836656469528 8.881409594916585
8.476343770738554 8.347124357952854
8.07461657302283 8.795182024901415
8.628208194290053 8.234645058905233
8.800884398057145 8.02685023715337
8.032671504022037 8.885282713744683
8.051856315021205 8.850513874845422
8.775993070082261 8.032675016141537
8.64004912344111 8.226160425777396
8.625919956493675 8.235238221388602
8.660208109769291 8.184127964292832
8.108945527525451 8.380616089279252
8.032032506248896 8.895847891251897
8.670501448037044 8.101878852101294
8.996551513294927 8.000215952109103
8.066236672583043 8.834274157696957
8.177773787367178 8.359814563454682
8.025662552553568 8.911030247980406
8.937352617794067 8.0185848658187
8.929103597466046 8.019148438414476
8.059647320962664 8.84180263778049
8.730692682631998 8.036775413969682
9.946575978568191 9.356847641092568
9.279591519180867 9.928496322826309
9.96004376121714 9.015541239183607
9.776516011286454 9.404921392652044
9.560960497216394 9.675654931599311
9.593925835690335 9.594491620240351
9.304715963591132 9.76109600203539
9.76927997899246 9.478719954865355
9.292785680890288 9.774702807768305
9.95233508024582 9.08746465161877
9.430891724042755 9.688313121808518
9.229795788451513 9.951788102883429
9.280309320739823 9.815202828530111
9.265406166317765 9.943964960078617
9.78972319463329 9.357711559596103
9.624272884140247 9.515089559089866
9.141841210187952 9.968941746472293
9.769909346487719 9.478320592681706
9.320556744264628 9.69916286091406
9.306420533653554 9.710924815511365
9.633917622705619 9.495933350239726
9.294437448593586 9.770808530674406
9.467261340885402 9.677303574261082
9.780255666598533 9.37718697047045
9.135435793033896 9.985744165285073
9.613136199770626 9.535284473660937
9.950232799329912 9.27967668906842
9.203607594775875 9.956230022534637
9.693171810436793 9.494303328083957
9.607719610317758 9.548505015829477
9.343509688814741 9.694860055351958
9.571721663561643 9.635383298666387
9.769922417597561 9.462331040400354
9.955127561940042 9.060003857012225
9.288791292678548 9.781950483919582
9.178120274241433 9.95904150409952
9.07962856443097 9.995924213513227
9.571942304297238 9.622377961118218
9.304337921069553 9.767466106615787
9.094214363745662 9.992337088877798
9.742007817904948 9.49036846142661
9.713849019519012 9.491176348504075
9.996660151537965 9.000865214172064
9.140829143472555 9.978146838645639
9.951599505906662 9.214877562325068
9.775162217851891 9.438852974662302
9.086255602111352 9.994568584910926
9.820730546089932 9.357436653733252
9.59045097903404 9.599172706864557
9.774811282105162 9.45526944990888
9.961354305984047 9.009477292222279
9.092409378426105 9.99233911588354
9.994157590686255 9.003701487005523
9.356862672893646 9.693605129806729
9.306104519954532 9.721408446705562
9.243438262732152 9.948858455727072
9.952031379186874 9.211735707343033
9.163025761484919 9.967230677396783
9.041723844218085 9.998732074478937
9.154824645400053 9.968823087204674
9.231481153770641 9.948945997881985
9.969604247138362 9.008339288073415
9.771219961264395 9.457099924265743
9.860995109631343 9.356963451865521
9.25652628647085 9.945210940771089
9.9589466896201 9.03249017472424
9.589885383461358 9.617350374793014
9.95001366698714 9.306325671304283
9.407098839879076 9.691461025321248
9.280156469712782 9.855788850218653
9.284429738232882 9.785958930032022
9.068346497103931 9.997362645870034
9.308519449609438 9.710221874496213
9.612044541685675 9.535622272590269
9.326209889554429 9.695592966593338
9.781818869430642 9.358712764740934
9.2775702478811 9.937771279050686
9.167035998697418 9.96459399232673
9.599190104647713 9.563729952337322
9.269351619090434 9.942224917262562
9.758403127633205 9.478878376478361
9.56884767799978 9.671161491805737
9.613593111941167 9.523505882250502
9.577466013337943 9.621073385754928
9.305036850696341 9.72776991524649
9.9512170883569 9.25412142343459
9.624808677390858 9.507422873090372
9.206194881433051 9.953373535559193
9.132292721471902 9.98830569415755
9.538112694419166 9.677183379220873
9.011462248825799 9.998824293998272
9.280473392682195 9.803865671019338
9.451088359817293 9.686252332465767
9.27979622428099 9.878653683672587
9.776905326952303 9.398333425408937
9.279918698387425 9.861211598992513
9.948072899153559 9.307385047747694
9.167662294286819 9.96307885335224
9.975373979162182 9.00716824396556
9.778323191211692 9.390433691188834
9.60580932569089 9.551136534722414
9.116294818510692 9.988644968289115
9.282775965448002 9.797201293632186
9.136102056759386 9.980254343600638
9.959021269396326 9.020854359278246
9.304790370838203 9.736920442621713
9.983351031618923 9.004162838677813
9.698921682034694 9.492582118136616
9.546651298727546 9.67705956317544
9.781383837208054 9.373487039654005
9.111749974180919 9.99169735029137
9.742983677037063 9.485374166600547
9.375207934359478 9.6921751513337
9.227503491121343 9.953253193822286
9.274992134369878 9.93846852091826
9.952326545398904 9.190584080540598
9.108872242736776 9.99216130289999
9.571180735065251 9.66042238004486
9.56947830662553 9.667652907595029
9.457974508114173 9.681706195382565
9.600008131534615 9.551522858335876
9.623028797212962 9.520422547440786
9.170982382719112 9.961247181520633
9.77601092770676 9.43315310498336
9.779756324650544 9.38243064961385
9.958760657394883 9.03760241481003
9.630836983553394 9.502516138759109
9.629750886910903 9.505222759821024
9.59611048724844 9.58983138911863
9.43947164148829 9.687682526444945
9.819120769877735 9.357599162410287
9.09216104033147 9.99301624643207
9.952952794999712 9.075722729504694
9.295416002422533 9.768921881521212
9.95638140562259 9.04450826037291
9.620521474412746 9.52319453184206
9.644791905743244 9.494745665769045
9.592695668356864 9.597532962450975
9.310710668769083 9.70502757259962
9.292185499084198 9.781558849502035
9.172108150837097 9.96065238451
9.430812363334622 9.690031757515493
9.313708772374474 9.700331368204658
9.228172921219954 9.952333737680531
9.734414349579081 9.491094175183326
9.445453693396676 9.68767035832447
9.280225762730574 9.848249786008578
9.901522662289155 9.356943602181257
9.599097677183966 9.585055407606289
9.955582913718256 9.047617081604123
9.954323776611337 9.067367917603939
9.616659113178168 9.523318048643597
9.950177200663001 9.305789819803044
9.781532376592107 9.366142062617
9.595347156419553 9.59151119904091
9.398166535054694 9.691744536577918
9.137616472810958 9.979904389158087
9.963157609778895 9.008909425519954
9.570551336221644 9.665484231860393
9.27965034119409 9.901516754556656
9.36431943335101 9.692984144891362
9.587765924883637 9.620221855891861
9.342093721883764 9.695312400510185
9.775196157656739 9.434170661933157
9.779419200560952 9.388916793528141
9.45311447584437 9.684095847192127
9.012582644382622 9.99877347285869
9.548533322252357 9.676945459876551
9.61056707137076 9.547456312489246
9.17408054176606 9.959215408819507
9.776707870416082 9.40116098015323
9.774685422158125 9.456616890445336
9.789135911184525 9.358597535013592
9.85495089163742 9.357232549077143
9.770829078577574 9.45752228650921
9.695005305901407 9.492695462295647
9.287047061002628 9.784840815279907
9.951134939078308 9.272662452610113
9.951407348363817 9.235524924637641
9.16511463557271 9.96512917375846
9.413991658429541 9.690930654003276
10.672071464984723 10.72142866288828
10.728806751874057 10.423835316681602
10.754670420919519 10.41603303466933
10.177692313520136 10.840143031159728
10.356631740109684 10.81705019557039
10.886870072612668 10.009206205626699
10.60276779526747 10.740350150421184
10.138569862727426 10.943733292007689
10.784570786222474 10.279962036869698
10.535516018873878 10.755028427362289
10.929745612545489 10.007760706273976
10.783592787617188 10.33385355061077
10.673341580042504 10.544869001973256
10.859935302453156 10.025815486685381
10.819245929035084 10.178528663243316
10.581822554785699 10.754208490196936
10.702796601349963 10.54440013906503
10.001673539866731 10.947154284024458
10.710395358788974 10.531600160874579
10.812617162456608 10.225096701425539
10.801410533158641 10.255550686940227
10.724595270867304 10.463013353204381
10.527705413221017 10.758265926404238
10.365767501270916 10.780539377232087
10.863229749197329 10.009343891358162
10.77165186414608 10.342560694292217
10.369399253918512 10.772573095399611
10.819434881011972 10.074096615925535
10.177224261575937 10.875208464749965
10.850663796025996 10.061414316627973
10.213147526025287 10.825566120016024
10.214676313544887 10.822617158810166
10.171640673234606 10.889766957901694
10.403593358424738 10.759608165365764
10.762166150513929 10.396247659692312
10.656897662012303 10.738930682466714
10.123440266673853 10.94432587185148
10.737710381111473 10.418366946092338
10.81663228386826 10.217520108514819
10.171108661391544 10.921939056628498
10.997936501529164 10.006610590479163
10.770517592663355 10.356616680812644
10.007654592461275 10.944696659342357
10.763947655253483 10.359780721303183
10.308542325836985 10.819356708598196
10.963035624189155 10.007091132729578
10.166025954864208 10.925559563903388
10.784051291132538 10.30444600254584
10.750053635407344 10.417078484693597
10.363600217256229 10.780773089975941
10.672322267732296 10.583488388311535
10.198522702407773 10.830044389292867
10.154014738519743 10.933494088062933
10.713637302649618 10.522274967930054
10.857441290269193 10.042396233108711
10.192659303178093 10.837931897401676
10.792515144039989 10.257616014467356
10.762228722905126 10.38545501772845
10.379713913157378 10.767046677841348
10.598982934611254 10.754043056877538
10.471731096878486 10.759263855677487
10.360966612464319 10.789942705561378
10.738271435726315 10.417280136134032
10.199573087666302 10.826822775681727
10.706342948191994 10.542122359361416
10.760179429593192 10.411117812437908
10.239640704360832 10.820329634825766
10.616032560210849 10.739554480005827
10.737309288754414 10.419370338037268
10.84437204177573 10.073191562064155
10.804302951638581 10.23057392333887
10.706900958439238 10.537825599387759
10.801812768796198 10.232350453980503
10.395667237168286 10.763125035186832
10.21395135501825 10.824107001202497
10.66453442327186 10.725110463316176
10.179179733880668 10.838775786643954
10.715676679398323 10.463329699998567
10.672203525842423 10.713735034736946
10.724963904615276 10.427532942528348
10.773278144417535 10.335895918290722
10.800925592913414 10.256826565724232
10.600240127290123 10.753362799149036
10.28176999929745 10.819536357122365
10.482458194447247 10.758451153809336
10.000622831519706 10.981077090206615
10.23838348813432 10.820835049366964
10.061503928562182 10.944574225237327
10.143695732221095 10.943409789444818
10.174386191105269 10.881257481565319
10.714133997789704 10.472451128055194
10.3757932802456 10.767782305533494
10.000532620321726 10.997017280255267
10.859936950203975 10.020900519990464
10.858178529832195 10.027814288773829
10.860991912218195 10.017473266535454
10.857345876886148 10.051302893500253
10.817581518157992 10.181255976673546
10.357335279096596 10.795650135157677
10.199218618283453 10.82905072250757
10.356458747863154 10.817509369327087
10.924813383193019 10.008322092072925
10.89281389606775 10.00872742540011
10.85132255335707 10.053521054669698
10.787148350462616 10.25900594700139
10.163031126066803 10.929262174708345
10.67330485460915 10.581698146908561
10.998588717749609 10.001228704701308
10.751657900225746 10.416899618895009
10.850702628637636 10.058238870548356
10.665837708131447 10.722879580999162
10.849712695169954 10.069684647664308
10.763339206996598 10.373485398003428
10.78432801970094 10.29277873306879
10.15807666190534 10.930032700422071
10.221802947596174 10.821598754236248
10.392060260780479 10.766071787064137
10.72794005285753 10.42733646649534
10.766508454350086 10.357247495437917
10.385320229389963 10.766497869334051
10.658887945647608 10.738330415648473
10.517992430409278 10.758341677964538
10.763310723450706 10.381121240786893
10.073268588407622 10.944411131719741
10.358611603181053 10.794162038720794
10.715131889850042 10.46603202068864
10.362341876394284 10.781118063967382
10.593821662468676 10.754155747835783
10.929235502273716 10.007986246717078
10.996554428253473 10.006955434312573
10.78581099524934 10.271181892220183
10.35675163890699 10.806785158145741
10.177689172253803 10.865534406767686
10.346767182892021 10.819237944704247
10.202426941884031 10.826193294478687
10.145781449698458 10.936245337607756
10.535294023269007 10.75527984407482
10.760184601641992 10.400977341780449
10.680493874474184 10.544660740419847
10.171375042997026 10.899502060248395
10.001504499878132 10.974799688884609
10.791660131896329 10.258687593444408
10.620702392938135 10.73941904262036
10.366029974639666 10.77567896072093
10.66429426821578 10.72925784642731
10.802932824180102 10.23090070795406
10.711332689735011 10.524017329695614
10.819365155635507 10.13405276236966
10.375625684100802 10.769221146024758
10.191191566544159 10.838152360564674
10.714446531390283 10.468222468047156
10.001614081845812 10.9636989018353
10.765209318577924 10.357464356046687
10.734547803701386 10.422687705839808
10.660039299943433 10.731125364996165
10.816914928324143 10.185350542388491
10.861546691390087 10.010867476294994
10.819392213828849 10.081768715988076
10.595108012484877 10.754043538238415
10.728435401025148 10.424747437742116
10.37135251355201 10.769395361913153
10.60956857301312 10.740101618959551
10.805896482641142 10.22831541964575
10.36177467655403 10.783884386983823
10.815581971650602 10.222052890337018
10.366950587597946 10.775473196005846
10.601454323688223 10.743459587581178
10.184961166399574 10.838654216568312
10.190207487021976 10.838231799804968
10.765205968708447 10.357596175373095
10.145280359759443 10.940297597145648
10.315951984228228 10.819341628960416
10.66560009446251 10.724065091470404
10.193297279981195 10.834595341197605
10.802864673379878 10.231565806963335
10.178187611055606 10.839026259160102
10.529271018209945 10.756305177460188
10.796078328281057 10.257180098889329
10.681679158436632 10.544439740055266
10.709490167211388 10.535659302497619
10.294147468063276 10.819428747864677
