0.27601318712335676 0.2830130558992452
0.37637283534270727 0.2160736829965767
0.27356439812017197 0.6400052744609659
0.11395598047447475 0.886727732359089
0.8359201041147784 0.1950264163918688
0.1509661359939679 0.751410293794483
0.9066387986647597 0.0077528254167323896
0.24195034471643473 0.6910182103229892
0.19330436116848804 0.7486719542529684
0.8791539777314364 0.09733947920261521
0.24711586314709533 0.6827417295606558
0.11444456188412055 0.8768347357590995
0.692908582877094 0.20512314544666022
0.29782362212345137 0.2792622155161193
0.012397665411197245 0.9078780742309468
0.5276304842321484 0.20602981210798876
0.1456842345055025 0.7978737836241213
0.14503445481597277 0.8510241650059536
0.41928556701750574 0.20816639641578938
0.3663163326819051 0.23381323064470427
0.8467538508554128 0.13786105320351838
0.20355947007684505 0.7476756856785277
0.882974337913732 0.02501842130294407
0.8451965079971493 0.16011326986552898
0.3246259062988808 0.25755872448085393
0.09141191455155628 0.9033851217747009
0.017111128701469136 0.9052757254117482
0.13716234112170866 0.8530965403022477
0.14788367629696197 0.7765732258866744
0.006533756172763638 0.9660345160380343
0.8417453162823212 0.16076515984647433
0.2741791648750511 0.6255913338152294
0.879166061833473 0.02920827575109286
0.27422131892471524 0.42214387397774733
0.20463865712988005 0.716222146297426
0.8410837254649627 0.16309558412028902
0.8931717739179148 0.0087634250134353
0.27349185157484746 0.6774009592146658
0.9487154049659412 0.006811349073818529
0.32847156223417817 0.2569659170574422
0.7753984994762879 0.2014507394756373
0.13211033327615718 0.8596725528727129
0.8928460410253424 0.019865910497284367
0.783485730166643 0.19542915622095725
0.7267055023548361 0.20491965286952585
0.8459183877746876 0.14790251845360258
0.20524047416830737 0.7104440050866248
0.3362055232077209 0.24364311775722702
0.8639576644288977 0.11232712329560912
0.37080056429921804 0.22840547076214746
0.9798315048864097 0.0016920521922620946
0.2125793667671988 0.7027744145295431
0.3143236359302456 0.271797476717632
0.1074964110849762 0.8931886575463561
0.5097627478837176 0.20789352849503995
0.9543080910181215 0.0044633475788429244
0.3566659767570568 0.23601810092325115
0.8481572047626527 0.12975444514786882
0.12567338969515052 0.8638071476668829
0.8734049199392115 0.10705980170709273
0.12121671023249825 0.8767028489694632
0.009881918755961672 0.9140225057816996
0.2748292277980532 0.29998305578914564
0.32417172090620194 0.2681031618022949
0.963954593109708 0.003055202945919544
0.0040309730429116675 0.9947675977418294
0.1215122221453192 0.876625686477891
0.37568361641588544 0.21890995018330262
0.8365074658500317 0.18615560210329707
0.3434403480575112 0.23664222319545125
0.22535510982223583 0.7021571715564945
0.17399402527401253 0.7491849624884811
0.3807317524569379 0.21128687659263135
0.07160564051027962 0.903609264454931
0.011652290587986225 0.9108132697395902
0.27062926369246143 0.6804273254256203
0.8772249994241357 0.09765618549833432
0.12448026596802997 0.8743520294097697
0.8368826208254362 0.1824449966142353
0.3122041497070617 0.2758926801109225
0.8548306296992974 0.12938922225815608
0.9281332224521881 0.00718818521637643
0.8582533479408881 0.12249756897457165
0.1533903124889635 0.7504894248749723
0.3924255017398516 0.20967007064094112
0.3348164573928195 0.2445261172588442
0.21007175813708867 0.7094221146003491
0.9605420108535802 0.004263636728977338
0.00960667024238937 0.9204424998451183
0.5165886787804158 0.2061377812466343
0.09798640589905638 0.9012734218826461
0.3695591762062961 0.23005101649761495
0.27440026500166503 0.3252997193718068
0.7723277571119828 0.2020068792937315
0.8744659409284329 0.10497525219155246
0.004318091639282651 0.9665240758241527
0.20376388476071572 0.7472576958083919
0.9530651569717188 0.005191369499934817
0.3209056989886454 0.2685567168691906
0.0436019660047231 0.9043118042890773
0.8605499248168038 0.11547522088018791
0.12260948031268093 0.8755928547370811
0.7508756162528394 0.2038464696139035
0.13548743356251614 0.8564319129063116
0.8595437654855196 0.11837061364068746
0.372928121098697 0.22124099317784973
0.5970976384566705 0.2059464900389294
0.33610360737460077 0.24369146930663743
0.2740503240741571 0.625888313503609
0.03988645814782199 0.9049564286731973
0.3181902516460021 0.2687458394266632
0.16914828718954888 0.7501701037533278
0.757393202816516 0.20341705135352506
0.33171199953413155 0.25007163486518635
0.00849679720998009 0.965759917366995
0.6188177473768744 0.20527412663967348
0.7806844960317738 0.19951235893598163
0.8739556853692082 0.10534499520581919
0.9672213466683885 0.002275427864420587
0.12752436979475656 0.8605818146502883
0.10336956524062202 0.8966169426916097
0.8676366018593179 0.11210161392826623
0.016681360502644682 0.9061814437536262
0.36842411474236303 0.23068582265733495
0.19269024623341058 0.7491194038439927
0.3301307617933319 0.25152499765234426
0.8563239599802905 0.12787551737360003
0.24268459622299288 0.6832827334726173
0.8373591585240506 0.17069573077926525
0.23005405530063194 0.6930014791798166
0.90860713829757 0.007665622823968543
0.27499929149520386 0.29611835849506907
0.015095665922197576 0.9062462924797153
0.7750665307708019 0.2018301640661827
0.8708961432420551 0.11141680087639727
0.36836355691099265 0.23366276484373816
0.7413556854876203 0.20412780357867044
0.3124112854850013 0.27273221933360337
0.8844805183022123 0.02038599142752484
0.767839469584101 0.2026749511690854
0.14824634758483513 0.7748614605578144
0.3338938263355612 0.24569795196147437
0.2898340003922243 0.2795915473000963
0.41830949794007033 0.2085015503463531
0.19269171958017206 0.7491077977450168
0.014112161521217748 0.9073087670095309
0.002924292987550592 0.9973061058690047
0.8574283445878089 0.12254119585177048
0.3368285965855754 0.23831557162315553
0.9527832599709314 0.006031949196116715
0.8369236129841392 0.18027919048699148
0.7581356787924107 0.20320929835958124
0.9374093165208586 0.00689730244034048
0.256565272610198 0.682732919976985
0.6096469579976711 0.20561731653402704
0.150866105292491 0.7739334980219492
0.8928649926563245 0.010264842249427586
0.1469397371210689 0.7958918185656609
0.9713576872260227 0.0020816567154170462
0.24122077566214029 0.6912906466374193
0.16916690355851194 0.7494926643254222
0.2650022530522187 0.6812745332279523
0.7749539903128325 0.2018420029153789
0.8638337236821655 0.11444214116923312
0.3364990751307555 0.23990561332675087
0.10057603843695206 0.9011455924210413
0.27433524890969485 0.402870378725142
0.3145349442692357 0.268800329619565
0.9636715610923873 0.0034288714889747496
0.3051027135617932 0.2776494612077961
0.14545181115262384 0.8257430504904191
0.20418462691260453 0.7267271301144067
0.39661001079722913 0.20901214687605296
0.11260341442389044 0.892109981509393
0.8390740032584854 0.16682338372508332
0.5954727191351056 0.2059624923846164
0.22906855059863562 0.6975325650192656
0.09562199520585613 0.901591113800156
0.24236326192365532 0.6898537546278231
0.8587033446625758 0.11847115486867843
0.816986604876691 0.19519128595239454
0.10241161521711706 0.897929513685554
0.6002851361732665 0.20575958267205086
0.6094714580946554 0.2057549727716731
0.35842089492522977 0.2354601417426324
0.24012755950333398 0.6919409498665907
0.27422041516293283 0.5914012981054335
0.7770141938353604 0.20089819627659977
0.00887641674352857 0.9644604144703941
0.7537959868996847 0.2035868350900647
0.13816789507589533 0.8519720396059641
0.3736782606118063 0.21895142370346332
0.9172251006114022 0.007322029160090171
0.9036140072287541 0.008227948336032354
0.8717033585201455 0.10993038223190832
0.2995559029242171 0.27894564814184564
0.88038008014095 0.02562331552132746
0.39047948299818935 0.2101302827865128
0.05488516178472269 0.9037304793024054
0.7721415619050833 0.2021295826722399
0.6131053660698917 0.20540806760711527
0.04151129574437673 0.9045565414096357
0.2838023166758521 0.28146672878799495
0.11388651231523272 0.8898585527604715
0.08552619526832683 0.9034191882126706
0.2808045045824126 0.28204473224014215
0.913083475398346 0.007610135020583053
0.987627352550677 4.647275803068007E-4
0.2886385514513615 0.2807492831242965
0.22915905256811098 0.6962837217213402
0.39026622528210564 0.21036596250788142
0.32199825427122464 0.2681597299253269
0.3650613238051139 0.23531357692678034
0.3828541952547053 0.2109289231611824
0.0813337270805945 0.9036065751662353
0.3569289428590444 0.23571556149324624
0.7823627738098337 0.19719782002934438
0.21114098889953026 0.7092833725980812
0.35634054871656995 0.23616674536976323
0.8462533659328595 0.14149620472439828
0.2976161329838428 0.2793582202115231
0.00891256216220393 0.9281431369804969
0.9901738481397888 2.933240725050412E-4
0.24049585877616952 0.691894786818061
0.1530915974751217 0.7506031677415095
0.43414596945287154 0.2081098636581613
0.37054795094538806 0.2296832979400737
0.010093215049460036 0.9111283179951354
0.00923671350511146 0.9278224033332112
0.8033791735504422 0.19537439090402065
0.6161353494000105 0.20532673617245956
0.25989878385468557 0.681990279041496
0.20147749147433258 0.7485557565885624
0.1141954344655659 0.8856268262420008
0.5135523088255678 0.20647548646824554
0.12459750377476997 0.8685453208617655
0.21154256508657165 0.7030334289408665
0.32867877073001106 0.25536831186022024
0.8400193829782076 0.16663314335360446
0.1037842647421453 0.8934281734301496
0.3330453913528918 0.24738468874253472
0.20386165030583758 0.7387270281507242
0.951706078585896 0.006543699905126488
0.2441950155524778 0.6832289450256667
0.12348983665572022 0.8746896917968668
0.871709764469254 0.10834311211182435
0.2414487404755309 0.6912271328829671
0.22955388068049765 0.6932001019305373
0.8086574116117718 0.1953632548497013
0.1476961264671829 0.7900755614068037
0.3792188241200587 0.21220630316469624
0.27372279140882705 0.6327591902727158
0.14566079636264595 0.80732248687712
0.11435741508128361 0.8815603409229881
0.09334389333407611 0.9032827133472221
0.3244993942251473 0.2581345274038903
0.46064202890718453 0.20796812883748794
0.764412643475381 0.20300153397114784
0.1509293715441704 0.7639335767292201
0.8599391949033609 0.11647514531869896
0.002207251584078085 0.997684936125147
0.8716948453026425 0.11120626920626042
0.5161177068919661 0.2062570502652219
0.2753035324345051 0.2863136836535448
0.8759778593354899 0.09951672948168155
0.6430132895397621 0.20516425207841837
0.35390254986030645 0.23630413662012406
0.8723537061287528 0.10794186572969888
0.0042841123185434205 0.9842842178673695
0.5607139814514013 0.2059896832951983
0.28298272467705576 0.28181128572721104
0.7056332456735133 0.20504885296549158
0.2982755298790808 0.2792489136071815
0.2274571975718711 0.6978206662394192
0.8027717506366893 0.1954110367083155
0.12534999453214857 0.8650185860897116
0.32900987243097735 0.2550180738272849
0.9154828559415956 0.007390119059074052
0.3023536267420406 0.27815546464248375
0.22665811898760424 0.7001684123679724
0.16734812512320407 0.7503580542293324
0.27681916953309216 0.2824603732541675
0.37732334694883196 0.21240350950127163
0.2738244864311855 0.6279455977678968
0.30568712659710273 0.27721272469859726
0.4142744924171343 0.20854516276734902
0.22091787171546162 0.7022596320574721
0.11224560181771326 0.8928334425424435
0.7311789581489846 0.20420284803957645
0.015090935498969782 0.9066693670240745
0.8941694097421645 0.008300256069656564
0.39842269887972226 0.20871126979697885
0.20389623479868235 0.7354369212523904
0.8832009896390195 0.023056454732464204
0.2810868074415469 0.2818572295809413
0.39884052038465656 0.20861003465236305
0.8370507483803434 0.172170516289764
0.0034958449084235843 0.9956175574577968
0.6779550264025714 0.20514542605762742
0.7809118204480554 0.1974771660096557
0.27354382800951416 0.650807946602662
0.8792914454320384 0.025978206846803964
0.15128849017820278 0.7511363387366854
0.0941248954301439 0.9016431202316008
0.8753008183847529 0.102593826432119
0.7658232269324193 0.20281170542927174
0.1587785521912881 0.7503739738401098
0.8747503111898094 0.10302679356939504
0.987124811829161 8.810651060277008E-4
0.326675326964044 0.2572463077685878
0.8462522233895281 0.14368871813051387
0.8468164347189786 0.130636183991925
0.21875556105234162 0.7022862867688496
0.15088929571496124 0.7708109026889564
0.2315608548579171 0.6919620416874325
0.2743878548201466 0.36086123996320263
0.7278715429951291 0.2045965557737155
0.150915756184955 0.7660067926384929
0.3056437536483436 0.2772793720900827
0.8454391608854191 0.15433410800391945
0.7807842220388598 0.19853571277933957
0.8379671658006351 0.16763652102785498
0.014990699349604175 0.9071569182225759
0.27458433097615753 0.30826713287962093
0.057653898279677485 0.9036252595892906
0.1258725943263117 0.8618466835430284
0.0433005123359661 0.9044651630622143
0.20298399117463684 0.7479793405942344
0.23132065626854392 0.6923159958794222
0.27080992381374414 0.6789136666160234
0.14346953319835654 0.8517253045913841
0.9694231750778609 0.0021321380780683352
0.7693106212357405 0.20239456471696338
0.8328604305972941 0.1950668725477086
1.0097426714547386 1.4913752688495756
1.9506634600714428 1.3013069336008047
1.6192584134460923 1.4697751283280271
1.625163003065515 1.3413253776380913
1.6380038743944467 1.317792390565419
1.0060831888066653 1.5708816962598149
1.9735250161786746 1.2477792708541307
1.6211934089404507 1.398569898173911
1.0538650334755248 1.477563567928878
1.8131679553434275 1.3065590261366875
1.9796021092159204 1.155808128732918
1.8107189411047688 1.3092154647196521
1.6139408551760515 1.4765748952948325
1.7814131396862616 1.3128669964481328
1.9797619099070733 1.0142526064034805
1.6209844551735904 1.4610058200223035
1.9527211782460376 1.2735968104241937
1.6372545606679831 1.3289512370907823
1.1574194995945164 1.4775082382982891
1.040659838616583 1.4852074726327125
1.7559614876831815 1.314213558056621
1.7420864196807342 1.3158800179559302
1.00271776143981 1.758710599024155
1.0022525432178637 1.831317364880133
1.025266390824046 1.4899975802039123
1.9942815590207208 1.003186823492779
1.5754743564008817 1.4773949310601302
1.007953921515775 1.5285493107710417
1.7273806274212946 1.3164789671841812
1.0084902958511788 1.5250171634303644
1.97650021739379 1.2100010290097898
1.9937297774049076 1.0140593684640884
1.9612432636902364 1.263419935542713
1.6250838984351308 1.35493586650464
1.8251319162540018 1.3048756697687536
1.7610505753323573 1.313741457719372
1.9796372049616817 1.1424733828195897
1.8407303821991121 1.3021621518508204
1.9772908446463255 1.204906741512544
1.623465890989738 1.3731926892859683
1.0050973597514021 1.6472247442066457
1.953068032789746 1.2709450129094613
1.0014514957383716 1.978905391482884
1.002720257778968 1.6797425158225667
1.9982592528520313 1.0018792350531898
1.9761271676030046 1.2125825846451153
1.584071805019889 1.4771433656078798
1.6290789431251387 1.3387917843867223
1.0265269683255944 1.4852296699758
1.974976021174483 1.2351795649980017
1.9523391839066786 1.2783018685441068
1.900061784750548 1.3016122478002452
1.784045003163313 1.3105456104252435
1.9776417255598528 1.1902539719125689
1.00155375964101 1.8515500658222281
1.0096269663919406 1.5024329013217779
1.0048688668309906 1.6663561485326428
1.9532403130156437 1.2691004578888931
1.7083774033783006 1.3168060466328315
1.9706373582425005 1.2524313322403695
1.0062444342587944 1.5628817668209138
1.0014567096547489 1.8567812357644504
1.7341693048841231 1.3162428954756211
1.0052730688224925 1.5995040922948496
1.8226574810647702 1.3062262933123512
1.0097179186322864 1.49681132482162
1.0059060769321249 1.5968309263675846
1.0088405886922347 1.5121292665110588
1.7970514062451144 1.3098015448936728
1.9640127876263442 1.2541050688179323
1.0060792636581977 1.5947989383975671
1.6367701028673296 1.3368167531957864
1.933330656712896 1.3014876017536925
1.7673032374131226 1.313226876990821
1.1835428251535545 1.4774324631127098
1.970195133094781 1.2535747800344421
1.0117044530941637 1.4902837889542528
1.9717526355515873 1.2489634557024059
1.8348265016446934 1.3022735121086366
1.8346553295633103 1.3039151898113133
1.375770901753898 1.4774053596372085
1.0039782122708603 1.6694321297119221
1.951856272530763 1.279444168663348
1.951281696228497 1.2884620342107203
1.978661977871955 1.160856699170083
1.000930870346897 1.996833712838875
1.7457481274923063 1.3146147506007881
1.6196332170759788 1.466525697716854
1.6231111078826195 1.3894283099129021
1.0441109819277163 1.4849296682784732
1.0522061401898286 1.4843705023264508
1.782554334750802 1.312303768497657
1.9773176636474208 1.1951998504207106
1.6666046429520365 1.3177155556506195
1.732747499292283 1.3164144370290178
1.613981831634652 1.4733106465056336
1.0025495146824916 1.778649686322255
1.005213368687941 1.6079865931419581
1.9937592348324944 1.0058485902815306
1.9533564385227828 1.2668264004000114
1.0073263464839841 1.5364684147245251
1.8225348678824602 1.3065214287335123
1.0077314081576987 1.5327732328666892
1.6834994157133163 1.317114035931048
1.0485813269372062 1.4846104382876057
1.621062610891701 1.4190585177142496
1.0255374002908308 1.4859246433025985
1.963753691720177 1.254488957803352
1.0057389409236235 1.5982499268378878
1.9226524786945591 1.30155913634382
1.6316283823566191 1.337355775612282
1.0175289266478924 1.4900962413573058
1.9986095816876046 1.0018451553926286
1.9587969604460775 1.266421421257703
1.884930743360469 1.3017091009116575
1.0522643057397207 1.4834763918506928
1.0070256610928512 1.5488826616624014
1.0025427118396157 1.824888493287442
1.776475003116882 1.3129514079248112
1.9605910709115988 1.2652432926278585
1.006453493156377 1.5544965470715648
1.6374717865357562 1.3187197441890837
1.9263713179142363 1.3015075264519052
1.0093636610790762 1.5042370923450865
1.9735436454366186 1.2433395199065842
1.7657161806187385 1.313599577730328
1.7895209380913042 1.3099728290348047
1.6217614929203619 1.393883484934476
1.591480887218633 1.476668664299913
1.0015720856211368 1.8343177554338959
1.0000404034295154 1.9994735089056532
1.961890866484671 1.25487418414585
1.0042317788791195 1.6688412582273702
1.8477793139990855 1.3020599450918606
1.9421585496662692 1.3014040113723109
1.3144124600099636 1.4774122369237448
1.9933857178358414 1.0141640457045242
1.9796432716549837 1.0858525051447914
1.575645887420339 1.4771487808620063
1.9778410445007637 1.170340186279229
1.9465211559692928 1.3013433612199412
1.025415773515828 1.4889622173567734
1.7455956914416282 1.3153336614515772
1.6372085433994248 1.3355703811040611
1.975983081899558 1.2206357220217336
1.6139693663221744 1.4739045855619914
1.0089471465803417 1.5094912429865275
1.6238893153818923 1.3581633020895678
1.0012506377789328 1.9842674585102507
1.7612731958933743 1.3136532236757663
1.636519719803252 1.337234128183349
1.6314442844002528 1.338755832974897
1.6024759239802602 1.4766124707889294
1.6196728188772915 1.4650510462266497
1.623677207478588 1.366667029853276
1.1605254643816565 1.4774882224389412
1.9614975273506559 1.2602543852601675
1.7659895397617444 1.3134617053257265
1.0036018598540322 1.6734582507094966
1.9791326840840475 1.1600135824416125
1.97515631205843 1.2214902040838345
1.9979180807632486 1.0031604579575828
1.7322387215794077 1.316419776623615
1.7830214371664383 1.311146369019554
1.9784520368983338 1.1665108425012096
1.9509849179142023 1.2896003453905855
1.9742691515694046 1.239247296339905
1.857279799049493 1.301963699915764
1.001506123246454 1.8552604207225194
1.62385087426377 1.360298657921524
1.7136703399802893 1.3165042238112283
1.6798823990249643 1.3172283844417132
1.139555232047723 1.4775619992064546
1.9036352445616864 1.3015902820252014
1.6188556034267352 1.4700004710347576
1.0021876084947396 1.8336214490512872
1.8810063609614645 1.3017849918475841
1.795151700237843 1.3098920011187292
1.0050973336764581 1.6542546785961179
1.8086596319257504 1.3094410869548998
1.951917072881818 1.2792931432173744
1.0087281706035807 1.5216946735513273
1.0263777248744181 1.4856468813584867
1.6379653741747586 1.3180228706774422
1.9796935614457776 1.0470672836542416
1.8227437961864705 1.3058498552532776
1.700666583431658 1.3171107042329493
1.6718808265632594 1.3175928760853821
1.588131989429205 1.4768834697006525
1.006550799493056 1.5534901308865856
1.9776774808970072 1.1763239044752587
1.6150725597536777 1.4731707591089034
1.6260209842883442 1.3403414294191465
1.9981470305043112 1.0029274684641503
1.618475366378345 1.473142478336313
1.9765754627460228 1.2078884333484328
1.9585459204736835 1.2667643414597105
1.8709671915716506 1.3018561583393313
1.1405430636543472 1.477523864301062
1.007059850810484 1.5479811850564582
1.7037140355929346 1.316944735370222
1.0022452286022294 1.8328977438523935
1.0078024387833642 1.5304135586883196
1.009222797220781 1.5052832438274295
1.9697090914189972 1.2536389169292539
1.8297467630123208 1.3041204912992683
1.4382948556364266 1.4773987752802482
1.7517646376503515 1.314527912895755
1.0052024608096228 1.6172062502913505
1.972299959157433 1.2488479674838244
1.9794714910142002 1.1566345043514992
1.0525341732871036 1.4816022890764284
1.993769224439104 1.0054004578014082
1.7609837671302304 1.3141421500577317
1.9797257763296212 1.0192561755133807
1.6244045424861016 1.3551629247973827
1.6206591061562996 1.4639126606750206
1.80627532838023 1.3096980725814165
1.9992454470190228 1.0004762071917865
1.9777653060720275 1.1704071493836015
1.8122412744481275 1.3087639292229478
1.642234839478359 1.317754986712435
1.007071129443878 1.538349603085126
1.9745476120018886 1.238908165136912
1.8953079280321532 1.3016320331556086
1.003209166888832 1.6779727672042184
1.0010395507687977 1.9883028252069677
1.734397010777796 1.3158844299349646
1.8254375177050588 1.3046268263026648
1.6256063220569419 1.3410511206847295
1.6773482707034426 1.3173873890038477
1.95085439355358 1.2958625014937022
1.6225475463162424 1.389509836347231
1.0049317760525442 1.665092672768079
1.9785543621491877 1.1610455552518135
1.6698804572079298 1.3176299706188965
1.9050478826878918 1.3015846535114364
1.9133830266806244 1.3015789857673297
1.8229946086532507 1.3050656056737029
1.978377131716416 1.1673961226593164
1.8124034045754294 1.3069343595471978
1.9635070366997476 1.2545711171053298
1.6211473609849505 1.406448842187067
1.5856769923835694 1.4771140819902628
1.002612865340207 1.7726582997662692
1.9750168378682063 1.2219365359125858
1.621911009468358 1.3915357138733255
1.973989629805844 1.2427902457138618
1.637329174326668 1.3208036984117622
1.0102508260744476 1.4908236613722097
1.049169284816423 1.484421606767976
1.0060840651577814 1.5697048589481044
1.623309961116903 1.3773312715613923
1.6365879720570513 1.336987157338696
1.6206060679713818 1.4644962593825928
1.0069177543006598 1.552021241509037
1.9714121143905305 1.2506229670933247
1.048713886430314 1.4844871806324234
1.9529584678470275 1.2720444372283022
1.9761149325451597 1.2197710875836383
1.9513569844041794 1.279528820165205
1.827813354502696 1.3042382167068993
1.6217298440743806 1.3981763953508812
1.9716776425757874 1.249500642211846
1.0525695635143164 1.4781713231580713
1.00434538075508 1.668756594391244
1.0063631059178766 1.5627108748069938
1.0036076666631688 1.6700017298203935
1.6233510219379905 1.375356604079533
1.974652850792204 1.2365340173746477
1.978260099923324 1.1692915416783611
1.743508722096192 1.3156028047741837
1.6213260854791645 1.3982173668200835
1.66814126874388 1.3177154095479295
1.0025482907325638 1.8195428125819126
1.7039577325982245 1.3169073751699147
1.8065883791793143 1.309508347396279
1.004982489417477 1.6623319795233966
1.9529419249035782 1.272500631925368
1.0041421581086363 1.668993834177656
1.959309233355961 1.2653572898027021
1.6739120215084355 1.317394838590408
1.6372815915198746 1.3230570478400816
1.0032719751293044 1.6741395997161155
1.62341980936253 1.373515636226436
1.0095864940939776 1.5033077565989967
1.6270522770226892 1.339040573078894
1.979672932095871 1.0761660673469686
1.001570954730393 1.8464226443135234
1.971619353252064 1.24976809606022
1.0536430151171137 1.478099826377258
1.2698971165192767 1.4774153495060842
1.934206771140079 1.3014334105284435
1.7884883945173673 1.310363619807478
1.9740524751074218 1.2422965822317131
1.7130080516377246 1.3166401941211145
1.9724721238195948 1.2481570880802635
1.001403391938808 1.9814026498524573
1.0037565825511643 1.6697007768997771
1.9773140656881132 1.202609559041171
1.002393852264826 1.8309514226783532
1.6232506577227228 1.3809668364187584
1.952927442694198 1.2733419159411739
1.7828990061339152 1.31230356240086
1.620995341806564 1.429853779914637
1.0031802343535654 1.678469498042865
1.7117087009663972 1.3167361287861108
1.0523632743656948 1.4832032340475685
1.0078645700870557 1.5293959923478717
1.0009576073267368 1.9954758283726493
1.6733056218852953 1.3174881808300858
1.0083400234913547 1.5283854586988406
1.0073933787821696 1.5346339600909422
1.0524323576187535 1.4819634441116232
1.606561887146876 1.476575370338393
1.8343724827198837 1.3039563781321182
1.9620272050357355 1.2548182890903734
1.8697516942153816 1.3019105090742837
1.8054910976580594 1.309753952714334
1.554973305098741 1.4773967334060312
1.7206131006448153 1.3164828878180375
1.595073834327116 1.4766317072876738
1.6242226287184447 1.3552828659440328
1.2199978077986169 1.4774316309260371
1.993732118845538 1.0132221323878314
1.0697101422405344 1.4775634140453595
1.810319694499857 1.3094222599704535
1.9508674828104067 1.2920364231113315
1.014154383339155 1.490283658799206
1.961648742799083 1.259882870536984
1.8578271113746676 1.3019624669367102
1.6237244450510482 1.3620687369136917
1.9617977996007003 1.2566495146423946
1.6251184705557207 1.3545439707191367
2.169633269527847 2.444987203199586
2.251999800611311 2.2582938642566477
2.1617116128255627 2.8862976034163483
2.7163121607870027 2.171956712683038
2.352784835016319 2.1964870210376333
2.9088323266799914 2.1558122574066476
2.1557637688090265 2.9023145690522343
2.3213304235136114 2.247751315449419
2.32357059863819 2.201070044196995
2.824055596864065 2.1568609651734127
2.099060397707197 2.984113174148588
2.5676509425863765 2.1904154930242363
2.2103956461494123 2.3462336163622957
2.9504166075786844 2.097572638708533
2.9584474036873942 2.0179621610025302
2.2507306492476804 2.3013443316469417
2.0525111454313945 2.9920644848773335
2.9495176523356825 2.1334475798934
2.970578313394585 2.014483262560525
2.129705102753398 2.9399026242116073
2.2320217973284544 2.3258515179632218
2.070247776651997 2.984517274308224
2.709744812721154 2.1792351808646044
2.1726811113683793 2.4251266600752874
2.3225039155597904 2.230662977991119
2.134403619931919 2.912701306579989
2.936823904970896 2.148661470004954
2.95748370056576 2.05317508320796
2.041219293100986 2.9951456514437425
2.6060714383233305 2.181635506538477
2.795076925389242 2.1602238353973124
2.2005339526758476 2.35528797669196
2.3963455286649484 2.1939583812622745
2.5411478902289306 2.191254432348668
2.3446036230236817 2.2002400974336327
2.200223221559714 2.42163756014503
2.1659511335898616 2.584739321893617
2.1208454785764133 2.9773702152325154
2.162456748874404 2.7362667940055143
2.79597618972629 2.159216518222853
2.210015969254623 2.3472740222889854
2.252048230929623 2.256332778620647
2.1982387085635033 2.424923688892101
2.166053089308819 2.493893766266341
2.973122139199314 2.007848638007721
2.8660529040020384 2.1564473121374172
2.957330440122484 2.087962947949565
2.1654897507968287 2.600826602840641
2.9452192403696524 2.1392393355489476
2.276025470164039 2.2551454440330927
2.0609565007873574 2.986118626422562
2.764958049365489 2.1703079355895176
2.1556981034493172 2.9073820958776313
2.2845801462798816 2.2511728655763052
2.5959650357042547 2.187013257356037
2.431993098766566 2.1928410675044576
2.9864258515626765 2.0043443566631884
2.214227985421977 2.335971895570769
2.2843179620211695 2.2513650932530185
2.600863469075827 2.1837472621718454
2.9075076508509494 2.156184725683823
2.3959644294621496 2.195222632631879
2.165028460435131 2.6720442959571247
2.93900633221792 2.1405001267052204
2.5430930656878594 2.1912149335903943
2.162176150871386 2.7690644656325127
2.224151392571588 2.331843471129864
2.484334620510649 2.1919550437260416
2.1258693847392287 2.9771311148618467
2.924800012234368 2.1534712330678936
2.2900639387316652 2.249050690333697
2.766070289570667 2.161917463581272
2.2388100430378035 2.3067141351461147
2.129479402314515 2.9590878955720075
2.2329654161477754 2.3091746155221493
2.0152722925293904 2.998910911943037
2.103571840231302 2.9795092371538425
2.322785474131418 2.2065619125083087
2.4365834892126443 2.192459876137033
2.24513214001965 2.3042005606162057
2.2140756605889873 2.3444124418461163
2.1450567149193365 2.9093975943583716
2.1650874827544877 2.6654129734417573
2.1626954787447263 2.72209098161886
2.164624512932712 2.707586964052992
2.5041126657657755 2.1916936709496437
2.1307196954517122 2.9132905574480277
2.166036614868915 2.516127250439728
2.2246968324923424 2.3306102424161397
2.471322192313228 2.1921720702741982
2.161974325355894 2.857624541240538
2.0442049008639165 2.9936683527475325
2.083494618588907 2.984351329419922
2.909976912337733 2.153493817987494
2.1969028276751126 2.4249988182572344
2.201432444326253 2.35131212441869
2.1638088156905946 2.719379125645863
2.2948736463846884 2.248036999380084
2.170391908955195 2.427268639503322
2.9914655324354182 2.0010278082797965
2.168198018734103 2.479556726594998
2.233693751909057 2.3084244340087694
2.1014352572805244 2.9817706707937632
2.9500652389994615 2.1254004946977263
2.3551542424731116 2.195693667944912
2.167147734459075 2.4856674033484984
2.2172383951803982 2.3353797371625147
2.7813071245695262 2.1608836944453715
2.251033755085085 2.2873857004896
2.2243824719642715 2.3317133512205626
2.5918249565754583 2.188023530918658
2.6436279623813954 2.180715728048641
2.1658201197591964 2.599765505489202
2.964403455471966 2.0177911043072037
2.3463348849948957 2.1997407244851326
2.0154508655597607 2.9960342971132063
2.236737674085774 2.307042468423186
2.504669501944596 2.1914089750803307
2.169732187306162 2.430604126857535
2.9793254499862725 2.0057241777347743
2.9696952151763547 2.0169136063075244
2.7131695700983807 2.176733157058781
2.166811387106927 2.487502884761698
2.9724925375729483 2.011796201423941
2.5935789240227622 2.188008671221523
2.1583796351048528 2.890480318567235
2.045460897197969 2.9934652962654935
2.796914312901226 2.1585138169514853
2.1154991388710265 2.9794708417317217
2.200566948473969 2.3520410281116653
2.7152009085931037 2.1750644649579565
2.1349688308588473 2.9118528619877853
2.5981978991930332 2.185450609346313
2.772071194189889 2.1614683259221508
2.7430945488820644 2.170810273117042
2.938290250111254 2.146014886455287
2.231166129587491 2.3287511254446738
2.1594536216626166 2.88993693327476
2.9705866256744375 2.0142899305469673
2.1621351138520177 2.8135784817508895
2.0217878508450813 2.9959951228759234
2.9565594842863945 2.0935162295873457
2.198690337279881 2.4223042946335207
2.654628990419733 2.1804172501835013
2.7074808430176756 2.180059564931112
2.168505191536508 2.4501815599675973
2.422421770580254 2.1932589843463908
2.9285956322558206 2.1516400608170394
2.0559691426246154 2.9880419545547166
2.9495756164112246 2.130715394115851
2.416338423395252 2.1937478057783406
2.165324822423419 2.614749970128055
2.20422800428652 2.350920870988172
2.9502925186308815 2.1030916132797604
2.1650156998485577 2.6970798783498933
2.6206037689784223 2.1809537292969416
2.3227639919386043 2.2093546529482064
2.949707969713569 2.127046674607586
2.968400542971879 2.0170679976286165
2.855374887203533 2.1566339855987118
2.5763330170382783 2.189774563786262
2.2004726767920415 2.3949127665884737
2.167904156576274 2.4846455618352974
2.321668246693854 2.235661155314564
2.1029139760624513 2.9814041382341303
2.8180353958501008 2.158356978046284
2.0691943749187454 2.98561208732054
2.9507827143415413 2.0963925488659925
2.0459470831086484 2.9920758354400587
2.1294062133169973 2.9595901573912755
2.153829854317783 2.908479778593749
2.9457882343658133 2.1385425073390554
2.13040431830988 2.9209451585101496
2.1640339393224646 2.71770968135893
2.430505444206751 2.1929210148923013
2.97066599890471 2.0123870050845087
2.8888182615552473 2.156267067435862
2.9582292402915265 2.040824659592357
2.156159914148968 2.898392044456545
2.0269011150420035 2.995487266247027
2.878052653133631 2.1563650481365055
2.156862679899797 2.8979465000064946
2.2557081035410067 2.2551924673890875
2.1615748143763684 2.8893552873807353
2.1658599336038185 2.5960019516599773
2.2614419448215433 2.2551518865613587
2.932285935026456 2.1515990198601753
2.421680506969836 2.193516905066805
2.5898565924104404 2.189283383452711
2.294705468151796 2.248393284616436
2.2527446812025964 2.2556386553946917
2.711560719411705 2.1791770888329953
2.2792556393166725 2.2538543328641394
2.5912275995034664 2.188182068276036
2.4249740086844276 2.1930207946407583
2.2838884061203233 2.253246865420986
2.9725218612118143 2.011164790290873
2.164996886316973 2.6999998933994958
2.908385160800853 2.1560609651527383
2.1297138193656258 2.9297983771710694
2.320651187116018 2.247974744048912
2.1682108218189526 2.4769487737816034
2.252308270434545 2.2556919801411133
2.2511164113597495 2.279477820035833
2.1292708628707526 2.9705429263959973
2.2323402334689266 2.3210411660406285
2.9578793670080357 2.0467322464844124
2.1399435938428333 2.9109983847938037
2.2282080705235137 2.3304960651674405
2.950512323719164 2.096514075603385
2.057424780284135 2.9871102238469573
2.1274963738618466 2.9770162931056285
2.251752462218702 2.2587602095197683
2.1034337118556654 2.9807472065472664
2.3226451297314656 2.2173618759251332
2.485790374680995 2.1919311397244607
2.3219446533605277 2.23217348910479
2.9740834922753736 2.0073205065875923
2.555067117809186 2.190784033789333
2.9501290480504916 2.104458148707736
2.058452889798143 2.9866065553286494
2.2218678832277576 2.335264567502399
2.2228200581134487 2.332494340396634
2.1476101386036985 2.9093638634174503
2.3428068060711897 2.200247005589923
2.1644201613812886 2.7091649867455123
2.003153338883843 2.999052512873707
2.1982408265941067 2.424234085311321
2.2871389161040394 2.2505904158681824
2.1289993834235856 2.9712046049552865
2.129943242256539 2.9278120730382557
2.9564266269956376 2.0957332806814044
2.790262860466694 2.1606038989509964
2.165235133052982 2.6640529255586385
2.9971581035752126 2.000059891751994
2.9795405261320145 2.005663936244682
2.8209066022851133 2.1579347701903813
2.1277722501858665 2.973725406676071
2.056047562324134 2.987310580437689
2.9656011581456236 2.0177035787423128
2.928424961980681 2.1528245852821923
2.7358971963878784 2.171527183461128
2.34948355447797 2.1992355101174796
2.2517131061731686 2.2632876955035135
2.162343189346336 2.7598035253122544
2.054745948317748 2.9916956881272188
2.994053803505276 2.0006167778659756
2.731174002710615 2.171948332267857
2.1228034016434547 2.9773092303655093
2.1717032641999308 2.4252071662255066
2.165360718225699 2.6142461093500295
2.1659679246706234 2.5524784775323646
2.251675304127796 2.2747561766511772
2.665625386274347 2.1802233022105755
2.1645456789868205 2.7082118394808763
2.0701736530817625 2.9846998387542034
2.936390063428885 2.149962059702631
2.3520971209164356 2.1976361436511813
2.16502351572022 2.6827287837685883
2.1162352335984584 2.9783802263238366
2.9361176333427412 2.1513521595158607
2.9568977421096054 2.0912127371560745
2.9383218536048794 2.14564438331021
2.9493873381505527 2.137165146231374
2.1420862264202816 2.909476459052497
2.1683446310246586 2.4632841888250474
2.4791124297724396 2.192054699603173
2.1492228436233605 2.90871447246339
2.1662179497085323 2.491778396691012
2.8656544546182117 2.1564624502897853
2.603233576547837 2.1836594945928294
2.2392892952294914 2.306680615839853
2.349789228878328 2.1988350423178717
2.4988110307092355 2.191713974416277
2.2298306402982693 2.329212607866226
2.3220177358659484 2.230672823336125
2.241879850054211 2.3059810066287216
2.164091999657468 2.7105872752699223
2.1574944147809045 2.893057630739294
2.1654150526420906 2.602946747358522
2.9422857735325936 2.1400532135978234
2.594843736711627 2.1875811318757785
2.7536215509925466 2.170808009535392
2.2490465945932163 2.3023062377832084
2.1694555559890976 2.4481508080169374
2.0553355160341296 2.9898937438677686
2.9477142336241036 2.1378480249422616
2.1640685928176726 2.7109036886666766
2.7088301489467135 2.179975310236366
2.435085737180324 2.1928110095636226
2.1683555600462863 2.4533699857501903
2.6189316594778465 2.181242550080749
2.775736472966649 2.1610731068590727
2.1634486043472525 2.722014545457013
2.1354119560543423 2.911545888226855
2.3267935170991354 2.2003527893557284
2.927354866335154 2.15333083526221
2.3568370500654314 2.195301058518467
2.765082384840781 2.1641974528525756
2.1620538203930115 2.819387642498732
2.242536593491885 2.3054463815259907
2.161793413136239 2.86060591915588
2.1009814921541503 2.9821074676507386
2.423260264653887 2.1932530870258713
2.630941277995767 2.1808534747960593
2.988547356398645 2.001837940902985
2.2114846179250587 2.3459799377596826
2.157148738124384 2.8978832221124393
2.206285207117871 2.348578006006645
2.5893536382831224 2.189352828108595
2.100134361858842 2.9834126191827313
2.251306009488056 2.275721129697322
2.585672748007422 2.1897359076358796
2.2004758536031592 2.3932446267301373
2.277157538103142 2.254112852693362
2.318225535778308 2.2480191812906956
2.3525905192663514 2.197511855366578
2.6183093817987606 2.181623009613629
2.586302020932555 2.18938865256004
2.17015845136278 2.42833682174399
2.972950941599423 2.0102596268864867
2.9573743298114157 2.075039267136482
2.161765960215983 2.880968203287769
2.170212161253259 2.4281520515105273
2.2323627730649838 2.314589653241283
2.983380502635626 2.004371756752898
2.2507852394762384 2.291905160029912
2.208257218631193 2.3474144313889616
2.571414865044485 2.1901667072147486
2.773465505124479 2.1614320080637137
2.3219370101537824 2.2348055948142465
2.1659075841538207 2.595189548498933
2.200358746388808 2.39650752363375
3.9650394869447414 3.863943047307219
3.780197261162394 3.990117500567049
3.996149528822648 3.0120370049792333
3.393153118040556 3.999928130383174
3.990148300447605 3.218497696049633
3.970500876662426 3.4369379790466885
3.934809881142281 3.8864671545312173
3.652062440947356 3.9927739055708007
3.9706760483195973 3.274327840140759
3.795243288169001 3.9426185503574143
3.8398589332347903 3.935171411148007
3.8811080932476507 3.896931942251313
3.7912181098604716 3.958538903270484
3.9658970122099757 3.8125632021277163
3.9895553220022615 3.259435691519904
3.6223158259217225 3.9930935455967287
3.9909969327830828 3.1727862478147095
3.884005818247265 3.8908539358087424
3.6188810538650085 3.9945324468246994
3.5414427876586334 3.994659393327817
3.5059534516463287 3.9963182766768925
3.969410793743256 3.6126959503456026
3.991434739964091 3.062220397047407
3.970187870391404 3.550471249588518
3.8657075457339882 3.9050915106745183
3.416525965609243 3.9976805657777357
3.863759991620927 3.934956608960119
3.9644120348378338 3.8742796728409137
3.9910040983346304 3.160087062063104
3.6847421264308116 3.991395135486463
3.8640898956205945 3.926404389885719
3.814828577824348 3.9412449722829983
3.971330823621412 3.271117865704944
3.658488283087572 3.9918173301752713
3.986328583074155 3.2699158020243213
3.9687048322641245 3.6517547119417104
3.968598597715394 3.775558561577265
3.994417774200495 3.039786638502805
3.958286049847556 3.8833360417129787
3.993855836527704 3.0527751760321826
3.9968445724592474 3.002433118888748
3.798592943638074 3.94163890817547
3.7068483525696547 3.990909611341949
3.9532363175833773 3.8835587243924845
3.4685648960928455 3.9965896967793144
3.8474096492362113 3.935162332456958
3.789413238498942 3.9636615811317655
3.7844390120406803 3.9828163213509935
3.878378971805046 3.8982424750210494
3.535968924849298 3.995178635108914
3.9622048311299616 3.876455789307699
3.8386420915664616 3.937711766628748
3.9049876602555056 3.887742908641121
3.9929812878337416 3.0620719548481627
3.8938344546150816 3.8883438619499007
3.991155442286451 3.093799490939147
3.873448840394165 3.901740726615613
3.793936935123792 3.9578032968910564
3.9689004774531824 3.618500906451313
3.8823073264154035 3.891612720954443
3.9903434375320064 3.18085004968221
3.9675000042284285 3.800684333354805
3.621422482260272 3.994302170390725
3.7159229834745124 3.990172311186205
3.785295371478694 3.977096137514795
3.8357205822992793 3.939980155711867
3.99110205182565 3.122381671689575
3.3948208872376213 3.999843736502924
3.9945710110436243 3.0264050940362583
3.7897397834317377 3.9605342586736794
3.979840862827646 3.2709032520090036
3.7870705014626695 3.9695624607509075
3.9701052650437654 3.5510369324974773
3.970420073469814 3.4891345412424686
3.484439386504783 3.996589262490877
3.786464665612254 3.9705313927063575
3.463162274308935 3.997529886420121
3.753934478739783 3.990123833134177
3.9642487762111043 3.875952199349215
3.621866883598777 3.9938266288454156
3.964718460352712 3.8740605866534437
3.968027702016621 3.7763008256024833
3.9960673767717756 3.019445318867948
3.938562450802603 3.8835890235983173
3.9338902181999154 3.8868135559654204
3.8655477158515983 3.906120425825451
3.9265323137265313 3.886888857123333
3.970391156946752 3.510720353993746
3.782719374612482 3.986633066061259
3.4054875019399136 3.998461316928945
3.9898498214393134 3.228367510707098
3.7804022870568557 3.9898440027381032
3.986694043608829 3.2651680054221597
3.9699271040213615 3.5868950078288004
3.594738785480594 3.994570889015617
3.9078027205308263 3.887673437371087
3.7821218411588067 3.9879426150706023
3.8646494148638943 3.906395366392371
3.996829764554004 3.007384678239011
3.965177710325984 3.8331630549140447
3.991317591349398 3.086374615159946
3.8628790089486267 3.9350865713632923
3.9679594008683963 3.7770395915606434
3.883972439493853 3.8912630745251686
3.9939423815543287 3.050763829753353
3.9592501661541037 3.8820076543972686
3.651919391333302 3.9927956696651523
3.794013346287571 3.956643656908171
3.8686892570048053 3.9018185971793775
3.4023617986557584 3.9986678789896963
3.5222138393865556 3.995978809307119
3.8921014872273827 3.8897394178446856
3.511503161521507 3.9960030050198085
3.408405511931871 3.997821203408985
3.705048736054467 3.9912415107890142
3.82731612410066 3.940011274118568
3.9705320887163142 3.3754954078289936
3.428799524326805 3.9975987910396173
3.7899377710001136 3.9597254879393344
3.786236740428085 3.9751744729227703
3.994460053904665 3.0344336772868292
3.990008538605638 3.2256023958711806
3.7892625873861174 3.969389808785748
3.959596687192752 3.8818561596373398
3.970573997382088 3.354750480427996
3.0784156294887923 3.999940396251061
3.6614197410013927 3.9917999825337587
3.965036012504228 3.8641006290404047
3.89180248097773 3.889805940940458
3.9935827270841284 3.0581353793767496
3.9704953747770757 3.4484368915171357
3.965158153006577 3.860780989408434
3.9105598732746674 3.8874629223121184
3.9977568984419625 3.002217446430421
3.864429927392027 3.9152390971734654
3.8178553171987577 3.940712070704212
3.9911530682997394 3.1043950884651
3.7918894128582052 3.9584970826190853
3.989248672883791 3.262721677310752
3.785916742806438 3.976434710117621
3.984527423884946 3.2699691500659136
3.969642133313339 3.5894488046758886
3.9910718320195055 3.122456188882031
3.708235078964546 3.990414439067968
3.795318212329613 3.942595276773848
3.966069182831203 3.8083398252336087
3.969333353197968 3.6143444253248083
3.8999293634805876 3.8880711666583823
3.798653829143983 3.941486317066195
3.968804608807582 3.635113742703692
3.5466782800425327 3.994603995716278
3.8865218408515716 3.8900392509693824
3.9701912632865346 3.5223447008016446
3.619813503316495 3.99444839606528
3.035819818580724 3.999989585967258
3.9936310670547086 3.0568566871691916
3.875211447772784 3.9016843039734512
3.9944117112827615 3.0478089468861387
3.7980925963457124 3.941939349972151
3.965231818304586 3.817397271236884
3.7861683168318088 3.9757212707291907
3.893466046490917 3.888685148288171
3.996078736507487 3.0156805071371005
3.7949221252511665 3.9449246822192543
3.9706755250897476 3.350603975944711
3.969980600804086 3.55885786682555
3.826578218574469 3.9402495369198323
3.5249130363773062 3.9957447033121136
3.64855178513419 3.9928998585646878
3.975873049404879 3.2710683821924658
3.3994059756133455 3.9998045969612672
3.8798076094718406 3.8981040567367664
3.9898207873308436 3.2483741006540736
3.7853263152902255 3.976733542043117
3.9676213483785077 3.77823209049782
3.8031828394654124 3.941331009450657
3.933250809416443 3.8868401267694987
3.7895558819724338 3.9610242118328287
3.875718833732945 3.8999629276354995
3.656554108280235 3.9920980445767738
3.7894051272608404 3.9647548683684275
3.6811413788799805 3.9915974116708375
3.9913786550912382 3.0652746823441404
3.962979968773437 3.876051121745988
3.965883403647478 3.8142825588989995
3.9874698928899064 3.263398445786794
3.061065522912172 3.9999730158499056
3.965190098904401 3.819624193186755
3.463998497366488 3.9973815930421246
3.794261908622941 3.9519941599380592
3.8643509137653873 3.917205108524567
3.9910266186827035 3.126274261773493
3.9688281054512826 3.621884034563636
3.7018894808081573 3.9913453289255028
3.6278624092476184 3.9930505150209537
3.9901903900099542 3.218051764346973
3.836236549454847 3.9379041535695207
3.8661126796308944 3.90331360424574
3.969567275439745 3.5952875195128815
3.9963678713093764 3.007925393943265
3.9686531147999426 3.728339944927242
3.9597360567333846 3.8799820119280253
3.9823711096867593 3.2707408038904835
3.664218722928203 3.9917213555798425
3.8388324633912876 3.936261172914256
3.9945784700282196 3.024498814936265
3.910890456513137 3.887391853580996
3.9647221531789443 3.8647866055048548
3.990239855182095 3.1956003974807956
3.968567887322258 3.775836966813423
3.9275142757308665 3.8868716314191682
3.9945088345396966 3.032071446749428
3.992217227114668 3.062185765408141
3.967053147325982 3.8077208943256804
3.781885201220314 3.9887022046365135
3.8664098492662977 3.9026693361684646
3.968629924612851 3.729511335083298
3.452974539495127 3.9975885717006423
3.912446582384471 3.887357781140953
3.538288612488264 3.9947154263592797
3.916129768060494 3.887288271941078
3.8644857218839066 3.914167777260711
3.852866424774356 3.935158331686246
3.924201963079302 3.887043039379904
3.971282550643119 3.2714829602376403
3.9986548292322617 3.001582998614439
3.9950246097844673 3.0207177903308455
3.9359092365837514 3.8856459144356843
3.881968757434252 3.8967540174761037
3.968697534819049 3.725358852066371
3.9931954146084703 3.05818536482862
3.8256253181768924 3.9402668805541956
3.8181187440160547 3.940540009297046
3.783943708994878 3.9840728908474663
3.9384172437228417 3.8837222093209434
3.5286354176096646 3.9956476554534297
3.5026209779098183 3.9964162164927184
3.3995110400819937 3.9987807872179757
3.790614038252281 3.9586366906909616
3.783348211074034 3.98477097184632
3.8638184703428067 3.9283856661104317
3.988041109719065 3.2627347634042656
3.797410581019948 3.9421839483229295
3.9651896647194493 3.832778781552193
3.424839985036039 3.9976537690133496
3.9896758704809874 3.248980249161257
3.9902183046754223 3.2116012911007923
3.7944065352645477 3.9457915556400813
3.926495487442283 3.887023269365796
3.7840187538215866 3.9839345839036215
3.9693099167236046 3.6147948613072836
3.970420789692682 3.4850586091862876
3.7108026712991187 3.990395779835029
3.4035318393220435 3.998497249365834
3.872244267151833 3.901764297948113
3.4133419494717763 3.9977067385015426
3.994782980481189 3.0244220819863754
3.908780083246545 3.8876633275874966
3.7830374691647917 3.984890922771442
3.784517194180432 3.98084873462067
3.996037167645265 3.0197649582360873
3.7852865947086873 3.978305839815902
3.794401957823878 3.950465662355948
3.9603830523708705 3.879264780524381
3.7818305636594878 3.9896399063662606
3.6540067947395385 3.992615909489056
3.8821278278579605 3.8927639646657517
3.8782682517548586 3.898443711994589
3.8820858785242534 3.894745945365276
3.838999088677813 3.9356342348181474
3.794016786545725 3.955922097587969
3.9033341812137654 3.888043043370522
3.0780319634634186 3.9999513334835415
3.87842032922915 3.89815778196081
3.5337553544782203 3.995374806914806
3.0883018990726927 3.9999376734128784
3.9700859930289805 3.558536875859714
3.8860315417324216 3.8906266674394057
3.991356482496753 3.073382898549058
3.6464436194267034 3.9929614649563
3.511187851733781 3.996220374833979
3.990552693934845 3.179800510930237
3.576953532267997 3.9946011874636715
3.7934724153565895 3.958171455444737
3.986549171770851 3.269297160148229
3.867586451138303 3.902488839671295
3.8642788065158307 3.921923164032184
3.969955486640463 3.5675182420261375
3.815125832829695 3.940908520322935
3.7863290790369373 3.972881545387699
3.6869092343614813 3.991375647668247
3.9379092878721975 3.8849844650950347
3.231234505070392 3.9999282339189324
3.9618020113093846 3.877400417753499
3.4969208677129613 3.996545904272312
3.9675993961253937 3.792145007259749
3.467583298751139 3.9972965959730606
3.9197073189267333 3.887118391444605
3.8776248837765066 3.899871713283483
3.890149845646484 3.889984709721285
3.875282771996964 3.9015800308177813
3.8753885101248526 3.901159363284179
3.967521158746703 3.7950672269366184
3.986861203269757 3.264474897848086
3.962065466799392 3.87650065605406
3.784726021713797 3.979584992232221
3.9687920642192123 3.6444013007244087
3.9678770449188674 3.7779557997723696
3.864160446081998 3.9232162822152565
3.892782337538123 3.8893209201574086
3.7880452389587007 3.969448799057405
3.836045828318339 3.938454725774143
3.9698753346400153 3.5892743892168033
3.9686121116090174 3.752459192747511
3.9912241207075416 3.091527222570913
3.9038765904450363 3.8880106669042913
3.9675154052507398 3.800676125989833
3.995014967386159 3.0214546080015237
3.79053396136496 3.9587980401865464
3.989947413392717 3.2272337575418035
3.935657553661267 3.885923065940405
3.997303436429137 3.0023645109632593
3.892126972490269 3.8896893522648965
3.7967709388116906 3.942212003602383
3.9611717916321614 3.8788384097382766
3.712198438660239 3.9902412127475793
3.505920804407232 3.996359841128803
3.6610375762392318 3.9918166858437996
3.792348752939267 3.9582045775709584
3.970203081912051 3.5156844568556975
3.8008835877012013 3.9414075462219667
3.786894508116993 3.969801045720753
3.990787293595679 3.178372022324712
4.42151073185334 4.766264190945185
4.306140939296284 4.76984468108169
4.598251687492083 4.546797900927253
4.62912884027524 4.094115853946621
4.685619175501412 4.0911628119903565
4.511250721293415 4.707999026630764
4.185260357205205 4.949921789635628
4.7363097851502065 4.038611277983775
4.281966097082509 4.8660629250200005
4.613087788767023 4.491462437437493
4.070955467765075 4.9667929861840525
4.626938418161494 4.2984572474868346
4.855475998153719 4.006535251854549
4.066744456342791 4.985148589360316
4.477609315850865 4.731159175791719
4.575924435503367 4.579532868955273
4.522845665967135 4.600970297825173
4.187403139424058 4.911897955922214
4.190358834062366 4.875321559621846
4.657480321477673 4.092955016994944
4.618847576819622 4.405966780392929
4.4238374700453775 4.7320469334550985
4.554979647306382 4.5945316338433875
4.849172199377531 4.0219954446351505
4.519951624110846 4.665116847146969
4.292132915857248 4.781874203416286
4.693150757092599 4.0439998691313725
4.628097837455318 4.11006541413881
4.9100060739301625 4.001924711172555
4.571408186215416 4.584870252326061
4.1969322164272 4.873972472844875
4.000204569495516 4.989489402024818
4.615748870992711 4.4731214485247754
4.233497643368863 4.869579090730454
4.611453662376887 4.509943375550987
4.49296171242613 4.722428270637556
4.79260778630311 4.022563820770278
4.0521674510774215 4.986834892953805
4.743950780069923 4.023737257375205
4.283853467465914 4.851714063167766
4.596029396326277 4.553378394518929
4.28570659148175 4.810397517269404
4.902415297580889 4.0037916439459025
4.188046939107542 4.879993383474526
4.625982808622625 4.404859412177884
4.1297473278492385 4.959218317434561
4.089598045098436 4.966316697769269
4.51613472764245 4.684794368118158
4.15408762814656 4.950816709584356
4.557839841254195 4.589028011051406
4.135803861581084 4.956535392646522
4.5124479053264075 4.6975516266168755
4.373718388548097 4.769377108485273
4.489984417758311 4.722786803386871
4.225244582040797 4.872725689214189
4.288929547631662 4.785780388256648
4.627688743944513 4.26206716886877
4.422018526563573 4.7540937506867795
4.1873517907748425 4.934889718788591
4.617267599533524 4.4704744745186185
4.62778887849192 4.174203211557894
4.594018561728999 4.56378979058085
4.855085703091503 4.009460864808526
4.605143327935511 4.524134413668634
4.466623602217903 4.7320044270314465
4.255372296677016 4.867656444390307
4.110906040488874 4.965356515621996
4.54661542691225 4.596839065260014
4.299468396674713 4.776798352675052
4.533530306457485 4.597823382404967
4.127777541143067 4.96066566343135
4.3060356882185244 4.771883388798636
4.509654662710503 4.711070234574516
4.8871160295322 4.005128578280544
4.508871274354677 4.716888377908072
4.286973784188223 4.806485943828866
4.62644827382395 4.337815389774602
4.069392054346162 4.977136385947721
4.0703118729933205 4.9680540063469145
4.885499527614306 4.005978362630436
4.067985573332283 4.980241379331158
4.215954834034012 4.873678825448303
4.412096809846579 4.766924302582892
4.686662760387472 4.060490984532013
4.618476612393914 4.439851950141412
4.294342814408181 4.779711091418515
4.611243873763762 4.513240890529507
4.586437272969156 4.5674265656437
4.038542248595915 4.989420223417926
4.692338327889113 4.051542939698785
4.059007770727351 4.985610055407669
4.582106228235694 4.571209721319801
4.603718185429117 4.527498458941771
4.285221527683041 4.827267672457351
4.770700671270785 4.0236708490718724
4.609088908619544 4.516225924290481
4.039222159185794 4.986911989828344
4.568974600428076 4.58884837492485
4.60253378345753 4.5290704191378195
4.407146658348002 4.769352881426307
4.1316609557663755 4.957437531947896
4.659098003875814 4.091590375868371
4.52002689565852 4.636921753220666
4.8549651968617376 4.0196293566978945
4.57665650069823 4.573295268681705
4.592847888498746 4.567146719018566
4.735846065712691 4.040404863021841
4.2964316522372785 4.778870205124944
4.13959267535033 4.955354573955575
4.110930144552739 4.964669634424423
4.600949462512699 4.536715941791353
4.416124356538406 4.766650412512173
4.515281469965659 4.693319869076273
4.145639518735663 4.95508637067975
4.737416937963896 4.0251219062831725
4.6278488007058804 4.164499676704346
4.832792171735218 4.022426214390024
4.304008869282218 4.775764931103692
4.185743128758846 4.935961997175178
4.692388059309719 4.049971444250815
4.288293812983702 4.7898067213097475
4.124566815240546 4.963945653619144
4.237460430773027 4.8692721793520555
4.069734494986451 4.977012215047599
4.524116136875699 4.600839537361348
4.0001121477096175 4.997843113138459
4.703527789723977 4.041094558491682
4.50438461982584 4.719093778595604
4.962853979321952 4.001058331203213
4.506407588785121 4.718785794644828
4.219698404356606 4.873668496827411
4.520707818707757 4.629760325738481
4.6140276285044965 4.4818292076589055
4.5001788827994265 4.721178349653788
4.274173877954054 4.867214595538164
4.484952279732927 4.722895402412992
4.773244155337151 4.023435769816698
4.422522273207305 4.73275831445545
4.513741241751344 4.694491188596084
4.193735053108103 4.874516008944572
4.145848507168987 4.953077335673031
4.9527334958232885 4.001789623179247
4.571288208519618 4.586053818353395
4.226654978697024 4.869868715753011
4.5180885209013475 4.6832536518790056
4.510852995639334 4.708153147968902
4.855520628030548 4.006513796982442
4.655172953929989 4.093746242051321
4.74215358292419 4.0238409336617975
4.290207473897942 4.7835464323966415
4.137662821548118 4.956015351965478
4.189908923158487 4.8753876962560945
4.960156799639362 4.0010614473014945
4.60917576913873 4.515823093178572
4.521749789884387 4.6235736499178985
4.572052486811938 4.582682211277397
4.898917431768975 4.004808930385169
4.020071721926978 4.989481534182504
4.483180307003914 4.727192532919222
4.597940873740443 4.549738377115636
4.569299468592838 4.588386757934579
4.612489470276712 4.505157906443724
4.996102370074874 4.00035592215759
4.070069296699102 4.971298531597245
4.557610842064506 4.594025906418096
4.480012019842909 4.729371122231516
4.618025990950092 4.444626942054874
4.599505855463243 4.541844842021711
4.4109938811493645 4.769266086231609
4.529136710322228 4.5985683377525275
4.6282299778321 4.0996057277199975
4.574203770127142 4.581405184115497
4.723832567048031 4.04102483700529
4.288156115882793 4.8036626879135165
4.354277546305314 4.769736571029727
4.522694120195134 4.619285567077614
4.627694187261158 4.243468519803836
4.901905870464656 4.003879683527165
4.6125352118144445 4.503065304408194
4.4682056413416325 4.7317261218108335
4.627752955070539 4.179798171455259
4.626040206577678 4.343203273118722
4.108422174511362 4.965648439597021
4.6861706522973545 4.071923501749148
4.732544616061002 4.04092354746159
4.501841384152546 4.720980534663655
4.595196588308139 4.559002297368669
4.586308322890908 4.569470123274568
4.687658140227398 4.057383149743735
4.5181895081010275 4.677875333174623
4.972002967473895 4.000775668098791
4.6147703244768925 4.47983539615537
4.695410635440025 4.04306537679516
4.186812045320817 4.935514859501126
4.29413428557464 4.781086554915302
4.691135385204701 4.054212030410983
4.990546892954523 4.000452809876628
4.069093371307567 4.979834012741805
4.495691106682156 4.722394484646474
4.896987964484045 4.004863760813245
4.286493641940995 4.810077176928524
4.5272731556332895 4.600395858321704
4.603449441763143 4.528290592083294
4.5104943729898475 4.709869986064536
4.544052486899672 4.597359800185385
4.304600061147301 4.775737539286386
4.516128834305712 4.692256219448515
4.85175430598396 4.020805090673464
4.736693729567957 4.030175343773271
4.279157336796928 4.866704033042975
4.599235144242157 4.541862760866583
4.177266906963056 4.950571562606929
4.104686354237633 4.966209280537575
4.595277354016184 4.553564201617059
4.42156200146625 4.762744100748272
4.737357328535108 4.028941929659878
4.618729287273747 4.436780902065125
4.997640462737319 4.000126955404894
4.188028645564057 4.88858443864021
4.994044311560436 4.000399502920557
4.180737809747628 4.95015408183874
4.483799682300004 4.726191609503365
4.153623950958005 4.952323329251982
4.285658348513596 4.826463856996427
4.600034192803305 4.537691511425881
4.627406735020492 4.294969398627099
4.775477227094578 4.023037951650793
4.474395611582077 4.731580465262392
4.596790142341247 4.553168924821277
4.9754596261901005 4.000598489549873
4.282649379665031 4.852389963218819
4.8545949504241275 4.0201466417105785
4.241233623178275 4.868340140392431
4.284710648819899 4.831158897696886
4.626959787686503 4.29844527078623
4.283911424672538 4.834077907861597
4.322795736170845 4.769813892545899
4.539564162980583 4.597732968920458
4.522416235057315 4.6222558925886466
4.4223360782665395 4.749833347137571
4.000152590416378 4.997514305300429
4.602835453567004 4.528350536484995
4.5945137160196605 4.561858131745919
4.287285353407558 4.804161824164491
4.580028253195353 4.571851836653196
4.699837651010106 4.043058158104204
4.120124500167117 4.96428150743183
4.053979926774523 4.986165343014357
4.3679846982150465 4.769540696927563
4.144620294030151 4.955330018959367
4.625987345733657 4.38662352819455
4.518898524343163 4.671612545167732
4.6135255263888375 4.488758815107254
4.540535757569611 4.597652186142545
4.6288451099178225 4.09783430000631
4.4845216617538695 4.723082884377497
4.512670056082923 4.696019664668583
4.555899069493149 4.59424623085356
4.617851165862293 4.449962832520539
4.422504539821761 4.743624870332498
4.228164764039486 4.869589593765734
4.599654138590051 4.54184092226397
4.549065018779493 4.5948352241909864
4.618732369258019 4.436194309475571
4.227156040324332 4.869804155106253
4.758049205085596 4.0237144483585645
4.701576545811119 4.041690427056653
4.618843677143326 4.421462633662625
4.87924363221255 4.006430507614567
4.692577053579406 4.044625599243302
4.2824912865778595 4.862149972527228
4.688589486678175 4.054894927646157
4.607828741051272 4.519882647937681
4.576367610362079 4.578508730350185
4.520173524829096 4.629890740635913
4.625020186779286 4.405352629892846
4.195511724805663 4.874463295795602
4.8502158777161775 4.021810905003173
4.612837403860308 4.5006613960531965
4.23239643603925 4.869579542599911
4.855047689964441 4.010846016362206
4.62755090814906 4.286784645995898
4.904070069489702 4.0037225665764655
4.618662894301875 4.43737209024133
4.42205806913496 4.751228936106549
4.839077934912252 4.022215366613775
4.245843539542227 4.86801612809984
4.665312435231458 4.0912953144059685
4.953145852857118 4.001248951864326
4.651452964320807 4.094051028972891
4.692267202970513 4.052971622442475
4.282550467052363 4.861349396672196
4.5198808030629225 4.666486118692866
4.546794817667634 4.595969226678121
4.509082962994111 4.714664898708609
4.254087411363514 4.867901576120216
4.685876502932545 4.080514700449541
4.057301868357769 4.9860061452053515
4.876040660004327 4.00644656717161
4.070112669799796 4.969651409237024
4.282100588340557 4.8660596160071385
4.514416933949432 4.694072532247602
4.518762843709608 4.6725119468112695
4.627615133999497 4.27470194378989
4.596907962138739 4.551158719948175
4.62861952448111 4.097862796015301
4.739690238171771 4.024883053752381
4.519339385618512 4.669316477506351
4.289652851736332 4.784111490101271
4.153372564506022 4.952934949594453
4.6148007827666335 4.478079098216025
4.6639924600847396 4.091383718093079
4.17473466616686 4.9506037738471145
4.067620596650669 4.98241520622963
4.67449347970143 4.0912841709981675
4.277441161091435 4.867102168145902
4.195292221333739 4.874473842426433
4.931086266091833 4.001859571113988
4.373390775955661 4.769533427706006
4.286884572662566 4.806494106480327
4.235365276592498 4.869538821792609
4.069960552312439 4.972391131643265
4.126444965412045 4.962513795064725
4.610357062794513 4.514544973129033
4.73719995085586 4.029506197724403
4.686389750256432 4.066760091301215
4.909077052324313 4.0026612998149815
4.185458850539426 4.944187687967666
4.521724078043557 4.6283798689959115
4.685866392854824 4.085954674196874
4.627750862156007 4.236783487150559
4.598678177254122 4.542631084508302
4.240824636536588 4.869242920550845
5.094085015947377 5.8226396062960735
5.518650106496464 5.490938488990762
5.41723556947411 5.508697304965607
5.607727162479787 5.052095213866686
5.520189380954447 5.21004825127494
5.203545142306782 5.522906210512659
5.102078026340454 5.68408727541226
5.099037766668277 5.720453305866251
5.6444392296964505 5.0339752508445805
5.722977176270999 5.02452839089722
5.140022264501072 5.540063794954012
5.750946903672977 5.017599243150958
5.598597361465664 5.0991441818244345
5.563143961201946 5.173835267521994
5.039609192417985 5.963704233428924
5.779127731962976 5.005902055948294
5.263486474139101 5.515615201880646
5.668739381464355 5.026001300927613
5.459325324101746 5.492100926104428
5.042743943199084 5.938179931317288
5.441531162648892 5.501841012002907
5.045995170417558 5.899481711470051
5.037386057373484 5.984669500102629
5.009532212474488 5.995051186057694
5.261306041210951 5.521167819550374
5.060645215798497 5.823547453426602
5.159876878874932 5.534344210365586
5.021551455953206 5.98776205405826
5.989477911802178 5.002363533117169
5.330953333612189 5.508762300952848
5.058046312597279 5.897350087586643
5.1878173964026395 5.5277342647223415
5.608600796711022 5.035160250670921
5.591452428078436 5.1445989997024055
5.4351214073704694 5.502857556061889
5.816748810444773 5.005086847559791
5.995515037798625 5.001079970104385
5.585301420106578 5.152958138313447
5.098839209262842 5.783785535484758
5.2799647134803465 5.509122461172679
5.103431720844182 5.6818690026033805
5.138291637528965 5.640838037689082
5.120939391593229 5.659973565899051
5.0953809160499555 5.790445526416945
5.555163558905799 5.197307487091673
5.598808524983751 5.079659612765101
5.058986058792188 5.882219713994672
5.115233632877868 5.6781860647492906
5.594686753138194 5.105944530689008
5.183967399777385 5.532938602592462
5.9316288172013705 5.004421638346383
5.578026863373607 5.165337603517638
5.73404815089667 5.022351935784223
5.037643327551263 5.973201252244673
5.6045560364689475 5.052676803207189
5.045262277188727 5.908004852890654
5.043951548189309 5.91494863106346
5.5508995961208925 5.204064548771753
5.021359151805084 5.991295621478729
5.763146110559431 5.010527057452887
5.598704716787343 5.0939975978883885
5.095182222475081 5.813401785633044
5.150452926822286 5.5370508325373375
5.0990868881019855 5.685886022399568
5.954278748081555 5.004247773847734
5.519065579821843 5.310630060236498
5.100001060409469 5.684941410234252
5.1268728132787365 5.656663054915684
5.648306979723103 5.0335057809889605
5.661964790010337 5.032051506211896
5.5828147046700085 5.154255881344389
5.113743364188574 5.679855368138281
5.583165417702841 5.153251187980831
5.829928468469402 5.004782528739973
5.68980175063531 5.025040191922016
5.557062798274198 5.182493238843387
5.604171567197534 5.060247939783941
5.775493857375498 5.01009158322298
5.127506645132631 5.6471139716565615
5.029154386927958 5.986543519442169
5.213429041387922 5.521635474747659
5.5750531591225325 5.169890425121866
5.2534826570279725 5.521592522053348
5.047660465729921 5.898191932317745
5.009499101155812 5.997556936334851
5.544305924669365 5.204876001697775
5.127895734499464 5.646049906164148
5.528095326246817 5.205948217849951
5.550952655767758 5.198157614683449
5.265579211523445 5.511410329872012
5.448293603126151 5.492522760427256
5.117435221660984 5.674217705954684
5.518994776333489 5.355233226344379
5.098969713214851 5.747235155809019
5.119723022626017 5.664153291832951
5.591504710168022 5.126925105619262
5.31685937660324 5.509106271705464
5.040907847493343 5.9618085272792545
5.265494959194461 5.515234119467943
5.7576088626536155 5.011457890341727
5.58229029851941 5.158153842223239
5.968016668003251 5.003878574715827
5.599406872143986 5.06030327450055
5.0036351905411465 5.999536177957931
5.9722986350081175 5.0029922685147605
5.572571693346185 5.171774705909941
5.104588250409689 5.680615653382534
5.098330747108785 5.786177128137048
5.582272914030634 5.164095531788552
5.6620036451117235 5.030969428173396
5.190218690267783 5.526510469117784
5.521801009090711 5.207853527746215
5.736292861106766 5.019615640032338
5.041313467078873 5.950023866936959
5.130658000492043 5.6409727342374385
5.4757225191308985 5.49200457906955
5.836061991921095 5.0044831902886475
5.13968294623402 5.603616817318527
5.095222399242138 5.800329925044082
5.709893999720471 5.0250049774639365
5.276860722019524 5.510817627181151
5.044317908405232 5.9085700871375595
5.710994088092738 5.024838280331276
5.037508443457415 5.973526985554712
5.429865202178547 5.503931154715019
5.4235105061651305 5.5064052049856
5.5992088536396265 5.079632222966538
5.536476348058486 5.205760124657688
5.434588867849372 5.503206842371619
5.518672941503235 5.379982781843227
5.140501664679608 5.537192375468273
5.504264656259507 5.491513709495485
5.0474711171719475 5.898458115835159
5.563011940867646 5.178128341837394
5.591622691201664 5.123006133219714
5.576286462522056 5.165882585080373
5.729299950022241 5.023679005082322
5.6805114677380795 5.025492122664771
5.042003504560867 5.938448930850066
5.154186732639368 5.534753737492395
5.162644723150914 5.53418340741999
5.206714551381616 5.521784570944993
5.059342158255298 5.833516079018795
5.572158086080374 5.173435494072347
5.592019370484039 5.105988817924133
5.563463246072882 5.1734952293856855
5.2013888805843 5.524958502922397
5.141399122189961 5.537075123027783
5.0589814984467605 5.888092555979276
5.519440059689351 5.278594600716136
5.739380642508742 5.019371723933945
5.076452687010798 5.822721261669954
5.559591876517218 5.1789066555962355
5.266328882967723 5.510990967178934
5.599308182128373 5.078712052507581
5.19724590841842 5.525632107421753
5.658719211448918 5.033341351115001
5.8272560347318905 5.005007317376125
5.0170177317643585 5.9923444725311725
5.790929916045447 5.005791452817285
5.4477461501889906 5.49428292909412
5.4449226267323 5.4974610198090526
5.018777340209311 5.991386331999632
5.043827923906358 5.926588600409199
5.595480340211768 5.1046604510081846
5.77790751091586 5.00930561486625
5.744757358400353 5.019064642099835
5.519519484836329 5.235586436156015
5.991457089728328 5.0012727043310345
5.481908026147105 5.491716016255909
5.139033004122124 5.615088973006743
5.127301573472636 5.647235791026703
5.025401855691812 5.987479933730112
5.013227406006665 5.994849875667878
5.202433130139026 5.523360858655149
5.51088499167153 5.4912618676817555
5.5987049127871 5.090815613539128
5.422205876693899 5.5080011481073194
5.164995234875831 5.533144579051867
5.059319123311288 5.843221858378321
5.059239754135157 5.849359481330085
5.576177513895391 5.167053039739818
5.041759684444071 5.945991438659047
5.193542494282321 5.526098356686505
5.543625410200392 5.205748753901031
5.074519530498917 5.822890421575532
5.27523905027571 5.510843417833001
5.587199160033851 5.148321396205054
5.417821620954091 5.50832432480347
5.527066225548038 5.206476804073402
5.589463723725001 5.145526006164772
5.597255173554069 5.103815689503825
5.139196915198529 5.613936381841659
5.121315249136332 5.658801009598856
5.257346917109494 5.521320639927304
5.598100198061985 5.102248103544663
5.279073825071457 5.509357014956321
5.428726043396025 5.504486626703347
5.5860579141033355 5.151752019206244
5.119124494210307 5.666315265241328
5.187204210508974 5.532333226813602
5.741683813731959 5.019364450507794
5.117947349430696 5.6733854580380845
5.756784291065943 5.013342823878848
5.072737452530514 5.823078483124394
5.752398165256871 5.015944628990931
5.096469753301909 5.788779026581489
5.595425293294943 5.105108840370011
5.0704215593068405 5.823481352608946
5.201617903536222 5.524183176870951
5.760626668604717 5.011013047189147
5.753763367831999 5.014477737679653
5.807620378944856 5.005501560794679
5.107140859440664 5.679862895782008
5.59193367399376 5.1084691083809535
5.519266473270315 5.303357337098715
5.159235129314837 5.534431582905186
5.1184617307236335 5.672521365666432
5.199623132078215 5.525035449474506
5.2619346230438575 5.520738184080621
5.625338784366848 5.034756160908306
5.262890807839519 5.518461898776831
5.446730308164802 5.496974943255182
5.591921768064725 5.110049781446529
5.155531243444314 5.534490926964455
5.03744673452383 5.980221100866662
5.987595288325425 5.002728614396674
5.060632760762205 5.832248999975542
5.038058640990687 5.970774646965811
5.587322721149169 5.147601887901023
5.03498411355128 5.986510732303855
5.038890669454737 5.965733355171741
5.6680483754819 5.029298507353369
5.575550376113474 5.169067872079413
5.998536290762099 5.000023107037624
5.139256880649853 5.610713879626215
5.099040321604438 5.713189353024658
5.580492033504521 5.164843456522895
5.6764920182820795 5.025683445229743
5.319006529063634 5.508989456820692
5.167057044723973 5.533094642554117
5.5893092060593705 5.147039069894108
5.59645114598424 5.10450778406035
5.008565132836401 5.998258670608923
5.099472086232052 5.685666816666146
5.039258535933369 5.963905930340936
5.0479975880011345 5.897990134316629
5.44794175246462 5.492839886000864
5.095171245031153 5.817042452517586
5.058238691157652 5.893986874351553
5.094690203118126 5.819365132948215
5.443845360383924 5.499349450498386
5.014267416515971 5.992736337810465
5.138385983707361 5.634002551523604
5.115627833115654 5.6775602437760355
5.12567165220086 5.656843115066378
5.775035781406038 5.0102821007554095
5.91005680893521 5.004479726297952
5.575752699421934 5.1679491201914125
5.426971933496463 5.504702336466988
5.519998314377431 5.229664686505603
5.0592544791172855 5.844506096431371
5.1299507404040074 5.643986686679559
5.041282755832319 5.9560681769343695
5.127096979576724 5.649386902792267
5.210272110384819 5.521778512220341
5.09998727424566 5.68506520403967
5.7348934423067774 5.0220305940404675
5.549115034919638 5.20475094268248
5.119137109571383 5.664833584266294
5.589399362108666 5.147038311658277
5.55846866132587 5.181760484205173
5.440316176404701 5.502504789184039
5.728881314785697 5.024437661236715
5.1398622589537855 5.559861126437714
5.732249081754672 5.022352030652699
5.598578080595329 5.101628838234092
5.998300673344561 5.000189324470929
5.114133145742689 5.679591376052906
5.865516805452372 5.0044826348447575
5.5626544391030075 5.178655231078206
5.6044544413379525 5.056242748209153
5.607919405550455 5.044655268577263
5.747330702562027 5.017821553536978
5.5561521127013 5.1966643098193765
5.518794232386109 5.3584164707691935
5.138823638073171 5.617405395699116
5.120842768090663 5.660538161316057
5.130210352778914 5.6439020548172545
5.556811462672609 5.191488891121404
5.0541526850846425 5.897476934343539
5.5193483100419805 5.2928990281274775
5.454808973294463 5.492504084171234
5.447449273206747 5.49687188306122
5.642934413672255 5.034472756475784
5.686084010705833 5.025362858488164
5.0989119975124595 5.758493358200637
5.098929105925224 5.755532739370993
5.608291229528374 5.037329708612818
5.037420506211841 5.984408691402741
5.803472556862444 5.005546099570801
5.519496276950761 5.264914999250717
5.139297155698965 5.6075191612128465
5.521280672657785 5.208296735319646
5.526209880307414 5.207710904388644
5.555952743956794 5.197201963072081
5.922229746079445 5.004458311459492
5.0529809264134755 5.897950268976072
5.114856402778253 5.679133314277683
5.101540939616342 5.684322857209681
5.006535690485755 5.998970956700159
5.552895008612602 5.197357836904511
5.043120935022014 5.9267312510929315
5.037818087814179 5.972155546117589
5.756036913196667 5.01335671563269
5.122832589145075 5.657564246397548
5.752950994892593 5.015197552960507
5.139173714824086 5.614188903257736
5.04596450199569 5.9041946091268445
5.481014483182493 5.491919632683029
5.039853945266228 5.96240004096794
5.035591618125338 5.985524196449165
5.520326226711782 5.209637103215826
5.949941792039381 5.004421399093909
5.184226173843375 5.532521184933961
5.442452284356548 5.5000365222843905
5.319381228089214 5.508781980750993
5.190612812405887 5.526253746402661
5.992479879157564 5.0011621748928095
5.667896127330875 5.030858676803136
5.745484411002846 5.01876423099163
5.058878660455177 5.888197989549468
5.038584454114168 5.968577701119952
