0.40811941466511314 0.20353320593857438
0.16611761106109457 0.9601617122478621
0.28881187585769563 0.8778610804314514
0.8288228521795405 0.03882611938432956
0.9907856065926381 0.013105497614553485
0.7663083268860966 0.07110821646538668
0.538077343474247 0.19007257494871188
0.6164277364633571 0.10614374469622423
0.365275666743226 0.4294289414003668
0.342956141885538 0.6987749867806003
0.8314887161698964 0.022283150156120368
0.8215693459054153 0.06404361149427451
0.5732156402992094 0.18267795007535137
0.099737184510309 0.9839188018316758
0.09933550689797588 0.9976757546188936
0.3234014876040562 0.7315992929743124
0.4044487557575902 0.41637820675135995
0.6185099945987711 0.10433306881926374
0.20086926060031407 0.9146818925270178
0.722752564279024 0.07819149156699479
0.6671802693809821 0.09603489201087789
0.18689767549797098 0.9498221921265527
0.6382431460981175 0.10077698982317751
0.3108838221807545 0.8119404586371886
0.5955465679887507 0.15449641600651487
0.6907398782090519 0.09338073615192977
0.48607050621076986 0.19770377183908028
0.2572040878563264 0.8806209264817477
0.218936044687569 0.9058786660534627
0.3109234168991112 0.7984347780089412
0.19067666657665727 0.9299146128090343
0.31708270352836854 0.7865594001738532
0.09771958031222183 0.997747722923883
0.6084309415521562 0.13082758869423805
0.2919917446235687 0.8710260362413195
0.13384546177722434 0.9685676088389658
0.3030753411320377 0.8390006087656161
0.602841517665325 0.1514188353290017
0.2991551264585405 0.8537220250515435
0.4058290556969202 0.32060516945342
0.834115593197515 0.021397603594851433
0.12712827632997536 0.9786099848911242
0.22193158990059347 0.9049644733552129
0.36044822587192493 0.574890090479703
0.595443510702332 0.15450934726507326
0.5766303696804692 0.16587146908212724
0.8708253344873957 0.019749756244747618
0.23359289268812755 0.9006121911587975
0.31059136980884827 0.8276487937594834
0.46681130538956106 0.19992152788619388
0.8955082681312735 0.018098395743860185
0.3025300580158381 0.8412064668604788
0.34838842631584366 0.6760254494106704
0.8379685725644178 0.02128407016251732
0.407139637774382 0.2592139156097266
0.6091390175619106 0.1285916608732347
0.2551773519775685 0.8900174858830491
0.35905648882769126 0.6310849944853336
0.4072275706194455 0.24772192035851892
0.29447674045992456 0.8598013573204687
0.36166226032179505 0.5582691413909423
0.3837342755112185 0.4270961781580933
0.7020568466307682 0.08258991394168413
0.39137867664345194 0.42522140000937814
0.7079747539782867 0.07851404793557437
0.9607069896859332 0.01369027992885663
0.49437328843037776 0.1940230017129042
0.8239254332686328 0.061443573716434496
0.405942904455746 0.3026636025489171
0.3193909298632197 0.7830005569601748
0.6079591909585522 0.14608859638710292
0.9249326460614586 0.015928578058101106
0.4441747651732314 0.20156614807979878
0.2450560383460798 0.8991069686454862
0.5564851234635869 0.18601597493198463
1.246287550752137 1.481077116428335
1.6607187187812145 1.2380441045609092
1.2987301464359875 1.468490555092364
1.3270241195773558 1.4572335087988768
1.6370696684397745 1.417009307438964
1.1188158652866944 1.7706275792658381
1.148685017055575 1.6131373078499092
1.0321566304869076 1.875425991328505
1.155054728568909 1.5827504817270324
1.7910491739848982 1.2222518611616824
1.9786991001404666 1.0246454290777953
1.0162526446987252 1.9013264652934634
1.7963979346967296 1.0530851091432705
1.0925483302755588 1.7871670764525918
1.14536139821722 1.6218884682735717
1.0295874983380604 1.8963504592441676
1.2199700659481536 1.490688452051181
1.832553814733062 1.0352334927012332
1.5484222813120834 1.4376567380793854
1.2841632613580058 1.4781996460866011
1.8988871890450802 1.0326995474081007
1.4136553701888506 1.449497410325996
1.6320836059193553 1.437536490858712
1.0932712803920275 1.7798011014996096
1.1168728308086293 1.7763202576070505
1.1981797993852106 1.5790632715344437
1.3406949148341976 1.4509223727043055
1.0861856646063373 1.8420367218835225
1.7927230574651227 1.1008647936881004
1.65992121482565 1.2785691046371905
1.2013605219309442 1.5570364902956575
1.0101440607956198 1.9456498711783485
1.4490161621730833 1.4458650477419126
1.1413049916927527 1.6294281435294158
1.1257926016364288 1.6411954488826361
1.7792396384425135 1.2226635380321444
1.1317236583119545 1.6330118129285143
1.0304671716004588 1.8781077059893203
1.1199484275589313 1.6720170568219028
1.0323956262189737 1.8465621514193056
1.6528297376828074 1.3552275325629128
1.2180811403824872 1.5025998340416353
1.793434716337723 1.092387622263066
1.5122682583029927 1.444731194457995
1.6414171603751484 1.394776309378932
1.7135129163571232 1.23378709780179
1.9789041004478745 1.015691976319531
1.8168834040196162 1.0358358008784796
1.0881625888121185 1.8190772595362223
1.1987842943467837 1.567146278343904
1.203845966488938 1.5258955904252423
1.9735928267755505 1.0315331867172466
1.9892707850490599 1.0129627274057156
1.8077272468826266 1.0433945228533208
1.1189119532860765 1.743267843192301
1.0300215241094788 1.8952821571934888
1.0004178219726292 1.9520736570663058
1.8856641209077232 1.0332376756707726
1.6541330570826018 1.347273659918502
1.206826918250766 1.5122461272373915
1.718820429891422 1.2318868322853143
1.2931424698225267 1.4717804081555168
1.4533814809916876 1.4454156532796225
1.2049661635084192 1.5173743234484736
1.2366557381586685 1.4824881440818936
1.540773725670193 1.4396464939925013
1.9993461428042432 1.0016544859331056
1.7967157843704378 1.0437652885276385
1.4411346115619825 1.4485263664806656
1.6398124776746699 1.4105996457823364
1.0652697039893684 1.845862002526679
1.2598598080977719 1.4797570690059234
1.9210730972392676 1.0326341530712866
1.1289305140118708 1.6365309047758554
1.4191736333118041 1.4486354293470387
2.5074289908211482 2.7499925934168714
2.960116442350949 2.380676752542385
2.9434089843362794 2.523034517891705
2.4148143872179064 2.887662183833707
2.469516037765571 2.8527418786317087
2.6309240756297845 2.5878513391310642
2.9297358002797678 2.5592204914080714
2.9867540828521792 2.0326646305929064
2.577484407810976 2.7318559097491537
2.2316183334463067 2.9147474427626845
2.7245495183114317 2.5600522669324364
2.968864551514216 2.1945869213069162
2.3567341141256026 2.8921138082780495
2.948724432504596 2.5092654400852923
2.1208873690872263 2.9477806361026344
2.081779191103219 2.9752884772387156
2.579658711191556 2.643595769675487
2.160020812693231 2.9177093324355736
2.2151796221343707 2.91757760701955
2.3340719546067055 2.914590523066452
2.690163533972691 2.569939018969309
2.4332418307689734 2.865018850810462
2.5893838793986084 2.6356172046446877
2.9588115403075377 2.4855652511884276
2.951094562939845 2.501642758491301
2.989189329037999 2.007480359081819
2.642181545065035 2.586437970721297
2.481727158539853 2.751758699553759
2.1264074136329727 2.923924272681591
2.934388465370846 2.525376995684529
2.652906684422311 2.5764633956673815
2.966840122341763 2.2048678802522255
2.9751667155049617 2.0785579657370388
2.6151448293628063 2.6290588291839128
2.954592177244878 2.4921041861726345
2.0653485993121268 2.979666085450745
2.6543971893854854 2.572505977481922
2.621866858517153 2.597281084323469
2.971050793351451 2.136667224576029
2.416516908766855 2.8757631147261047
2.0552392361913716 2.9900791974101097
2.0850889274434996 2.953167232072886
2.3448187011144626 2.8996972403963226
2.587953727109362 2.639676189674015
2.3776904976758506 2.8880694887741445
2.982645580569862 2.055539531529437
2.9312646427596927 2.548503861178678
2.9870654081970303 2.009927218026863
2.0619221629985964 2.9805817748608634
2.4754724439304585 2.8283658983839315
2.52446362040039 2.7346911826721882
2.035627295920739 2.9976622512607154
2.6160938444319544 2.6036656422726945
2.962279162303667 2.3320345875342445
2.475689975634607 2.765858128437044
2.432988403636567 2.8713925224494385
2.4665376431301977 2.8628697333824764
2.971900104482441 2.1210480618013468
2.271956321337705 2.9147211843547387
2.978149042674263 2.056245868999038
2.9660779129697543 2.244524962492087
2.056812458530109 2.989406671096821
2.97505317270306 2.1088589814314656
2.990927354005318 2.001554090210618
2.5915135900230157 2.6304875775453933
2.9596780389415223 2.4337287680717523
2.7000288939240065 2.565432302786541
2.5083170040092315 2.7349465535989266
2.7429251828013883 2.5599985195650747
2.09112366080826 2.949475387917414
2.985992325349437 2.0500575280355835
2.415942299461911 2.8793941755701464
2.348955697461229 2.893005297037739
2.9356852508463307 2.5247204583491873
3.0641950936776032 3.5507452492578797
3.5549267614703473 3.2848316518793803
3.086429694086763 3.4932714808979717
3.9493346312157778 3.2840444154150084
3.499268822574313 3.287707776277172
3.315219038590927 3.4874388911207195
3.4540959497790773 3.4764465299524736
3.9705791225436027 3.043326709013824
3.463941986019819 3.3112785881904148
3.0426679174381706 3.8356069332304163
3.0024532383803146 3.9962185843237057
3.461668946816369 3.4544958099869896
3.045207068431987 3.800243284904163
3.978236187144324 3.021319992764828
3.4090634599034058 3.4862931808330457
3.0283181810839817 3.994989083757498
3.9557294135300625 3.1542305302177684
3.0822755999071565 3.516222782931317
3.4607213287630545 3.465115285537085
3.0458961790116375 3.6962800406790253
3.116090130270848 3.4920561184462384
3.966919065797589 3.0659035472256635
3.965312489452053 3.067553389668416
3.494558734378752 3.3053819091735326
3.98932944223106 3.009780822314477
3.9523010005220645 3.1939704579923305
3.0621338849444655 3.6834990356905584
3.9652621644316017 3.1205051379691087
3.498915483214943 3.2965990425681797
3.9872490557753233 3.0120294578375755
3.0677560343508343 3.546053890072307
3.0345555666169597 3.97103730146607
3.9593537200998608 3.1311692169211107
3.9706284318472203 3.03989968763928
3.0351708830401076 3.960584935454014
3.035845668673224 3.9213518333764226
3.952139223541841 3.194816787424379
3.001399055447506 3.998907861706028
3.06346429256615 3.5866238135302533
3.084204880189901 3.508541323719183
3.9578377592702023 3.1320607441138497
3.073181690642448 3.518002197763819
3.456226335472264 3.465938790011595
3.9638768657072703 3.1242873753870026
3.0450184531825397 3.8340228747679785
3.45568812317102 3.4715118084899093
3.0361276384177174 3.845991585425556
3.0360500517057853 3.8836125204728247
3.1649607848944052 3.490769026365455
3.950864421463652 3.240034544379748
3.977356473640201 3.0216551987355835
3.4618757289909508 3.358098931136986
3.9506701469412633 3.273767709378321
3.4140016578198065 3.4835601368791442
3.3277574128738134 3.486959634447418
3.276895236667996 3.489983163919262
3.2333379941925333 3.4900841613731655
3.9738092938166183 3.03919159709392
3.9531280993958577 3.168702297083436
3.8814109762034725 3.2845311705839473
3.9674306388407197 3.0590516765994713
3.4247954190348744 3.479629357646213
3.462031418920343 3.3542080173299165
3.9926324246713705 3.0014030952318578
3.9652653457186786 3.1088909075594815
3.970159716014927 3.05330765362175
3.0841024585253622 3.5113058078364627
3.0622081622612765 3.611012877308186
3.067937508311428 3.5410148721320893
3.0636080398015944 3.561582121669895
3.9507448072731397 3.2401756128282835
3.9565133557529233 3.1434109546079294
3.9520210756294394 3.21219478850755
3.083209621088903 3.5147014675717143
4.080873953776215 4.353331655806559
4.691122816877287 4.04009297241287
4.133632702103356 4.300708114546294
4.0922335422117815 4.30685133102933
4.331217109345211 4.21233504172075
4.31613619022221 4.253161577506137
4.3815609769477835 4.110874047809995
4.21888264318439 4.291321422138953
4.043605498322079 4.876203339659785
4.898751667567318 4.02309240144737
4.446059803710487 4.072116841268012
4.0523118244295055 4.727322967332822
4.061223511407386 4.383438757538718
4.692047269575118 4.03028628224501
4.055064779897939 4.588010934732872
4.89812724069509 4.028685917175978
4.4543016354417375 4.053933972760392
4.058306676377874 4.556167564768076
4.378271711914909 4.190183838113767
4.0056002535620125 4.94112056028202
4.389102976338937 4.079006731024272
4.221872756871265 4.255003919876856
4.175326062233212 4.297030343109331
4.028127354937473 4.878723087859759
4.007587858535544 4.931858394599984
4.0449462130532865 4.817861125144154
4.381023523476676 4.148079072402468
4.623420665468485 4.045874755830094
4.633707293982393 4.045124555010566
4.058870351980911 4.457497743869941
4.452383757722546 4.066066174414336
4.458722750506945 4.0479774447738315
4.993492987343715 4.0098956274321855
4.3673768439541165 4.20705600490281
4.768305214854036 4.02889366876412
4.388250540169186 4.108361426936994
4.998736615387249 4.00320217792504
4.064847183348547 4.365032632229523
4.0810618387194175 4.34434001682094
4.05664953412994 4.58004145192118
4.011814980332262 4.928125025714507
4.0266148554549845 4.887369785805974
4.171893151392315 4.297539958409812
4.003640221957416 4.966944758982843
4.128814929492258 4.304090198143355
4.025373754625347 4.918067526459903
4.934822846507875 4.016158853431815
4.088221415185741 4.331335985050641
4.054891942377581 4.595561714227397
4.3715716821922195 4.20572073850624
4.300344134782129 4.254128591292735
4.108126564840447 4.304554485146198
4.144709025251999 4.300237448635356
4.558078334339552 4.0471800265293165
4.988826293836184 4.012844537119188
4.221324352434306 4.287002479472022
4.07907742780597 4.3639621755067
4.716240785807807 4.030042230352983
4.050922448099567 4.742311555713493
4.049989929494058 4.78746695481831
4.91992448939622 4.019370060264653
4.054862111277461 4.599328680221193
4.101789828762773 4.306751362737996
4.046356576184351 4.7983082553842324
4.4203438676083895 4.076261692218178
4.366644796749911 4.212001426190762
4.654728405791464 4.042022365487275
4.380163100144606 4.171935001772033
4.052483416618355 4.664030565855457
4.0812196570577255 4.335132801070413
4.959016256052114 4.012902540435729
4.44124339979569 4.073184079488056
4.3788787286705455 4.184066257656634
4.006488578021867 4.937155737999969
5.681314146496438 5.146149717841697
5.19289211784055 5.656501769219155
5.4160939342968275 5.481588031779237
5.488316373658631 5.207265072897545
5.4479496617824745 5.262980893980381
5.8663351838588245 5.013887737924629
5.1416762403783185 5.887559928497977
5.569007640645019 5.151019255466318
5.135150385744254 5.960134827583575
5.820833900348711 5.117956087058775
5.204046573081742 5.5404577213414035
5.822149704304115 5.079451518836262
5.744732006955884 5.143460556734109
5.85166687768633 5.016609884698077
5.036057297469545 5.978870919782096
5.490906139640063 5.198012405144372
5.244849255528561 5.522081341828372
5.529313910686306 5.170328509108331
5.424277180128835 5.30376267594796
5.1443131826164334 5.6887850209588775
5.0461658547263895 5.974283228998544
5.5438619976747185 5.168530236936574
5.065030447236359 5.963872443679644
5.050310264591435 5.9640405042773414
5.452492520839832 5.25134793169095
5.493582273363526 5.176466293122668
5.460795228964592 5.237378782078263
5.345820072433084 5.48374057996319
5.466701511915402 5.207879690741293
5.197249899411504 5.543521366770558
5.317831650540253 5.4899190769820505
5.851576391999768 5.073243195641515
5.726829955736483 5.1449063843726215
5.42059188354661 5.312907156756202
5.987260775268338 5.008498059118107
5.033641886295816 5.984607621779991
5.437487726686477 5.301094835119574
5.300021975755815 5.494729690694245
5.281572619959624 5.515227450926275
5.756988949730571 5.138878087766898
5.794335403993484 5.137389675272159
5.668810455931018 5.1485935261567635
5.154955995596462 5.6785781832780335
5.146191771863495 5.6867817445056055
5.168167045671391 5.676650608769341
5.134304065794943 5.962455471839074
5.419395995289427 5.4387366267144
5.952888497209668 5.011958499555817
5.197022983758322 5.604918058506001
5.8150968860952394 5.1227146851549925
5.298091645094297 5.498192975949535
5.169477751039407 5.675947960738471
5.143981865964271 5.88258584367648
5.1388072303363455 5.938042129235473
5.420107322409403 5.4196524311191805
5.848548320044807 5.079119791075043
5.400977350970736 5.482222929919048
5.801708920052171 5.133536810513234
5.493279615867254 5.189395897649432
5.44840905592274 5.255897527532596
5.551877878755952 5.1681200508674525
5.618201068521065 5.1503916828021215
5.189601125010016 5.659592595761247
5.020213758452187 5.997744851749902
5.137766416214106 5.940634832631888
5.465688688940495 5.224680269682112
5.1713658677418675 5.675479952008615
5.561904952486682 5.154464560394975
5.916916874261366 5.012048577048961
5.219082755871096 5.524241756917956
5.669611949917696 5.147220751336077
5.345417500321782 5.485635487666821
5.144247351273694 5.771804608530182
5.44734200367555 5.282764040228718
6.538937507885663 6.386795222415071
6.317600217849303 6.6315490127114485
6.291725978032705 6.652503221982698
6.872698698807077 6.373835693965592
6.049881914689108 6.878642964711823
6.207936665594949 6.807544876531562
6.9502490304435 6.18060863654981
6.526448684353927 6.51602985528816
6.9876101249029094 6.144000736135783
6.176536168295331 6.832397971408839
6.891416198513468 6.279474517713706
6.885478974108992 6.31090564293665
6.952602579812721 6.1472013806731365
6.849235800417515 6.375355266858772
6.021834814568032 6.919038225786975
6.268160313667786 6.657569644847391
6.882354566756279 6.3116728976892364
6.322642364740195 6.592090996470813
6.42661061297449 6.524204796603314
6.944979378564095 6.198688196995963
6.2383924961220405 6.702594304086073
6.901919311075314 6.249645376002181
6.0186512418106375 6.948624520716334
6.763423764188685 6.386792570227839
6.043179144455797 6.879210702810925
6.260293634447923 6.672784385396164
6.881781909543049 6.356185819843708
6.43160152050517 6.521986192495199
6.024596044193106 6.9114410914216
6.1365696904698295 6.864857873234141
6.3829387683350856 6.590476816799772
6.236648873171813 6.747731696555871
6.4227616484406065 6.547390753109125
6.896752285876368 6.273967469236932
6.947013213790878 6.1810653210496955
6.434416053928917 6.519560146703726
6.999004066853326 6.140657995306975
6.256544030720798 6.698860155193826
6.004390276090758 6.9877720221820505
6.318858018539407 6.61814972382363
6.108443370043315 6.871056458549871
6.224291456007089 6.777115386658142
6.813249405608625 6.382009256550328
6.897308294681389 6.267076418839105
6.198496681800003 6.831471768238718
6.425025758449728 6.536989986106354
6.290277670302975 6.653621760674715
6.027335938301201 6.90189631402669
6.453274876928154 6.518051956473838
6.535642734485519 6.465213503734875
6.099985813035765 6.873363027237266
6.919846314849587 6.2328527555503
6.164521595907917 6.842255970129849
6.20776565040677 6.815040993792044
6.038796067656839 6.896730157564303
6.208136672391808 6.785179639864251
6.403062468289031 6.5878852559065075
6.4074461444340045 6.559176431982979
6.467353633267906 6.517276037718933
6.899079106615302 6.2522572781310854
6.8975176964556235 6.261773573158017
6.896279870922731 6.276643254300626
6.316397554590458 6.640769219223629
6.307244855124136 6.647039293345169
6.170229092923627 6.8386784630388195
6.527411326345322 6.465709590929658
6.887740276280484 6.306067887005484
6.787138679648827 6.385411171067985
6.999147242848287 6.071199575924102
6.238042013338541 6.740302196081282
6.082200521545589 6.8768541688713265
6.5382951521567865 6.3885131735145535
6.139366640242609 6.848362271482955
6.006756579844521 6.956250008016106
7.157914505680507 7.802772742815744
7.17520913661555 7.392298990812194
7.570184685653434 7.0755101478482585
7.184904735503222 7.369035693890517
7.202682178225148 7.085770896824972
7.640990847277433 7.052910967426776
7.1670041234080655 7.462729139411106
7.678102246081032 7.020843953526487
7.14768440837477 7.825430249179649
7.991846816224939 7.000292711842948
7.195478529665237 7.337672689197357
7.141328505644494 7.971151537326214
7.141854255972983 7.869420817519833
7.707251681097182 7.012993183922519
7.248074084046161 7.076187066754284
7.2281194732693415 7.08156415229433
7.139616923383619 7.9944832816689395
7.189839741032002 7.346707709102532
7.1989640300323705 7.2993993827424575
7.141550181384117 7.934324596784175
7.083166795190496 7.9981608446721175
7.723804016284409 7.006244145532922
7.824455912244744 7.005085684515279
7.169464243299353 7.398692802206489
7.159455772544498 7.600543525007119
7.1650729914205655 7.542160665904888
7.5893382869571715 7.064653754395724
7.8811470817326965 7.0022339379804865
7.158468094781487 7.734347159936178
7.246447491029058 7.081031932652436
7.148709707422629 7.805283867858682
7.199334485299394 7.09542563698975
7.651234497498442 7.036712464816231
7.166488203096691 7.486709601985913
7.189533094338706 7.355523193369539
7.234319888321373 7.0812406387854505
7.480531810156686 7.075660164147461
7.141240029669109 7.983652009798614
7.603401363133864 7.0619237106646855
7.1585661910107135 7.61217157861971
7.583492319828462 7.068392027878311
7.146449067019899 7.837805369616172
7.199251591170322 7.120933185063312
7.1610162177922145 7.558471015034484
7.182469909343936 7.370927387359581
7.186225906695856 7.3639176547385645
7.224416868044889 7.084603780134954
7.041543735991604 7.999051391226756
7.630074049567566 7.058389700617313
7.664105756953675 7.026409544333791
7.1411319279975265 7.991375366364922
7.169254575121191 7.443564796024573
7.930045265068188 7.00045883704553
7.723575410172471 7.011358001058095
7.6036456369302705 7.061667208399372
7.170396838295012 7.397435093813769
7.785361537228291 7.005371997785512
7.7942578963916915 7.005171048591518
7.134353137598069 7.997586849068288
7.075795140083466 7.998848880436775
7.693663611961093 7.017187141003144
7.644234320671051 7.046987921632367
7.160267219264303 7.577983696211973
7.180942863531638 7.387760176706166
7.166054212009513 7.507956803297511
7.6445255917996775 7.044193005019627
7.658715756984846 7.03494713470658
7.856612567242162 7.002526584244734
7.195785148479241 7.331476065521912
7.1637374963696825 7.551350825142739
7.197944148029492 7.301349409587237
7.636808411459262 7.057225027825187
7.158363257813337 7.768227847481296
7.190136589770847 7.3445897359866095
8.418982112187887 8.58243356945465
8.901926638825522 8.482957625215013
8.205564790031131 8.643046835119609
8.92695116201854 8.00805439216428
8.057913522656596 8.997911551118838
8.163157137179834 8.848160497643967
8.48874614804786 8.495890533509947
8.308279771147664 8.605756296723039
8.920756263884478 8.430397923858887
8.176296100826487 8.759343111878705
8.438944907242849 8.530378725688903
8.106114240438615 8.888032272525994
8.774143127478018 8.488892904908948
8.426730088291066 8.575476215552346
8.920849541014737 8.128102515518785
8.170978537132529 8.773151998972654
8.058302984971995 8.963704611216164
8.268160320783366 8.608873679225129
8.001162081982429 8.998939075336006
8.182690282898669 8.701320271755309
8.486765884068332 8.50777882090847
8.165326359537435 8.841574900260404
8.259164494455097 8.625197017543684
8.590496340074505 8.495331451849683
8.092260215085776 8.946947017455186
8.922309290209752 8.084266849972177
8.462888298573446 8.513136942455192
8.15085239575799 8.856634937880111
8.170599538267526 8.776388952695543
8.91476604252896 8.457535595410047
8.212049421793765 8.635142383617628
8.353953602735164 8.60386308402563
8.08015432214488 8.951946709659985
8.199236678245313 8.681035367569208
8.120719469936033 8.866591325434033
8.815727880934347 8.486340682636513
8.43244869226233 8.537596803616543
8.384662991144666 8.592628176935499
8.200284891244452 8.645741320353345
8.144847297686658 8.860560907432895
8.892435197380372 8.483744105087286
8.736187852037606 8.49451997755781
8.443975688684679 8.525783047023056
8.098292503599906 8.8925165827071
8.111739235695357 8.870467695571532
8.193485131586252 8.700899447096917
8.170071294050905 8.840514484739947
8.923870284106762 8.022791295818905
8.42831757014772 8.547458043589545
8.173680322921925 8.765357501134798
8.99192890047384 8.004589707889881
8.384673278762463 8.590951640072188
8.073068681926731 8.956281131611972
8.181642999417642 8.751343526794532
8.392238121872637 8.5825280619788
8.222885961837404 8.631560487185439
8.462712206869266 8.52153151350341
8.66262918768485 8.495237228635013
8.500464027539678 8.495450126097962
8.929123851505814 8.005155442784764
8.246820384415088 8.628660967415634
8.194020037676703 8.691496866692267
8.480099399734994 8.508133760948917
8.926922825818068 8.020039740168507
8.863275421724842 8.484054342486429
8.439799794576807 8.530089319479268
8.438241414183967 8.536152891191847
8.093463296991965 8.907696236349361
8.446040362380282 8.525354681514042
8.456865655846062 8.52407058406158
8.111161706821473 8.871692143413279
8.092277563051514 8.937723473591909
8.293336372597436 8.607656586747163
8.420287840304917 8.581056035568908
9.439109656713544 9.662954485897075
9.038459148392114 9.880100811579162
9.6439322807951 9.186903101600171
9.36192125080107 9.855672727685798
9.886825903380737 9.006510197318256
9.496007732501974 9.359484580337773
9.417318086540558 9.673627136180668
9.4602674356295 9.503448678430999
9.524698727498803 9.201699823922516
9.697912550527267 9.177320793498415
9.775876708826802 9.150133707943136
9.820463488269313 9.02247889310578
9.77974989863575 9.097845698632934
9.362530162695377 9.772256890843122
9.782654765882825 9.089435051297881
9.465472998104941 9.43183827630017
9.875235035135994 9.022355023510645
9.751003996044618 9.152946542442518
9.780162271217378 9.095370162302638
9.0363652677689 9.905163717562264
9.728993579308026 9.163704209043658
9.250205970012397 9.870778486103376
9.960379409662972 9.000715606389772
9.19013140270889 9.872055094533827
9.181351563978279 9.877227943822414
9.364391889987566 9.759991121876118
9.688972475820355 9.182513787304277
9.796122385696988 9.044050222930679
9.528932357853627 9.194471723680227
9.520882535316696 9.322725127246393
9.52006841898802 9.336175467886648
9.386701652457582 9.696284834352243
9.49751806128856 9.352929463737558
9.492629327085371 9.416340741654812
9.793938768742894 9.082273201064476
9.440750684881378 9.549934773386905
9.486867755795483 9.420181108643352
9.386699965682102 9.710421576527006
9.440663964960974 9.606169683018704
9.356218761573771 9.860565211722863
9.01547724759043 9.92973631931551
9.191388365524466 9.871670952885916
9.513950361049117 9.345749777005818
9.69891261513172 9.169894859089814
9.586225554216755 9.192493551158142
9.953668119566691 9.002764046305133
9.481429821237219 9.423811132186142
9.383958489799836 9.712456954513378
9.590303086743429 9.187474864638782
9.383494936897959 9.751630884869382
9.008838164465686 9.945252312879736
9.446344130484032 9.50829739996808
9.883405864202263 9.007836679411199
9.270309102078379 9.865718234222694
9.734688167260227 9.159677370494677
9.268454579175277 9.869724055494558
9.442835859020585 9.5444274865435
9.018180066834216 9.923983163893006
9.010854228453953 9.932709276526616
9.522301667146499 9.247802367805585
9.520985665627483 9.250711107879411
9.522883962687445 9.208694008585718
9.589353562401316 9.189316351920985
9.037796466015937 9.904666245665794
9.068462365005693 9.8788414349551
9.439825917188617 9.611038826982325
9.34117203476813 9.864830019864293
9.5160217837826 9.339885829485834
9.902783997727678 9.005844623996673
9.488969095343215 9.419880230788358
9.524087007253693 9.203004034228279
9.588781988778594 9.19159542512886
9.025298214298882 9.914688433038013
9.003705152039167 9.993783326561319
10.732267959375557 10.031744645844112
10.646009825572678 10.48478239195053
10.607918454230587 10.592613085286626
10.404923521982644 10.87136501622101
10.430926824093959 10.846352900479705
10.52938463810298 10.769454752131606
10.70329720295164 10.056902484739123
10.522933751929864 10.787144288852806
10.103688439434558 10.928507360633308
10.552242117505532 10.594141273140496
10.356447508517267 10.90670597424937
10.90046283135961 10.001330741066157
10.016568122766582 10.998884724034236
10.651320443534518 10.066293151811696
10.50036599277506 10.802081268348187
10.857911711777977 10.028257438835281
10.456766801772012 10.82523198598295
10.646848242057809 10.298686463035738
10.14494211200728 10.918622479900044
10.142495956496223 10.927055558435029
10.703397145665486 10.034643614801924
10.646074274763903 10.334825761006568
10.069043806461226 10.940023250340474
10.40494123808435 10.854505578224954
10.157938146191904 10.916890485178685
10.880229009619374 10.024358965571288
10.5325076468128 10.659105279584681
10.372500497692133 10.892767810023551
10.213591213066426 10.9157930173467
10.695640296707904 10.058952068827242
10.882676476993149 10.002904558331116
10.540307706634927 10.622955271275513
10.650730055391044 10.158196193745486
10.536701043711972 10.645658694454625
10.617099052206902 10.512458878676581
10.470718392233426 10.815276700541276
10.458755082615053 10.824100007782185
10.035354903553449 10.993180602886689
10.633045544593823 10.503123915206778
10.34646470657629 10.912859176362794
10.473274472250443 10.81263526685764
10.648653268839444 10.271886866753164
10.516538660366392 10.790435843290322
10.531608329621514 10.765465202673276
10.384006673755913 10.875971693956393
10.037930043333887 10.956660958444793
10.917566852399679 10.000154920136778
10.054312362248998 10.94222109728846
10.613180015081126 10.586002055186007
10.383048751595618 10.889655205494783
10.612791335262491 10.587499116690712
10.50750137080046 10.790635302122794
10.5316691679683 10.764504588519758
10.49156829438515 10.80473947512066
10.377722219823944 10.890742322168826
10.650239876258901 10.1669580938348
10.325629821670068 10.91304100063543
10.6557070719561 10.05959984318082
10.098579665296603 10.935543821124977
10.55173956561841 10.614080108476733
10.442590216732167 10.837626594280737
10.405180801870205 10.84936251838243
10.36311962702654 10.89903127003418
10.356033489558433 10.91096812099295
10.487841383582772 10.812024461465963
10.446069432135516 10.830126434888594
10.650929719989971 10.119845268483118
10.524853324673014 10.78713112355273
10.53199936683655 10.760017585422204
10.165110823122381 10.916867114280818
10.021692037444422 10.99361767307134
10.256300237577896 10.913780243568041
10.759256232323473 10.031192806467502
10.575790291407172 10.594029443981226
11.420146720419371 11.144786882554023
11.116371894176016 11.858276489683725
11.74415582826186 11.074479165499534
11.285590950172946 11.530369421656925
11.085156999960155 11.884038764864929
11.200900363588943 11.588638202266255
11.598534277840216 11.094113400338703
11.187582811695869 11.655408424446946
11.379904929726038 11.265435958265586
11.330293758254706 11.48561342373787
11.571460557089878 11.128288441328152
11.821676287202438 11.07214851114814
11.058827785972113 11.906011244011395
11.358139213492457 11.409167216144894
11.288566402941516 11.521730482825829
11.144533698705187 11.738427299596776
11.877662538525854 11.052817950049166
11.025673863764903 11.997414465822766
11.967620431221095 11.028190982865201
11.040367521671886 11.923312468109824
11.853758163788777 11.056811867363665
11.167315995473233 11.69257695065346
11.399561245610052 11.21857386459459
11.370281166336355 11.366898756991736
11.392603458574644 11.247194608918663
11.694968491056267 11.077390154380803
11.624364354113382 11.080962429012976
11.572863692672765 11.118778187072772
11.253971004867044 11.543573035770253
11.135143731091366 11.76148810957201
11.503894832866095 11.137860418208783
11.295284043781232 11.50291115140311
11.917978405346123 11.044207463054986
11.229653868119398 11.584974895425775
11.42789651148092 11.14203610837695
11.085194795394251 11.868171338093415
11.15551479421099 11.727504597420365
11.15608544352114 11.701983019665176
11.076597897313656 11.896217453103926
11.194880693040062 11.631621903325213
11.387344539347296 11.254879934466041
11.160752070634818 11.696962030243068
11.850454049489421 11.065959044289789
11.40138846792469 11.209375768295377
11.35589218564696 11.412761574396844
11.397077438702757 11.24096664929078
11.056527211060493 11.908800989717829
11.147546721690412 11.73777862988875
11.87130481028295 11.056624265313205
11.193414672170631 11.649697837055053
11.940220839654025 11.037528307844124
11.12874769367903 11.771258222735607
11.32013428717298 11.497145354454009
11.183523726160196 11.686031656715171
11.604846634033498 11.089065843376792
11.350634201504676 11.461545610627091
11.996538674240226 11.019095650933393
11.359811081355732 11.406780220876733
11.785149753578503 11.074166845956213
11.598334091190017 11.117047037308192
11.348869329486243 11.472423555757468
11.355431848910648 11.456149416218942
11.030834684458519 11.95992103759947
11.229811160753876 11.554854578181667
11.106905761531912 11.861729440652674
11.391117358807357 11.252924374697463
11.122169918509758 11.808514117085132
11.943047565461313 11.028220733563503
11.975523348977315 11.024457989174044
11.910251090430965 11.051771585882754
11.338399463953353 11.476331280347326
11.195180876452254 11.597573977766126
11.134337059246839 11.770895602201076
11.123842701839566 11.806974918840782
12.659337450208117 12.666213813755682
12.76519966365493 12.004301750648764
12.56283724095743 12.733636096079328
12.399466471274778 12.92464605119216
12.743266562276302 12.640535804987719
12.441957191281485 12.846897141917903
12.75483945402237 12.24953739061123
12.322815089497507 12.958516056777668
12.531243304896012 12.79279292609231
12.202594340686591 12.984290602356976
12.456204017266924 12.821286600845786
12.971073351502586 12.00314006871191
12.751424251920923 12.577891506080158
12.236402964680568 12.972455244373279
12.359213637820023 12.93023647720014
12.174949728857014 12.9928818647558
12.559694942216698 12.747086265273184
12.570719382027558 12.697298062113433
12.143362806860948 12.994570096366978
12.433924657850772 12.856070101081007
12.534182013114062 12.747406287692552
12.752812042839926 12.438253659900612
12.176763387991844 12.985111429122759
12.379167952534495 12.92565335204006
12.764074603863069 12.08119940002509
12.754228417320308 12.379187824196304
12.305514296821602 12.97071174100169
12.721741372199919 12.65242018876379
12.584642528217335 12.67541713276213
12.51073731677055 12.80153619605468
12.755638282955282 12.178341018789636
12.56823577053922 12.703948627151014
12.426724420488691 12.885146979905466
12.12864649280732 12.995923998367914
12.53417647170601 12.756627500402596
12.340837105798997 12.954608145421567
12.000953080745434 12.997738396554467
12.763082899316865 12.090914561725926
12.48194270775809 12.813123064083396
12.440666919578193 12.85265202704191
12.347883803797629 12.93086437029644
12.714048322443757 12.653147916073467
12.418035644540415 12.923222281250853
12.676712461692043 12.658815601099503
12.505683829704166 12.810729544928972
12.221669989312973 12.974935349691759
12.753180140182867 12.424406592469518
12.761638217905091 12.105867537389745
12.590222654327043 12.67302013039953
12.75301418819513 12.42929740029962
12.42867374620623 12.871823312022629
12.445132712960161 12.837401712357728
12.433249264849813 12.858872373584784
12.570968084458187 12.691753700059998
12.345089795699085 12.94131361963984
12.642502308450533 12.670715602748945
12.75816257786594 12.126063142025215
12.737103274743822 12.646124443009061
12.92820412512918 12.00320835010681
12.690860571527056 12.657948695589777
12.707523955359052 12.653448401980517
12.580249603427188 12.68022162920694
12.486853292539704 12.812631730090802
12.152671137568827 12.993498984967085
12.576714552762764 12.68363984635962
12.11680273702793 12.996324075656304
12.75536244740745 12.204447610120663
12.414782297487951 12.923713323847567
12.65515963816722 12.666629169763988
12.573255419847872 12.6855723029581
12.476550053022235 12.818776800689182
12.191712010831067 12.984654639196771
12.767743550919272 12.0034483390038
12.752805760086595 12.47886072120624
13.276192045765999 13.370517909559695
13.192523189697255 13.59229347847689
13.402793965066362 13.07449383396392
13.013519052055406 13.63759474125879
13.365486221955189 13.298824838778355
13.238001757341895 13.380594236786953
13.024467384958387 13.635689728669483
13.646015317934781 13.074110503063936
13.375860682408373 13.09542093603901
13.347429594604277 13.337197513494692
13.234231748448021 13.439772905038604
13.839838832942144 13.073014776900164
13.300478336440934 13.361054585994804
13.157113732941902 13.63418505458183
13.361472977301684 13.314989068854134
13.938974314297658 13.007556424372483
13.297346157963354 13.365925919513899
13.921933819793278 13.015585268660567
13.192459359395896 13.615366833137054
13.905723487898676 13.045225741199612
13.272046014368888 13.375231609260183
13.648645023902944 13.073795397688306
13.23559794981327 13.423953172649995
13.008484485699627 13.903872768755857
13.314851758608476 13.339813533660397
13.055853598034236 13.635399871590877
13.225663399398565 13.579016516439497
13.228782053808596 13.495021336872309
13.387729659161254 13.081854674646685
13.011336423810153 13.823303759377165
13.844474389950113 13.065587883606355
13.229792722980283 13.48172142530619
13.228215169251756 13.513566898952153
13.37149499012763 13.21245347617048
13.97696593077914 13.007214243288159
13.313241759847479 13.342236535945474
13.36962342358012 13.226288505485021
13.915596068799225 13.04084021572095
13.047981694149989 13.635642757936239
13.245563463829397 13.377090895865367
13.227068324713901 13.559940698980753
13.00251243136005 13.963327880649102
13.312107721311472 13.34857626361735
13.37058721869176 13.225854660331963
13.011804950699913 13.736121664970382
13.22764230460022 13.548476444888312
13.858385816704308 13.063964036060089
13.185576200254907 13.628820353404524
13.009066066924916 13.869744704629275
13.757344637347066 13.073594271884216
13.375015626369011 13.12573440017596
13.87738222518529 13.063457455750962
13.992054730523014 13.002016155368684
13.004613053715378 13.950278289770624
13.918880789942232 13.034219511336598
13.311249368844386 13.349533779265217
13.250994592346757 13.376964172095285
13.261026903155939 13.376350416446675
13.375806905673757 13.097482378509726
13.225078891194878 13.58479787663544
13.396366725340307 13.076432771156755
13.237188406532685 13.42214540450202
13.01193429880212 13.667404699172856
13.979993847626009 13.005337146519794
13.203166197569006 13.592064660612355
13.90866260589871 13.044897161416484
13.301022184357485 13.349549574001797
13.012294880863708 13.639325900980355
13.367171978736396 13.277470554622514
13.894689701951588 13.062804308289005
13.506109116642701 13.07427252651002
13.982831676487473 13.002808149037618
13.317903123943061 13.337692435540049
13.230723601510011 13.47745271680741
14.789945290488506 14.261067403130994
14.668536077193762 14.864418151566614
14.857190586166178 14.182258540911825
14.724679821354918 14.273967976982021
14.716280393835628 14.390581947258708
14.114899855314826 14.933969312607784
14.566558971179 14.86785376320043
14.199720761920055 14.876524590155997
14.373036472677066 14.873217568039436
14.90542461952552 14.0304230634428
14.67271095374865 14.447993928343601
14.461025343389212 14.869007575690446
14.904708566733232 14.114017920885713
14.980399572897737 14.002799052856554
14.80908467877127 14.24553076947239
14.023993989069046 14.938840308741748
14.717464394032753 14.362292589120663
14.694279603591013 14.410256104495094
14.003004374434148 14.952005352558707
14.809361174959397 14.214201385613313
14.353033044873454 14.873741314458087
14.03623893964295 14.93793894992059
14.560007724939389 14.868729885097721
14.120364311623241 14.904529071657427
14.143714934975156 14.903343165009327
14.939310774285026 14.01764697307884
14.82598185852453 14.185667440849421
14.808030228047299 14.26020649312439
14.706614693891861 14.39934107488539
14.659633972916534 14.865860386259575
14.941573910236388 14.003546727165372
14.900788894475243 14.124830286209962
14.089802172721114 14.93752909022119
14.897773692145671 14.169358194113055
14.195346001130694 14.890540978035844
14.526967498164499 14.868854993592226
14.91141693780064 14.021637801837056
14.424106007428367 14.870891028523946
14.752124942009994 14.265449354982668
14.862382090633199 14.173771551868503
14.938360040380065 14.017851711615004
14.72115556070174 14.344574686673077
14.669339795365783 14.564250259818413
14.328048562091123 14.876018881583978
14.672424994619957 14.449212794761598
14.626546794383444 14.867300443440966
14.6974978210716 14.40614590342299
14.725633318273728 14.273209682550743
14.167781778785383 14.892907045060355
14.759077333898492 14.264800454288594
14.899007229017409 14.130163038755464
14.673422477774029 14.431434956536247
14.824837563094643 14.192753269181539
14.808954493261442 14.258565769251408
14.569420454756605 14.867524129541183
14.119395247469972 14.920604408186678
14.670806824092582 14.51463323288802
14.01678592978371 14.945794459985715
14.973890274962354 14.003184699406946
14.642760705338222 14.866922309768846
14.810224654338201 14.209642042429959
14.908949294004818 14.03022683007255
14.095254660086269 14.937464668795963
14.69203763706553 14.429480990418785
14.94156653120334 14.011977224872386
14.90992478413987 14.022403411470885
14.331580706937368 14.875465252639284
14.117711939581563 14.930303680261312
14.44999363978208 14.869881712398199
14.774412268827552 14.263803111344583
14.92834906371406 14.02123458270233
14.72148672100865 14.334949235439808
14.668976950344444 14.629157782604802
14.671604927331007 14.461029006892339
15.081181995457172 15.740754521903842
15.396715714845298 15.399799346557149
15.497370789117692 15.084710127769508
15.615640220313015 15.019341085819766
15.278759340952197 15.689380746242309
15.30801239187932 15.49423476007664
15.465487880271896 15.250045903838249
15.021739259848903 15.973498511303116
15.386036487532277 15.451973931759948
15.455366535923497 15.334407522023891
15.074587726192421 15.908383355750493
15.973574963462953 15.014295180609462
15.491252872889486 15.099051771676356
15.500983310536647 15.075282673712959
15.559387501372376 15.063374435034644
15.300429616917738 15.567764027659896
15.10842005572097 15.707009886981872
15.082164817080383 15.726668195816773
15.071577385773095 15.927566827447766
15.37888128874889 15.469529539001899
15.422452702780634 15.368571545522936
15.29176748997812 15.594369685833573
15.45705122111718 15.298968239773947
15.346005531576456 15.475491360760465
15.3024744395453 15.503989070879863
15.334828016732779 15.479584704299075
15.302536318656946 15.4966117867584
15.045459770681576 15.94509527897571
15.07967053657643 15.90056114480829
15.902117012778639 15.016034874245637
15.779709334344533 15.016726466238863
15.065815053463602 15.942928512920057
15.489188007523316 15.145569277040725
15.034591953000971 15.954418001393531
15.99742781305283 15.009546589198774
15.455917032749714 15.302210635214283
15.333453584205891 15.484167853933267
15.468949381368184 15.149180242721858
15.149135922448679 15.693444802538906
15.288699003926098 15.646284661541001
15.589679805932462 15.058743069426203
15.437825401043415 15.340173358657804
15.044392926349987 15.953043299028005
15.077909487361184 15.906062281823594
15.580767390852166 15.062084030740596
15.606380491020591 15.051879295385449
15.119214121486856 15.697912531544995
15.314592847222304 15.486900206168281
15.385698909523224 15.457100330017093
15.507159491608226 15.068705571052497
15.280236380758335 15.649111070163377
15.416030412528807 15.392692813698517
15.025781451657542 15.966409501187993
15.08945389284741 15.715555848509737
15.167416031439473 15.690676020250827
15.496026334844329 15.092239061562232
15.458728756039426 15.257896971132958
15.43306889217939 15.353204787771638
15.33607162128714 15.475999240775252
15.27939658156812 15.687423301378544
15.684940065214642 15.018738393572757
15.969094441124634 15.015632792742478
15.390654114168184 15.415910398274377
15.437158800917802 15.347411803471072
15.093020476384055 15.714471307143125
15.606510199952092 15.038120110074715
15.434274233026978 15.351419061848794
15.328035441177837 15.485813639015209
15.417211162451625 15.38267952979345
15.29547926120205 15.570636159252881
15.079670753072623 15.88565355500822
15.018112516293474 15.983724154016281
15.459710720534456 15.254959401602434
15.074867506040835 15.906889903677392
16.913695525121547 16.036829483480496
16.71663616288279 16.64390986533382
16.5128657831298 16.64515547503788
16.227163767981406 16.839952333201715
16.775393057940146 16.069347248201215
16.154990685774347 16.949121533413372
16.075869591218748 16.991948717725545
16.75945317130269 16.348141042589315
16.742451378664782 16.542631065997522
16.383479933513353 16.821388191897665
16.422508893403005 16.684397824158314
16.403314291349282 16.715958390991144
16.893472776410952 16.057016676654765
16.764388285690295 16.33944198820993
16.43222367293154 16.6570032625706
16.399172887874343 16.805283712846197
16.2064538202869 16.928746400066483
16.327326277604442 16.830795888198995
16.77384862490424 16.32633798673267
16.756338552934604 16.410703081867645
16.2268544627042 16.88977603730783
16.939349831538248 16.00001044977179
16.51714876763447 16.644253996297554
16.71927094190549 16.623302813774764
16.42486959180343 16.662181780331025
16.731742321083217 16.59562330666549
16.053004842084977 16.998027041322842
16.29659906690931 16.83209894824484
16.160995328084397 16.94283373985731
16.4158055560567 16.70089169736523
16.144227783670395 16.950812749079343
16.75065526894755 16.422603868155065
16.083453792465125 16.985608222847787
16.195127728704367 16.937545278099154
16.1374660149018 16.959417754974112
16.42455036023064 16.682846319938545
16.77171609001594 16.327342026434767
16.446049608890096 16.653963422761397
16.72956569625697 16.611973707632988
16.746204363417533 16.51181733339952
16.20503181957353 16.93075743511028
16.618990848103696 16.6440188563386
16.765528662279582 16.333085979594404
16.78633788189312 16.065217353616823
16.213387627013166 16.89852991609777
16.851774368625165 16.06017012749276
16.723530705238957 16.62203090796463
16.42035372964358 16.68914942061775
16.209584508796702 16.922287205712507
16.874557229128737 16.058579351299738
16.275554042579408 16.837209230940353
16.92331793434559 16.008480238376638
16.740240023172102 16.591240676553916
16.77519374911879 16.219666737076786
16.933694654403414 16.008266112503232
16.471268277649585 16.652325077881088
16.33264543868284 16.825882852722433
16.05646991170096 16.997461989253313
16.400011388212924 16.767280938531876
16.922954180030867 16.02011429555431
16.77448630838903 16.28098276799929
16.905960878217087 16.040269142510734
16.093927497541344 16.961733529052356
16.397511702963353 16.812937127379584
16.89969689084266 16.051323095432352
16.717690701894114 16.623738639240308
16.747755682471926 16.500168156138507
16.793724019254267 16.06123713773988
16.201444412399407 16.933141326014
16.373662151306732 16.82412704520617
16.403538550783548 16.706449628561376
16.212082406364885 16.91069594882113
16.134667386636558 16.95963656863231
16.165690025685635 16.940047029139777
17.124124977243035 17.140081695869142
17.000480420111288 17.62238154039314
17.9989526006313 17.086899784172243
17.294688903254404 17.105588281103273
17.07764238173533 17.465793501842843
17.016775800983705 17.520242497776337
17.08283819502402 17.235277825555603
17.0084455233053 17.593363042686565
17.625062290613144 17.100794445455527
17.047521992268493 17.481020599685976
17.01713409771072 17.497980199032522
17.04025557832216 17.497773621412257
17.906435492610264 17.090562914234454
17.84026795702198 17.091984950590792
17.150148034545076 17.128001955377158
17.0798875783814 17.357555972150813
17.043285983627523 17.482317424728173
17.801588990032812 17.095564779696222
17.232018482623257 17.122681272951677
17.099914552662078 17.15715096986724
17.804328176393163 17.094987218164977
17.67856601803091 17.099734877934917
17.000321287245434 17.850051469786035
17.435950178336313 17.101426300996195
17.115355925878184 17.144672405287164
17.118712995956805 17.14340326899034
17.127761013114064 17.130432125962038
17.13568295219734 17.128526971098985
17.091060861703564 17.177977591877898
17.76710282832256 17.098868095629598
17.293438414240267 17.11075428049585
17.775767891112757 17.097555293721644
17.093447711740822 17.173809863414586
17.080264156684052 17.28725262210269
17.000196070774365 17.958315910711498
17.264093315145608 17.1167791248094
17.042417285206763 17.483933305943758
17.089182466621025 17.23486568154158
17.07257672855223 17.480827356681054
17.237341236602884 17.1212663904183
17.012333544269282 17.534928160462638
17.079860479330307 17.437473005210315
17.121818304969896 17.142368357602898
17.94526115123968 17.087377760652096
17.2081709960743 17.124078511255604
17.99979280302278 17.04916401538359
17.322470967938816 17.1033351120335
17.431163026237407 17.101546687694988
17.09672679119768 17.158440172478464
17.090167404053513 17.230498179151738
17.34340914526555 17.102585400085704
17.077156679206823 17.476863545213114
17.81550887321763 17.094224451987785
17.00533101267689 17.616961184476903
17.081334471004418 17.259586854814998
17.010444001275097 17.59091257442502
17.15535482093418 17.127096160360143
17.17610464659508 17.12703025380282
17.70736785938053 17.09968440716679
17.078217893958435 17.450975009058546
17.460133671080985 17.10132444188957
17.11412423557326 17.148215830259073
17.262807379951873 17.120567183672968
17.012230981627244 17.586186911785717
17.913122742460473 17.09050673391544
17.211061957883192 17.123164360573707
17.006293196308647 17.597076411302027
17.869897207346156 17.09132455283727
17.00042883090343 17.73805714488998
17.001528941114255 17.621876122308716
17.269786028051442 17.11458961904355
17.12935373349275 17.12957268856287
17.105530840611557 17.149881796239544
17.40659453917094 17.101727216141562
18.21008573640131 18.729397890241792
18.59495923350278 18.589759847344805
18.853363218766315 18.58775432642714
18.302111714047992 18.69155177049022
18.151740904959677 18.8016409849494
18.94252881022262 18.38660504173584
18.90554845295028 18.569855033361424
18.54230824086248 18.68290147160998
18.924096716807828 18.525539135047424
18.071949867682104 18.99781604802295
18.950567705334663 18.156583096348225
18.205959416664104 18.754228978161862
18.86505119063489 18.5763751110036
18.137758060397946 18.975814913591584
18.967696265002186 18.129279906636544
18.136851582713636 18.99653952681013
18.214436606708013 18.70728345393467
18.906705157526222 18.560239314817316
18.91704813359169 18.526859431185034
18.14638970932766 18.919710556502544
18.99059595949794 18.08809135778532
18.86690601052212 18.57295176211999
18.550020826021147 18.608816766821768
18.969704119870826 18.103509577462006
18.177115871210006 18.783603028221833
18.143553621377972 18.927867562582815
18.9383397835644 18.404028960837483
18.860524534984656 18.578326820372382
18.48752252691332 18.683883297724954
18.857857135370743 18.585967900958817
18.930529326405708 18.515291195341764
18.4098791799191 18.69139765869403
18.650968464158574 18.588444129827977
18.185184335672528 18.76811188296986
18.993890576316574 18.06521567951262
18.253592851272693 18.69870730852393
18.234025127102587 18.703691473835548
18.58246550310544 18.599948631140013
18.943578513710285 18.362457129957644
18.94880445502598 18.317075960110756
18.150341402635 18.854272080776656
18.668041655743252 18.587988716122183
18.933334321471918 18.404810877665934
18.092196824329594 18.997725396825885
18.192940552282653 18.75509518455374
18.156428495886065 18.7905534167134
18.54680483233006 18.633003400410168
18.912902814557608 18.52957082932659
18.949369908424504 18.179941987357694
18.99241885514116 18.069811095333698
18.941537432599848 18.394483111798056
18.984070176267455 18.102452548071554
18.932742691268846 18.417028175659183
18.96948666628198 18.10837659146072
18.639174856017213 18.58874196966892
18.956335951657785 18.141344526060216
18.14484926450369 18.926484241743367
18.25373576055158 18.694847613829996
18.187800221289628 18.756058840109045
18.575231828987736 18.60561559442526
18.186440257117997 18.76177452982306
18.546514288055086 18.65935724806714
18.997533994272448 18.01993652615367
18.206379728430697 18.75012956642532
18.81714168914317 18.587930206640202
18.431727998138378 18.68980851334827
18.271159935435556 18.692039057325644
18.210396209973272 18.7203620156615
18.019235129330156 18.998177352482983
18.989695594672956 18.09392351990568
18.43744824342484 18.688296036560047
18.93215756354166 18.43505047789978
18.59295405418727 18.595565973461785
18.597057868063466 18.588939121134285
19.300506604193284 19.229262563080965
19.297163356271422 19.549254971836483
19.280351240942213 19.75707757739446
19.998407767741842 19.177792776291618
19.94173172293904 19.215630899406207
19.17295402433872 19.88122698699932
19.10621352766228 19.960512283826176
19.185784888580034 19.859919055107373
19.002276953898036 19.987094676200776
19.198028524210258 19.833758308474405
19.439669502521305 19.22807848163027
19.15054747404684 19.921772488972707
19.855387468427384 19.226934986676984
19.194142432131777 19.83428975732116
19.884401263940806 19.216306333620906
19.257357787862965 19.79188363591105
19.846983238824595 19.227486429340217
19.294249183246798 19.742558239840648
19.990757752139345 19.18665584882452
19.274244738226706 19.75890103490436
19.189457250409887 19.848334291041436
19.04465387624513 19.96212430506381
19.25440775186073 19.7963576177318
19.25939336670539 19.773220105651944
19.170465752527175 19.888128733795224
19.17454074013638 19.86327443433802
19.962181223291335 19.209623445502874
19.10830716835782 19.926752503197623
19.555003761666207 19.227809102707447
19.01431267142436 19.985167131802076
19.169288870652878 19.890279294860925
19.160437690178 19.890639331866794
19.264021243980103 19.76164178508088
19.29957866674551 19.506674537553142
19.999924439728655 19.121482025232933
19.23404148587751 19.825929855341627
19.902310955607007 19.21565849642327
19.969537179570413 19.200851745894635
19.281598440281755 19.752915163969874
19.296531235403382 19.58459674642765
19.01445065935645 19.984390675108372
19.191782037360024 19.84534896482673
19.23426421963585 19.80601216119961
19.95073754599974 19.21504084184763
19.036887279250372 19.978098369275543
19.191801232533596 19.834692733235247
19.43403246543104 19.228969940077395
19.300313213050188 19.416468045765644
19.102999389335114 19.96116353176684
19.86402062777814 19.219266985560722
19.259952829450835 19.772088501509376
19.233903580161527 19.831586314815954
19.205113785120155 19.832874622397746
19.184380685272433 19.860510718708742
19.043989737929444 19.970222690564345
19.26285009043384 19.76805763886769
19.99940407136248 19.122616324484554
19.85983146071671 19.219665304005304
19.295340778185405 19.670374392159562
19.040774178563833 19.976645958150655
19.294656807492593 19.73386784727829
19.154214167333787 19.8955627511176
19.2039765512396 19.83312613447329
19.02362332150623 19.983132934560665
19.258012422933167 19.77989755963987
19.62755728768098 19.227738088968646
19.976969416268574 19.19043089536941
19.880614406853105 19.216321713993494
19.14780535742662 19.924667803730195
19.29585384089769 19.62750362708565
19.27890470948301 19.758370495240136
19.300423593666675 19.390569115267
19.952827798413328 19.210007879968497
19.150938911844584 19.916598031355825
20.501986816193387 20.891866143591486
20.723845085677272 20.516053300001573
20.914805633699107 20.294103822462485
20.7460325849413 20.367645999783594
20.582455888438602 20.64773751210542
20.612674490223505 20.579795805389864
20.94177363905017 20.031585282970536
20.137039200858183 20.9246842308036
20.52962205334179 20.890377737365288
20.743326011595922 20.45033820235205
20.070904686874922 20.951498565788874
20.834995688903703 20.318311362160223
20.54912423503594 20.817449819208697
20.4971752766762 20.90949402276567
20.76476860153066 20.343079555801808
20.937989814343215 20.15982790427027
20.5751612835995 20.720091293208775
20.596220244643085 20.642975425332807
20.300093944771167 20.921611401829775
20.00470349245672 20.97134539142818
20.966146705192116 20.015907084422615
20.58243130772651 20.697793163790188
20.602528726581383 20.630666224418405
20.536851741897806 20.860231901880255
20.88472975087178 20.3092965402951
20.0021224051326 20.97974821107882
20.70121883484493 20.525272942858855
20.772522812754776 20.333651301816715
20.78710997617703 20.326958663295724
20.556208203508945 20.816953764827296
20.482476758102443 20.92088772123065
20.25552684841431 20.921859990853964
20.633845797696683 20.557846840774026
20.615983876073106 20.560165905355507
20.769848623568986 20.33731659831135
20.03105436626946 20.964772355613455
20.568154241296472 20.75102775739379
20.11287953689807 20.93016621966275
20.538837163751133 20.846793314532285
20.13234113172898 20.928605325398834
20.069249174039125 20.95461199925744
20.1119147389552 20.93749962639921
20.764570632490692 20.34869905528073
20.727039219418206 20.504745421701262
20.87787156836759 20.31017933997795
20.59339709626915 20.64318459780909
20.662878265845883 20.533991591498946
20.547298990118392 20.824488598726525
20.560735338323795 20.751661845478036
20.93947781446806 20.132051890089343
20.739311817569078 20.500024771486363
20.745545265533707 20.40605886899942
20.957100866901094 20.02330447538878
20.771832861157165 20.335998410498217
20.530561731176505 20.880803424360288
20.745257118719337 20.407290155827468
20.980849007286626 20.006205486213457
20.55978605724859 20.798895431783063
20.60451038726656 20.58807131707549
20.954866050892797 20.02970614535313
20.65811834754458 20.555836375432968
20.498221197353693 20.903495608425924
20.611634846735743 20.587350747519924
20.92058372268403 20.177583715183538
20.49441241488521 20.912048436009258
20.577877927311217 20.716927746591033
20.066438570109117 20.961038142380087
20.721342402249334 20.52151920118565
20.698824479547703 20.5284036890794
20.089342694025113 20.940196899348496
20.00143050266683 20.989743598112824
20.88544457643217 20.300997640418476
20.07452361774708 20.95106182337159
20.698076762619856 20.532952540103874
21.372190301420343 21.037961694859053
21.090042612165927 21.915708318416094
21.129709445639044 21.192505356833287
21.203544850555005 21.111309410916128
21.468762459886225 21.037592290545607
21.621142287615143 21.0215822124891
21.254410494939215 21.10503814476949
21.297498457440255 21.07240105935139
21.655397864821335 21.005735455454037
21.10491074459464 21.424831478550615
21.102838261392186 21.56659600446249
21.112811929349252 21.233787286096977
21.53321735156817 21.03404364923765
21.35142873219429 21.061378465116587
21.101111947107448 21.622817730682115
21.296672260638292 21.074548960696177
21.678303698001045 21.000415908605998
21.150893403217037 21.185334874889058
21.06391451442772 21.998077201286623
21.336836431698273 21.071439146889215
21.6009542710949 21.02436861426684
21.080643657818356 21.930978936951202
21.125637224144743 21.193840104512752
21.069872350223196 21.950266272438782
21.095412501133925 21.88066490255254
21.500428423044273 21.03526292179323
21.15107228809572 21.182711383551837
21.077009892088466 21.94330820349211
21.26662583282111 21.102891409911457
21.103484898129114 21.515054019398733
21.093169842269724 21.89693180098702
21.0960361757892 21.649158317346664
21.112541485836164 21.26216443175963
21.068100218442122 21.962438692988275
21.62555849769345 21.006301642139626
21.125560765602685 21.22948019536507
21.11531314897927 21.233020247520006
21.163415689776205 21.127434992443828
21.108366221951396 21.331288849157428
21.553779069813015 21.03093513607093
21.06864887563753 21.955441693746167
21.578148658540147 21.027762813819308
21.1529172452753 21.15259269140453
21.10865295807516 21.279245102573384
21.295480404770387 21.079102176588286
21.57000102289304 21.030914370110864
21.272842947253935 21.102048570204744
21.067189874536123 21.96417998509448
21.070686791801975 21.94333837949395
21.157837733944554 21.141684461336542
21.311138462407058 21.071636594203152
21.367360407344137 21.056674902035674
21.102183726760384 21.60977128212257
21.065706256739247 21.973173470657468
21.48607905781766 21.03545178301875
21.21204730316134 21.108129762367508
21.190179914428207 21.126964299842385
21.5327683364432 21.03501603778709
21.08097669503393 21.92056452819594
21.106519060993644 21.423277780862467
21.287521080844094 21.09721136011699
21.095495314447408 21.655199358710412
21.156085880372952 21.14664637506658
21.27374018162972 21.099344990021123
21.963140520336648 21.000239472601933
21.370368719897808 21.055536785915603
21.194622663060237 21.113148180425668
21.138027877018867 21.19094142943617
21.189416157130022 21.12722907702718
21.351552118559994 21.059403063520353
21.151367583728216 21.161058527229198
21.67504676705812 21.00203837525735
21.230173262623026 21.106158831095662
21.109192637154884 21.265059759678486
22.780355202875494 22.090969290473986
22.604014007906375 22.173904919518378
22.06667053476348 22.981152768877237
22.26650222595493 22.210381809514402
22.087457172744834 22.535931723517177
22.194984454501338 22.459940048481982
22.40422304527413 22.195640281890142
22.822174457845684 22.054284179957037
22.483066042239113 22.186815865301117
22.194618873888768 22.52664831278414
22.63619066973323 22.122757197393074
22.0693950445682 22.94775213084618
22.26593480436474 22.235518251363757
22.91174099561451 22.00886290861737
22.72298267814811 22.106081863230816
22.197047941986696 22.442513913937873
22.23395568031565 22.34197738387679
22.89759443569646 22.041303639918734
22.565076020179422 22.185646076121607
22.632058528380046 22.130431779176654
22.078174717736903 22.87807356882932
22.805261561065702 22.068029798417566
22.297896131471376 22.19634034575385
22.204939666478495 22.353497564558932
22.201156113431814 22.437334778881258
22.642241520425934 22.116041973885544
22.26522100577879 22.321214107480476
22.605805971115156 22.14162456991201
22.663155691479204 22.114439530731975
22.067716881923012 22.9497257506544
22.877005796525633 22.050682615144538
22.16712567902131 22.526695785605447
22.086991564476016 22.66860373590937
22.67978279505339 22.11299917394105
22.082913506045237 22.807649653290913
22.91162950349993 22.015010154888667
22.24094716186942 22.33994319296162
22.03059200511338 22.983821253154705
22.013096289573372 22.998361694739323
22.77978607296242 22.09421070570934
22.924079156452628 22.005137608987916
22.230950829407863 22.353116221096265
22.78723417422162 22.076326673122182
22.085617452434622 22.806659669608628
22.63301277283433 22.12609493510637
22.787180328137218 22.08234602769721
22.807243160933893 22.063975724415055
22.903721550471367 22.037360087197698
22.25577392714386 22.332452745867563
22.889261570787827 22.048396895382343
22.12595244212131 22.530167754024284
22.273282948353838 22.20146361707662
22.265755892915358 22.31537297910716
22.60442302519182 22.17363719837907
22.855119434104513 22.05326080863643
22.07609547808533 22.9138944791206
22.779396350981 22.09709094580684
22.629001717064426 22.139457771727898
22.244554072420364 22.335584419555506
22.1358912266828 22.528580204927916
22.904279955572427 22.02966526858929
22.631627682511347 22.13490437692324
22.962421334672534 22.000371408888437
22.795417528475248 22.06957786701318
22.41878344525702 22.195141300470624
22.77263620691549 22.105504307058773
22.265790448733572 22.30875284183369
22.420737433939266 22.19289450732736
22.772938233088446 22.10547462880418
22.684339383880065 22.112874811891068
22.255976053759223 22.324184983006166
22.583094647818815 22.177286733811417
22.085892062027884 22.712558466969856
22.131611171929404 22.52986158340391
23.317162685485076 23.40098533896844
23.422704074177656 23.014025226850144
23.144035417066398 23.41508431765679
23.107515496399444 23.64394206314922
23.133537801132604 23.602445077889524
23.13730707415424 23.580228340060845
23.352793386484954 23.03401082144874
23.35036574320147 23.281785209227746
23.098119223750064 23.78394234097754
23.090608079390584 23.93835887736872
23.091957177190668 23.885605346191085
23.810450275616013 23.002854953508663
23.29824766417379 23.405927692673732
23.143039100961094 23.467036048866397
23.02226422952245 23.978508967480835
23.784802621060752 23.010881902347577
23.1182114991491 23.61335798499424
23.050324629028232 23.96462198522644
23.09991725965614 23.748043890255005
23.002027803489142 23.990326723680468
23.339020598054027 23.28338075455816
23.317658878240813 23.30632351207984
23.067723852955673 23.948609684568755
23.254541104930322 23.411607052786458
23.13573119672984 23.58264581696356
23.393417175067132 23.0180517701775
23.833015794744604 23.001490572282734
23.320581498842586 23.290381842618935
23.142371212679794 23.545834430302058
23.857570285361962 23.00048173608654
23.007485400479442 23.986393479204125
23.249915165353066 23.413598534009626
23.104263751922062 23.65463564205181
23.1411543818079 23.569778982423266
23.357981109251334 23.01929824793254
23.097197488973965 23.883278395858813
23.319551309129974 23.301053878434345
23.352563525252698 23.26874120386196
23.13439666414939 23.593877536026547
23.282125490720865 23.41120324883881
23.71256397165374 23.011929927558107
23.557133523267385 23.013094283923753
23.10152446890118 23.71380548153169
23.097381694471924 23.839149722157426
23.051909201602545 23.952809799116693
23.070945701290544 23.945344532601528
23.353475749231322 23.02943110620182
23.411639297788934 23.01784799945412
23.319210350909138 23.30219667093902
23.608935869978733 23.012392056873264
23.127090768874407 23.606557301096004
23.015983171169477 23.984369891458417
23.796614341002595 23.005122359153113
23.02321427526704 23.97699599319992
23.66860303086536 23.01233626725592
23.137044905208818 23.581312316395437
23.352574138019914 23.191417978587175
23.105513407819657 23.65219435854416
23.46551810116238 23.013821308926996
23.015842552270257 23.985382952121036
23.10299541090707 23.655307641654264
23.356756670219216 23.028782778962743
23.296694200041024 23.40727699781136
23.32437391614915 23.290225375419773
23.08819817936833 23.939059754485285
23.415623314515646 23.017553540429535
23.843910114166224 23.001472882972305
23.00490224262035 23.989085237252898
23.296502153935073 23.411016547401918
23.337616127287614 23.286679943087375
23.71990450761509 23.010990948862972
23.001386833203707 23.992802096160517
23.118368155582907 23.609651713959764
23.310485894036784 23.401268062909512
24.98085151762216 24.43058061455794
24.91523869710645 24.985551701685583
24.93764131542949 24.627237777490933
24.988010182355303 24.33553930885331
24.614147907969723 24.99166905879078
24.92582394625393 24.892323715925315
24.729485070832894 24.991425419128245
24.334372267837796 24.998941791275698
24.53769794665097 24.99442298228294
24.937458679900047 24.83243132347371
24.957321736631396 24.5504682029099
24.359008419494064 24.995362306058333
24.993076158285056 24.300112610785405
24.362127292549744 24.994456528237468
24.93393026394086 24.8480015670876
24.99942995986877 24.24777407545673
24.975491562767587 24.478138412938296
24.76182341770834 24.98959170904188
24.945623392889424 24.5691500381382
24.965258062740634 24.514559254554005
24.926013251111815 24.853644358968484
24.995734144975167 24.277988766449308
24.98927462476967 24.308196620283667
24.994140738154407 24.279695472115076
24.934223178188073 24.8474411621149
24.906908127919195 24.988649094538992
24.98521923564732 24.427179816617105
24.92326861693899 24.973329304528892
24.541990981044545 24.99333771203488
24.990841022840733 24.30504321261351
24.327365681343665 24.99936113249572
24.92040228952048 24.977690554700743
24.99982173616664 24.20259950700954
24.956945923397505 24.564519059648543
24.939700672701154 24.609829737648234
24.925673247250757 24.931728324018408
24.559809768651377 24.9920560721265
24.967899218931105 24.4844261221234
24.7885622953896 24.989354364083695
24.95655947852517 24.566167993581224
24.942708383363417 24.600349764835723
24.64580807088134 24.99153062111534
24.93811803913618 24.61483299109752
24.976037933010748 24.473283225727506
24.917996725601736 24.981660790879005
24.960435122713022 24.53159140094415
24.938341925610175 24.611813790497628
24.97791754442992 24.463332528437185
24.92432997285542 24.944271642876707
24.991370801164127 24.30095066364051
24.808073643045486 24.9888750903716
24.942927876344747 24.590490783357982
24.98431361361187 24.42779848598375
24.94515953128174 24.58145914330503
24.975268541021457 24.481175800614036
24.99855956175837 24.25825178401594
24.93756316743761 24.770126880710595
24.987978894036928 24.385304396572085
24.755884920189573 24.991319719394614
24.345884947536227 24.99747891063794
24.999488599213194 24.212125021419105
24.27735797552722 24.99951257534889
24.757210067433164 24.99049378443813
24.98807109793665 24.31332220352369
24.96140043735741 24.519979805763757
24.559461034068196 24.992082555166967
24.978825884998912 24.437294174469017
24.04837631734862 24.9999433766274
24.966888464834422 24.496569141615538
24.9842196715551 24.428790792329124
24.977901455150448 24.471667114995913
24.985263757967974 24.400632452431697
24.993521006969164 24.28252978844986
24.937596659843837 24.67816283616711
25.087664042461086 25.753033621066844
25.282040885077492 25.690566135136947
25.844940995043782 25.62393622109748
25.878808846711276 25.609018671368872
25.977972190661877 25.086219724053333
25.050092569347278 25.848032893845936
25.95628595584601 25.090468705212157
25.361016389458527 25.625816408152733
25.01608482030352 25.989785671056794
25.151741526608806 25.745788351834886
25.359082590082785 25.630482253020034
25.90242645487749 25.449664330899726
25.126128910139585 25.750941876688834
25.907311652219743 25.310188802328874
25.08301510890071 25.773566171793558
25.94494489675011 25.12296886830012
25.33981030754312 25.66887211736531
25.779286592909557 25.625762222444635
25.080162114402395 25.793968589045516
25.97934105287211 25.040595810277257
25.918506600224394 25.160333860468935
25.04223873188773 25.969158565363006
25.26750071163764 25.71318866224529
25.043746369068806 25.924593280863746
25.068061556763375 25.826681272558048
25.933529991516963 25.157611348137735
25.04617000301532 25.88374411566917
25.168389656442983 25.741603032051994
25.879769295977592 25.50057585686612
25.28218259642181 25.68682029401951
25.06978000995895 25.809619092855502
25.249792157276712 25.731863896554373
25.946828651412247 25.09166303280906
25.301171183380106 25.686756521882458
25.986508945698976 25.03780738977889
25.91289144327813 25.301988638009924
25.99633159827104 25.02148973877441
25.86980284836637 25.611796834813685
25.19440316038709 25.73348379507349
25.344918796622892 25.66206698518043
25.896454557738604 25.490612476635967
25.013532692423475 25.996384013363002
25.345959951038544 25.641820657696567
25.15239450361681 25.74269018823478
25.93418594349156 25.142731170558257
25.17589957077631 25.73554773801105
25.978322447157325 25.071461451294745
25.3349600824365 25.681310695767035
25.257749749836467 25.71766440924044
25.850857174155333 25.61421838386053
25.081129879496434 25.791817381334933
25.31125311276913 25.68196548645574
25.902529879378967 25.368485217293003
25.933286148281287 25.15780164170096
25.879397503993932 25.54875575336206
25.883797466808016 25.492719084985353
25.062163482039153 25.845208968754555
25.9923930248822 25.0351370358593
25.350510057763167 25.636853620382883
25.935536538677923 25.130873548160046
25.94611271461332 25.09477301793167
25.303139055885783 25.68304164884035
25.03910605263754 25.97506575007962
25.252263200865787 25.729511890420994
25.89864420610051 25.476341687382714
25.849601796005704 25.62166880972665
25.243081830595166 25.73308227435549
25.04322654706873 25.930991338274133
25.85620875887407 25.612969426373073
25.046663748213177 25.85220802026159
25.053602638976077 25.84766689910023
25.271802427083447 25.69414113374056
25.882751313131948 25.499574398119016
25.93130166937742 25.15963287370949
26.0509915264053 26.099457027894683
26.03558795982793 26.202289125975497
26.45298721058631 26.096841122367604
26.013417383202423 26.911850427480598
26.907765367502012 26.073248035381916
26.573584402236275 26.0902873894412
26.019250761561548 26.464247169060915
26.033077396945345 26.444336849433363
26.88776498330297 26.08938027864763
26.01868443836238 26.75410618709988
26.96711711421672 26.006677314667346
26.519681444681808 26.09385830052005
26.002410391378486 26.91242861565885
26.24673271648563 26.097092677369954
26.050685753306013 26.126117950832306
26.945848558393177 26.070748479435743
26.04020439922603 26.15477707437602
26.035145514170058 26.38069935004448
26.900216904439468 26.076174538182734
26.109180333173995 26.09759450847545
26.06431431679537 26.099135473206566
26.016410234155046 26.78717362030629
26.96308043483475 26.034804082506554
26.022230859043425 26.458584408711037
26.953654056043415 26.059343256029646
26.662340073843858 26.089803991632074
26.04708500681752 26.15009688558563
26.019025782535582 26.519762757238887
26.08635446262436 26.09912484897386
26.978462367531012 26.0055167536706
26.956453049541068 26.044289548312694
26.58166757195954 26.089877927764302
26.28536752408955 26.0968742085115
26.09906939855365 26.098502795125768
26.03466254420529 26.425329570399434
26.515549710858064 26.09581394736136
26.035496413107367 26.300289017647675
26.984347881632672 26.002706292083214
26.993450883607313 26.000795940875093
26.13997065636746 26.09721936129501
26.01475991927558 26.8802959108641
26.534650888643867 26.091474484576082
26.04393013995494 26.15361225271064
26.898954728787164 26.083250378611197
26.1984964076378 26.097163817571662
26.477539478841802 26.096510527537397
26.001305109442285 26.951071742767038
26.00182913763718 26.9135201499075
26.193183479767423 26.09718739389089
26.036398114529373 26.164741420524518
26.967031032120694 26.019291810950687
26.01654905352274 26.756789807323347
26.016431790859134 26.77292909175847
26.672164915861956 26.08956345540406
26.530994910123365 26.09242893243765
26.032219077781022 26.450063739575892
26.49412443204295 26.09647156764171
26.013423282901677 26.8929936678486
26.036047391974932 26.165801672503477
26.049510632766452 26.147444096137757
26.200328136177113 26.09709687262786
26.01619361556523 26.823464926561595
26.957177237118103 26.04028219945876
26.960991523517418 26.034863520028175
26.021685882090377 26.462397979529104
26.000155816830826 26.98092940714397
26.554875258296956 26.090863022272757
26.957851411793467 26.03777991964681
26.01902528181389 26.61882299159996
26.94689698051032 26.06645121299664
26.964383619801556 26.026024772677562
26.954436271317434 26.05189524264227
26.899951028724484 26.0767038281652
26.00713373040704 26.912321586049423
