0.5617124303789289 0.37905985290072897
0.18490518011587087 0.6362226340910282
0.1438479932478094 0.958010278577466
0.690592973252491 0.04020490917493724
0.4740725705534625 0.5355020159715465
0.06977239740718 0.972986420025081
0.006185284175593386 0.9807061189963742
0.6659121731664096 0.1205668354969972
0.4882035749026217 0.5144130348652942
0.6036636392282761 0.25448920234316696
0.4671023883244281 0.6005083752974355
0.5689936288410047 0.28034651161235336
0.3797292112741605 0.6079953450618009
0.6876633577275578 0.09122284704295691
0.6438203467188459 0.1685700139560662
0.4908458054850088 0.3958296791295104
0.5630492617183992 0.3556807321872961
0.18382115315431424 0.8652345219183136
0.6580639220483707 0.16628139349771953
0.22977689862817607 0.6221915667144408
0.938370914878672 0.025634152572339808
0.3364557863949289 0.6081236774669551
0.6311752372779329 0.19529856158307968
0.6199089386486974 0.2118524956580723
0.9775611619757764 0.013602092853419068
0.6516510292849961 0.1669230063460051
0.6901197742202737 0.07475387874811845
0.7976864064229177 0.030899093502429475
0.5637083524267656 0.3067023606223447
0.14934464293763616 0.8752422189440431
0.6853470502050079 0.11310035149840691
0.1848626822271464 0.7560440967905371
0.8658545143796488 0.02565744892718258
0.48832974650138106 0.42530968708374695
0.12407489456490517 0.9726989155308179
0.21850359169405453 0.6359760154299364
0.7377032522922597 0.03335861467709689
0.1468023305089592 0.9127487435644712
0.46283711847103504 0.6010980881289191
0.0654627285692354 0.9755483553463677
0.6618583317790754 0.15247248480018083
0.15312779897617756 0.8718960948917414
0.25815251254045324 0.6111349440984741
0.6632547959003589 0.12518514373532008
0.5994311172814984 0.27584049927990517
0.23593613083188747 0.6169467127945817
0.9610165872370687 0.017196710215962696
0.24427695802786398 0.615298773992161
0.6382672782028209 0.17285868287323136
0.5498549346729426 0.3873674859675339
0.61955528354023 0.2224715857167472
0.7425155315904226 0.03299372336855322
0.12977934146525472 0.9722968872266234
0.1569518204846062 0.8718801682600361
0.7069236390675933 0.034824481594969314
0.3100492203112557 0.6081646719100864
0.47033645547681724 0.5718749430112909
0.1844908073328525 0.7941828298079199
0.6422553209007401 0.16906445011562
0.2750365199189839 0.6093052305481531
0.5253698317555956 0.39295335547949284
0.8260381299280255 0.02819707574442143
0.4720250149583417 0.5689654388330869
0.6228974506411002 0.2103295683538372
0.1350843147376316 0.9590500518878187
0.564663245197992 0.2833102646826996
0.39578943274852807 0.6066956896758965
0.490044738875559 0.4129962230394387
0.7252899521854851 0.03445268715236405
0.5526944619585067 0.38085084704742533
0.6857641574763087 0.1098126211252024
0.9406163137766629 0.022110848101599134
0.5640274637684008 0.3064215135343674
0.14659116794523486 0.9189029664343382
0.8065729840141609 0.029092492085752486
0.5634913857763758 0.31629204838624403
0.05947433356284115 0.9772207365403462
0.8480988505273753 0.027943070501637246
0.9781348006397732 0.009104744126770536
0.6349015158729551 0.17942371499483523
0.7035954123770307 0.036116562728666146
0.6333256818987737 0.19061910386863723
0.021235259892023017 0.977843872090889
0.23118178245538967 0.6200006836854348
0.7790431190661554 0.03291326781832493
0.13407660831307877 0.9627611090161362
0.3868205337358006 0.6077895739836474
0.47450373783197575 0.5281373441680459
0.617864823936896 0.25008991576620987
0.21857429121794092 0.6338036662445659
0.005714389020835986 0.9891565131386669
0.40638306033302063 0.6038488674746452
0.23659607132373484 0.6159016180282435
0.6237342845263996 0.20988239245311824
0.6737937229195694 0.11698746536313809
0.5619486920327597 0.3764384586511139
0.660185156809523 0.1581463995948864
0.06511591262384708 0.9764750900562043
0.5556830872830892 0.3803845192103882
0.5291993210575847 0.38981409453555926
0.1839572491860496 0.8102872362975874
0.17731071775488438 0.8661787123206308
0.8618393238686742 0.02772769592876434
0.049869042387593376 0.977373306343662
0.47370240865316715 0.5360941203601394
0.9980482784335484 0.0016171767213682964
0.6946831475373474 0.03620653719281852
0.9804043386655049 0.005310825101750294
0.5629788121079813 0.3602024272185713
0.4789653705277134 0.5159057664406407
0.621933844261742 0.21183768374833567
0.967190442479156 0.01371871923808643
0.1477759367993039 0.889157121865607
0.1349209849622931 0.9594766990651866
0.6192764833342129 0.2491471922124926
0.1308737169516372 0.9645035294487533
0.23318676559873208 0.6189106901691297
0.6328812465720268 0.1945320672375459
0.49032379539178483 0.3996802821584191
0.4986297922537746 0.39458254079577837
0.5641740855559368 0.28797687221791557
0.4046806572176912 0.6063087142404312
0.6365788374603917 0.17327095875827125
0.6167105617630086 0.2516081161671655
0.4761286395070161 0.5277767145824465
0.25227804354509165 0.6147426854692272
0.1302786175591939 0.9667896397522275
0.3040090922782468 0.6084435996857923
6.108740451056249E-4 0.997553049452223
0.4135166091910476 0.6036971812737237
0.5041357669155084 0.3944309412943846
0.2302506464638705 0.6213507922068171
0.5169525235516702 0.39402797839354653
0.015031141821017613 0.9789631035533801
0.468661307703117 0.5932280721756478
0.6269369766863082 0.19813904684927486
0.14488544367358636 0.9245979747198162
0.9420248237025355 0.02071579118416178
0.5586229724418801 0.3796989127723409
0.9395067559352192 0.024190002471616845
0.6399685663588645 0.1712286172648234
0.6625678768789697 0.12718943648910652
0.8063792421161974 0.030165999949872457
0.2348721901920191 0.6187461965086596
0.6002848781970161 0.27190132883740437
0.4902779789745152 0.4090065743477105
0.5849127755043 0.2764156320034189
0.45889501676836464 0.6025435938656395
0.625904550053062 0.2061016412078711
0.7800528931075411 0.031489025558474215
0.4787738294396571 0.5196054641916233
0.6776251992894604 0.11577874065706228
0.6914352052346463 0.03729600793042609
0.7808250014148589 0.03141744092007337
0.47342551610764416 0.564361657977057
0.16225050672445374 0.8697938938750975
0.6839226486084133 0.11456849387022461
0.0061643110103993815 0.9840993282591192
0.5519740280508345 0.3846240901674305
0.5822466356017955 0.27729919254993773
0.47805597824562407 0.5201848970080503
0.6877911821981031 0.07792009038604508
0.6123305307849991 0.2523708312165934
0.5630616430119325 0.3182306462352078
0.6275637606514334 0.196369722858998
0.998851055033007 2.1034290718890958E-4
0.06576210623797218 0.9742934879890813
0.6876105622571786 0.10786132719370534
0.5712586500753921 0.2802199172850427
0.4884333773844516 0.4235118740655833
0.5435753378287055 0.38805721823330686
0.041628936396301275 0.9775478830882455
0.6147979274781564 0.2523384395366679
0.1728719319350669 0.8691607346822691
0.15241660930872503 0.8732681777633631
0.9613104074551997 0.01679326996246655
0.07312520806914935 0.9728653462480398
0.6630665344270343 0.1255722507509449
0.4701807824061053 0.5840856169875948
0.9591499793413536 0.01943417279134363
0.9960006643423305 0.0018322733996399831
0.004887852883105781 0.9968224871977377
0.44724892449113995 0.6035188993911529
0.5768252653902974 0.2799438301255238
0.7907932559560974 0.031110793074085152
0.5795644041426087 0.2796440169678043
0.225311452921795 0.6303264775465518
0.1438958205988401 0.9308877232414176
0.48341860774489653 0.5150517675092783
0.4735941938453113 0.5591721792342491
0.5359533948287617 0.3887511593636698
0.18463703144023713 0.7901407621815909
0.14686553106616396 0.8901266982042618
0.06795223200735057 0.9738281948915305
0.5607362984889205 0.3790953756960235
0.226194064177495 0.6279775816217844
0.18382548033834256 0.8253621387463549
0.22859220670474434 0.6231828740797595
0.39554240581741595 0.6072084793287112
0.9650966334500752 0.016428842080365103
0.6333498028369003 0.18700054095287733
0.6510447743467207 0.1677875307049017
0.5985980820149659 0.2762552733425171
0.6641073639460041 0.12350059560653093
0.6017034781303308 0.2669882772737179
0.006202336509716577 0.9798159506914477
0.4706414557721198 0.5708449855612833
0.293332239447914 0.6091372173592462
0.15795733084116093 0.8702422463224035
0.67270860253848 0.117871950504145
0.4413959833673955 0.6036614992715524
0.6187674252124413 0.24943810027808344
0.48985325186928363 0.4163160304502691
0.02063839837773629 0.9781571112772237
0.9592213822253064 0.018508740725359685
0.6621529877286451 0.14383906889287645
0.1844832858656028 0.8025411328799448
0.6647504399543095 0.12226072175434843
0.6905574244250536 0.04700636118554047
0.9935326951442898 0.003172445035997562
0.12246180648380067 0.9728224125655178
0.7048124627670804 0.03572546898659412
0.5617212703630904 0.3768886511223333
0.00971133086863607 0.9795090776735065
0.6499206357118905 0.1680495522234947
0.6029660656503566 0.2644484433261425
0.5620519712622332 0.3655335264674302
0.4763063299864352 0.5240012005733291
0.6114768000584346 0.2542097819883956
0.9523590605852945 0.019661853387306194
0.4652315658091648 0.6010622817099345
0.5789018366980063 0.2798978506271862
0.14766212856277472 0.8898567422924964
0.22388324477303145 0.632801950218184
0.6359343835368636 0.1788900914878001
0.2282578973985151 0.6255906308431647
0.690946342275396 0.03767326731553655
0.2097484151821276 0.6359931669597589
0.5668658322472313 0.2812449988290614
0.5716190122600692 0.28001940613180143
0.4831313921394713 0.5154590265077891
0.5647557061463253 0.2832018349238946
0.6417942976195342 0.1707860253601866
0.7204253459476697 0.03462235343156661
0.5185210856979806 0.39341127772633167
0.9918431284540471 0.004384732932434243
0.6446105345093724 0.16845427770314636
0.8242087606484619 0.02854416237407853
0.7073119305493328 0.03472850754172374
0.5844428374797614 0.2768417219028062
1.90742607705126 1.8751821983504993
1.8593809324540604 1.8896174133196526
1.5235989966106849 1.95689103093178
1.1512926972630406 1.9721949517538602
1.9506328067119683 1.7794235464125112
1.9805506443161225 1.5040390432329436
1.9831940132748072 1.0712067220144899
1.6489743448136753 1.9484825431391013
1.8728499390384021 1.8839681474106231
1.7123796760731602 1.8947822954057942
1.207705028657592 1.9655199685868379
1.9170109154707726 1.8276312780348656
1.630904996710628 1.956516092669739
1.1408911941902082 1.984795816475911
1.9789307826316243 1.5729292572575044
1.3029325621011756 1.9586958939143353
1.688159097185058 1.898233994646859
1.982927850914141 1.2560042868677195
1.0656878177211333 1.9849107459658488
1.6321155825634421 1.9537485130058707
1.1486918094012266 1.979147197881509
1.9553525320295564 1.7160439082138716
1.9827790755357908 1.440702372893352
1.9661281321738127 1.6515974357250411
1.9146332571776088 1.838729906714406
1.6914867605896569 1.8961852948704259
1.0155560543067832 1.9853626217797053
1.9844718197990976 1.0331155446949971
1.9082317385903937 1.845400371605903
1.2828453899419061 1.9607119305973497
1.9365386021733717 1.8242614048138046
1.211255448993378 1.9641297784097997
1.9581501676005968 1.6595488414737218
1.6598418351102286 1.9154293711972858
1.9443850045873576 1.795795810356216
1.9936177080119812 1.0211996690243563
1.7524241370696165 1.891796666815675
1.981335207608873 1.480929863296116
1.3005622864204187 1.9590787577204491
1.944857235067163 1.7814709262016162
1.0322832226462288 1.9850733477923688
1.3461995031456553 1.9576509596944982
1.238653656619904 1.961926442105674
1.9671753960980007 1.6014372645637942
1.8696448857488244 1.8888110791649513
1.9846660478842262 1.029796398909022
1.9560754390172308 1.7002044008005819
1.9866171287984005 1.0276663158058734
1.6871188125947358 1.9082393679573957
1.973716613958167 1.5979038418607487
1.6808442822321363 1.9087136099966455
1.7844497415146896 1.8902965253746173
1.9953849399139059 1.0083012875271575
1.8869322122128054 1.8764707479794693
1.6530691354880591 1.920180923500562
1.0043824855388324 1.9990205621126225
1.7362914518274013 1.8943889393246445
1.6607467486398857 1.912113117601058
1.2062526014985835 1.9674527589637092
1.4705789874636461 1.9572875064241908
1.6617187421642345 1.9092595873019382
1.6521746000821782 1.9386516601593635
1.1465046396957272 1.979682764461791
1.7587830581017356 1.8910395837086882
1.9790990478557893 1.5093347741734542
1.951062697571462 1.768040736113478
1.9786605332906841 1.5887338639907753
1.19084278193143 1.9684441615769153
1.9828183104373442 1.4308820297691611
1.2332126820456657 1.9633375276224796
1.6250679872977174 1.956567745974377
1.0109646021900174 1.9972684384034631
1.9957890050817966 1.008133507246608
1.9911652318778408 1.024195097721168
1.2843537282092723 1.960042120120304
1.9726706623120167 1.5994611538830195
1.9818565268851427 1.4719560506633969
1.7481688969417342 1.8932178117734264
1.0306052429438788 1.9851863883127967
1.954151433147266 1.7235206659587243
1.1454781389532949 1.9806108553912494
1.6621541899420262 1.9091408921933466
1.9927272980728121 1.021348258921197
1.550439801089151 1.9568254574126795
1.9813234586395367 1.502108653252149
1.934044942596632 1.8273913440198961
1.9648048071578024 1.654124557512172
1.8770858768695575 1.8828882681240733
1.1603161686876813 1.9715229301540522
1.942993417818648 1.7966842609659324
1.3429713515783759 1.9577279824242384
1.447973448255437 1.9575825462764758
1.9388751981037633 1.8241770055319144
1.9839533375950467 1.0477564429725557
1.1766992888866965 1.9698802688575634
1.6522855402802499 1.9281631933866572
1.9947958859864734 1.012267074936719
1.8862130812981375 1.8812549370474476
1.0149633283260624 1.9873251468195328
1.955858323718904 1.7099894054526048
1.9567621635811001 1.6992631820976214
1.9830638001319116 1.2403957868054047
1.7509653003998245 1.892715226736124
1.6512203700213224 1.9465615507867167
1.6378116125742423 1.9490223469993895
1.9894500096599206 1.025316525596486
1.659589984749524 1.917527066191087
1.847749469473678 1.8896411592663933
1.9578945277301458 1.6914790235206378
1.8601365984380063 1.8893117165029976
1.962732654622914 1.6549521590507077
1.9405853887409679 1.797183036439792
1.9817886189224256 1.4806018942286223
1.0063610078864167 1.9980532417532566
1.9536827693742516 1.759949438120795
1.7747459086473154 1.8904590981804574
1.9926208696657204 1.0227486245811805
1.9537830898959268 1.737326819438827
1.9391167452221483 1.8037488679891853
1.961112569176064 1.6564549919043445
1.9819259589166167 1.4451883421272693
1.801952476346611 1.8897704309424
1.9747552384646236 1.594053467898814
1.7278576386363635 1.8944614330125922
1.1709566244057437 1.970879899372014
1.1769629624670452 1.96947240778252
1.9671324771490413 1.603605061163862
1.985684158076951 1.028977374049035
1.737377385943386 1.8940418130889973
1.312578500501246 1.958028971613393
1.8633099180237305 1.8892579792805084
1.9650338816832562 1.6524243256963582
1.9517167595184253 1.7672224421087308
1.013914739092309 1.996054235032111
1.9828851756215622 1.3900854065953827
1.9742450676987495 1.5949000506029902
1.6885550055232728 1.8969176378152595
1.6576801201345284 1.9196519129951666
1.9079683300031576 1.8527514089589454
1.9578000411534338 1.6925867074361212
1.9024309282645757 1.8754031365202284
1.877813449034257 1.88135823969237
1.2582910244966201 1.961335626971554
1.0140869017334817 1.9911989818311056
1.1496079097633276 1.9784962737647191
1.1447159503865765 1.9813179459108998
1.6370478375004918 1.950888670049154
1.9579457898110504 1.6853658473004223
1.9520660826897525 1.7613847085131749
1.2386445983703895 1.9625136511209746
1.7000900490447384 1.8953667606162767
1.9805859907111922 1.502921284647652
1.0051999967969354 1.998364362654091
1.9142335054276787 1.8449804873793951
1.996066523197756 1.0057670205839697
1.9594363332777676 1.6580145814851122
1.6524854692838238 1.9246435428941973
1.2257901247333503 1.9639661716674794
1.0219995927412735 1.98522612197652
1.4590782213260196 1.957368237919668
1.7554541464507882 1.8917964362537383
1.7422386790234903 1.8937277955874618
1.2611904261806932 1.9613147722628603
1.894033182604426 1.8763100969474331
1.9988625367092205 1.0025174595599213
1.6614671028803278 1.910142813482656
1.6589789116375036 1.918878626101467
1.9667061859980954 1.6309441150091146
1.6130972014105422 1.9566906675502058
1.8677320334390206 1.8889518611068374
1.9830702308144204 1.1672592176940144
1.6798353776773407 1.9090931881706592
1.7257449448124444 1.8947102723168823
1.6504952656927419 1.9470721837033935
1.1497174207980412 1.9733796705846702
1.9671187385135367 1.6202894549345865
1.0884618569149984 1.984900375219493
1.4571085322999453 1.9575176245403572
1.9684762602112307 1.6013681668725903
1.9889538276812386 1.0254690946355405
1.6873517182489834 1.9079534880238764
1.984124032506441 1.036722723180585
1.9365267499842187 1.8251114664099626
1.9445312318892074 1.7933194675233246
1.5544639854547513 1.95677002071947
1.9834476415726168 1.0562274082364178
1.9789334530085507 1.5725857805872918
1.309090683802192 1.958129751821435
1.6321099817507672 1.9544422124649885
1.013476305956417 1.997143422549293
1.2295858999295224 1.963527021288301
1.8740157435739357 1.8832042369447328
1.9796065629345942 1.505978721926688
1.9833305103211283 1.0649223774830692
1.3188200824994363 1.9580003175625962
1.9483728651274959 1.780953840089868
1.6405097157875437 1.9486967582521246
1.8706268952335239 1.887599342341034
1.4310714200845045 1.9576065877510984
1.1734977296759954 1.9702740890262829
1.9943071875523781 1.0210042114777031
1.9829039670037485 1.3129495326691039
1.9542063241386345 1.7216325797543766
1.9920815591901189 1.0227694076981537
1.0406466236055398 1.9850509415152924
1.9003610376305793 1.8758062900555648
1.9748250423405613 1.5930864094596158
1.262178362565952 1.9607582652319893
1.185572422031021 1.969228352432009
1.6491810995234313 1.9479561063649202
1.2025518655477399 1.9683101254439075
1.9790746540310014 1.5499157108449046
1.8868590578484845 1.8805089168330733
1.9788126178372818 1.5770079875869096
1.919704650265525 1.8274663844124306
1.6865378809708016 1.9083813472378015
1.8813778011869642 1.8812918510981513
1.9575514408624106 1.6972630678544307
1.944588019562535 1.7882257560460877
1.9754770438339353 1.5920946926076156
1.9390551462257561 1.822199730474409
1.6334260042871516 1.9516730254155854
1.955293099240039 1.718558918076276
1.870099128896685 1.8880426591662882
1.6551445911029306 1.9197685969909433
1.3334153278905687 1.9579854852734275
1.9974979290673036 1.0046308991992676
1.9665099992137205 1.632459090329979
1.9833336235040453 1.059266242875573
1.6873973252638914 1.9053234881529826
1.6606013658662089 1.9138620319708592
1.9821299852823295 1.44446691963096
1.5012450709961493 1.9571748286547135
1.290978839059319 1.9594712221513344
1.9829221099061827 1.2766917271017952
1.9943558340106382 1.0205254777444948
1.9818324553955113 1.479161864501712
1.299999322233215 1.959337399654129
1.0039515885640715 1.9993208902557278
1.7637977570368648 1.890876627057505
1.9539739073574167 1.7239361846202277
1.0567978002150018 1.9849266472773999
1.8256953163206453 1.8897467887879018
1.9161714436583908 1.8352188655142867
1.9080709899837227 1.85047803518383
1.9396745067970786 1.803077970774706
1.12384669167681 1.9848002343443283
1.907579400059988 1.8620121029456596
1.9163848803056678 1.8284245849776153
1.9581797111298125 1.6594432877755705
2.304088313616419 2.253218048369274
2.8937348748554284 2.1586337802207827
2.0327816308359337 2.931688898142248
2.097981428796607 2.9196798949549203
2.915999917336213 2.0099918610110947
2.16310316849901 2.8967381265338688
2.4654783894219263 2.248239452934664
2.744264146561252 2.2282570077342116
2.207274273408604 2.3982202812210236
2.8286341775312813 2.159939662808867
2.257264026101316 2.290086510671081
2.3176202019348606 2.2520764731002494
2.910023414909855 2.1519165894714294
2.915009918118803 2.052472511993262
2.1686580656043932 2.800498892008936
2.1638011025938875 2.835750853203973
2.79377548747193 2.164494883820872
2.5828481326075883 2.2394252875699743
2.85450267020324 2.159487028931108
2.291427077788039 2.2703688896350935
2.5184655680641854 2.241644666656343
2.190871167947194 2.437634020678262
2.1718439999422197 2.437679684342899
2.745693271502497 2.1726916479636005
2.6630905325911196 2.2338228339600863
2.0210261568333774 2.974313895766506
2.0015094385330863 2.985871150857849
2.2529438137712776 2.3964567301765474
2.050623166957396 2.924380519980423
2.0229664269287806 2.945932824298822
2.765908887198436 2.1667794118376458
2.691191090627047 2.230349716800158
2.015338546433546 2.9801608213091124
2.039637687115247 2.9314298673502437
2.104203198198727 2.896820178539296
2.79880974176867 2.1614484790644832
2.48633209860252 2.2472725776361973
2.0308685334826144 2.9397102047080717
2.2534473590854556 2.305713216151531
2.911617066326539 2.1135431764098396
2.671459018491249 2.230377875471791
2.170599226002172 2.5775585201538966
2.6239897029462225 2.2364975793432627
2.9128554664175725 2.092868538370434
2.9134097076885226 2.0609878228944307
2.1705370252113823 2.607348813219167
2.265176731178876 2.289369860118736
2.1910850242980815 2.4184578901368727
2.925777370424604 2.002995192200781
2.0087506225640164 2.9810587294197286
2.441901258584459 2.2507007301591013
2.9083624785837667 2.156551552013676
2.223428162942486 2.397404211415953
2.8961308854114027 2.1579853047183604
2.998483331439047 2.000468109174239
2.194859764946077 2.3999044917310837
2.597330594660431 2.237950176337939
2.027409373438485 2.945740657343934
2.6019232683453284 2.236713031203879
2.169809620956264 2.693764858938181
2.2858329234736408 2.2870061236291495
2.2949265715160583 2.2667142942975094
2.1669073964884964 2.8292012573568748
2.7639007329506606 2.1714115899689426
2.4969115248569707 2.247124333549247
2.003965181033025 2.9832477814187133
2.7370621566534896 2.229429926840005
2.255606160269313 2.3038060771137197
2.1710173402947417 2.465965772107766
2.079428534726797 2.9240566344147982
2.1695081293353375 2.7541260014179896
2.724396967861412 2.2298619351792466
2.257180339759111 2.2997693559209145
2.6561911872079405 2.2354267406579256
2.0284455467109144 2.9439067522337425
2.298999489611868 2.2621398073440235
2.9248861217262334 2.0067597035703
2.7421168567296217 2.2286915648274164
2.418503377629332 2.2507034574653626
2.10121812826851 2.908077893244602
2.3271370064099357 2.2513572965734774
2.9965724914816416 2.00085837060256
2.524309977207506 2.2407938386789725
2.913321278986958 2.0890907783359958
2.9617393788113917 2.001486425627279
2.2760382197722406 2.2871439215411846
2.235802336219148 2.3969871827168325
2.2868723977412255 2.280964723476154
2.7445684983732797 2.180915165144999
2.1634403794899484 2.8626629992554493
2.1003756321336815 2.9121554106285568
2.910232586395731 2.1138756074902885
2.98008498390046 2.0011162779795804
2.499270791458347 2.24178432948721
2.1675359459096635 2.8064751307789666
2.275443579633709 2.288682449567621
2.805254496065422 2.1603229738223906
2.1689238722423942 2.787908257932637
2.4990849765038723 2.243936802044504
2.9146618948089853 2.057338394916667
2.168906734644163 2.7922239969015274
2.19344908614565 2.4043468667221655
2.471339687322726 2.2479962164391574
2.5595367388651415 2.2407869670821947
2.968623395675063 2.001144229896318
2.0224187930231197 2.952111096578835
2.5742197650496044 2.2397735120558915
2.657135950100404 2.2352368378141585
2.919426193374399 2.008396324465205
2.463635955842901 2.2489130601528533
2.910065264134084 2.132973810789803
2.0449330158519317 2.9252192024044943
2.3963687720309426 2.2511577642151352
2.166912437727398 2.8209758600456345
2.170100416353815 2.6406838292433257
2.9471578332500328 2.0024634976420588
2.9449801685881067 2.0028629811360954
2.1693246196037466 2.7567945235795865
2.590443560187088 2.2385375322922316
2.908495280569328 2.154511395975389
2.8184193562172513 2.1602295350253753
2.7929901040655447 2.165124329516078
2.09678777225172 2.9220904137134776
2.289091915531506 2.271495319722457
2.1690142454564123 2.778907506218166
2.915163828432815 2.0478659321303336
2.191075924584886 2.435739664838237
2.0348688637952925 2.9316249196448583
2.913018510275918 2.0908797298061126
2.2545739364960116 2.3040774267121145
2.9581107490154177 2.0015217964304783
2.09080605472786 2.9237490240661543
2.19159085342704 2.411809134056922
2.7918233917835287 2.1655069795108934
2.771852307603506 2.1655751397896252
2.745674174648215 2.1768500570346982
2.2859556640342698 2.283430503746829
2.170853208773747 2.5168858174991415
2.0218877285464796 2.962910110879435
2.6687089211017954 2.2329761361902563
2.9016459029259205 2.156725462850826
2.0324467604109593 2.934409768856507
2.9153005688763667 2.0444964888566175
2.7943605788613692 2.163140042085401
2.8865694757013296 2.158743063821354
2.0166367131919944 2.976032025035927
2.332778701893486 2.251251493968396
2.2538934931606978 2.3053569840893253
2.759477600939978 2.171950897676615
2.6337962847863317 2.23623452111168
2.3169092179631017 2.2527346103243655
2.2953138586381754 2.2626344736414024
2.0019333512012563 2.9836412112162587
2.170800289878062 2.5462969924526333
2.3185029775458577 2.251588817205775
2.9503740597140973 2.0019667076461696
2.031835794908984 2.9378431685690374
2.16339389991084 2.8965900833541136
2.913955863295814 2.057371844310329
2.4969181869623798 2.2457604177757897
2.4633598116744375 2.2495349577826214
2.1716808272778323 2.4575554488181237
2.192874361550692 2.4046468259519753
2.1988745646757453 2.39914871303102
2.9153675305445503 2.0176007668141587
2.17015951548752 2.6370797624797384
2.3029242357064375 2.2569073718062596
2.0004002529289573 2.9930765649703543
2.021351900016349 2.962930496837766
2.118819580314012 2.8968011747458315
2.6178553563058333 2.236536773614424
2.1691648773057235 2.767728488530766
2.1991263514953476 2.398500900344544
2.1706431747137493 2.5735944163264657
2.1976178285897348 2.3992414544318503
2.16745209566455 2.8167126432694927
2.253252202552786 2.341231431673565
2.253445577704161 2.335720948349104
2.4610472995445667 2.2500353479261763
2.029685394938149 2.9419102403083506
2.2102183779661426 2.3982016916003355
2.253009366102088 2.35324192438594
2.5701638717933366 2.239918755859067
2.966947939947526 2.0011693999847275
2.0413315965329373 2.930053459884027
2.9133649851716714 2.0623314460475948
2.170979588967747 2.4805244203585186
2.2632911917397744 2.2897858316495845
2.1689005256854514 2.79540973842494
2.2734906539999735 2.289005505153799
2.1668065649983164 2.834834497528109
2.9157385420130923 2.0163054577685937
2.997460786073284 2.0007295930758007
2.234856072515676 2.397280342881572
2.2563020640277216 2.302930364287647
2.2172357749199243 2.39782208227718
2.098465815854572 2.913684470992653
2.193762247599859 2.401352425526681
2.0972772926146717 2.9200017585923104
2.8982389600211045 2.157126986111693
2.5654881345315323 2.2403389179888618
2.28857917374032 2.28028827575931
2.4450284138994727 2.250404372303799
2.2864083432976745 2.2814249169799057
2.1698608364851975 2.646591970633594
2.6322437504444816 2.236293762973361
2.912471041449245 2.0965309709350213
2.094951783221175 2.92263402507894
2.1692078032848596 2.759197896948364
2.771368552621013 2.166514417267725
2.2529814263981525 2.382893254517059
2.7111910114818536 2.230287645189247
2.927892324906395 2.002947991387904
2.0211025330427184 2.9716208829132786
2.2599522768011844 2.289999017142839
2.2557176047361462 2.3033331169236826
2.001373888373605 2.990632721808248
2.0993492548051282 2.913632496658792
2.8837938656371684 2.1589130902444813
2.1716030481676207 2.4602021857513945
2.657541308028164 2.2344297086669904
2.4006549209311077 2.251074316974674
2.4641409524992235 2.2487800564469986
2.191812933201648 2.4059829931923264
2.744517641081215 2.200614734385914
2.1926307011516992 2.405288441270754
2.245016054412553 2.396522190630069
2.0431168722202058 2.9271470338558485
2.0219327540965386 2.960635336949536
2.253032295622194 2.343126431414996
2.911755937127296 2.097502335572088
2.5897463944400636 2.2392974871743228
2.828394868908667 2.160206264727768
2.1041393211595105 2.897984070497265
2.4786711920979108 2.247382495477235
2.0473000129228107 2.9245408641488546
2.0286719279333094 2.94206211810411
2.655701592734374 2.236171589208713
2.8601162905501245 2.1593996062308647
2.169705059575775 2.6980925085123895
2.017535555441519 2.975924469703635
2.164451036603811 2.8349032504648535
2.1021409109594704 2.9080498053280777
2.9219102843224136 2.0078717415707072
2.1034468332989578 2.901515099842761
2.4157486350523443 2.2507262713677347
2.7652875424599968 2.169886473687982
2.0587287872892532 2.9243375120847794
2.299163150255842 2.2614894682923166
2.875216480550502 2.159145902486874
3.2455365024568277 3.735459094155883
3.503417456174554 3.3219973381358825
3.6565751260430672 3.1742047162708507
3.351325396982139 3.6557070805841465
3.6629014342541435 3.1660567269048148
3.7128450074757287 3.032164156088503
3.346052868414232 3.6956824777451036
3.688663076114942 3.0491891339122885
3.36097649207119 3.504340427186758
3.658871428309392 3.173987125922107
3.282536667129621 3.727505407150612
3.4995239287375757 3.3483025706901843
3.0628197173309233 3.9029123489320727
3.431710983329479 3.474349435152375
3.7602000952039005 3.025006527739212
3.1339395928407123 3.787004569009513
3.3061541447683966 3.714703113150375
3.5576998328920864 3.243379399810734
3.4897752513704425 3.3818683256187456
3.547435500857076 3.2763813011024148
3.092737946787149 3.878186338141867
3.1566708234665617 3.7485601995300852
3.3507064598764775 3.6774847081187287
3.7889369819822423 3.0011336693658226
3.053466921239839 3.930253878587563
3.56999227611738 3.232498596937093
3.0405280400049626 3.957058077756369
3.670845154534744 3.075496721558463
3.219493054078317 3.739924068219965
3.6457797048045393 3.208256215875288
3.104028477097287 3.8675676836169317
3.1103923229018458 3.850612667947659
3.4543341901828675 3.428516207944419
3.2927822303154124 3.725817673004723
3.7803225706719426 3.012935801466589
3.5106315187997255 3.29915207521043
3.357812533259194 3.5306299279665634
3.1789152893444057 3.7445430187931725
3.711867672129203 3.043468091284721
3.6818815688050996 3.056693222856352
3.4229384144899146 3.489986079894617
3.5551040320157083 3.2606667607552047
3.2402248952519757 3.7360918378418284
3.6056545367113726 3.2149641810763248
3.3395258167138957 3.6961060579602893
3.846900643164284 3.0000169798577097
3.6697930401819923 3.0782035556646945
3.0919649416572765 3.8978907229222743
3.0400977307323984 3.9826788946327523
3.061304167321081 3.905490650013752
3.0410420261979234 3.946424415582924
3.650916819642503 3.178222554489269
3.3670982661939255 3.5027469963735447
3.736611720192222 3.0320664684322827
3.1205898926841518 3.813966354867635
3.4629335068010247 3.4092364085219398
3.1529790242735545 3.7770338323279904
3.4186813203153488 3.4982709380074812
3.6120341048879263 3.211118135643842
3.2705530687240856 3.728252954011064
3.504299728409655 3.3170360318802197
3.0804679786652356 3.9023290405801623
3.4457168593150937 3.4515990703790695
3.2954361013977946 3.7156270923811263
3.7827204137913126 3.0098252129761454
3.521937255375753 3.285035838251809
3.5903432749192916 3.217487368110552
3.4025950396798073 3.50257897821662
3.35334233411805 3.5810332348012537
3.6689030228375756 3.105475823248199
3.5749257357565707 3.2203704954749512
3.4699355846488356 3.408317136827362
3.4999906505252154 3.3292801640555703
3.5926704108152006 3.216128889167746
3.017829136196748 3.994461869477594
3.570484596853449 3.228520758853012
3.2353156034259 3.739389170399763
3.496951453534707 3.367300508518955
3.141661914190897 3.78355205036417
3.5335169691519024 3.281726133073666
3.2359149969366836 3.738281159850304
3.75442017467381 3.028417310916323
3.096973639420198 3.8732821624884526
3.408593782157171 3.5020580193464257
3.120162438615672 3.8379218253904557
3.5552007134605796 3.256217154223504
3.177843373407293 3.748439237926847
3.4323042764473253 3.462315664283259
3.427796782880849 3.488806720806844
3.500840840243085 3.3230031328658534
3.1922739245673646 3.743171012817709
3.148235701533928 3.7801407859144716
3.452695746215661 3.4338217295039537
3.477592898114122 3.3932872672306607
3.359808749894225 3.50727077759868
3.671803645747554 3.0651389651547367
3.1292237979412323 3.8017077361279314
3.5066265267209977 3.302599047979681
3.550464673487834 3.261246442281129
3.7779382762236096 3.0246917165235443
3.354293509432036 3.535996610116941
3.353065422811986 3.6536562445682876
3.4219052696989887 3.49176363060153
3.663530021650569 3.1424746550997162
3.1142560492714213 3.8501865729375027
3.515279097692672 3.2967569365942726
3.6098904229679443 3.2116268555807297
3.0539118109927266 3.9209453070488043
3.6911074314033265 3.045086981280985
3.0215974354945674 3.9857196977562697
3.443677345826077 3.455501580045691
3.043185305322009 3.941534508372358
3.0187761547645895 3.986472929938601
3.5605650490328498 3.2354873984428556
3.5189024820084533 3.2888765561027684
3.125449469041736 3.8033186504275207
3.427799007768839 3.4860935215876383
3.044905937995141 3.9373963771533678
3.347334452962013 3.683213530204064
3.491976207176597 3.3793191084837955
3.288400272525122 3.7270920739859865
3.2696694546997565 3.732470557046484
3.452295061798675 3.4412130427125773
3.4761050582775486 3.3972063608980774
3.668841712982845 3.1390374398758465
3.479422116639949 3.3922047748498314
3.637945092637815 3.2096465323759826
3.0478234521027607 3.931044686612287
3.3348349037331726 3.710293446679061
3.4717305043812487 3.400799133765381
3.560432763154892 3.2429189847023716
3.5162740307369873 3.2937539831521128
3.474674299519936 3.3997749805462063
3.6589279026338004 3.16942039421037
3.1545595137202254 3.749914511899806
3.4806958001331147 3.388470234131226
3.1459655677113383 3.780855909178876
3.675754711045485 3.064960503490215
3.5416405619392233 3.2809022615226127
3.1322831607257493 3.799871322139803
3.7813586382236695 3.0125043630664603
3.431593974463939 3.4845288528737686
3.0425321495154525 3.9443946215758228
3.4820167393993353 3.3845611184524937
3.488698043930383 3.3825356560148734
3.339224578605206 3.6967160122937788
3.7876996533162792 3.0056506481641234
3.249666879635097 3.7326157020679775
3.35408194425926 3.557162908537559
3.5706411268940017 3.223009105001351
3.1535259068259767 3.76077151832589
3.7974795812331763 3.0007260721327516
3.6849239559404294 3.0561066531860677
3.4324886740667395 3.4587580996867464
3.585314239575175 3.220026870231854
3.7478961443141263 3.0307752169929083
3.0374914263481836 3.9837754713022933
3.326848955812745 3.71312336638498
3.5058283887848933 3.3076202451414276
3.686704074479138 3.0518062337496046
3.498566760300627 3.3505342551906496
3.1185730353825813 3.8423825140058403
3.0130634145268433 3.9968284983262166
3.494923553178124 3.3757054246965943
3.5386560628170614 3.2812662706779574
3.44719894625327 3.449427789858584
3.4974162761794743 3.351114070927807
3.5271417339888065 3.2832130053314645
3.652235346467817 3.177174783793027
3.3596153618193654 3.527192635634221
3.679340242270383 3.0636398912973877
3.293512714317907 3.7171541603324663
3.646109257907606 3.19907938535985
3.828316076271669 3.0004163491919686
3.139083915432307 3.7860912687618495
3.095554862159477 3.874421772628648
3.0563168776701546 3.9063227006124013
3.7123717713325455 3.041560794804424
3.054364549829323 3.917817623946579
3.201060394415859 3.742249822311636
3.4913890916160217 3.380481061363207
3.4973669682901027 3.3575507070822104
3.1057020353272375 3.8670597751875206
3.6902876302552325 3.045289827816422
3.654398357231832 3.175495486834683
3.239466287017514 3.7365676824190883
3.493360506135933 3.3761647281779967
3.0050339938535227 3.9980584480883095
3.549691175049497 3.273699022800812
3.6590506473349325 3.166289738878227
3.6869425045180284 3.051744436956689
3.4555671505314103 3.4189023965175083
3.5570246479446848 3.2470371650812986
3.1159793103981 3.8483664983409733
3.4196364275453672 3.4931919152988056
3.1070741717030117 3.8514563693891306
3.04340029999946 3.9400609418034174
3.2104494857724726 3.7411592557790723
3.1323563735409756 3.7892505190119157
3.550035990385974 3.2689795041308134
3.0988818847376547 3.870658113121437
3.6475860924356205 3.17863389831421
3.692993829781031 3.0440612907738474
3.4595273036670875 3.410350640461158
3.338986481343768 3.7075615136425513
3.4828795406637267 3.3833457923058647
3.1812931693383417 3.7445092404253213
3.779896338849027 3.018508382240502
3.663194407258737 3.158378993011634
3.0893646508543937 3.899545915117255
3.5118328028793546 3.2986292466014726
3.1829590718533063 3.7444744943479
3.353257001135937 3.6250722556521278
3.6689725952713363 3.0841992065999055
3.116210131320667 3.845424150049244
3.457592620816197 3.412421767060968
3.357022897363838 3.534165119704931
3.2714862858864784 3.7278332217677024
3.3259634259783772 3.713232307512814
3.5229475748146246 3.2835851731368
3.471401207215553 3.4017745053144393
3.6434656342573635 3.209274485871559
3.572865468736121 3.220869325402072
3.6954010225813954 3.0438560455696644
3.0298932757396724 3.985496923278652
3.1060137206022227 3.858294450695776
3.6870035723672894 3.0495346068973346
3.4712735485691586 3.404731567858999
3.155609250798995 3.7492855072344855
3.441780473003086 3.457714543694143
3.198906922751652 3.7428842288481863
3.55163140449406 3.260767711667035
3.6651160839994597 3.139783409381141
3.4104903369156974 3.4995400574084976
3.779276028531487 3.022582308276772
3.231990126950535 3.739863623461341
3.4329375644079976 3.457821463182389
3.6696359506728187 3.0813483738215446
3.585413509885685 3.218022219743689
3.5040873444762553 3.3209000549549113
3.5554213690177314 3.251697993317189
3.0440191408548904 3.9383484350735904
3.0809998260219436 3.9015453491972143
3.1451688744480486 3.7811039944903766
3.6864675577625112 3.055478033545536
3.308589576696617 3.714192833430102
3.3959236398792587 3.5026186786127904
3.0149702588341394 3.9947794989968655
3.8239105773369513 3.000667028656659
3.7862871313395803 3.009349407510891
4.418028039434226 4.879575617257909
4.938557480979917 4.393468001661887
4.8268827452730765 4.805210302637258
4.836918721808646 4.459070534008022
4.061943652424251 4.992533999817517
4.65273629078093 4.843971498822862
4.86614280953779 4.438912592084059
4.230824798027696 4.946039360740208
4.964747849931964 4.364573520380433
4.976830954023981 4.01859945033388
4.649630695021795 4.868031041909651
4.090289760659233 4.984187354814833
4.8743736584790645 4.421142516953637
4.842576844046559 4.451859801685954
4.964831739134667 4.354120111790076
4.828964916789205 4.58188625425911
4.312064352948484 4.907047749633163
4.582479076850796 4.877318343509227
4.7777705011588365 4.83067283697121
4.177365198140249 4.9764735077104145
4.6145074542663425 4.876466549252837
4.801721891401759 4.807117064771258
4.397808654137784 4.890951838620165
4.725778761717392 4.837661494212646
4.344433526186353 4.902284147521235
4.866590140620121 4.43555190744202
4.9527962691442475 4.393017835434895
4.902730051816784 4.395218820391272
4.968572381028185 4.199636306370673
4.7621298981954565 4.834836443869043
4.643523561156199 4.871436630367198
4.2128644267537645 4.952338776622091
4.928657572879076 4.394463687268797
4.830934297714792 4.475201462508515
4.093930590753784 4.982613814883314
4.8675066914634755 4.421846732270057
4.1768389754661515 4.977918086125163
4.975795309703048 4.149608108010443
4.970690220789814 4.169813986961689
4.281265155665275 4.941631035903181
4.381091070187901 4.89130465448597
4.259451218495391 4.942520098073748
4.28537187262621 4.91473493387684
4.857667589110467 4.448607501285961
4.830782184442796 4.506929303893405
4.696594476568648 4.843794104155807
4.82801228938044 4.79162400381474
4.482647350428008 4.879072884450808
4.892011119299626 4.41726155703711
4.0224501491983995 4.9990874123940765
4.489496270938938 4.8779447212725495
4.306154290882231 4.909094799320079
4.834245404130066 4.461241727765877
4.829317267674573 4.546345566900114
4.090014279127795 4.986248071428961
4.965992999889852 4.332887734510159
4.249314903216652 4.942743394535995
4.06865181500989 4.986425704423683
4.0524233886741685 4.997953214819027
4.799233388954343 4.817083906514177
4.33236408092033 4.903788463373952
4.975703608667205 4.16288970241797
4.199106738764323 4.953486925914237
4.862940379854751 4.446868418993094
4.985633434436148 4.017585231581258
4.352084696774717 4.8995304633697545
4.166115654298264 4.978721521081384
4.62568352123685 4.8717595426634634
4.183836650344793 4.972377478717722
4.289222309975783 4.909142134510989
4.188808200181744 4.956248258646641
4.969056978275672 4.1804009176356605
4.800737760133636 4.809655572928494
4.82820093445655 4.590277480687239
4.96635009170992 4.265412271212161
4.645149452791728 4.8699726345922745
4.718809295020343 4.842560066874736
4.272269203813804 4.942313966926969
4.895867377975232 4.399972757401086
4.975830242983434 4.042117652626371
4.243378748280225 4.9459587261988505
4.651660150920723 4.853789110324585
4.31218653934336 4.906228026582361
4.625363741490638 4.875509197475809
4.829072500354664 4.549699953594779
4.8298303365010105 4.507908780979032
4.349378966733547 4.9013423266299005
4.7953724437075715 4.8256082335603
4.974997182385027 4.163087574189392
4.100204447179082 4.981644090878225
4.18706386257053 4.95649334549025
4.772179108442251 4.831337027728231
4.322502131010117 4.904055646089688
4.961138893834352 4.380932062941518
4.99777208874416 4.0158110912086915
4.198182527184594 4.955277478886174
4.8750768143872705 4.419376198382295
4.283960960057364 4.91707727012256
4.9529010913965825 4.389745503361128
4.402842920869566 4.882283267051808
4.229758372870142 4.947995171577476
4.905204154082203 4.394531305192647
4.215588705422425 4.950159344659397
4.997910248573925 4.002984963395132
4.827872967727144 4.7986019340490635
4.0611149249113065 4.99438723219029
4.784351581138461 4.827254846690728
4.364179703450994 4.894539719191265
4.7500880979828874 4.837182666571347
4.973483520756217 4.168444660699022
4.892133331597406 4.4155598304943116
4.8929446748983985 4.414051391597137
4.622821088547237 4.875904900945757
4.12083511981593 4.978776446920879
4.953032873500902 4.387216873588958
4.968231290647095 4.210802024186568
4.816540434871438 4.806099591931908
4.369047543862036 4.893836418519953
4.970226113810559 4.176650636743134
4.835568058661695 4.46050630014381
4.850194385023056 4.451468977918185
4.958544488241425 4.3813265428528485
4.607902369226127 4.877081909440324
4.976226371653421 4.026317313212422
4.115923935467636 4.980281475074499
4.9554805853278046 4.38171230954935
4.307050388378686 4.908614277069628
4.281532922228725 4.935980736542419
4.1849173027609705 4.972139923574027
4.833063994553068 4.474574273992903
4.966340261909172 4.302940900465171
4.402485343087837 4.889789537076106
4.062834655649425 4.992292920064642
4.277924845803449 4.942110465265717
4.047103309936528 4.997956737448451
4.9687850979458945 4.183713705938398
4.649695469830525 4.857648038730997
4.723140180700508 4.841162995198353
4.2196089925656475 4.948306989617218
4.968177536693486 4.230287349684527
4.215880523985844 4.949478517294814
4.62288008923379 4.875575024985038
4.613740200436562 4.876953397346911
4.094440547631239 4.981859291158052
4.833925714684066 4.4618267460825365
4.841233754606686 4.451907452859247
4.725176339428123 4.838331170515574
4.404637219359812 4.880236904475898
4.11055549450368 4.980382082346859
4.989098114638923 4.015999024070106
4.892624387217019 4.41529203020965
4.893460530817173 4.401344476560637
4.353172766762447 4.899101400955268
4.354811581957775 4.898153072434555
4.833817054145085 4.469130758510114
4.067849376436788 4.990514985824393
4.782343565229117 4.829063343909198
4.829819907577477 4.542419691364049
4.1868161050278285 4.966499905374473
4.9629669288524845 4.369705100232879
4.369690712189123 4.89327692545187
4.975912562467319 4.027636254863708
4.84097622533381 4.4573748294427515
4.350523623825899 4.899688715375834
4.828162585339911 4.770587777322115
4.5035817198774755 4.877464383654534
4.1832626282710645 4.975915521536762
4.9027256762346765 4.39931139641825
4.399084722948325 4.889968100290409
4.868949052309781 4.421387547019203
4.357170076407158 4.897059574763538
4.28367684125882 4.9285664204433015
4.282463516897872 4.935199656229593
4.828174474429307 4.623229045573106
4.874488737794086 4.42044041407528
4.7648406977841855 4.8325826588344265
4.997885529500865 4.003433094229441
4.711487655667545 4.842958067063906
4.967896082791738 4.253555673892773
4.650782069111889 4.854717276074024
4.060055240214881 4.995012079112291
4.11380824661983 4.9803565804782295
4.953448254747372 4.386689610851648
4.830907369485467 4.499240178200852
4.979239302342206 4.018433294337923
4.966032467943521 4.330732976510601
4.176804153045462 4.978060825933137
4.333383381670347 4.903615148207996
4.170272833219707 4.97844317722787
4.593846263935498 4.877176760544668
4.988779664583221 4.016598947012995
4.288070592045943 4.913290597824776
4.353877295506091 4.898328137408196
4.800175886506708 4.810381143656142
4.417177040656377 4.880009296535748
4.83341523409229 4.474380683908706
4.795381624447635 4.824749623955051
4.377456289099195 4.892499292539015
4.856245660644551 4.4500385442415284
4.965273662317317 4.34383743464013
4.864019282116471 4.44182613231685
4.090551684558171 4.98374386516684
4.635631567428552 4.871451814394373
4.286971653331364 4.913758896158722
4.363326769880809 4.894853208094042
4.756748725022538 4.835798927118635
4.185983818048929 4.971179864882596
4.005016409608329 4.9997037837171225
4.650467687184473 4.85611289558875
4.82895645275113 4.589566028352445
4.339379076817608 4.9035246862327515
4.107670596068565 4.9814983646752875
4.360426176438237 4.895822531336604
4.967928454378377 4.244065268733213
4.97587730258235 4.031942409128922
4.615098931809569 4.876450830409509
4.966256571495876 4.322503470667714
4.882352053147956 4.418541434388376
4.283394626581619 4.934797886996465
4.1661489597320625 4.978540349773885
4.350750037920693 4.899687867912032
4.998429344291639 4.002967586117304
4.0182391717969415 4.999298784986731
4.183668408893775 4.973931929090038
4.963873490392469 4.365377608746806
4.805423000745156 4.806753499660909
4.214010742106766 4.950175739292636
4.64704365731431 4.868585466357041
4.246734785332219 4.942947639628877
4.974767890862736 4.165569680174915
4.013833459636261 4.999421170870581
4.39005263018183 4.891017625986889
4.0335717200799275 4.998534968810316
4.962773400097409 4.3758913996309445
4.755309141736993 4.837141061182885
4.85242566551809 4.450309396550359
4.797960811721372 4.820076875211608
4.170452651492791 4.978099274529141
4.791927710418426 4.826828915403807
4.373279056508917 4.893091492511607
4.44195640668376 4.879315055415379
4.721798667409643 4.842417555049082
4.95154148028685 4.393097821343524
4.193026987698411 4.955666993772688
4.3803777088970595 4.891877719700251
4.8875904069798235 4.417876991292766
4.965616137930045 4.334314551240587
4.285845595650769 4.9142990759592
4.62547342929093 4.872867234675314
4.742662661100983 4.837601007325828
5.107685704472438 5.360328808641119
5.386325527487456 5.100717233202115
5.238140608775764 5.236639155510812
5.007216612047481 5.521709529539487
5.123734538813066 5.33665430595797
5.36815306528749 5.2304383777895875
5.7061034188500095 5.028604632711318
5.529716028568137 5.096768559664692
5.081327598121071 5.385767108662533
5.557361858782112 5.028710787865021
5.18350777498799 5.271077294077815
5.00526792345808 5.8169469919462236
5.495197434041118 5.098008842367602
5.800738876078548 5.013398375369138
5.048488631197986 5.515277249319288
5.5425932344348405 5.038199274248801
5.00519501054124 5.869479298465896
5.070906517922767 5.4408024856162625
5.197906389416418 5.240487411767028
5.005423997448986 5.530906985347821
5.990488210457158 5.008268895753242
5.176403311313384 5.2885566290818335
5.751109477134495 5.020434812318032
5.300740739522843 5.234273327171752
5.092618047304947 5.365733648688717
5.542185463853005 5.045616112166513
5.795346725351395 5.018243193431681
5.546735688581751 5.029159643376174
5.169958609857219 5.329347236280148
5.0134486628591075 5.51565923780809
5.157339160696714 5.329964586816686
5.900749625372949 5.01069646385879
5.377231597050114 5.221792284711055
5.380587506306982 5.109479517333918
5.086896289587932 5.3850120253161045
5.071845235471822 5.433721689729131
5.062226750976309 5.502412382502376
5.5102449823043065 5.097374229679022
5.0924904120608865 5.383494674591342
5.078960165141955 5.421507893098379
5.729207295417597 5.0211159631486915
5.3420253528245425 5.232321417132249
5.53609868114559 5.080759074051705
5.4395829832919205 5.098072845797498
5.117775497945857 5.346358145207889
5.170673085089055 5.3031483106191954
5.998416277482193 5.000998259387826
5.051388764571203 5.513674043513488
5.064311463606788 5.494883472238006
5.191712464199004 5.262989832401941
5.004047288013665 5.944056314159803
5.170612445210381 5.304561579880628
5.31100341388742 5.23232284182823
5.104642117151188 5.361761689977482
5.5390406799538425 5.064978538507666
5.202536711460281 5.238055897059241
5.070755960042048 5.4691492248611
5.70794460613513 5.0213543157561045
5.379352148466502 5.221091160864189
5.193588221249137 5.262449709461564
5.0725696436694685 5.43024148695899
5.005269223423903 5.644535814014597
5.004390986535873 5.877706077466135
5.0687306998895725 5.474980123571483
5.3954061283476 5.100452176633973
5.112610984386891 5.359422543003407
5.067251635256693 5.484612576625967
5.127611790517102 5.334585701097945
5.1837523597747674 5.270155863910003
5.922342347624079 5.010523234352695
5.530515938938509 5.092929609815022
5.542484732005353 5.0422504653674505
5.067517856507094 5.478334066547763
5.1422152150617695 5.331077495715525
5.179996229707342 5.288279295529742
5.379529598871043 5.116490674538304
5.079486668561403 5.401909957712834
5.537076469298334 5.078722348293334
5.5205872992868885 5.097253204644327
5.849450033378738 5.011760685730067
5.055732583416219 5.512366424773519
5.3855671946018955 5.1077576253034565
5.376872251165268 5.229060992695318
5.1815815006478 5.283034966750456
5.2797528613283795 5.234335310764747
5.364932212449435 5.231713975150636
5.537321827454262 5.065322574265248
5.988464826953838 5.009407123037718
5.5414894563891774 5.050544514166137
5.533567383118307 5.085234533121359
5.00299996834395 5.966565311861399
5.272891722761858 5.234591814788531
5.010254555898072 5.519253430615165
5.379451652488629 5.192370349991419
5.738600990805236 5.020979261425675
5.678950310141608 5.028662714076098
5.86881128080549 5.010988515140266
5.170761718382303 5.297913758902961
5.182178414561806 5.271288101914968
5.089906174536924 5.384842517525044
5.081175787099422 5.400475570373884
5.539385038992154 5.052669681699355
5.003363490308788 5.949558877235025
5.009325373887834 5.521256345226702
5.062459133231349 5.495136407857481
5.006512803451119 5.526019192099538
5.195762098634702 5.256062094695878
5.1043950760452095 5.362512493542495
5.129143516108186 5.331248345565478
5.398430600691026 5.09830061002555
5.193795016486265 5.258286008489289
5.119390869520396 5.337984624804559
5.186967112096916 5.2660286729188455
5.011131322239965 5.518549406166668
5.078658363043584 5.427534200837602
5.000977021071988 5.980716520172861
5.005288075094832 5.578406027489116
5.057701492226933 5.507850196945854
5.783963036213356 5.020214522486706
5.006964448660834 5.524082487127427
5.258744082992037 5.2356363274821325
5.1969169166039935 5.249061721100416
5.016144711943728 5.515526470159526
5.9464802693138195 5.009545237228608
5.531279894900104 5.091949037622872
5.113353886505633 5.357379831427234
5.269504446151522 5.235242756811036
5.926169289485689 5.009789265901027
5.812780632824449 5.012650274086852
5.186111686610424 5.266336331902857
5.4136249381021555 5.098296861735352
5.117095085449789 5.349411210262551
5.117955340621237 5.345912342275273
5.990863762607454 5.004707190119372
5.369317585471654 5.229813564559802
5.794781052956869 5.019469551910019
5.005357301072948 5.560946146189682
5.361117495590518 5.231941320628709
5.785461929287717 5.019882484090567
5.791257952956482 5.019767942736296
5.050744513680396 5.514681550976307
5.188532641689028 5.2652450629180105
5.7795935104102565 5.020373679525706
5.546404604835887 5.035684428542681
5.539100395531593 5.056317006808712
5.002279766448922 5.9736921000683525
5.707160574806322 5.026740977355068
5.854929284616224 5.011054509928117
5.198446893281905 5.238542700745832
5.379077790239012 5.221363493119634
5.078962314179505 5.4120667195078624
5.818487526180494 5.012123754575077
5.119364139232858 5.343051412872258
5.003131918548209 5.952768190945941
5.899373822684707 5.0109078211077565
5.065248604468084 5.487969563539261
5.115965554485523 5.3555794872120215
5.310439526448432 5.233671704663361
5.239442775068974 5.236518895444964
5.0759180487480515 5.429572876762992
5.066596174589441 5.485046789298104
5.99834183299598 5.002843099347765
5.555873768018039 5.028872755947547
5.196602188669666 5.2508813759703
5.263980944608071 5.235311276457522
5.479917619472888 5.0980517964707905
5.366702028806429 5.231108939840399
5.385697184052653 5.104130229360425
5.0649088018879445 5.489429494963068
5.071667314955148 5.4398834902465865
5.096529420600747 5.363186130264012
5.822310121326272 5.01183536494789
5.000585808316209 5.991688567343592
5.3794803153183945 5.120616197191913
5.532450984946897 5.085644259103062
5.175209444076778 5.290637448961434
5.545767963874927 5.036896191874861
5.0272653722508345 5.515494217964649
5.547350066427349 5.0290450726366345
5.975077354068928 5.009494278182682
5.233097192545562 5.23689505177504
5.170250086092612 5.311444615957781
5.005280890409314 5.579969875952676
5.044497752786197 5.515482209114486
5.206289403939151 5.237600289976286
5.540269004427759 5.05250704562889
5.372154140355777 5.229078949236572
5.532169357956904 5.089348151696306
5.799968104061791 5.0139977549664705
5.052134677370569 5.5124914687452
5.071966655137254 5.4330022589909905
5.849606094730001 5.01161459662753
5.095055776904442 5.363975384526115
5.058776179739379 5.504502017488904
5.077365798555737 5.428345679262796
5.004352400826112 5.901295073081323
5.153558440472577 5.330407525431421
5.3958994647420155 5.1000709001128905
5.112658289765714 5.35815508288267
5.149437211569261 5.330801527068488
5.062416220011283 5.5009754227264835
5.194756484289461 5.2566078703695265
5.996216177397468 5.003313173785874
5.067266014596019 5.482331091921634
5.379637863609486 5.115136986167194
5.20796627607358 5.237521088299891
5.1742277136297785 5.29501131521249
5.003854067177333 5.948289906264716
5.004715295666349 5.877566517148889
5.714391601766927 5.021205278458735
5.116322356086612 5.351077024220338
5.176194354061021 5.290382964319335
5.216079483196481 5.237204476730207
5.061130541275486 5.503813368650511
5.6709711562700695 5.028704664394779
5.173824945834938 5.295140031490132
5.173046315307219 5.2960100725792785
5.064429853310213 5.490433058133672
5.000077577702987 5.99815376346329
5.821987612269138 5.0118507147203015
5.067558406606206 5.477151461440098
5.126219209814288 5.335391152535052
5.993436180859394 5.003602284450015
5.533677970754573 5.084314502093275
5.070934658102878 5.440304937138624
5.536883918793396 5.079562443734312
5.535836125575866 5.083885475613993
5.079117338664038 5.403071042252296
5.2494361155303055 5.236375039847703
5.071724857559839 5.437099317479161
5.30499220953071 5.234247098891065
5.093138239995944 5.364510543105476
5.171151519045023 5.297440993882403
5.439355519440232 5.098156266153795
5.193764336268184 5.2588074271676994
5.188725301752669 5.263745479403509
5.00049683362576 5.9944457605899455
5.223862261806531 5.237129858209794
5.741156477626264 5.020449147220147
5.530013539557876 5.094451251054081
5.798178836843576 5.014768657528993
5.061232293057548 5.50335659487824
5.701762620720665 5.028657949321823
5.383294355019497 5.108414965403982
5.091543981304273 5.38406421055312
5.081242898568401 5.39544170508922
5.050775081553467 5.514382309894538
5.536063179430255 5.08214796169188
5.368577731708525 5.2301709693494
5.181694752842949 5.276956789855145
6.044713569950994 6.437072825581253
6.194233001115292 6.356496900964384
6.042741131915096 6.495195121829661
6.292955103363519 6.356319919988145
6.403186554784739 6.0011944718579455
6.313082114431903 6.077835111312812
6.016175528963259 6.965357609163254
6.111358108964166 6.369235463625341
6.033986644799877 6.834303264742732
6.011618936729132 6.969971494080302
6.407349857040833 6.001078280717214
6.300831472704152 6.314910130440836
6.110064666397761 6.3910614636667225
6.016606995017255 6.847155690112568
6.311684846131388 6.181307135525806
6.076483667934504 6.420699931807266
6.376060162698159 6.073676071468474
6.034975603159557 6.6509196942554345
6.06148937151398 6.431600961817429
6.0068958896405125 6.995575587297789
6.3981105412888395 6.016707676313195
6.311305796493713 6.190625138540103
6.310257207087551 6.2008883750040935
6.9677952570049335 6.000451167879113
6.3870440053406705 6.034633436790032
6.039456280230532 6.621395218486039
6.064323734123688 6.430088128198027
6.083189826753506 6.396596537113599
6.176877880852614 6.3588860361608734
6.401349610469952 6.012834654223898
6.043983816393992 6.456870589695416
6.312035528100825 6.108172324316037
6.19201350182719 6.358557484940787
6.0401344486192245 6.522544680489259
6.045546873744531 6.434539216928773
6.310047878724287 6.307818649123046
6.376535873570733 6.040305623719149
6.094683759552316 6.392448659480232
6.037371147921438 6.6480363212334534
6.07837991958991 6.412526775490614
6.301142281649362 6.308243408276765
6.162978931101827 6.367294748069993
6.89348717798087 6.000859372262818
6.007410234003308 6.993483488878065
6.031816283542459 6.835209172112269
6.039867022100385 6.613796936879696
6.300487777778661 6.323454244369525
6.387318617340602 6.033761441189252
6.110625657493842 6.384869552732208
6.039876015351187 6.611237985439555
6.957462600476892 6.000752394623263
6.152612539629397 6.368705074962046
6.0126566800372805 6.965785926991033
6.293450481698381 6.346095138803356
6.040034640815572 6.552468338586738
6.098812307790783 6.391069546563722
6.093764813051379 6.392530174426358
6.2936954818137005 6.3245144670856375
6.390241207003602 6.031406795395103
6.171512819611264 6.362531847089207
6.007947423328739 6.975109508273124
6.039968903138222 6.584583818507968
6.02374803787555 6.844463223763837
6.0347640326957075 6.731284646638073
6.377535874594874 6.035987705373538
6.041694946907499 6.500950688751331
6.0832964270125425 6.393074159630899
6.366988529163389 6.076512234796067
6.3944497530212 6.028034918963662
6.401705177254344 6.005961967282776
6.080703958722671 6.405112242527433
6.4906061346633805 6.000924845744096
6.0270253566522225 6.837179945684096
6.039970601494458 6.5697154206873325
6.369596088972646 6.075921612287515
6.010213309076582 6.973260288568497
6.077707070251565 6.417489636345762
6.041208655986961 6.506879915290635
6.075482443712948 6.421689252573396
6.037857143521821 6.62584235417553
6.965166145969114 6.000537413086496
6.312248657423822 6.100581739321228
6.175116654161997 6.361957541062748
6.401430184080077 6.0117799028312024
6.0195367361274 6.845846884152988
6.016295278166683 6.921047503537959
6.0029185104176435 6.996013116754426
6.110284268642234 6.387844395381644
6.074554980671868 6.424302526202794
6.077857633592032 6.414641963931528
6.328645275305338 6.077119518273799
6.168584835344038 6.364238826847995
6.072726620418402 6.427539216599379
6.3764839562577365 6.064236071023506
6.026896217971972 6.841692266012187
6.04454837727124 6.451994466984213
6.312781554742102 6.0895198207600485
6.040076491027706 6.544031902261082
6.173396771233188 6.362248048195995
6.351909237205664 6.076985772408968
6.062503983204927 6.430516686853979
6.042932164685785 6.46010256940258
6.034213027809711 6.804963881248083
6.034459356339031 6.767681901377189
6.049893373820251 6.433349927336657
6.310220699735398 6.260202579077305
6.124287301987034 6.36897465431584
6.312327534792465 6.09102603620018
6.435426688050567 6.001016661196495
6.034633918032483 6.742125180585801
6.402047700431615 6.004101452550895
6.016443738270321 6.91571214460547
6.164653419380278 6.365342804304625
6.1615598417840935 6.3679545735983725
6.605087019768947 6.000884029037462
6.081708480061673 6.404568985789695
6.038020078401161 6.623231891253559
6.0544441744293005 6.43272361610018
6.095884204659021 6.39236943471233
6.372987978579311 6.074077442876726
6.294077033647154 6.324504666496663
6.110803186474134 6.375597413656875
6.311874789698966 6.152995346315389
6.08200815546472 6.397023599272991
6.034975159111415 6.657733862084808
6.395939521815931 6.023752106942037
6.097924183727909 6.391267908885715
6.98927181581356 6.000318317056131
6.051276088931372 6.4331822409664
6.293562389413715 6.342368958969273
6.5008579652905425 6.000895551783886
6.067555690034288 6.4292728496152085
6.079779733484117 6.407708184380892
6.382794423649813 6.034673215055425
6.0818308574785185 6.401557487935285
6.029247000240359 6.83601499089296
6.32807391801371 6.077642304857742
6.301004263588372 6.314122045347734
6.2978060072661926 6.324215051995454
6.016496387719327 6.893407971112324
6.022975509298772 6.845195497254591
6.040244835102565 6.520090938769003
6.041273429229563 6.505726872573769
6.300801047142132 6.321048804271208
6.04280990329156 6.485777086007643
6.399175705787527 6.014834100546592
6.175642909563447 6.3602815558929615
6.31132816854503 6.183692302528281
6.044766458154937 6.435291741029698
6.026845640695677 6.841805684454969
6.164866621340513 6.36461897406416
6.07392298343531 6.425460844157396
6.04287835469945 6.4740375849017315
6.836469678686355 6.000867740496142
6.452402988016749 6.0009541039843635
6.37289709448891 6.074472349649364
6.0165698451738825 6.873541533582946
6.394533517125711 6.024316284988594
6.388817226724188 6.032756582732901
6.06955849036272 6.428641559510331
6.169755758259454 6.363833664915969
6.163651033636512 6.365355718227555
6.039904453469733 6.587333522492439
6.110632798406348 6.377086393341374
6.002497461151805 6.996406819469067
6.159616262163343 6.368586474164039
6.028612123029342 6.8370293711556265
6.067758563331391 6.4292376998982546
6.043321914825796 6.45998496980973
6.997126830640243 6.000085224734089
6.312298235709435 6.100078075721395
6.381842297634788 6.035710525514061
6.04090852121796 6.513663749921314
6.377148924403874 6.039725366928276
6.0577431312626935 6.432300456165743
6.02498219837309 6.844332792443467
6.0399008232359614 6.5936521709891736
6.29314123275521 6.349661702074589
6.00115888891422 6.998848744128415
6.171392626979326 6.363265123375962
6.034168495074229 6.805061187511073
6.110743174960108 6.375866664891254
6.301112097698778 6.3088745056168465
6.365593065137296 6.076869127297716
6.040684621127822 6.519331839632331
6.388072233654509 6.033203070012473
6.31019535033487 6.28358361742008
6.0348589322449255 6.674337939517828
6.016188834196343 6.927282034206085
6.129227180084495 6.368952705057987
6.00793041933818 6.991634827708859
6.075205108537592 6.424182702204194
6.034538937999211 6.745677026346434
6.039975044467464 6.556208063534436
6.2929556642645705 6.353071183866666
6.311800210736265 6.16195486613193
6.086303923537477 6.392594496535578
6.310390076855162 6.194017233930192
6.062086306258048 6.431347779670224
6.0374459969937755 6.628011058345901
6.047355089939801 6.433637598021194
6.016591221924738 6.870612109331965
6.310215134400698 6.2769210800744295
6.001512729908845 6.998830577668451
6.009693726351421 6.973503125892584
6.222505944224797 6.356371763515229
6.467241944676319 6.00093191021213
6.3943906648040585 6.029376835846176
6.2006210509853075 6.356376856328032
6.396328011806177 6.017280745110514
6.311955945613644 6.150469551403527
6.376147462894813 6.073217823736495
6.042832833972795 6.474850154969308
6.044697486416364 6.4424410009698825
6.015990763438547 6.965609007785638
6.311781793422973 6.180341654580982
6.193529797918736 6.357094470822751
6.0344473823756175 6.790159157295008
6.041356960660027 6.502057383143761
6.026339535316011 6.844298131307367
6.400454792290499 6.014665991864923
6.388790599345548 6.032991610383916
6.162153726796146 6.367581870652167
6.396191829330455 6.021490273267021
6.028717819187882 6.836231941868796
6.034954804192011 6.657854395116503
6.0443287902744816 6.4538940557591005
6.294181504617994 6.32445875964519
6.0529332560200135 6.4329768212297465
6.034817356458823 6.730800384230874
6.077763892942484 6.415819154488117
6.0212180772130415 6.845524076343319
6.376814511670601 6.04003287969802
6.182108911963535 6.358572704403217
6.312931420237858 6.088231075340836
6.008271382378741 6.974295311077821
6.05927550690259 6.432115355354798
6.044023641197176 6.454119876492019
6.078032756308728 6.4145550057407625
6.0126498003813325 6.9684664535442025
6.96829342276877 6.000395382753878
6.0076337607045485 6.993130190160724
6.0103374528799804 6.970081650834237
6.376530869007541 6.059459950750586
6.036530643142612 6.648531762350478
6.078282201582048 6.413317970925304
6.168834690550819 6.364197489324075
6.403023056088442 6.001641867010877
6.042432218188896 6.498334225300785
6.402054902378394 6.002119515146836
7.969455317238005 7.122809187050861
7.362951380208667 7.281823268976541
7.01065278014811 7.804449182850363
7.562923459569848 7.153819434577367
7.021403474841325 7.772805505814298
7.262099446817199 7.665799022547457
7.054850503502331 7.712134078954754
7.296724138446001 7.568333325963523
7.278213662517356 7.583658658588425
7.425076974564278 7.24359905002118
7.941203782609585 7.150271536917939
7.032610312950531 7.750258000711262
7.30055752404483 7.392429393716802
7.510825061084754 7.239734232140772
7.996914297039445 7.04119759140438
7.360382236655179 7.391442111459614
7.527263735434057 7.215021710362652
7.37203273816734 7.274278398340051
7.971424791932358 7.087683738055165
7.0062980317407035 7.848348274800279
7.104138732184066 7.674919023411316
7.019852503125513 7.788286386303371
7.946889787864721 7.1441971201615315
7.847229294946139 7.152068716383921
7.091886135920218 7.695296855664306
7.361387518774159 7.3415904641944785
7.000000551612523 7.857460983098084
7.267115387963256 7.653132333935494
7.48510424592142 7.242390892167985
7.520105227716722 7.230200287049472
7.299215366820597 7.484143143950645
7.062234260516628 7.703454736886845
7.413331343427514 7.249207536083738
7.070935719091764 7.702212726491652
7.20320430348324 7.670826397780665
7.539957932088672 7.210943299534476
7.980071759908781 7.049003718393699
7.105475993713622 7.673945272763676
7.03574369487992 7.725127355157789
7.008262249058073 7.813364531409851
7.058927021167179 7.704297931917851
7.2227619775550504 7.6672308084313885
7.3926862797478 7.265469356052128
7.276459482354055 7.65101389983518
7.1792377878575255 7.671696684528151
7.99426593991929 7.0465993335833375
7.973299622865571 7.059490051670722
7.1000893936459315 7.68815883099019
7.409703735512299 7.2613261610992765
7.338620778780789 7.3918379411440505
7.558640281251378 7.157268125084073
7.263949978207777 7.663998415754506
7.054113816779986 7.722094007309821
7.091786567661674 7.700419752383748
7.543709723122023 7.206924625816842
7.548587367076348 7.177056462115226
7.940988255806658 7.150759473258762
7.5932120203495765 7.152709275742974
7.2941490467078465 7.569596070294087
7.27761908298598 7.6352878164905595
7.0271929426129045 7.752328741558564
7.017258313890779 7.800019506806635
7.45256395758088 7.242566636366387
7.1199149780586755 7.67222608436845
7.519240068505332 7.2347888015951565
7.008130721090301 7.817441332873585
7.552405239554318 7.167884058692332
7.211116678381483 7.6702420594157275
7.039886513760239 7.724239136525358
7.548174639019847 7.199280825032776
7.729282547911928 7.152210398779405
7.489762643124841 7.240306695691503
7.532608428503782 7.213986287642747
7.269821784538266 7.651015008058108
7.297872730799827 7.568079084105512
7.299492988454802 7.407696706841343
7.298295653180969 7.526034445425568
7.942322967947492 7.148887040253379
7.9719886480954765 7.073200932058951
7.380362586435598 7.2712889789352415
7.023625931449489 7.758618265717449
7.049192107186318 7.723817688702502
7.007665809986593 7.83087377408455
7.141768095649038 7.671829228241036
7.950974215810046 7.132565510179366
7.97059060020165 7.1222344893158755
7.705619351393183 7.15262834204806
7.179982834579673 7.6711269965471995
7.033576219826314 7.741667280048428
7.910071150340622 7.15097365993574
7.279930324092007 7.5735531589745095
7.95055403511007 7.133720393507557
7.015100708562558 7.801011102106125
7.959573352624854 7.127314751312234
7.3614696677349825 7.328553662772862
7.277736858798842 7.63025061249958
7.992280467231701 7.047323113626856
7.975398727252415 7.054989560358652
7.41622260436691 7.245285481020295
7.360858952045715 7.344207733631963
7.018263753670111 7.791714171382826
7.094555192770503 7.69389036493765
7.957520271019688 7.129989455179065
7.380458386100229 7.269772849062172
7.265503766390066 7.658675235396961
7.557467234151677 7.161632362826558
7.96336999102589 7.123569848783442
7.5493673465038125 7.171308777518909
7.986929329570997 7.048951886040014
7.360805232980233 7.353789638540063
7.408986779115033 7.264478725279473
7.114129057826689 7.6737894676771345
7.05439732762903 7.71741765498165
7.979776900748322 7.0516097009157415
7.997986610268105 7.010282246915607
7.033537170075395 7.746175662168159
7.0214424750622255 7.769138303845298
7.591581190684628 7.1532111338563595
7.278366592410725 7.582133740371536
7.725901153337739 7.152388099413436
7.100812244367973 7.679698630842115
7.4118928490092575 7.249546134683243
7.22239835955343 7.667499708812562
7.372457732539053 7.272669935164573
7.361558963532873 7.314850282562466
7.863793983739398 7.1518385843358825
7.971073366450818 7.093048960738328
7.232448077006677 7.665951923540564
7.526006503147858 7.218964818262514
7.439956931680061 7.242583971598056
7.457062900868102 7.242452471427036
7.979116080837887 7.054614116520394
7.021835288352675 7.767340399735607
7.362322667497593 7.314693699269847
7.299394127784663 7.429176882875481
7.013238315520219 7.803536967646109
7.95529231659132 7.131315762215494
7.216272906537507 7.669338595413015
7.5524241604359394 7.166880513888394
7.00761647216412 7.8375057663512
7.21242902121029 7.669519200385539
7.7216596873248875 7.152593600159812
7.004759745804443 7.855239848595916
7.520645596823453 7.222748672147847
7.943833284450286 7.147805090872531
7.516264997399409 7.238044749375306
7.360469910713776 7.3904382054958795
7.385134477367736 7.267856052509969
7.951492165940349 7.132150453820653
7.024325601185674 7.754151854671502
7.102538295530901 7.676970350930248
7.382820331187315 7.268820329554141
7.114552044497713 7.672305106795922
7.2847462001517425 7.570874445764478
7.364564876763701 7.275416128734968
7.103621387989586 7.67597406290474
7.0140302701697905 7.801102572657905
7.299256829758769 7.461784904361293
7.9983526553130755 7.004906451206018
7.034814545700082 7.725699095730577
7.378134820331357 7.272561126995395
7.249530332440352 7.665912954250703
7.092470311627353 7.694216310500647
7.26320310471373 7.665670640124307
7.2682653678613 7.6516205795849315
7.05732689001471 7.708177354522069
7.88719921261584 7.151605849821097
7.059046616185247 7.703907255031385
7.010342613470929 7.812231152753954
7.018782710751176 7.788536550522151
7.007701219001669 7.8254982101464154
7.426584002034465 7.243253947726601
7.29903444235376 7.488313270236096
7.547124138263157 7.2058653275278335
7.97066396280318 7.101889076300514
7.0057168870030315 7.852177993436519
7.995678163498854 7.044797693111999
7.950055155441151 7.140204304164936
7.0306469334972235 7.751062490324945
7.538496228632989 7.211076554184429
7.26604749083069 7.658572734393284
7.524978545914374 7.220984237522845
7.277992184885486 7.5892378066283275
7.431293815600014 7.242997286526822
7.055019368216504 7.709272361893811
7.405186129921457 7.264695044976601
7.2983033522865846 7.500589871652135
7.4118110006568365 7.260736099300353
7.1811708190287105 7.670903248263685
7.034400899749589 7.732874605131201
7.392296447627611 7.265676444008259
7.997312792440134 7.032745282193683
7.97181455304446 7.081621963329127
7.93746430182101 7.150867757160509
7.10222393922988 7.677035605020494
7.420574812283918 7.245014597605106
7.362751587087556 7.3041064661055675
7.03419844181352 7.732904909474914
7.353777562708686 7.391566322374933
7.005626534889274 7.854026916349857
7.987597586869148 7.047489679515731
7.5586458624662685 7.156344841167122
7.557534578962865 7.157843136869874
7.2986514874086845 7.492344515210828
7.5810439974949215 7.15357434611478
7.381068293106324 7.269599885213623
7.913492874415516 7.150883336919046
7.099847055816756 7.693732979443715
7.387320876445241 7.267414227950155
7.41548244015408 7.248991733612816
7.2978989525405105 7.53739168174506
7.961875562852255 7.125232205722849
7.2773189538580905 7.641736467709823
7.018015904212761 7.79174644939456
7.007089240484082 7.842152340639707
7.141474029399672 7.671913734634952
7.904929648046193 7.151170454224421
7.058459189187803 7.707139308452203
7.100111192853255 7.687116237672743
7.548086503195803 7.199292517934195
7.547902122322291 7.20043315814591
7.969272158465801 7.123378394756681
7.329091055894742 7.392380028470656
7.52010894683788 7.225503506995509
7.519112472220858 7.237380449700118
7.329579992042828 7.3919701130853825
7.260970774917108 7.665909684023523
7.219124515898096 7.668086734974502
7.540131984616323 7.208725471340952
7.999516418053841 7.003970707879139
7.03039553617341 7.751485319748525
7.550184522757616 7.171070033321019
7.2778112647848925 7.617633195147954
7.970395361390361 7.122542351593362
7.083858428298803 7.7016377238657725
7.020124909940339 7.784862906461708
7.362827437802303 7.303997657066758
7.277490430642411 7.635654622706915
7.945887641211479 7.145989926029933
7.52332971091846 7.221535291484287
7.004080804976914 7.855343033577418
7.949105380988902 7.14372780176529
7.973867366475895 7.057436084609642
7.269511425516322 7.651444154359047
7.006438696917531 7.848290948125625
7.283997424442143 7.570912612121804
7.399643996330282 7.26526431150384
7.381433650295531 7.2689824542127806
7.383097973080392 7.268275279434024
7.231429053171191 7.667198229720884
