0.7139847694247107 0.6987551908671086
0.7187440938573676 0.4953152650659678
0.35721069392556115 0.8725306673100756
0.8957929533124726 0.40166398181938534
0.26161503655787266 0.876239705141853
0.9101506626754652 0.37864885247450364
0.9434364657871713 0.11513838549281097
0.8756113611847506 0.40860062440847633
0.04514479597941856 0.9139963063942234
0.3786660258879392 0.8025173636261396
0.7840836486627474 0.4696686965859259
0.9604150126470653 0.03558189038385495
0.27522527893755544 0.8729810640268609
0.19562299020219986 0.8929538337758357
0.5050308843451484 0.6992645110171719
0.8960939722789463 0.3979495599282302
0.94219723113891 0.22370117941762957
0.3607336448323428 0.8476991412674463
0.22677363423455454 0.8873939368626361
0.42566055297144856 0.7239118948349555
0.38555922204128223 0.7718439847722015
0.42157710575978813 0.7639869315863413
0.8710369586987808 0.4495556245305127
0.35807483664213535 0.8559971331252748
0.18549919679233262 0.904272758151222
0.9188489985229487 0.2967576337807035
0.9959778945598897 0.03068824816311777
0.8217360993938961 0.44963123201925526
0.9169894724575537 0.33219131139649205
0.4102475703341688 0.7659263577781735
0.10722866131655284 0.9090072791803342
0.9280926233633572 0.29636938669021073
0.013187638578739724 0.9304850096592144
0.3683950591256143 0.8132179081485167
0.9716281556222238 0.03227075505955945
0.7625541674505009 0.48051927926823457
0.3657294088265882 0.818427381049858
0.9532526307427389 0.046027422705075205
0.9335077779109033 0.2610590684126377
0.9110567898482541 0.3557554750240407
0.7165033595334166 0.6851784165819229
0.7179260891851618 0.5439724734305813
0.9530146246011106 0.05715994080989206
0.45138210723471195 0.7157409757458454
0.7174376997740953 0.567149525987156
0.9344487311435562 0.22577366054899128
0.18086152174526582 0.9059419496269678
0.438024089788705 0.7218004316103775
0.7781840480469635 0.47055741277115337
0.4740572044088561 0.704334989714923
0.012389378264825113 0.9925345375698822
0.9144753154247108 0.3434900675049972
0.8972953275941772 0.3827923765678378
0.7730147047058976 0.47548390399442775
0.45865782690587475 0.7090983342561848
0.7938847731477389 0.45189303754637955
0.24469351139991768 0.8822455319055514
0.2401628127975085 0.8860199163492153
0.2446119662060935 0.8847496100798434
0.9152537872620038 0.3416648139147329
0.3818068913678583 0.8004513763504327
0.724554991932931 0.4894532910745347
0.9439594499625605 0.08778791899586902
1.9135181120826326 1.3590805245667479
1.2523275934578453 1.847295876720005
1.6834084305871175 1.5979249230213917
1.289640479372129 1.6655499332792272
1.8903884727928135 1.5635299000372833
1.0216753955888822 1.9078786828999585
1.8577810521897473 1.5883225682160016
1.9049716875826532 1.5327109421647795
1.9629289367613012 1.167326122256957
1.2516598595726554 1.8781070793088015
1.5040223270536175 1.632650766535578
1.3587325801623278 1.63362675896146
1.7992055548377233 1.5969893167450018
1.0807647858044729 1.8793327645960751
1.015722040905251 1.955740106311093
1.9915653731382124 1.111137631634634
1.8267027286948836 1.5963523945763982
1.912307793745577 1.436283893008969
1.0113686750294963 1.9700459858239707
1.2538725006603435 1.6869332336617617
1.9514340513856379 1.1900625826334164
1.0192286596428248 1.9197892944717037
1.6098863051753651 1.6300072472066676
1.2946504889613957 1.645170417332516
1.6719652567928862 1.6109569105858719
1.926583582453211 1.3096713254800862
1.9672746438301538 1.1544662126628638
1.9613798977962311 1.1870686195998152
1.9380832900204705 1.2158924090238639
1.04759173352503 1.8938620760799278
1.875413755557684 1.5675569193171275
1.6316628008982652 1.6204913480955878
1.9085221308505544 1.5002685208461508
1.0412888118912726 1.9036719773082473
1.2536855476082012 1.704710451147362
1.8986433316861042 1.5513619634921683
1.9962949169792563 1.0492065030479376
1.9390445633159699 1.1995098059281446
1.9417139756723816 1.193519663846197
1.9923975328745036 1.0748203532775484
1.9921967645965535 1.082263988572001
1.9303951214832706 1.2932366921884126
1.982931479674006 1.115733908769319
1.96903713123122 1.1181968600633783
1.9159739182259856 1.344579925343285
1.0255167351298156 1.9071867253130375
1.9172272775086752 1.3121873740566226
1.2556867120259843 1.6744980971863144
1.9633831327278306 1.1639524908006114
1.8041984964472795 1.5965462122577565
1.1966486897300879 1.8788941918211517
1.2518297101524136 1.8721215439081957
1.5460408775974361 1.6305487891989419
1.0115164629793387 1.9639660944590025
1.0324724495004132 1.9037373366737542
1.9358836379486037 1.2475386487121818
1.8429100807554701 1.5899015034010748
1.9972629822068266 1.0010204050680047
1.3471014386804088 1.6356402410279534
1.2658755567163225 1.671741921613855
1.994853567033123 1.0612457973443163
1.252694168977065 1.7587150937060052
1.9008683419728785 1.5449706509091745
2.743092536119638 2.6111794216571464
2.7534350043092983 2.087898939292289
2.070969440502482 2.9271008196227095
2.3013613738074232 2.8731687162345225
2.652701892914023 2.724280468109147
2.2357221234047895 2.8778132899141333
2.62430760156022 2.7434059357899727
2.566035643661742 2.8357067861208574
2.30722668932462 2.8431749446482577
2.126978047866837 2.919167246401044
2.7248258631746243 2.708599185417607
2.64488757788141 2.741459440201304
2.8424454965920973 2.0685484233797413
2.167083736897014 2.911757352065467
2.919272494401511 2.002826405439074
2.831956058736971 2.082060951127476
2.75607597495405 2.085739670674214
2.0253799969219877 2.9670953830883713
2.1454104415103554 2.9171983988463603
2.5881994252158376 2.7589618557629274
2.908260279253366 2.055815024965697
2.5805023187275884 2.82046973038626
2.751706255961402 2.5742321058926105
2.0123508828177097 2.978699862936681
2.9848897482199783 2.002033027414409
2.7127861361898495 2.711573242085518
2.0232936627675677 2.9709288208871287
2.752639788719777 2.2167183612739634
2.663069798438017 2.7206327493787055
2.4587710027616523 2.838528240749307
2.6679459500354072 2.718462371702053
2.050720425520825 2.9586597989584487
2.0624531490495874 2.949658991630247
2.8780859030640404 2.0582487524574695
2.580710701639965 2.796636596629053
2.0426748878581757 2.962069009682081
2.1854782290909496 2.89756717855038
2.218921762663531 2.892641285298758
2.8284108556176384 2.0833686632320205
2.2333310100941435 2.8840905925359994
2.738760422363978 2.6702137068702636
2.6047967605186115 2.757257335633321
2.689631530282769 2.715981389071141
2.6177769161958997 2.7459198175358432
2.1151780762371315 2.9198799481535245
2.609942607317421 2.7542577667744617
2.1917707653846836 2.8958089398503852
2.0552503576740855 2.9528905341299656
2.1696680946877267 2.9095680939304125
2.105703626462696 2.9208193909795277
2.752575505203502 2.3521838864709292
2.0926565477032892 2.923753619017992
2.788404526319769 2.0846448328666716
2.9135873798692637 2.016420524447074
2.913730295195503 2.0092963597931948
2.5798309594607507 2.824389164712963
2.7526253079680183 2.350689790436302
2.2113532134472518 2.8928130910819254
2.7359974309469806 2.6825896401269604
2.3017252319116945 2.855679779200124
2.7519861804119206 2.5724490907707933
2.587152700595583 2.796355824640019
2.163370685621057 2.9144888194038274
3.5033448523410606 3.621179702192643
3.2539144533683104 3.9666760510248276
3.623792050311294 3.2052635838770733
3.4072311696617246 3.761112575463811
3.783242691366141 3.082168742844405
3.558249321593253 3.472239838184446
3.8041803913771957 3.025363054959967
3.5239049041568338 3.4964120258728166
3.673150519771328 3.196980429527616
3.3277862477179396 3.8813173056519004
3.584293478461646 3.431089906689846
3.609967760451011 3.2787783140628473
3.7501227616132615 3.0927439275646362
3.0741935608969957 3.9954794581621593
3.5597119777649304 3.4681221068738095
3.213421112846399 3.9782074915388987
3.4044330296082532 3.8150789033614183
3.4853176761350606 3.7402455486727284
3.0848136208848307 3.9911424754976
3.359182103405951 3.8751107917384253
3.276380626656233 3.9200423293474747
3.5903395814384984 3.3157033410563597
3.6653362462677848 3.1973671355258446
3.114164957826187 3.983820410317845
3.5175508667515327 3.5888157733044617
3.360345216033422 3.825975656989265
3.6017220159204717 3.31530760178447
3.9930089625750442 3.004406069842659
3.7427144272430954 3.12803953725237
3.7068022298339294 3.1640835814103525
3.273021177516876 3.9494525541729324
3.3831655030039105 3.8237164711345235
3.606281413335013 3.3134062181788355
3.9421510638940216 3.0247169717989113
3.486518979494692 3.6887772609034637
3.340659037009204 3.8810391996528915
3.3598138932981527 3.8391222878938533
3.6884522418585397 3.1854391353208023
3.501380739682736 3.629552830026763
3.286772873872351 3.9157341376675765
3.4672037557859774 3.7583546173694815
3.4775984793902084 3.755158053745891
3.567622253099838 3.4398448443215157
3.0797880791724084 3.9920694842460143
3.4993716625285467 3.6391275841740423
3.4052289291267694 3.8139369901668108
3.1607951152919624 3.9823417528730976
3.30259047962685 3.8890624090437877
3.6179679727222416 3.220835211274806
3.519965483942875 3.586123946152868
3.7085918761634926 3.1509274043981605
3.4973215219425247 3.6582524837858372
3.3038811340455316 3.881412523199584
3.288878467530843 3.8912633861608676
3.7964010466743043 3.0604574660709094
3.7024477582786752 3.170373142213733
3.6491297952587756 3.197864187884141
3.0957156179777714 3.991019171331174
3.197802384598332 3.9807851216451375
3.2670120490750074 3.9510981734308395
3.237890675952166 3.9724815361539356
3.6101035154632743 3.2542125631580916
3.507174371675176 3.6062229428431625
4.763533387532646 4.808254847420271
4.106047458421364 4.919722304850279
4.851543535612769 4.57560963417267
4.489454873715735 4.853446694125397
4.99458598467048 4.138277769023133
4.795756274442179 4.788892520018444
4.184077702383245 4.9060299095166195
4.982218126991747 4.393705238467112
4.752324287865497 4.834759799123379
4.9750272333855055 4.457670459062201
4.591570215299661 4.834927046586775
4.298843734535929 4.865079623848136
4.203235216691854 4.894515854498041
4.294290240765618 4.893450949713904
4.01779113527426 4.9439491104796796
4.86356972931995 4.563316519275111
4.941306385203561 4.512015970770609
4.55846107773424 4.84344016844807
4.969353060270545 4.511758774142117
4.035486578262098 4.920127217378282
4.863608300371201 4.522384440168012
4.817944981855641 4.612978743924422
4.391791072864504 4.8589906992787135
4.111416846312423 4.919623097511165
4.905562218925019 4.522272796632139
4.797223198956603 4.710108578308178
4.9142529209939285 4.521125876629834
4.381895824874567 4.864359020115159
4.516498354962671 4.845136157883046
4.769648939783139 4.792481712353769
4.824816719856648 4.59151989845423
4.485425857516881 4.856226000825425
4.986912466803092 4.153831318800504
4.995135019085973 4.111353413448251
4.800210109200651 4.638115804860911
4.979985263590751 4.3992743030583465
4.983573970195732 4.223309450755377
4.147327144183131 4.912815329156792
4.029597991083577 4.935398933463596
4.799491674478742 4.67763134491893
4.294454962442819 4.888226695345107
4.181251917966362 4.911611289501276
4.851347073183983 4.588520503903904
4.008968254167739 4.999979633580605
4.976560536262283 4.454918913081129
4.495517434981931 4.84607856036852
4.936503991741014 4.513776190604511
4.986167954872364 4.166524369467275
4.982284072981111 4.363166657946652
4.998924369564725 4.102958023662836
4.8167057318057065 4.626034446183069
4.574845134903362 4.835983191556656
4.75242961864202 4.813029036374891
4.016349554925161 4.946123867557888
4.982398360980781 4.333809238938448
4.717001880684131 4.834789240632456
4.979485549988114 4.405350617965421
4.196281297459992 4.896936398020322
4.933041690117029 4.517411274780497
4.99935351600876 4.026769944914706
4.9101196761694075 4.521946525732156
4.118501148373246 4.9176875451475395
4.246696163446124 4.894060442019951
5.584819596530311 5.086399630106161
5.156677575147454 5.118858596191014
5.028292438052792 5.357617247961071
5.99193757598095 5.073645356335592
5.006291355138383 5.383415839023962
5.120068613194313 5.290501074107637
5.066292346174658 5.3354287173273445
5.3037091076148455 5.09411300946114
5.005715061326114 5.829834695352701
5.004420511714879 5.953612611864953
5.266338506720969 5.097465698730571
5.145265754257368 5.166018371017951
5.1477749361458915 5.155850830387864
5.130948773320487 5.172104705341803
5.1908530953218825 5.105555640218325
5.022198015687421 5.376510367978889
5.699654341525386 5.08295960107624
5.08515992080495 5.332728700818892
5.730273377480468 5.078712131616047
5.124401664934295 5.229367166713354
5.5741914325779245 5.093701624100186
5.579678074066027 5.09321989417187
5.902720543169904 5.075150421788973
5.3007639784576 5.096230135122736
5.43738318266865 5.093809331373703
5.113291139458018 5.318957628910608
5.051245625543171 5.336470409758743
5.828612965784078 5.07801252830639
5.028573830544048 5.341152957502999
5.153415135882046 5.1277976984301805
5.129336438297076 5.197470036792323
5.235236078425718 5.097746255083704
5.006173170732893 5.628936892116034
5.5810527302395565 5.0920271278099705
5.161513909204613 5.1084986613660535
5.091242719609804 5.329815089907072
5.00782048437574 5.382373177500125
5.9905929116123815 5.073801212974307
5.882359725238609 5.077774734912875
5.168145511911096 5.108137419577178
5.202023376735133 5.101618093869225
5.996058095215689 5.050603164277299
5.960803205523918 5.074187591001448
5.106931236805101 5.327572874062624
5.205681393343182 5.099897129218698
5.581687781839182 5.089008701845292
5.138589006601509 5.169384425333693
5.005679472167447 5.942679886919435
5.190992928834208 5.101778360932156
5.122923799346771 5.276679131893281
5.177213443008323 5.106566648764654
5.001723778470972 5.971332263696112
5.024861458790581 5.372783233936502
5.715263716232619 5.079550243279825
5.14975469146488 5.152750021646538
5.8945122571540844 5.076787523717052
5.119277851679143 5.2975302022972945
5.998368653128033 5.050525734921887
5.230230952860354 5.099127786905687
5.001402140326269 5.978647750702914
5.9575031984878155 5.074667006189991
5.005737848277295 5.717379557244184
5.027528377040392 5.363044947333603
6.5951333810296076 6.995908528487529
6.9227167136630765 6.389323807345711
6.600673201716314 6.85376242653877
6.644540786812247 6.515520867951105
6.677782795012859 6.475323138648918
6.952676103064504 6.158307044767258
6.6280251009524624 6.6149399238506446
6.733975983081487 6.446147506555889
6.994570723806663 6.047240506646472
6.622880430038008 6.78305247729247
6.901158619378455 6.402271206579221
6.964034060858391 6.115597173939572
6.9274271182642755 6.179492626425621
6.613183874214787 6.825262159287348
6.826840561492122 6.404706470389323
6.074686432890407 6.997258017757866
6.784024443932217 6.421456300767209
6.600689923376235 6.851052046793114
6.807944878396959 6.410322549746476
6.925750718824573 6.254157756738512
6.978785387732247 6.100687329058036
6.6147482833662625 6.815591797287791
6.667033999163799 6.501885266493269
6.675291805145568 6.4753843568367815
6.922676325986739 6.390778175188116
6.634190824039695 6.554217242109269
6.984749383708815 6.071341558067395
6.874627860149408 6.404205484337935
6.598823351147641 6.954058373317611
6.764890000939404 6.426695430316825
6.732195673974986 6.467465495530165
6.622355250264195 6.81374354795443
6.545825824387683 6.996797762520715
6.980879660896883 6.077433595221542
6.928186225424868 6.17864705294417
6.605700341163844 6.835474989772788
6.670067330667302 6.501313800134291
6.602402612843397 6.8365170108542195
6.9229540866637365 6.349923840445162
6.924899895010977 6.343583389850565
6.633612500739714 6.564824876599948
6.931725818631551 6.161600956803419
6.360863347968796 6.996867549415855
6.823729146626623 6.409291542209244
6.7593219888865415 6.439330654918844
6.641197704377413 6.539029589838857
6.790611908030556 6.415249379019602
6.967018767428683 6.101411892211733
6.999680315617537 6.0223855229062275
6.684309644190257 6.471643725916131
6.666093971356868 6.5148376561167245
6.624284762379891 6.696633139981263
6.672719227568897 6.492031666852892
6.925913919202655 6.248552794096453
6.916061286084653 6.400625098104035
6.631517519501939 6.5969781720526495
6.732010900773592 6.467662397354444
6.625662039815796 6.635654442002327
6.004470432490789 6.998266484883338
6.89316672270747 6.404073361627529
6.644312073443129 6.536329322289322
6.921126301123961 6.3976038922411975
6.633576922576978 6.580926568060716
7.295615767104394 7.060299207190157
7.245534000595322 7.112900663745016
7.80805780949573 7.035138603965707
7.235605592309674 7.733387152137025
7.865181525889092 7.009649815361721
7.062523809180683 7.944138222779393
7.112450933835881 7.809830662312813
7.099407156317474 7.827770296668376
7.115844859099068 7.751849211726716
7.043346304313293 7.953022124255861
7.966403584402998 7.005353749803982
7.089834948744881 7.848495016850516
7.235978546726447 7.70780242187222
7.457420175516871 7.049038661442646
7.275155542401257 7.094341450500412
7.129703841436905 7.738106229926465
7.17221632972396 7.737223137489867
7.243455697019444 7.629746502616314
7.421021859405548 7.053689097568452
7.584801880101277 7.042454396914142
7.787333197143471 7.040284955603236
7.406376783713873 7.0553046568608035
7.070813252956238 7.858483894490133
7.965840430820372 7.0061900090367555
7.838157353475777 7.019406800715491
7.02726933447236 7.983185995718361
7.990579593099689 7.004617486739882
7.4705983662379305 7.043411290350405
7.237120891681897 7.688565904935645
7.017861623404406 7.995391111962557
7.244229143123653 7.325499534183663
7.258527910334049 7.104859386588022
7.832432039975346 7.02967465362765
7.280632517659405 7.080049279424642
7.128540818899119 7.744431131456647
7.043240366519242 7.964131251620399
7.110883302065571 7.815435611332552
7.012514099552682 7.9994677977967585
7.064618390507987 7.93408695234224
7.066088862774411 7.926113187779405
7.364743751938908 7.05650828129487
7.2851470761737085 7.066534515570344
7.237532740063458 7.673944115465772
7.115601809996989 7.794865816851337
7.242726781399758 7.633805163791434
7.2439894614352625 7.379156324501112
7.113293868633408 7.795062353475352
7.8367026227077705 7.027041808238879
7.707176600955839 7.041729241977409
7.096276427597884 7.830055613791767
7.07152408020962 7.85075654087562
7.444721016576953 7.051469062610607
7.180292306760994 7.735392377775212
7.994855038872006 7.004376908874941
7.031794869063235 7.977593724212467
7.05462136091151 7.948773914106942
7.822024940864147 7.030654880056227
7.041483263310308 7.968872325729447
7.136483423720945 7.738104829286096
7.461858733573488 7.045769326466936
7.237740339120247 7.6548111387380295
7.780725643307698 7.041645360314536
7.4383528902913 7.052552900087661
8.873993494519448 8.80831276280281
8.98216033823652 8.466732492898915
8.16067135137729 8.943995876691528
8.421895336412174 8.87598434400547
8.081147967707876 8.989718789409668
8.799402062627749 8.85063416861608
8.905462501648238 8.657375858828319
8.9497173838265 8.54381392704746
8.999374636368195 8.370980571004646
8.867691125456517 8.836759927285636
8.751815693069872 8.865273766235958
8.290064888182656 8.88688814666628
8.891924279143495 8.722449626968066
8.250638988834307 8.891466441415732
8.95359315817409 8.495096391821367
8.57650000860929 8.873794970509254
8.166306213403304 8.914606078112882
8.679959736603744 8.86623337057894
8.931787940750084 8.577916907821965
8.109181945966414 8.97517884567551
8.024938527384077 8.99069934632736
8.959036538501456 8.4937990734816
8.096717487869102 8.985141424103537
8.83896813402785 8.838288379198978
8.164246612584895 8.930999077986595
8.895620009656797 8.7041843090092
8.999435225022768 8.338746721829084
8.99924688428023 8.444564367820517
8.124799784456737 8.966870015642849
8.412943525850372 8.88239921575595
8.158106848600125 8.948420581566475
8.90815761503433 8.637302166312791
8.012909687292872 8.996616387498825
8.108567089462868 8.975199001196481
8.020026100176244 8.991926185220299
8.980889789849101 8.46835077629912
8.984093043580511 8.463324006661473
8.781952595182505 8.862035364885635
8.9118849756673 8.608475418918099
8.903494636031212 8.666813507527722
8.971051140931225 8.48032171364768
8.965946381958405 8.488185721527955
8.280998025171092 8.889978436261085
8.465790406513358 8.874918534066452
8.885222174834308 8.787346324735005
8.247560948693259 8.900444948084184
8.890053296384378 8.750454800918636
8.125566130493198 8.962088158831998
8.117995065276139 8.967510832943486
8.89699764804473 8.677123330089113
8.670938764967577 8.868104167553962
8.87483168915755 8.789975360997168
8.99052254696497 8.46145796191881
8.580132233878032 8.871340438224568
8.018874599475517 8.994453688045915
8.153985503274816 8.955095450546482
8.38462657124358 8.886317828572412
8.98340167550733 8.464628037621365
8.94326590658217 8.575806955052633
8.915121816445215 8.604014001466494
8.890054603808242 8.739356769765733
8.066987026805121 8.990091638891863
8.490899886700321 8.874378925993962
9.053263163449136 9.478950101350575
9.913806103648612 9.249714977771513
9.017216459138725 9.710091805311766
9.136523273017593 9.269946489967708
9.96986015386229 9.169576164833897
9.112172069535697 9.31822537539577
9.05978426985887 9.451428099950668
9.275564835932308 9.260354077624962
9.997962923027071 9.086639898776617
9.973853750375888 9.143888838657126
9.974710478379828 9.1018355773347
9.086787529147099 9.431924355835651
9.650872047439574 9.250101432342342
9.455781332074736 9.26035310225074
9.04547593937508 9.704235403625647
9.113756256147981 9.305928348279187
9.943497837318485 9.210774529263542
9.001724342643056 9.813555491607408
9.106920831800771 9.424350747073968
9.587109821570756 9.259388042295095
9.164195130664536 9.26701877262332
9.939721470777164 9.248539468025994
9.956212928263433 9.203814731005904
9.052980007475897 9.551983039785858
9.994828474518162 9.092328226982092
9.107809091179929 9.38056075688633
9.009053838504641 9.788006753488428
9.961335644070665 9.178664573647893
9.986722490941025 9.093579057309537
9.07193734339922 9.449573801756443
9.001393363506168 9.872049437668515
9.047347332342287 9.627796357330237
9.127511622512587 9.302737398570716
9.014242104794565 9.756225139746146
9.0655586743674 9.451175383277377
9.999777503487238 9.00928850948892
9.133513151564916 9.284221625861948
9.082709448238543 9.432767406080188
9.057535820314447 9.475731616644858
9.009178804641213 9.784489565056887
9.013912817374482 9.779174448272329
9.591818515491324 9.250148247139927
9.203367332742006 9.265034103671875
9.983239721342333 9.10134021962857
9.106920850476595 9.420896999989967
9.109346889798323 9.344995795111807
9.00177553771362 9.808628913060067
9.130103410483038 9.302427853591299
9.99858810277663 9.05161647036403
9.162155464169386 9.267736027358424
9.96360167098885 9.172853510808318
9.074504120384459 9.435878850348807
9.271767554624548 9.264445251211097
9.46136541594032 9.259780666488178
9.954514116482287 9.207468197308597
9.000398930488204 9.926673096505935
9.032463179777716 9.709314916042878
9.544133566753137 9.259727520941516
9.00426651459647 9.792092667140702
9.111572218129089 9.338863124298642
9.051058572116307 9.580626934382517
9.107102948786853 9.398162077208301
9.959963526503044 9.190062824271378
10.846102014229109 10.842126081906983
10.335101182202099 10.910762646968475
10.952046984988925 10.68111960319491
10.937262160684714 10.78133160957246
10.956845746311147 10.423925167516932
10.969479712788027 10.207591145365106
10.078124283247618 10.928551304803895
10.611633606292193 10.849848698789527
10.024482531949857 10.965160606836495
10.459104498584907 10.860923945519305
10.954049470587895 10.444732269269473
10.77184310529237 10.847887189531573
10.949266150340943 10.696375081177056
10.48639027966931 10.85827119473824
10.931413877613593 10.787398380011503
10.90820422073185 10.828231887012224
10.941954394085709 10.709440937576398
10.444520415450237 10.905771165532288
10.966044046126653 10.241761744205707
10.630801674673478 10.849093096329257
10.458528908357582 10.896348860911717
10.154752336468702 10.917440879912364
10.960888468341153 10.415805305734345
10.519540452496916 10.855380729655044
10.709875733111268 10.848892507369483
10.420065677389871 10.907600269710535
10.912643524878442 10.803209227286848
10.977561374243175 10.187214734007085
10.05440223914331 10.935141996127985
10.987881432721737 10.019663790014938
10.013694131835468 10.993939833898942
10.028361962221044 10.950658887120017
10.163123766209972 10.915064544730914
10.981215741621112 10.149817022823697
10.938690172471166 10.779334189531047
10.455026552452697 10.897748232529901
10.946712450536522 10.700409318475153
10.962176523151266 10.282219166006604
10.969395177189861 10.240274718395039
10.409821073887334 10.910016844708357
10.84752242427013 10.836405871138409
10.570544557176772 10.853998758224824
10.50141183968487 10.857796763556243
10.785872839083966 10.845495474619934
10.983302336127391 10.044008720941227
10.977553551659474 10.207038178462884
10.91126915232738 10.808591457243109
10.172786056049851 10.913268936072722
10.124530879078872 10.924507439448496
10.366111131491234 10.91022953807151
10.458751482133353 10.863516764302858
10.980432310964321 10.173764891037987
10.94186915836311 10.77185196333299
10.986913568837961 10.02616995767642
10.053463689374189 10.938446055980526
10.1596677829988 10.916610263275814
10.776714456195654 10.847289875458072
10.88797589663131 10.834151402141742
10.953774930313994 10.566606023772067
10.982850365615072 10.061004111877958
10.554646453755801 10.85399882274767
10.989230258286137 10.006314869663846
10.95385049416968 10.492789928690891
11.32389536079246 11.351194022500724
11.306081304122436 11.398320807217873
11.590607058097756 11.23057324099514
11.475898010515728 11.35080982083322
11.121537856374268 11.818810587530091
11.16660713653991 11.446825148389113
11.803190181033088 11.020236314664212
11.675212365096474 11.044703291749222
11.142489144561996 11.562986452917881
11.878799982380402 11.010239751486182
11.019255649061739 11.865804930578191
11.609860791188218 11.053026142245292
11.513565713782564 11.320351741947013
11.053953230410825 11.850707140952458
11.596247878146883 11.089707535578427
11.167702175649252 11.436260165714739
11.212796109314697 11.41984596386114
11.01602982473825 11.949480701412309
11.548842584244294 11.237923652795775
11.60663018953338 11.07709410171255
11.548595143892125 11.299975019717182
11.097211680798276 11.849834144929279
11.816205806221529 11.017618961703198
11.106344302655678 11.82297108564088
11.162098940204768 11.49744145794252
11.820189841257536 11.011403519336568
11.122697150694107 11.634568597953674
11.488424441331036 11.328766427900801
11.801117380690911 11.040603867083608
11.200483844296489 11.420109433277217
11.50677183633017 11.322549094282033
11.28594892626439 11.412788258568119
11.478298122548114 11.341185004256417
11.535265602774526 11.316115557444444
11.000621165189596 11.953340718084137
11.5485231353808 11.314442515535605
11.161576174241084 11.507106699487025
11.594297984056652 11.173672790384963
11.049743877904152 11.854408881992914
11.017020989123488 11.90646888329422
11.32172047363148 11.362440448444632
11.214511223730874 11.412960668191877
11.595263752883977 11.09405874006463
11.548597066224334 11.261318975419082
11.63750929944644 11.050385910819513
11.535572491902881 11.315666539849628
11.895838766705417 11.002099767795775
11.322521350079557 11.36166907139644
11.125625024470253 11.619332738660324
11.158700651953573 11.561623084024843
11.100329760482426 11.828189200847534
11.29019069084902 11.407163948438948
11.976537097760124 11.000703698948287
11.782558237539833 11.041078205998144
11.886596393178513 11.009042636613248
11.128058197769548 11.605961840554974
11.595256656213376 11.110760124930884
11.049063181330862 11.861196275233999
11.178090758292411 11.42798935130855
11.675781677738348 11.042474267418974
11.500308200715445 11.327048497523114
11.101900394595088 11.824485652893648
11.295007037206723 11.400085411746904
12.94430644825732 12.369360087806466
12.899370511207204 12.47706877905853
12.170424748664427 12.659233096071207
12.02068023115188 12.980800341578261
12.524897572790193 12.583578134523407
12.558777571447248 12.567040255716144
12.144973243370645 12.844745643403256
12.729909418907773 12.490481645316525
12.975260615689573 12.28841029181789
12.49074814859609 12.596773840124317
12.101156008395906 12.978140539545018
12.727363539210426 12.493926410414957
12.132355555831982 12.877798889853057
12.992094467376061 12.00962525292014
12.166077702232888 12.674015835267785
12.989199468314707 12.182961487371898
12.252876687311387 12.62867991685175
12.601147831882036 12.498232676690698
12.830766502988256 12.478080026757883
12.156630273129815 12.813206254690789
12.780437518863202 12.487077780455847
12.579104818137608 12.564068592499783
12.907875868096017 12.448523994092094
12.338165621172937 12.62515478456611
12.162655214824127 12.770465251691604
12.215798902179966 12.646507544198943
12.80690384352264 12.487044157787476
12.91729785907935 12.419528839511464
12.99138610936075 12.031789047602045
12.989489751681138 12.122168682056941
12.904847189655609 12.475376758678768
12.595671878927792 12.553584593889722
12.949237733466248 12.318281257584811
12.131261583199075 12.881996968622923
12.947195356325713 12.365982501475074
12.985745754273008 12.266697100303414
12.11229429772648 12.937667779208326
12.991179164248258 12.08220198144168
12.994706093408443 12.004631508015592
12.200707820181522 12.65725936567982
12.932698456405246 12.412490619105133
12.535442920080476 12.571335969213727
12.989298168699404 12.144251125410054
12.164075633422742 12.674042870548309
12.480824096706847 12.62196661579193
12.161814951518869 12.78334721971685
12.14670545550487 12.842167704268661
12.115225885875065 12.897680255906668
12.943222732317878 12.406396079356782
12.218358556584704 12.632733553301469
12.595703849601618 12.534762460313901
12.988906465688116 12.218301950026339
12.599375173440533 12.504809869290868
12.945929453591932 12.367941977273473
12.00113328753109 12.982149551250478
12.161439445014164 12.813033834203516
12.910705411520183 12.444102859128074
12.105967978429165 12.943886150301145
12.958472860014206 12.312057847305319
12.14048639156279 12.859657346232307
12.821830583837668 12.48051809915007
12.485768920090736 12.597486457969234
12.496236190903707 12.59521732453531
13.321113314533543 13.985436922720123
13.367758584080057 13.811592042836283
13.637558626916114 13.745935358415087
13.703720781537937 13.346967727564085
13.9315003640184 13.1444051920102
13.942003174390027 13.042556944172377
13.12751628862123 13.98956144960185
13.797181938658348 13.194334400699248
13.319056675801864 13.988167009488546
13.664766000071813 13.347735848867748
13.661488759159834 13.620631997736446
13.661311031725646 13.621062990568714
13.331843038360562 13.877554834086327
13.873088898038969 13.183503489876173
13.704523947976082 13.338209883316777
13.725526173593519 13.238754839248523
13.421364942147601 13.76756407047852
13.64391291885899 13.719927234586251
13.941686742922391 13.077990299852768
13.721542182140391 13.30363078394402
13.896199009757606 13.147858684482506
13.416919781018374 13.808366247871216
13.903894231583655 13.146524817092423
13.490102219151007 13.75248047330845
13.88715041188295 13.160037963408673
13.642214420615675 13.721802580149191
13.327203097297096 13.885933851493423
13.017058660384562 13.994254804002527
13.955335883102798 13.034052718024446
13.860539462030692 13.185643745400819
13.587929796402697 13.751996788748144
13.653092919113234 13.64672195454825
13.662561712343855 13.483034924945809
13.940770963955034 13.139941503923524
13.363509063794524 13.826584280206337
13.773588589534674 13.216626261152426
13.960260099240527 13.030774415561892
13.615301387378235 13.749017486089373
13.346252717824044 13.857925808196295
13.436211883190953 13.753473095208998
13.114151763018148 13.990933824790956
13.638635025289565 13.72637604580622
13.909850754244706 13.145842614207472
13.993226902019938 13.012061560208625
13.649487328409636 13.656034331985344
13.66238442126436 13.566047763803901
13.159235010737087 13.988475838036438
13.66268876000306 13.411353924624644
13.87709739888296 13.1692527657186
13.976099737288076 13.018300127452651
13.878236222442437 13.162996804649197
13.86132896956056 13.184110246158609
13.721862033370746 13.271724755897061
13.728102831529707 13.22835218137898
13.4187782353163 13.792477897418177
13.711469753064865 13.32188755209035
13.394589886943926 13.810401648622452
13.592660147466566 13.749918064064431
13.33310404267262 13.875984138199938
13.974091731927587 13.020549117860211
13.804087503675904 13.190026540312354
13.661544541458587 13.59861221075278
13.999488863579177 13.009622631858957
14.750882278563989 14.325177712337846
14.699894667403456 14.979220583568933
14.719022505367084 14.912029498256988
14.682227102679965 14.982053704969033
14.985460670869344 14.249709123678318
14.943378782875941 14.302352268917168
14.732561257300643 14.771879922307969
14.74073310531061 14.765418147386832
14.752875157897467 14.302497487813175
14.074009605177558 14.98340338893936
14.746878972096193 14.46851524106388
14.731723470414991 14.887033882105685
14.954601301228312 14.269534367800986
14.096745397219907 14.98227609578616
14.723026653130127 14.906993020835424
14.012745048494683 14.992102847468152
14.731453204283731 14.901661081100354
14.039993957685395 14.989922573715786
14.747273749813125 14.378401447288041
14.998567183243471 14.00881990660313
14.715447426027367 14.9178805538311
14.74221486957839 14.560561943414095
14.981822464665466 14.260415832500716
14.992752567063501 14.247468546472001
14.99349517960646 14.054204321139874
14.745007040526522 14.496855788478884
14.745031622178038 14.489309972918557
14.708899943939677 14.964205526194238
14.064437406066153 14.984353622604557
14.011804395449891 14.99919116700649
14.707337527217419 14.973828114073777
14.74477169626037 14.525895142916164
14.04341030716232 14.984497355218242
14.993286268851971 14.238276989143062
14.946170997412803 14.274118648079856
14.732138741544627 14.845655668057706
14.630225978064836 14.982239052868778
14.01825510823161 14.990675721372487
14.746108600197093 14.474804327082069
14.719885558131047 14.907718303065032
14.74954995759577 14.364260882936891
14.959278995986736 14.264716449547045
14.74330640761318 14.550159804116223
14.73290722835065 14.770644825376992
14.742023687143323 14.723831181985862
14.980132640537562 14.264564439500601
14.998182299976738 14.040749941532024
14.741335651774504 14.744227346434851
14.017588682060087 14.99091428463881
14.715672545025768 14.917871381835583
14.732326002364944 14.824643327100063
14.717011751656612 14.91272548926687
14.70918942376286 14.954191548602749
14.984704725914323 14.252244196703513
14.710799388727445 14.950535824436091
14.040741274993259 14.986569693963478
14.713343646335053 14.942333481289108
14.982484630857277 14.2545373246667
14.697040020528936 14.981022729320307
14.713602316718148 14.941720668294236
14.943478887914273 14.301214899102462
14.75200831282141 14.305173444914752
14.956884836307475 14.267404159025508
15.39213617503743 15.532441964150797
15.191684405863402 15.571237178769199
15.051030773247568 15.972778686856712
15.785855041885473 15.347520398650133
15.18156153696425 15.620222367210946
15.065030259550845 15.80859305086006
15.540443070859807 15.34766353048337
15.193307567375852 15.565852237732685
15.219843165548063 15.537992961547147
15.930063698085332 15.272559651936485
15.089379249512639 15.630290309257981
15.983966921829177 15.17935165079008
15.801238742016004 15.318608323357308
15.459162378163573 15.370122979137124
15.027703792027554 15.977640682702747
15.394198354579217 15.390029402814697
15.508729777744943 15.351701613025487
15.988182196103152 15.035006569384517
15.978942296558671 15.247792397354484
15.086231203443157 15.712152123657516
15.048830159610326 15.974160875098802
15.85945322830052 15.290467158360002
15.400481580836392 15.374080177658078
15.498701727320343 15.35788896254437
15.873179599171738 15.28913647418263
15.078323239910985 15.784551593705595
15.859173677997262 15.292554939460354
15.809887378317327 15.296764040043474
15.464948545755808 15.359848927608212
15.186484733050971 15.574595793655735
15.392771922638618 15.483705267794619
15.90461686044281 15.277099613259342
15.057202850057061 15.889620834805866
15.05376791331718 15.951181663810159
15.995123933196401 15.032409971710843
15.059616952463923 15.868686940146826
15.20859618970852 15.538978360712541
15.874951816049405 15.286370414726491
15.31443857324182 15.53797960540908
15.065910663114925 15.804898561669793
15.946103258961985 15.265834072165857
15.08274261326775 15.723860856400412
15.789491186131682 15.33391869154984
15.069541817393892 15.786804873960657
15.97049961558849 15.25315969130515
15.204636382920416 15.541967566697132
15.162623980555756 15.622035856201599
15.061287775942256 15.831195896648206
15.319406223077578 15.533540210210488
15.322675110992446 15.532619513150117
15.987833595987238 15.141951992489453
15.000816992584468 15.98655780529318
15.472936945429778 15.359071607609787
15.857619629887614 15.29625804934937
15.987129566443722 15.177845677879192
15.80754360345636 15.311996155806115
15.20035695906788 15.556620263381308
15.402245394082119 15.372059534679074
15.940527590741379 15.271912754301653
15.040198944201094 15.97560522160911
15.96256840308697 15.262086109783581
15.97993141460971 15.21871025310081
15.980384434334102 15.196878151157382
16.93830695130369 16.46696101580912
16.297690026357174 16.95081522707569
16.81348580061135 16.586154561893775
16.710366241860836 16.69833193296619
16.29177183886045 16.96138727423032
16.004711127290673 16.9668991263506
16.342302686686715 16.76225155023896
16.923370346467763 16.47733980004379
16.692993865914186 16.75631582991471
16.95901664375735 16.230517663332
16.324758108386742 16.8007935123147
16.99555887677847 16.214137788102978
16.554253998733607 16.762107192088678
16.891200795006384 16.499775633251218
16.698716045491196 16.699947446693287
16.95522305751227 16.234422364191246
16.28124780629958 16.963620046040724
16.784518317600646 16.68786153137922
16.99833602877871 16.198014057063332
16.9392511880428 16.35633481175927
16.26577197418607 16.964266782381372
16.85290344584693 16.563121462927544
16.31123225967223 16.92205128832801
16.959433288856783 16.2268601076714
16.81041109117584 16.65787823246994
16.99024894649017 16.21768171333189
16.95225084439139 16.255899870175938
16.882712637771196 16.51351494858942
16.99833785798391 16.1312452928611
16.857822374002257 16.55681623499685
16.923144433128314 16.49646444697197
16.810594038394584 16.60192555264914
16.300971681941384 16.934583092888143
16.791069187810724 16.68184756737519
16.697133102504456 16.707364139275015
16.070477162349054 16.964670021143707
16.999553153566467 16.082518590953107
16.326819539916496 16.772738168913037
16.866758392239007 16.543597224785056
16.942335709759302 16.292799454742717
16.989456170709683 16.222042802960566
16.863864967101396 16.553056739535105
16.320950486778305 16.907197328453456
16.83387824521218 16.575614797268027
16.32403389992253 16.843565501316068
16.791391059335112 16.672367709343426
16.00108681127553 16.96967597123508
16.32580450854241 16.78625066530201
16.29576852399638 16.958652531029394
16.844153162595603 16.574857463392714
16.33502510039642 16.768526797507086
16.882213445013182 16.51838427999285
16.778692794577942 16.691608316469065
16.927085542005226 16.47573066497371
16.824647760010652 16.58478276478323
16.94414173703496 16.259884098854542
16.802048633519355 16.66033133297186
16.98438581812712 16.222985956291847
16.321096267103812 16.84554036702314
16.770595429826653 16.69471690207007
16.868455001516207 16.5326647821657
16.734045369252947 16.69695128864167
17.75880410487878 17.243884200008356
17.77024326139028 17.237801819871105
17.701496950142843 17.83913604949347
17.0164977441033 17.86217069959832
17.785015824137453 17.035961117226638
17.012034056707325 17.934389049881585
17.781225929337783 17.189479602814217
17.522130573749596 17.839757241573768
17.849554889894108 17.017252978491243
17.864651202467428 17.012275948484895
17.747283105575626 17.622196515605584
17.71835323151044 17.643978191516243
17.758049155965598 17.30817001178607
17.024066267022867 17.845011805257307
17.74794897270119 17.34686875587608
17.00301501352265 17.999330738800282
17.747576177049872 17.347579495373203
17.855209797748962 17.013055987832452
17.394591617766785 17.84258821037253
17.713416543024127 17.769441627853695
17.714820255035153 17.66870625725994
17.937959736395467 17.00714700026657
17.78338518696977 17.10583524696334
17.00982398352989 17.975549201572676
17.733086269895416 17.623249876449158
17.34964469566775 17.84317075411302
17.720529640627788 17.627639551098653
17.33999003535705 17.84484415111975
17.713322328606466 17.819900194366472
17.813370284646986 17.03128565056163
17.95710396079131 17.00624248090851
17.499196511328062 17.841428886040678
17.424452081345567 17.841999420928495
17.774774022689883 17.22096408201392
17.84130695815463 17.018352151242258
17.77622953559599 17.196689781277765
17.827147575817513 17.021477109108908
17.015203520608733 17.918455059465295
17.70988805741832 17.83680220949832
17.820183163764625 17.02792128735132
17.71443688934219 17.71936290787889
17.756643094580614 17.318677115312553
17.011133544916017 17.965867664115923
17.183794763640474 17.844870416297095
17.512793135495276 17.840459872942276
17.751749842058786 17.332034445912043
17.9872329863777 17.002450360203355
17.87824815353345 17.007353313717932
17.787066887553628 17.032233668626443
17.004970982599545 17.987555859798213
17.781953422300933 17.17224543565188
17.586873367931606 17.83967686414413
17.76213925690081 17.238044396454736
17.756070017896278 17.33101946922311
17.747442636038617 17.598505305699465
17.815326489363958 17.029981914362377
17.779691406719298 17.196122866510432
17.01533951178415 17.876570038378148
17.715303793383683 17.66520752764839
17.71412599135487 17.72105511230636
17.004186048394708 17.99905277214736
17.00704160794214 17.98604398782051
18.299077071086693 18.54285401016099
18.564867631606873 18.406797349721092
18.187289923365675 18.79826349882021
18.61150102176794 18.01449845886642
18.431957954986263 18.47106043142254
18.570156567725434 18.21459374856121
18.030153870635505 18.86785006625242
18.21678497677706 18.61375837484652
18.91981991309179 18.001475353188216
18.0252791218795 18.930664756637675
18.09037683768189 18.837281051793365
18.03217689739987 18.853110725574272
18.94971550396871 18.00113413782558
18.5852720095749 18.068576388265708
18.51108882881903 18.463213594028748
18.527191213324787 18.42167211923573
18.298355861409508 18.557999542369824
18.373116182051188 18.53725630134222
18.816925895403468 18.0088031668135
18.90486032575525 18.004493057964524
18.123586335287758 18.83566870990888
18.25624705570597 18.573380453476865
18.012890333346572 18.974509224229486
18.09314203004273 18.836882933725718
18.598419825556366 18.063501357424883
18.04135464318064 18.841358099999507
18.27699140555281 18.571974962439313
18.5821994984023 18.1132920490777
18.570459446555713 18.124266584505055
18.768831937956403 18.01223865978624
18.431417297528593 18.498027357422952
18.05629801387168 18.837509229539364
18.209318934246106 18.683193941187376
18.01679027842446 18.954870948371788
18.381486993192567 18.514887012634244
18.219567944353283 18.583652559025417
18.201206651323606 18.786625299177125
18.027391803435123 18.8869695538562
18.01938680788006 18.947906144167927
18.20460781993908 18.757043375967854
18.149985528914254 18.831221765350875
18.030940258793866 18.854268421153062
18.513130407460956 18.42697917182413
18.313643758172212 18.540087622309713
18.53827427768027 18.416972492966796
18.511952010374504 18.4554492069844
18.15615057345283 18.808822252384033
18.220958047698687 18.577876803696537
18.01452017398282 18.95536940015529
18.4739689887589 18.470625645294923
18.025988631312376 18.898960189657497
18.01416125171612 18.970634197326536
18.37637099695398 18.53455023193159
18.207061412388477 18.70895642137697
18.539308695134924 18.408871821519707
18.21036391837773 18.669148470524263
18.766650212266466 18.014372895655182
18.34672484234673 18.538335076730895
18.415147285726455 18.506277616139545
18.53614655487637 18.417479006372773
18.00041500531046 18.99799537172761
18.607172766251537 18.04554457186122
19.72409015960721 19.03919474894284
19.157420374482413 19.0739179217827
19.092637901920977 19.941661392756938
19.11046923013638 19.902459799248188
19.129296436444143 19.802600289538052
19.275056899415212 19.06256354233543
19.12612098256018 19.87246152904728
19.140987642842763 19.113664394804466
19.35056685813536 19.056059803608527
19.13608047563382 19.32964442092455
19.361901631982974 19.04369873120108
19.902732324626417 19.009032456713417
19.82461441679242 19.023772218254475
19.174083598293866 19.063650580406968
19.112892282799923 19.88907255167837
19.066743114801 19.957041489916374
19.135361852856793 19.790884205238708
19.046781956801865 19.9714743845711
19.767211988201055 19.03805057657678
19.457654303910754 19.042106047560303
19.814233422629457 19.025124387207036
19.351791170494295 19.051478889808166
19.72955127066793 19.0382520287203
19.31502349437991 19.056713016063483
19.841333960104322 19.01895791756834
19.620691664556457 19.04112018766993
19.13776458468014 19.176858923807906
19.101264083438696 19.92965473940195
19.166523350441242 19.070504986703714
19.65623481601324 19.040922366962697
19.117317940176164 19.87350953829213
19.881499099468545 19.013759789669717
19.94898117727417 19.0019212430414
19.136122736597684 19.282698084992976
19.062937213054926 19.960852761196445
19.92583453665181 19.002099009034858
19.137119724104085 19.273405711281377
19.004892029812193 19.990446240525674
19.137553566910537 19.18036035359865
19.008052311813096 19.974750822405888
19.81716889866471 19.024518377760778
19.389055562657337 19.04226632335595
19.08119344552631 19.952940258180618
19.3065796638322 19.060213228491847
19.801713423235928 19.033420732100403
19.058558530728988 19.971135229915877
19.836135705329983 19.01898014272292
19.15851435938179 19.073747300688257
19.146094170563654 19.11301129272332
19.157250735852568 19.109762045935625
19.04407352930218 19.97185780681027
19.097478529132566 19.936180276305524
19.243013238167823 19.0629625649054
19.12613456811242 19.87205648397514
19.781447501081935 19.03350548485789
19.400319859901966 19.042150650913644
19.358144737110266 19.048712455333217
19.172128488599096 19.0661705298565
19.523709407680595 19.041286199403853
19.71782642475179 19.039770074046324
19.778991620071654 19.036748309311516
19.126316042721847 19.836086040425055
20.727786690533154 20.228460270866595
20.236025654319707 20.571585992641864
20.181555558825778 20.990874392528085
20.052798955181135 20.997096614767443
20.218361406250366 20.828327520479267
20.28712971121001 20.41145072976635
20.31913880373119 20.38316373318786
20.962617913876944 20.07836743391116
20.67415706936335 20.25854842677759
20.90674931470965 20.209847467811343
20.238141208216557 20.566060329515658
20.56924643833508 20.274123353696616
20.514166761468193 20.340740895559772
20.54193542257568 20.288904132530053
20.93109220093555 20.199864145871803
20.74342017378405 20.222533417557294
20.935669562455345 20.08557470650763
20.2359560754686 20.66318736864215
20.429478195905556 20.36817689599438
20.25621882118008 20.41418561041565
20.71266630240208 20.257762907403627
20.211925802333287 20.92745152291339
20.225982281289024 20.696127522983346
20.403049935013136 20.373231906031616
20.976620002180738 20.01576561860773
20.97275169801438 20.028903620141964
20.24861716655626 20.4522548739759
20.751493841373517 20.21088480860423
20.314021622487772 20.396964264104252
20.29542284054766 20.40566174454493
20.556470532821717 20.281935560054112
20.224061427626594 20.750586093856768
20.305407658870365 20.39956923099905
20.475586908700848 20.347426355608636
20.934735140495587 20.08799131234831
20.971704782366082 20.0623614447438
20.56255425116406 20.27834220781153
20.27714898928151 20.413619859621807
20.316830317313574 20.383181317114158
20.203604811013562 20.9650250219563
20.64469293885144 20.263635371399687
20.484465833317447 20.343491931974928
20.169048574037294 20.995055262014546
20.242577357799313 20.564449130152937
20.371934012912355 20.381450912673525
20.289155377307747 20.40940388637582
20.11840232131683 20.996106617692604
20.613951862803148 20.272273024950955
20.266024516354914 20.41413919630821
20.622217154689842 20.26690451839662
20.205349651965445 20.954325090801753
20.186874594206646 20.96779733753844
20.924762835874628 20.201896850945012
20.35892248759307 20.381922332813687
20.452502988983095 20.366364131435503
20.958600173163727 20.082215309085612
20.526419000046808 20.29491680051681
20.973686193586712 20.016331375433733
20.248908928854643 20.41985381949359
20.74686107421065 20.220642150010583
20.377917049591087 20.375290334426648
20.233228163276703 20.692164211808706
21.793303898782117 21.24240399953139
21.34264267593184 21.574320701350196
21.729161575913263 21.544802204518597
21.796032829687952 21.11425178890607
21.27431586188557 21.612295525372613
21.15205532611924 21.799265561650344
21.946829959474364 21.050326157826273
21.900970562842794 21.084842326123898
21.830815846725436 21.112863762245638
21.362381936697307 21.57115980161052
21.044393467064072 21.90870076432484
21.244017020288048 21.615923141847464
21.315345018081345 21.58144708956751
21.788954257220727 21.301966269673848
21.79151958540013 21.249844247892575
21.995573800758812 21.023880292254592
21.98362091320196 21.036312292761984
21.10392084309225 21.862608937671936
21.057680235643005 21.90696501018282
21.783290389257452 21.538371558533722
21.924914726470874 21.05103181510202
21.72896989022781 21.557782379852913
21.239336558605366 21.70568638219326
21.894171943911374 21.110481942133973
21.043534705843904 21.95888752175844
21.534152906775784 21.563213763776254
21.630781441352063 21.561588125830635
21.071501629480437 21.90480378140071
21.167019141150245 21.785677892803363
21.788538449340464 21.477868008121238
21.222751434760657 21.726222472503146
21.44974843644042 21.56939249237338
21.135488483278245 21.826940754565854
21.14440916701087 21.804864943814643
21.242082184165902 21.64705920728469
21.178450508323323 21.776803622763907
21.995808937531365 21.00188555609532
21.09115498799755 21.866154625406782
21.21955654882477 21.75986555622533
21.086672097037727 21.894884011809793
21.313481813738644 21.596287808573454
21.813761989386553 21.114001331057658
21.795192784015807 21.197600271390566
21.905328828000314 21.0774303624363
21.292134774472963 21.609253631325217
21.249783006424657 21.614160274604433
21.01647206636099 21.965997301197827
21.893515497935343 21.112393117677293
21.13502584566102 21.839855820064226
21.781162510808258 21.54369529959087
21.11896612121325 21.856112291277306
21.532114510701007 21.568526005607037
21.164367722631088 21.78712933107135
21.914940133583084 21.06732767337248
21.794864287491215 21.22142316914966
21.32865317926267 21.580038193412832
21.015589772348328 21.998809840697415
21.135802071772765 21.815326014405386
21.15552519033857 21.789320790811228
21.788804567374573 21.465421503941336
21.089558022575908 21.880916380655282
21.207594435466717 21.76540005535572
22.287470222798678 22.303470251932623
22.56519470699785 22.030017644067897
22.288635451631052 22.118604169275606
22.60454513897177 22.016182730058492
22.397215469646294 22.031350731237247
22.091229309300665 22.58504951771345
22.08970982053802 22.73519457810208
22.296091601072945 22.04133412419017
22.047089534209896 22.828742382858238
22.125825018580283 22.56889666176808
22.13598168297481 22.45495703883744
22.2095264893627 22.359191100438448
22.71457845151086 22.004687993399482
22.420735894410686 22.03003128493076
22.020321501675106 22.829147004248536
22.219238838743856 22.352629392124438
22.28769186581734 22.266957379202285
22.167363393504004 22.42701479359416
22.18877249576921 22.41116703588473
22.798088957690737 22.00261089015735
22.26916818819438 22.330012967666764
22.131309629393307 22.556341346790624
22.054758521316472 22.75944676662164
22.7010156347291 22.011707658019795
22.0003086933271 22.994865701938448
22.006320900493556 22.863763814262338
22.143166929149753 22.447933802057246
22.067028210666635 22.746787380187367
22.31617532518844 22.03736388210655
22.13595107099406 22.552343879096117
22.73039765825749 22.003210967584916
22.20945425794688 22.399229742789775
22.140822601165677 22.452859466190215
22.19282856310619 22.40175635110975
22.103060608079435 22.569675667927967
22.048719226108425 22.82074495568965
22.019380248023094 22.856675980948946
22.27848878071569 22.305877849980646
22.29301238072345 22.11531419897665
22.83087609664765 22.00241966027506
22.002450846243576 22.890217863682903
22.09617321340539 22.570322649750153
22.576760778847323 22.023518866508592
22.230760069615755 22.34381851794309
22.17727030576018 22.41497564197805
22.671558867001817 22.015359823140244
22.999094987748084 22.001419040370532
22.360642392395878 22.03409492331943
22.895256479960377 22.001815049907425
22.244863061022336 22.34125970698276
22.08796645554246 22.743477244898557
22.167925600201656 22.42109999794155
22.24707997600754 22.338291241292538
22.295493963771737 22.097881437593312
22.699320543549614 22.014451696939155
22.31668564997082 22.035301771511676
22.59563440005692 22.01777340039778
22.09112333464707 22.6000855237104
22.66071059730102 22.015874689665864
22.7141646500618 22.009847744899993
22.004199827229797 22.875644586436433
22.07971031997114 22.74398495489448
23.75174779077694 23.14554037225803
23.122763270109825 23.699517953849767
23.290603285608647 23.608980390281292
23.915666761612105 23.106847300805956
23.44777400852416 23.44785774253994
23.732039102194996 23.193013691598505
23.17962386649747 23.686283961824003
23.45573176935338 23.378254387858462
23.32046018342969 23.47335751077776
23.7187686010384 23.321278285859933
23.10702181840673 23.995803213466125
23.801164838677494 23.137018033829644
23.400499573943986 23.460149111622016
23.812398494027363 23.107685314813494
23.212537633410157 23.629100465497714
23.716684721418623 23.32234912326052
23.8090379400118 23.118204788007365
23.127634394621104 23.695185629264063
23.929853234381522 23.070655138370068
23.988549244708988 23.034823076389447
23.49561742897608 23.357701736200593
23.534461565347133 23.330992610065262
23.586407703928405 23.326546847339618
23.165201462046163 23.694866546309758
23.110226075951232 23.8125265693052
23.48520268754002 23.365780169843294
23.999463024359898 23.02606147729278
23.1071520000186 23.94366209920965
23.288620763900813 23.610769655622928
23.926727970282236 23.077525288397247
23.241728146920096 23.621180148604243
23.521794360373704 23.34380014710005
23.315536725374095 23.50249425778025
23.574078926290134 23.330779498231013
23.983946114945034 23.05179053875577
23.300369344609663 23.532577350866585
23.120734416345325 23.782401690323745
23.785532725919122 23.143207592807062
23.985639077406102 23.036998417820463
23.989806516968173 23.029208916277632
23.960009346723798 23.06242006839686
23.426212940609606 23.45277948780643
23.206393976669332 23.660510507741755
23.72767933130251 23.22309522374071
23.751557195928033 23.146469869074597
23.455187951689343 23.421171852815785
23.291365540031375 23.566574382957427
23.30595294135652 23.510278568147008
23.24835670066125 23.614109386844696
23.582116379029713 23.32847334971225
23.486841511224505 23.35902775012246
23.689214326529573 23.32260731631327
23.291859142152365 23.53666429227155
23.395724644045142 23.46134944146562
23.10803233079126 23.879989616018843
23.20970428204915 23.65559272979045
23.523617619960255 23.343633972073903
23.204862396686075 23.66082567333926
23.926867216367363 23.076440952627483
23.723547094984756 23.298072585668983
23.292686033240837 23.53385761224166
23.424026326062236 23.457090475003902
24.689877136390002 24.901017081408902
24.723853849576997 24.8818633781963
24.762189052000803 24.30543097275642
24.162452148233392 24.951413942575027
24.726987648246574 24.474340322578104
24.014499861501285 24.953951841743454
24.784690134617875 24.11066726364371
24.289046108963934 24.92915710385649
24.974477975291713 24.072299927144826
24.971629605874007 24.07447515592352
24.417776073749945 24.914030224712192
24.894998060897777 24.10686697665246
24.738337798885798 24.470322412058948
24.74944321847692 24.44616843181636
24.784085462637815 24.30498325416747
24.374310987780934 24.9218106514351
24.991078852064028 24.05688766686326
24.287934234730848 24.940695784622932
24.932771466852092 24.09422250715083
24.41077415341753 24.919059439692873
24.68981680196729 24.906709356753257
24.722963332735524 24.88417956105443
24.6051148302715 24.912281912125913
24.235799277954545 24.942950423732967
24.784434782771587 24.142227378964606
24.753107449930123 24.334169342029774
24.944844444821857 24.0927183372096
24.70428910464947 24.884306022698766
24.99506054546442 24.046632652665956
24.750936928783545 24.419721831552017
24.210990693391327 24.951302136210206
24.725110245736833 24.65170203650552
24.010516147782564 24.990298139443148
24.959437556119912 24.091897647794987
24.85889979924469 24.10735929310841
24.960859701347104 24.089329007270713
24.01175140056398 24.962681476376293
24.351900603835787 24.927059502464072
24.961804943946916 24.080867659590535
24.751973541990345 24.419109968434395
24.928006178492247 24.09663087397744
24.00001834611513 24.9966694165088
24.92074983818454 24.1005529931028
24.759365857202162 24.306903629051114
24.30045285966202 24.928406804267222
24.983147388056675 24.060475121633385
24.001152978516526 24.99500134437424
24.96297917555291 24.0746050091385
24.72482688809102 24.873542835668687
24.212414193224763 24.9434229981618
24.784324378452876 24.285955150798348
24.589843875742442 24.913437869214842
24.638643219946005 24.907479611708034
24.123785209365963 24.95177157107648
24.695371556593052 24.88730954810827
24.63120298304958 24.910031053319145
24.848156239620202 24.11044721888501
24.00959487607538 24.994916577070086
24.413596618995513 24.914451602255486
24.780393289354336 24.30528904874476
24.999324789151316 24.029132658679796
24.724844271405217 24.710299934183382
25.0477402730282 25.740618980406513
25.708139221207 25.475699067318214
25.926100852414425 25.31522737278408
25.053747326998206 25.662760072266522
25.544462487390835 25.588958506932215
25.96974128950087 25.20865615894
25.886395946035282 25.456087687978854
25.951957132858936 25.262238808896154
25.315217072863692 25.65223422278145
25.176838141450723 25.660690294126812
25.387095411428795 25.623735833862213
25.4106699771746 25.60368525178609
25.91492171891744 25.446275767937607
25.02190314359863 25.901063993561248
25.999125869687596 25.027437789496197
25.049286183239886 25.684388437719054
25.031173270414016 25.827204220541734
25.709595674421525 25.470771211298757
25.711443949912038 25.45617160608348
25.503746505180732 25.596941937145292
25.63048745494457 25.483318783475585
25.427554848271615 25.59879778963666
25.00497362025121 25.937129147952014
25.975102487374087 25.0500568512566
25.408352428949264 25.60519020793877
25.200489983679883 25.658825186171818
25.566087042651546 25.496520267806766
25.065598731091537 25.661405289264206
25.644212698345477 25.475725768132076
25.955118793878704 25.213967984978957
25.3839127229869 25.626360535766214
25.546943082669983 25.50652452927148
25.000860474179788 25.95872368949553
25.937721780130524 25.313205943644846
25.949999834102677 25.296896065829543
25.03710738191436 25.753869848701363
25.325604462721973 25.645291263403273
25.54941390336123 25.496772054366925
25.32101448879619 25.651457481330922
25.217754331743233 25.654748909957835
25.97089199960531 25.074053737564444
25.92596937839053 25.382838618009956
25.540015465632152 25.596437257220632
25.941222590264395 25.298896160809623
25.950878400143893 25.27967658558331
25.329857627355096 25.628217166118382
25.59537040911801 25.490881756628426
25.71082480994968 25.459826269757183
25.034320665911242 25.76536678175982
25.019064501949178 25.902810205885316
25.953868966759085 25.24367676227668
25.917720028791308 25.400220137918513
25.04780527578607 25.722032110930343
25.40472857562048 25.609460290157468
25.420488593205313 25.600164201681327
25.38922347903543 25.61715945519396
25.902701609068494 25.450755675479122
25.37901265496182 25.626392064598825
25.17061097975065 25.660908124176267
25.375114449585222 25.62691860102212
25.61943182884522 25.48646694979357
25.545174527873804 25.552966175988434
26.296800060192098 26.824971208685714
26.493171055343495 26.128728816661937
26.623226376961973 26.00180971067502
26.338192975822867 26.80795644772426
26.172061419404194 26.866557875798875
26.358438127493564 26.219728176363766
26.504586754731843 26.048100880570058
26.043063164895944 26.9380186375966
26.354023774053736 26.395695883294156
26.112082345535317 26.903032438125216
26.35215646230779 26.533433340071
26.437457266077814 26.143444569511704
26.119055251563353 26.888476449117384
26.50930304491891 26.033186744207093
26.521828908310667 26.006522780251995
26.01177519296588 26.984873078857966
26.46480682551128 26.139281410948787
26.13174879755093 26.882753629081872
26.058136213872803 26.91571780704037
26.34099135960775 26.78704499064313
26.35193919670004 26.62675361320064
26.235053987284203 26.862384811420515
26.3501829517345 26.700184487350437
26.027730822489843 26.966606675185407
26.50107703835234 26.072417432927093
26.43018969366537 26.18241943143997
26.32180014164557 26.81364116312767
26.513939164906446 26.00803996673814
26.43322240973356 26.145392625264833
26.390286095387143 26.21914637309068
26.056224012210613 26.9206389787422
26.430819478520405 26.157373376027383
26.35574068447485 26.309151970422285
26.463863751718023 26.142166885671912
26.533804147168475 26.00484615831061
26.42893414182066 26.204511797104374
26.5053369434167 26.0359842457427
26.259084912093847 26.855893413419285
26.85609902002256 26.001159517481824
26.14585371818729 26.86898167819391
26.412732888519706 26.2188061773023
26.28563316415148 26.85383896359719
26.323850444063925 26.807959368308016
26.03356438001485 26.947070833393017
26.494761060265198 26.119854351353595
26.01635844171604 26.969266121663733
26.01483815544761 26.9769533933829
26.428324037168153 26.214048403438923
26.00639982683958 26.986792465482537
26.5965709804865 26.002409727550646
26.343828496699267 26.716830944853175
26.076518380467782 26.914624710674925
26.275111908289276 26.85396639971095
26.49304551700386 26.134687246339684
26.07156368159428 26.914735374008856
26.15015110468264 26.86758906369459
26.003207394976165 26.992661474523754
26.03184614752817 26.964928201611116
26.266523444107886 26.854532455219964
26.92393913931712 26.000071246976894
26.347851942014522 26.70412762139159
26.309656653209597 26.818459606743172
27.347304204489966 27.453458767455547
27.41081861921186 27.33630325073689
27.17838039800921 27.561761729542642
27.03409092001761 27.89004338108183
27.174375436629443 27.584556956870195
27.13317338706041 27.648806994884346
27.837298789707575 27.005594517803793
27.13204567736672 27.71340076536527
27.606978242717087 27.245635076485957
27.625680361818286 27.244696878140232
27.713456147476233 27.008366728578473
27.520103506865787 27.264193247407015
27.662577906930807 27.023418998035222
27.254788102925357 27.45932752060966
27.424875170823448 27.321231381933735
27.551568814973045 27.256847109364323
27.02102038322776 27.921671306282708
27.060733589995543 27.72544144835656
27.4286855118025 27.28836531039984
27.375142654235002 27.3822861359546
27.13998564140962 27.592518886184692
27.270858908811867 27.45730953322663
27.420544983767197 27.331349178049535
27.633365928169123 27.03889880786202
27.04210591720538 27.72899219235642
27.401135803572952 27.362099203394042
27.367375919602154 27.42907728934875
27.405600841436737 27.336510266082435
27.631068670917507 27.21148294218254
27.19374307461958 27.48005275035162
27.037385803238795 27.77378224895352
27.20129202858757 27.46998665637706
27.58662096671106 27.24882137731229
27.0122403899561 27.994074222333825
27.06761284147219 27.716666210602135
27.1903816840384 27.499125254436656
27.371338817996897 27.415574621759696
27.102920109125286 27.71595576788445
27.036901474981757 27.775379282523545
27.133995849318662 27.597208828761932
27.470558378855614 27.281192543391448
27.503885185075745 27.264885033889843
27.849740943881173 27.003893088943602
27.016453388360596 27.923328141586367
27.065949197902686 27.718568141267184
27.224029353458988 27.464831363066548
27.015170776809867 27.967217591466333
27.57538337063773 27.25324317255541
27.631999571539463 27.174970906445562
27.632106344342173 27.03984600335883
27.195378592271254 27.477802958385137
27.393856283484933 27.372798035479857
27.337832373391432 27.45636977540309
27.676232395007926 27.01852958717717
27.15684276059716 27.58595014717067
27.82232398798073 27.007971230107565
27.04014854372892 27.745558629364048
27.531099074854005 27.264111964393233
27.244392421713705 27.46370906730278
27.1828877285394 27.545497655431955
27.63110384568436 27.194541748133233
27.35785778827213 27.43761661298522
28.211524022423884 28.45262469602984
28.610578428960988 28.12651610010445
28.711421917755086 28.033203698835845
28.17256871519248 28.608069412300292
28.2479126642373 28.205469704877274
28.428452773789164 28.132209671006176
28.22575400045082 28.3552406063323
28.12970347398869 28.616498335541248
28.25319743523773 28.154919971314836
28.048915187757608 28.791207509307846
28.093419448036368 28.75005197022386
28.629534310281326 28.06921355138068
28.02821886973743 28.90613583017407
28.02351716963446 28.977466977513615
28.010668312111456 28.996177566608665
28.242007551114718 28.30024471620585
28.201324372834417 28.600677386748576
28.212864505734846 28.408824388079296
28.105794589912502 28.68961121281705
28.404950694192962 28.132303962011054
28.67037127002922 28.04830626609505
28.354944528479002 28.13865124089205
28.23639236250356 28.327846911662967
28.902268560372008 28.01217982853837
28.66607026585331 28.068691500892808
28.111914981769115 28.64395435261422
28.2039181171956 28.569474503448983
28.93422518079051 28.010572810671338
28.203699722582556 28.586580206023907
28.210779174969076 28.551399681130803
28.031709505381965 28.87026911602054
28.62505764945985 28.1228325078463
28.20354450805436 28.58798536200317
28.817894462255012 28.031138958243204
28.087420820840983 28.789738581863475
28.04670628502753 28.850990943071213
28.691890684392618 28.04292935459701
28.248365262797368 28.193709932163713
28.24191557029893 28.316763811614234
28.202868020458954 28.58987075379423
28.941023178098707 28.00237134804664
28.283508817563785 28.144078412415354
28.026623651982057 28.966610106108266
28.84375688558695 28.014047333785435
28.625562532033847 28.08249572512178
28.800006424705035 28.032902321453864
28.534912085093982 28.131177253631435
28.104877217075177 28.73674057965864
28.24582036969245 28.27421882329668
28.17088083113031 28.614705654432825
28.216893132814995 28.39454021740153
28.010815031881094 28.979875311078338
28.702416471843414 28.039458967474097
28.521203952484495 28.131380157254718
28.220881348396944 28.389758722759854
28.027733363463383 28.94429789350105
28.03585693497688 28.854630376254924
28.120665628051814 28.625531313312013
28.20714163567146 28.5680892435039
28.58441433289508 28.129544183844562
28.18234180134264 28.602713877610665
28.259516793019653 28.145385005606034
29.710572420524553 29.215392154144407
29.391753622363343 29.964371695529533
29.68736650158596 29.66946718447728
29.78152895152623 29.014925263997053
29.337601193078633 29.97664162464688
29.487031496123112 29.828993042723646
29.57468728683809 29.796965953444744
29.84597076799036 29.001555360991993
29.461207023058602 29.95722873212041
29.716081362743957 29.12775987468409
29.601140580143838 29.67948211165826
29.02619698906734 29.989853658823204
29.830038582956185 29.010229609898495
29.020935148839122 29.997009569034827
29.48352504731779 29.872056802732157
29.699341750808895 29.41531768135421
29.600232199839475 29.703252785306653
29.46362744812187 29.88743039368949
29.597037904427832 29.75749382599226
29.722324544369737 29.06672280917033
29.581193378027834 29.79064769804778
29.56939925222092 29.807276601748004
29.773567754848504 29.063867279086086
29.575629406733192 29.79190937041153
29.695710200771344 29.561686163372816
29.327163237392114 29.97910394246448
29.69066207941906 29.609294229085695
29.43981209275912 29.962525433677786
29.779185659228464 29.024295778107238
29.66593669205391 29.669735690176488
29.722195443495586 29.11912835804272
29.48480982979853 29.86465559098949
29.708794519593013 29.230499558386157
29.69568413433027 29.589749196286284
29.033474713886896 29.98356135013773
29.570887609258232 29.805408915548696
29.470725423242758 29.87535987059765
29.527829171029783 29.828833973944462
29.70157772435668 29.384678965779692
29.645372566984456 29.67094696591305
29.339641447235678 29.97271171149573
29.713261464459308 29.12971863080589
29.638117935528967 29.67740850161852
29.71182964388616 29.200722837533984
29.59974280458577 29.75370047210759
29.697293362384894 29.47168679829271
29.697596102169697 29.43518170818417
29.541492212124304 29.823963262428812
29.45135377556688 29.95768631387777
29.78857177830674 29.012560941488516
29.568442070455248 29.819372229010906
29.708168111334256 29.23535152797976
29.06456266762222 29.979433759474972
29.70195308796437 29.285319956849918
29.596936148508238 29.76474568805285
29.778412369712186 29.024324849092462
29.5944636570311 29.776303967844434
29.706732420146942 29.2509275879383
29.845646206975914 29.00490346776931
29.778261734380806 29.02441615975918
29.022957682426405 29.99240280497281
29.65486658745445 29.67036906403182
30.243153536363998 30.973868227484488
30.646782380740067 30.58917775038576
30.48174351285885 30.782182909351953
30.84891981567783 30.342585136260322
30.368642276435978 30.801552487479366
30.108211109789085 30.98690599758664
30.35632462634984 30.964714603176766
30.95889090548975 30.104880835011254
30.955018630599717 30.221358598208496
30.648182675445767 30.544153208270977
30.849870239346988 30.221499956419112
30.997187991020475 30.015788631886643
30.628380912106184 30.676453239439624
30.75033483953836 30.444389182465827
30.60522292505372 30.713879508195514
30.572354672354145 30.738081040220617
30.7208822868158 30.485848824866245
30.97466577842674 30.103270046526468
30.462516765804647 30.784950090365705
30.536639957008845 30.748535074845872
30.365695681689267 30.91748132641222
30.7975492511878 30.416765094916776
30.398491616462728 30.798114606969378
30.813563900531232 30.406121830400455
30.595289218887377 30.736863746358775
30.554996354543274 30.73990357465238
30.772856562424256 30.44033287811891
30.734311194630994 30.45357109371384
30.703647266979424 30.502174844697784
30.614058085071477 30.684630200072156
30.98223128704602 30.059003180098138
30.648814394250646 30.515409976944415
30.821817797313916 30.400342152352625
30.836961315968868 30.368971392372764
30.988984590587574 30.03656683425146
30.408563561369345 30.79199376694805
30.193689173901756 30.974517339265002
30.13727571504073 30.983045452600706
30.95637076971852 30.195595114961275
30.328370551878397 30.96592974448186
30.7283307707456 30.457861646987105
30.77689211951636 30.426061329946794
30.837878965198016 30.35531922707797
30.98641737060328 30.054755381258015
30.003492688101826 30.990847621075687
30.663964250523215 30.511205982941558
30.168046917359042 30.979577854669685
30.44573844121065 30.791376532068433
30.251685080232818 30.969169555423854
30.55213662397164 30.743070710744224
30.710674826098764 30.494246913839618
30.030065994774887 30.9879852497678
30.532270511658307 30.77395794876832
30.361223200317852 30.924920898389566
30.82193707788764 30.39514696467131
30.256581139634996 30.966998532870825
30.67366187818278 30.509534253239185
30.502097609265714 30.778476591112117
30.84933843780595 30.284223081090268
30.975874228017705 30.099182944023386
30.64703801133215 30.573889758121712
30.77546007603935 30.437516903219908
31.13577704870225 31.64006349577291
31.57975799295074 31.176256294177477
31.051337426597062 31.895188901848368
31.744142395647362 31.00074333998182
31.626468460794683 31.043377121464566
31.21408070122101 31.416413676454262
31.19737577672487 31.46607785588959
31.313494994399264 31.347704136650382
31.150427021372924 31.49510904491073
31.531531736143336 31.32652546476032
31.089767071924598 31.857184848828375
31.267992817186467 31.354694323459874
31.14744262343561 31.606021073346696
31.648403036825343 31.018394276443015
31.13405879004545 31.814396952225287
31.005154734081255 31.951702040477027
31.134273822187772 31.729325927083202
31.003669335039714 31.967319933894373
31.62441706844579 31.144459834627483
31.56647317605304 31.2550941680002
31.69707333860967 31.0120020222707
31.710918354099515 31.01112812529996
31.251617093427527 31.375141149393283
31.11287484758234 31.824739736899975
31.05218234937229 31.890128570500824
31.640892518684627 31.041810306815155
31.56109204676469 31.32420274186192
31.205365887838227 31.46133025172861
31.458803842459666 31.345538267218412
31.62247179070368 31.161747301986594
31.268086022065603 31.35260757147583
31.2064873241552 31.44587187588879
31.015757388957663 31.925891464195736
31.46024165099694 31.338118157736158
31.16133617091873 31.49329893879147
31.019315804271134 31.902376801789497
31.903686864793706 31.000285947906146
31.57601496107406 31.254622785823187
31.178458206648287 31.473866251910145
31.093716738025908 31.850658393154184
31.229970675668802 31.37691928661715
31.109604974500623 31.846674656978827
31.16994718718016 31.490937551555543
31.599528404465715 31.16216517172955
31.5651818989993 31.322807101037462
31.654256268797717 31.01347841968324
31.145354730207742 31.629686646782147
31.871538570995693 31.00053810673214
31.30056853478185 31.34910590560293
31.10651257186728 31.850260181312212
31.6263093689842 31.07518842096308
31.265995921656582 31.365628603584177
31.463218890672128 31.327179781706164
31.20055496166586 31.463256333510657
31.072609273098035 31.8578095452952
31.147450509072048 31.501496537778607
31.57614766398876 31.212137153035506
31.743331389715294 31.008100220636535
31.010803637888127 31.927523957553998
31.61118073847187 31.161923146731127
31.624570578949854 31.139118029938718
31.17415046177532 31.49061298928159
