0.20076618432528925 0.21853116534507855
0.2277069712675831 0.09200017674247851
0.30515453172097773 0.00716813865697119
0.03360678122714156 0.33828409579516316
0.14643729631001678 0.2331155184003576
0.8200169762998079 0.0028250048602832534
0.031028464097806574 0.546097693681028
0.14073333844007607 0.2521732317914106
0.2981493370652881 0.09063357857026222
0.15752001394979764 0.22140823215669025
0.138675399211031 0.27292889766315875
0.02619794645525597 0.6408769060510955
0.21645817105736864 0.09606957556448459
0.021470308146892325 0.9067167229365276
0.20236013142252718 0.18210273951070066
0.13775885878830307 0.2792371218583055
0.12414533590794019 0.31694010789818206
0.4129642935086105 0.005870447708373749
0.13940750918531186 0.2687465209556469
0.19548389634247465 0.21994608509006752
0.13516801904372555 0.304555812531749
0.12395910318014347 0.33505142020937784
0.12962870521964287 0.3145366029406058
0.2142917043373832 0.17907276643802972
0.14209507169889157 0.24908598513858382
0.8845760026612199 0.0012934340776112885
0.03302256782619961 0.4356550213349908
0.021535706211508132 0.8373890823419021
0.022526145616248994 0.6949451402512771
0.29901466037566415 0.04752928125696787
0.14319869691398557 0.2415682638481088
0.02153327818414541 0.8507641522185907
0.01596953372627341 0.9256340945053209
0.07335308092677573 0.3360490132337649
0.06122162706183243 0.3377334383188564
0.02838352600832983 0.5992948140498809
0.009424333366050086 0.9837734010849957
0.6286100960309841 0.004855286261164271
0.013672849304295354 0.9793601136480624
0.13296651558960748 0.3087393191077591
0.6562637681911171 0.0028431344498887068
0.30034330826083655 0.040988615100389425
0.025210788100769044 0.6435720910207134
0.03303847723542308 0.39598295231086855
0.4399832659558057 0.005361152339209085
0.13945454273304392 0.26684234828245357
0.14747012978983032 0.2302670854125115
1.1678697144529209 1.9218198207425883
1.758410920388706 1.0027989320858337
1.2513830439865137 1.854797809627482
1.3032399874944898 1.02667893691862
1.302177532800529 1.5820243456017145
1.0890505929361414 1.9739794157843442
1.1815499522126427 1.8875192501626148
1.6910082747032997 1.01783174078102
1.1014465463503103 1.9557975798306453
1.0113031415884934 1.996275033669412
1.6236558192152115 1.0237061207754996
1.2817844284915267 1.8314173236095859
1.2960463208737323 1.6558694838059898
1.5608212785909024 1.0242665785739569
1.193333275356089 1.859329295787656
1.0701886298287282 1.9928275056174596
1.07666162064776 1.9772159360859383
1.1615879305123 1.9415294992254384
1.2985288772259378 1.6432006601221383
1.1280260936272257 1.9432747821448166
1.2943304063324113 1.732515044938621
1.3031659459277285 1.4208770401254678
1.2879368835864997 1.8221927722081317
1.857366114880687 1.0021502549814136
1.2884055011248137 1.7429384343575318
1.3018244543603008 1.6381665043905755
1.3400965454038158 1.0265284468036864
1.7049945291541684 1.0167274600552048
1.178772563080083 1.908751374049889
1.7197579578602116 1.0089964863721141
1.1895995017545244 1.8735568530891151
1.5414054128623136 1.024743254968242
1.1236413238641414 1.946567628137723
1.2037042744012454 1.8576896483157457
1.0712152274311064 1.9802291206404918
1.2600214571837807 1.8488926921896613
1.302505047209014 1.5488342629451832
1.1495691457735013 1.9432092478501035
1.6684179398734265 1.0235547940517882
1.0898169022991793 1.966940157467931
1.169783690517824 1.9168173407682985
1.252917337967905 1.8535867964599595
1.2230209493130937 1.8557665243895047
1.2549946878590352 1.8519624212181134
1.0864109296325457 1.9746389338486856
1.6712000594599692 1.0208031151995436
1.2344121279244513 1.8552165690808056
2.101154348888627 2.4923014967054784
2.5500294492252173 2.020469842842672
2.390838150103405 2.3878805672190957
2.5496376804190217 2.215433071479663
2.036110898671117 2.939040127280523
2.056072383335982 2.6258390877174573
2.419027286198757 2.3477120126675404
2.0617303778927054 2.617593071296845
2.7492535664963245 2.0093870546706025
2.4926693518465415 2.235919527090607
2.3880832219549246 2.445939567867324
2.4808645198227826 2.249945105002217
2.2646139197153974 2.4777776126818747
2.269895948494859 2.4663090932647593
2.450568455765418 2.2627615003689545
2.4291825901514916 2.314491178326348
2.405562910730998 2.355850365616307
2.0456929999727205 2.6977696102040967
2.0021619095764973 2.998869591336567
2.0994675448505946 2.5748200249969835
2.5823987219617446 2.010430834215082
2.029303558009622 2.949635629728635
2.842784447491235 2.0031783601252244
2.0455284548132413 2.717559077861813
2.485734420540132 2.2493275611120835
2.3625925902871003 2.4646249074918822
2.0468156440138405 2.6654838231365967
2.1760093097603956 2.48928069866764
2.0635502203698586 2.586849509547679
2.9984541410890126 2.002126504638278
2.0428256598944885 2.8240563425186664
2.2018248186276983 2.4783113542590263
2.393058151758856 2.3610840880866992
2.044688522756268 2.7671340225694636
2.494292980007686 2.2218336994841943
2.419644735677453 2.3187122591143687
2.0523441581815614 2.646202810743196
2.054829897849827 2.6362697950945924
2.0171103330498124 2.9541115031378995
2.058080935121703 2.620321352109482
2.3699197980717734 2.462447135088442
2.4499780010046246 2.280804362121584
2.039710899317069 2.9094511508554937
2.5958152716405776 2.0097627458344696
2.1847509234717037 2.4853260049055406
2.324819591727795 2.4659372356022873
2.1001507722309167 2.549465105596115
3.0754999444871816 3.643401369082887
3.42606844679902 3.379849986717502
3.2241764732554374 3.4053043004314225
3.5436275438469202 3.124271479053634
3.307997617339134 3.3887661681823062
3.6559221782908136 3.070943883738719
3.522925166088312 3.3483413771430257
3.9235592552916563 3.0154740004478553
3.0696528124006304 3.810104215617053
3.0981574528347986 3.609106074666088
3.803499671751649 3.0301897395909725
3.169285020292718 3.477813520951105
3.255537489775306 3.4022135175905386
3.1235226223914214 3.546232529247136
3.014661419190226 3.8644742570832844
3.1684539672527454 3.52848806672272
3.1753620715949937 3.4640203794392224
3.001937247392529 3.9633221445095534
3.020574309467351 3.8238968106490274
3.706839624248035 3.035314517920167
3.1023531638183344 3.558991660397865
3.633441261735503 3.096538848632033
3.0829074416004896 3.6126924095035178
3.2209503954189636 3.409795188606523
3.5310206022832356 3.2439427908826173
3.19876529511796 3.442010210124866
3.4437896077933887 3.368560456866594
3.8743150851479253 3.018441540513837
3.1690535914932196 3.50744027854808
3.0123326972177935 3.9182447007635948
3.5328295893419197 3.1949760089750145
3.6123131540786058 3.097569271089278
3.640927436295807 3.0734812919670684
3.844760943703813 3.02062470331896
3.140355033099807 3.5320562303355105
3.2026146958157082 3.4255702907117245
3.285669984610879 3.398388605839842
3.1945617263262216 3.4476788314321505
3.32904411954088 3.3862834205933803
3.4295036660554765 3.3690122732527006
3.523338340337506 3.2762935489233804
3.0709599768112996 3.6858527158594434
3.0780940869051903 3.6274724980090913
3.6759532422340278 3.0486456656351937
3.1941585740373766 3.4612493824025368
3.173672811006484 3.466701370104572
3.640018336885991 3.090436880115568
4.371865235559383 4.977108450630973
4.597258160904974 4.628577511220304
4.879160461544031 4.180147182314443
4.751551746863282 4.426257175322065
4.834956225185409 4.347644536230234
4.541569813465542 4.711196560470765
4.635847640072069 4.528077692760095
4.923185397549619 4.127329259945127
4.818871282757645 4.405296248361696
4.438204112867062 4.828878611403253
4.985543622104202 4.0552505825621985
4.476630819744201 4.763573894148739
4.02817934427889 4.997353014083036
4.242623552330565 4.9954153849371155
4.383121771028163 4.907239328577576
4.440894247554565 4.783590628481172
4.433252839221012 4.833952307375093
4.6394748906273175 4.498932630899018
4.749237914698259 4.4368964503470885
4.968704401266544 4.1193195494325705
4.39151985571074 4.875334450141869
4.918795535478086 4.165751960128566
4.871872481772717 4.209063707391588
4.6121384731829345 4.626922516243352
4.547666515568411 4.629123402520963
4.7256391053840865 4.439312193525673
4.980229666867638 4.085422219778614
4.4329824015732635 4.840310463091012
4.507230037470556 4.716268802993115
4.860974452081686 4.237687020712284
4.472503738762835 4.7709761235403585
4.936085969064383 4.124922703693809
4.423182442567795 4.8459227932607085
4.344634480701622 4.99165081563763
4.643690252495309 4.468469572143649
4.49761084077418 4.720550225508037
4.375486041498159 4.945564785035733
4.377406567891507 4.922145197244821
4.940370308843459 4.120004481500072
4.835239652322537 4.312498023779811
4.358356423021509 4.988316624323982
4.369891905771524 4.987796131725018
4.341908810714583 4.994803147928289
4.996634008140947 4.013822959981786
4.4437487560392945 4.774014429438245
4.478329316592876 4.757859866928109
4.83863270081846 4.244379301739116
5.990582106672963 5.393302335526786
5.896140424788073 5.786381544054191
5.31317897829924 5.87734722540325
5.910039735007671 5.44746580871539
5.305128674813532 5.894892643476843
5.87320172841823 5.862038411519418
5.243349626716504 5.978277635627654
5.142935061253213 5.993737395420964
5.994642668383548 5.188344148251609
5.296335632629359 5.9455475464555185
5.9896236777284 5.395467240604154
5.95832995922448 5.439821971213502
5.969411371941153 5.42583364804629
5.889871380105645 5.791116818181126
5.999714763256712 5.122123983282821
5.30501005987485 5.936439707816811
5.407667409656225 5.8746676220488725
5.635494029134062 5.874031019889602
5.1618278910038 5.985901898514781
5.908060303204832 5.760963189188968
5.256429012424104 5.957913648608036
5.053394479367254 5.995913563222023
5.267658534980972 5.953646546479205
5.959464806799257 5.430051643839405
5.741151272289017 5.865866543516599
5.991109630034193 5.243747954918735
5.885751822633503 5.847312342237787
5.756906403466903 5.864961774400115
5.156842505543262 5.987187187103834
5.154088804806637 5.992999176300967
5.892099657424144 5.788378876083642
5.111656167365974 5.995352430079428
5.22355393833268 5.9858288731296225
5.909837818851529 5.5006157036055345
5.015669472911058 5.99707367621153
5.710635174472236 5.870594427593882
5.804266266592705 5.864313117880615
5.665945550779846 5.8736714917825905
5.154898925043781 5.99289995267811
5.970350419700042 5.424558120109261
5.724045374193188 5.870050569576674
5.972682678024583 5.420233633129984
5.145585583267347 5.993448575198041
5.909244392707689 5.7166132774678315
5.9943056440970395 5.193314587330122
5.505403880720735 5.874641432691845
5.25197077323345 5.963379458648854
6.032589966106623 6.757743247582307
6.891440539658257 6.628043453814462
6.322153953522068 6.643209470454156
6.2646461669379345 6.71554675461149
6.914447669395117 6.572191926103615
6.937749204932626 6.164203526178336
6.971799456367035 6.067665555914817
6.7858895056364 6.639375171579239
6.936477528732586 6.2006152202420175
6.021511162072487 6.858167042577506
6.083821791561523 6.754524993616809
6.163347584104555 6.739493128111361
6.980852575907459 6.05807381275468
6.17738283243931 6.7365206085651295
6.935692348091259 6.439653789273131
6.003377161702432 6.884603030127618
6.986009644206543 6.042274260422341
6.9307628049582615 6.513448298433416
6.958483379753798 6.142934286008281
6.30056452319615 6.689098332180266
6.953871241055022 6.146372456016783
6.750209987904299 6.639555169007458
6.125331599519129 6.750120666818925
6.14771301288681 6.746878214439987
6.001488748351447 6.922424625943984
6.696225192111877 6.641408530350601
6.210190687669589 6.716799930470295
6.028583320061933 6.815255880025642
6.298428755491841 6.70854276875569
6.969317266307568 6.12057958857581
6.791942402654975 6.63093984525234
6.022125786527466 6.857646315245031
6.924742078918187 6.561633877726566
6.937771844588984 6.151468524034812
6.438069566018475 6.641820659079829
6.319402227302776 6.667913282816093
6.273377246799701 6.708865603385845
6.975471717603725 6.067559156968775
6.991808791633167 6.000836511595303
6.9368885369374125 6.185404942648665
6.926384137029092 6.5391576640956375
6.319715544077434 6.666954611339339
6.905485882402846 6.599211971156352
6.934913858554123 6.472499181455473
6.621650560086709 6.64154593640857
6.98295246259152 6.0553228500804845
6.936228697915876 6.3461756252844665
7.8019927007818755 7.495449625970899
7.711467215202401 7.994675331243533
7.8340881882789155 7.246277585466283
7.904663105814839 7.001598488372218
7.797363829209421 7.603758180653887
7.832839949404933 7.404430582603325
7.727559368126574 7.658425110468873
7.7290683097097865 7.6502958904182226
7.8562006586663395 7.04736087558314
7.765643791325358 7.610855183452469
7.803534330242416 7.49032056095919
7.842321882037809 7.11627675214462
7.723196110419819 7.775806806948664
7.372559682432152 7.996247624596419
7.718978104908801 7.971590098052093
7.894455447827887 7.046729906973898
7.47695452343838 7.995486725977978
7.8386139795228855 7.117210417089355
7.831897939559812 7.488659883637054
7.719018738731467 7.887163389663267
7.722041049062027 7.799305539028304
7.048659171191354 7.996492532259374
7.851989051290278 7.08828154959597
7.778569595576874 7.609566933288383
7.741308444170736 7.6132882281039045
7.724838112003204 7.7104665994575985
7.800248537478352 7.515698835174887
7.902840486403273 7.03178477854658
7.834983942708257 7.244521867199318
7.0424073631810264 7.998577366301532
7.007045249721348 7.9994263790412905
7.790577568120723 7.609147285825761
7.833049300027074 7.251549596289061
7.897636656183884 7.03649420402518
7.043860509868043 7.998506498280735
7.751505691039925 7.6130490121819845
7.029907810336496 7.999172737134941
7.7193136243483345 7.824154511794729
7.799935581774996 7.58271271226236
7.84855084404971 7.1128714322184
7.837273285879288 7.232912483530069
7.851947898627847 7.109381126711307
7.740903460098384 7.6381691128241
7.855390526676438 7.081348718989047
7.99524920228822 7.000530596932571
7.924950140887754 7.001488767488948
7.7372188015750085 7.6468867526109285
8.683098843127004 8.574224613726807
8.562933524134559 8.583119347191463
8.513173838266386 8.944219807834926
8.93657561610305 8.342305623752512
8.277385034510711 8.961429411070151
8.307663128494053 8.949897555434287
8.930844734147863 8.483696041354841
8.556130108645487 8.703054118421102
8.971131405680282 8.136691549720952
8.049847905398561 8.979418841405415
8.553691083806262 8.807179183699583
8.54602445245414 8.814667538016527
8.71304735714599 8.502630329137093
8.725072647266115 8.491003282113455
8.980899245752541 8.005995712729591
8.099508229173349 8.964793172969284
8.537865982042288 8.839869433790039
8.599323898504833 8.583110800903805
8.713484285987988 8.500340324092148
8.70328564043881 8.528728605830782
8.957520790878092 8.28225118081038
8.100169860457896 8.964175695487786
8.284294758690814 8.952210349877157
8.931650235419964 8.384345539958545
8.458616619948554 8.947722975624682
8.49493522447822 8.94683914577341
8.018395489351322 8.989785281856674
8.53201850605439 8.84890260079214
8.558392735040472 8.61193019306253
8.516912938318066 8.877117111611687
8.97174432529687 8.052653610270498
8.5569408112931 8.613176791553853
8.932844995812534 8.367831526447322
8.695133137080868 8.534557192144026
8.687985008645834 8.561452543633594
8.97055243017831 8.262090297599798
8.536022887028679 8.84299923493835
8.960818846008326 8.267759930336496
8.937757747738146 8.328563406171991
8.672692509975091 8.578192868325644
8.858586224270383 8.488951710497139
8.75785817565783 8.490436319164994
8.96253872057492 8.264962682055142
8.78088129878366 8.490106334058108
8.529988977051753 8.853898249394698
8.956774907164853 8.299746080458405
8.91934185816994 8.48476889168087
9.447014491689679 9.591778878815237
9.136058385991685 9.746239565676742
9.630111261964759 9.051131871191433
9.173983523568657 9.744006547111159
9.327425325028825 9.602131572212318
9.035250058332258 9.79422926224172
9.493644501055885 9.230943919858479
9.983778614915243 9.007664401329446
9.025015803573922 9.938862546543952
9.121219171201751 9.78345580875509
9.747305819969718 9.009484123806265
9.563488566071381 9.059675564676224
9.474912730545963 9.257778938684075
9.121813469947515 9.74845586411181
9.007104026345333 9.940678664210644
9.259436068031263 9.619943312152962
9.447065379469125 9.475570411097085
9.026730979899815 9.931502827937718
9.277118749417445 9.616566899534257
9.44813879567116 9.347969092444085
9.525594914019559 9.103228814658683
9.678984760081496 9.037015898668484
9.003849614341261 9.99027945573909
9.521383102080478 9.19049926135776
9.554527038640574 9.073757912993885
9.716834460744279 9.034971870192464
9.735608828579544 9.024700023557333
9.950259606954374 9.00767259370816
9.006274544714694 9.98587322152387
9.243749323687265 9.692236563944158
9.0337898044565 9.875484802025172
9.503252904690452 9.192162296593551
9.556424803807428 9.067584126358097
9.230484122096783 9.700327975353147
9.55744424411185 9.06152512743478
9.033156552243131 9.876482869777155
9.482175584002064 9.25059667492947
9.473852031975117 9.342860245933089
9.557398720666193 9.065860447087339
9.310070966308604 9.608922292968856
9.228020382992613 9.726690004328319
9.214148246047424 9.727693205641996
9.779098588329756 9.008998389357675
9.380924043244304 9.601361225414202
9.524809342650551 9.103434043779275
9.501522690782643 9.194847021441753
9.889074733868526 9.00775259032654
10.044866606767712 10.453851839159924
10.9202070899898 10.250452361155622
10.53969606910583 10.388125095590086
10.162727580379167 10.388846822152027
10.856082924927225 10.354149350120396
10.0180196680147 10.745816085423547
10.020127376297108 10.631673331320592
10.71077428449504 10.357190706496928
10.88016247873578 10.343832603376834
10.88956498689928 10.304350297503452
10.957314415449742 10.046789871445055
10.041960795779818 10.52436354167993
10.590767683456301 10.38609255488231
10.014567049090521 10.802678151181414
10.953551143189147 10.131103931901617
10.089252956531197 10.398760942762426
10.951047925584316 10.236179527169426
10.680558781418142 10.37431146221975
10.679286277315374 10.382065978632253
10.11740865532555 10.396536857476617
10.011447759117516 10.99213184060203
10.064334170526111 10.445346499962927
10.952556477226057 10.146867566905149
10.65476697264378 10.383367409337454
10.073631463437481 10.436451571772503
10.03170327351706 10.560655382127376
10.020171320015173 10.591623764350004
10.89329831322501 10.265489177065648
10.018323982581972 10.712297445954603
10.67092727400518 10.382735456194839
10.032869497029042 10.546396184347092
10.082289019310409 10.41681242554691
10.919551352066671 10.25638358780729
10.708920014187246 10.357386906162777
10.961034750871349 10.037445882012806
10.014293013164972 10.869401919549293
10.055922073511265 10.453387800730344
10.080913473985433 10.427826180719151
10.013374797329824 10.886179608102706
10.779837412259429 10.354433025478796
10.0145843741564 10.759166061053357
10.929752597990634 10.248380432854447
10.957034148200531 10.072921548068607
10.26454750195226 10.388211073035121
10.044269002635515 10.508123860133804
10.891366777926294 10.292520450137673
10.955989072857752 10.114533096740928
11.792800402128774 11.420046045224217
11.198557034839782 11.719268042922248
11.907399116282956 11.266901528126033
11.240792797370636 11.562366560098402
11.263539064066734 11.547312715481217
11.198097882091615 11.75382546762445
11.572806144952068 11.511453934761548
11.906730139260352 11.299849115372773
11.238220178905378 11.67978373901596
11.095295277644015 11.90292542608754
11.104165063788143 11.803510796232159
11.28128126016494 11.511640197010543
11.903951598026167 11.41965417663722
11.587284261008378 11.492999988418102
11.9121847234712 11.125399692214408
11.963560742801748 11.09511366132242
11.221961492565061 11.70925141930749
11.712045307681024 11.473051559507725
11.961798083689338 11.10988503574273
11.007559084763699 11.925280092320365
11.774700953538558 11.426682669798907
11.239198832593699 11.579227452793496
11.770696452006336 11.472114957643841
11.15240009035527 11.754219835901695
11.093120985800589 11.904046682276507
11.770970396802436 11.430835720084337
11.672376302940377 11.479889005913295
11.238987460347634 11.588127912459365
11.994399387171748 11.067958374835326
11.10275072695841 11.810474706982298
11.115728495171304 11.755388007938123
11.053436620399536 11.915792592379027
11.574431912163787 11.499444311890052
11.959724391569793 11.117494033883668
11.27884016408679 11.530231969350261
11.99901776111968 11.013207462636737
11.596036956471306 11.486481782127404
11.233181292746025 11.68928429629638
11.91573961979011 11.119153947716718
11.65540842247988 11.484259662003536
11.106604636103473 11.779235520226027
11.229328775061495 11.695374525842974
11.101835203218725 11.901937519359603
11.205323822787264 11.715360420251843
11.036732994020829 11.919362476120693
11.785652112698138 11.425142481109622
11.262797931680996 11.55983260747283
12.301350554507263 12.341766562891099
12.363601734605872 12.234472600930207
12.106336817447701 12.734289980514328
12.529543952908435 12.002285561188659
12.282886800581974 12.492141180693038
12.120898086519901 12.711375519566896
12.078770113408765 12.773815632566388
12.02470906415378 12.983537294717111
12.390078803253543 12.033860656183844
12.365289832669003 12.152485825690912
12.26924394009914 12.6526159730336
12.363316773794859 12.307178449738052
12.280634820930613 12.557232552210976
12.0691150170788 12.931274128606292
12.237658819604231 12.677241596558167
12.468844739511566 12.013105948858094
12.381221812746059 12.075638028268347
12.294193870896843 12.383248382937973
12.095412286587857 12.738403079499278
12.289431608700033 12.384679662360313
12.911977396839033 12.001177429966688
12.328827461872153 12.321918283680409
12.273609059849687 12.609235392345918
12.324623901297452 12.336370579708424
12.36830967620376 12.089933724598934
12.500344918696138 12.006757124553198
12.28436319350497 12.389418984872583
12.24753396953707 12.67471573416737
12.053317176298473 12.937377700179924
12.07088216692999 12.86729016479159
12.260180988570868 12.659520736851732
12.345792145277109 12.320921077808368
12.034267348926761 12.941498936145187
12.074732459217339 12.832681028063252
12.187368129497226 12.702705779614222
12.192829683376047 12.681697265977064
12.011414711829437 12.987580807942678
12.468814109221414 12.022066442079964
12.153186986199243 12.707466672610474
12.271454800504332 12.649707840246743
12.284191445575864 12.433552945303706
12.281919308975867 12.542965840618079
12.055872833023288 12.933728527877605
12.094366171981918 12.742813271447586
12.079009334418176 12.74879819193526
12.28334077302775 12.473884026346248
12.0306161319659 12.94660540456327
13.965975996883131 13.149604742688332
13.533630477474127 13.315936426685923
13.477553775991355 13.514857677303207
13.196690237024228 13.577007750317213
13.766940152445583 13.197720192864853
13.037408702260711 13.658669029059922
13.486604065683485 13.492623655379285
13.385960542668107 13.54031673062345
13.368429835439347 13.549417428279797
13.170189653372729 13.60670555687572
13.574102181393313 13.249137729296052
13.032933568826754 13.803844267257002
13.38192203540593 13.542731066335497
13.0014365120921 13.941584003256523
13.097047129589415 13.644774486185153
13.14480304109139 13.616836797671674
13.661890186656553 13.201213103604498
13.465319861522207 13.527601609600888
13.143291583795685 13.638307348198271
13.277799426024782 13.569970678549149
13.813985333595882 13.156148585181075
13.545524611042318 13.25998284114675
13.507904388660414 13.375679469219813
13.509145992448799 13.34561801846026
13.93997354672754 13.153536245489612
13.99546145313008 13.022692412466004
13.794408247369741 13.156192494056699
13.6292463959065 13.202930797948966
13.413303756712821 13.537897522909155
13.156341111124176 13.61474224505667
13.023758135068109 13.91042575529343
13.601534306698825 13.212990659948735
13.975304680386458 13.053408089940094
13.251750854463245 13.571545408216494
13.967851772216052 13.090949130103624
13.488156654868769 13.425969581220158
13.375597752305953 13.543823205630826
13.177469408364301 13.598041731289046
13.524972801115652 13.319639988201724
13.496222403102964 13.410721548265487
13.008599981360504 13.928288783437393
13.032765237410349 13.883292093912582
13.971316344035415 13.070163440795188
13.033908745135765 13.69766803093874
13.594746759867457 13.226534016183585
13.111098176653917 13.64279308607911
13.579486212705222 13.23351286991416
14.83648430358051 14.041806938926213
14.766463619511338 14.99652393384598
14.622660793132855 14.99743287666567
14.810303283859229 14.726098057933475
14.817865599263525 14.242769072838335
14.899586762694561 14.022198489349575
14.560680018747405 14.99922323816644
14.794328914528677 14.872960304813907
14.788529172931426 14.988779562736855
14.816933830488288 14.683810031374747
14.82231866922526 14.095988996260306
14.806205666052449 14.812375987321722
14.85773576534565 14.03425470277758
14.912326191853348 14.000946931788347
14.83489945853975 14.066297751863766
14.817378897656956 14.64318176855689
14.793238065976343 14.92531700667243
14.820129321948048 14.160397077188732
14.84641987691036 14.038341647916699
14.803618233341684 14.828887387262006
14.872007650997057 14.029024540760302
14.217983486409903 14.999995596036817
14.888923684987086 14.02530846536643
14.771496339813176 14.989326082582002
14.910258710045525 14.010547692005051
14.7887540646722 14.967886346559753
14.807720112977586 14.800843578591568
14.81880858797632 14.226146446751788
14.388868567354303 14.999593489271374
14.814015854308101 14.71814472701671
14.834958378090679 14.049230341657847
14.560085119966349 14.999483700963022
14.832377891219332 14.073814812633007
14.908280513528423 14.015324842252529
14.341203286089911 14.999985557171058
14.815784260639454 14.704494280014027
14.801246756075066 14.856386515825994
14.82060652795286 14.128360667109177
14.793349168857471 14.88221139583021
14.769546703857502 14.992147245790099
14.821373419581239 14.121508543732745
14.81884366127461 14.18093903204234
14.714866717013518 14.997282455295892
14.958297028552701 14.00015260725088
14.793310584473753 14.889530751428254
14.621272408928652 14.997671060114934
14.791935359520613 14.965725881539681
15.100365117345286 15.87422220817749
15.956387514833219 15.610594256587612
15.61154166948008 15.658907275561592
15.193638942888214 15.842593368182131
15.419271556873353 15.838575218072828
15.973595633592218 15.466209272590081
15.095893386355156 15.874601805378438
15.98514051241947 15.094982120090812
15.853699126203729 15.654051494333117
15.554905215752434 15.685066633643554
15.531958150134757 15.69857689774027
15.500520640659843 15.701665697755391
15.576591038678874 15.670746113242974
15.424739987580905 15.768335953464868
15.994744469589177 15.036024594847442
15.635497016416313 15.65711275822406
15.055662473142817 15.965509516997301
15.86287863626625 15.633724302643193
15.473894892389039 15.711193742689233
15.975402867621963 15.143963223517897
15.637964967710241 15.655581961210125
15.427880206840781 15.748185819413205
15.983853269218612 15.143008834082895
15.209113852567432 15.840123861652481
15.028454295072496 15.98048290614923
15.059649051954072 15.923864277663327
15.905211918123381 15.615081126402528
15.085754548539608 15.879163693685022
15.436190597591072 15.734186622638857
15.74249267951827 15.655449315798613
15.461904198360017 15.71160531594865
15.023722275543994 15.990221322785846
15.959830861627827 15.569210935919779
15.974754263939154 15.263543481465206
15.9937448112388 15.066030443911435
15.17361069581182 15.8682989050576
15.986294388090606 15.07963611811433
15.495373525866516 15.704168302618598
15.421875569824289 15.835961891508697
15.085394371049297 15.909541105931783
15.972787138649151 15.532895454875867
15.19567314206056 15.841097037405381
15.973996592557786 15.410467743623808
15.95863252786066 15.57038085954897
15.115530879232036 15.871421639425154
15.956632600677516 15.577864583546809
15.049310414912725 15.974916223881284
16.62870783926878 16.463404356008056
16.379572932061603 16.573099953222414
16.267140778737907 16.97226145558401
16.297000760367727 16.9195838463672
16.75557244565677 16.07685464583095
16.918255232172655 16.052373817164984
16.35463497024923 16.594617777181366
16.62183365899011 16.56571193659365
16.313178422255245 16.81266312737035
16.28379868502095 16.92631494759456
16.6615747280843 16.10595966470623
16.635594215572908 16.263210790880084
16.314593893171 16.712347201122075
16.287768382063234 16.925058359540493
16.82794212420624 16.0728872932308
16.16012921147353 16.99913106572207
16.75014388105171 16.093348213744513
16.631183302682395 16.286410903857547
16.348515135284586 16.680974335927935
16.311485719460435 16.87174787265155
16.218604353314714 16.992886694182825
16.31490345848478 16.706739778286448
16.961488284551614 16.04404522584511
16.651743018732162 16.14458732014391
16.02441115676544 16.99940437253906
16.26890559719097 16.96694457331034
16.867992399661098 16.059449926652533
16.629435689416784 16.36775718827255
16.2484252119728 16.977036653933858
16.346641548808755 16.68463406365727
16.895095908638208 16.052535956807084
16.645235886793365 16.175386690931226
16.643839118737525 16.248295262722223
16.988487842064572 16.023279608010636
16.357738416697828 16.593711735307302
16.375732784394053 16.589944800974003
16.433835741850853 16.571090003549003
16.70837685962877 16.09439105047403
16.686226013734746 16.101959841759534
16.62426984533995 16.529358392861397
16.18181455947442 16.99469169120249
16.34970873543886 16.652291471647608
16.39411099144681 16.571683978840845
16.535258805587908 16.567902923385496
16.331926372598915 16.686984885426348
16.69160943864373 16.095405972158005
16.36703918261815 16.591150265300946
17.513977435814688 17.781764198310853
17.97370566721473 17.606832164902766
17.268656943367056 17.868127857446492
17.617182156799746 17.608701251483506
17.576860468376935 17.62855937681537
17.297211014000162 17.820578203251305
17.981415549218728 17.12612237429863
17.5460690938684 17.7674821719413
17.066552614202756 17.915652044781464
17.2076075525264 17.9066967352478
17.01711832610558 17.99988878962738
17.5487057551241 17.670749254564402
17.61813410531669 17.607175479746584
17.512078866030603 17.79894588218904
17.292374520772956 17.822824188279466
17.0254661894394 17.990739382999767
17.5471272003314 17.71962124291591
17.441500818252774 17.80677613973519
17.97790412758623 17.49019730103612
17.09599648257983 17.9151770026783
17.445665485211578 17.799374051889597
17.035801607959474 17.950927786813033
17.589297758199393 17.60959722789719
17.43714993871408 17.807164612813366
17.276916271955354 17.84876061746029
17.06255432648563 17.948076503696786
17.585809747068865 17.620673731904315
17.528905200279453 17.77104305287921
17.06534547026453 17.934111988901368
17.260393424948006 17.891961593062206
17.576018858361728 17.653799706902046
17.355774261214695 17.814506186833377
17.260664202977452 17.8682178556906
17.985308737174115 17.067023422505915
17.995557504517365 17.028575459975553
17.551704212827133 17.670632990937673
17.24530602831662 17.894013659993398
17.046614787158894 17.94896240837157
17.023687532860816 17.99976123649258
17.526158817740242 17.77330872265301
17.98099247079464 17.146999672343924
17.97965268584726 17.14872136653104
17.97404474047181 17.574996385509944
17.145734747248778 17.90799003563631
17.02867002006374 17.9788044830687
17.14434476594414 17.91370475329669
17.52049477634521 17.776958130424646
18.084732026270537 18.57954297658987
18.54226100355205 18.10501192370003
18.349956434931357 18.517022471613267
18.53522776034359 18.488819210345355
18.83260914631411 18.084561557299896
18.13544219571802 18.566454110636947
18.065068825055683 18.95473463553805
18.074636327765518 18.620842371931463
18.141803146353965 18.532273810395818
18.000470904617032 18.985200564519282
18.00008231489133 18.991102388522762
18.880059062919646 18.0404481231943
18.535312005050343 18.29168879964286
18.963773056433553 18.027475877023353
18.835344165343358 18.04810801318439
18.84819361442214 18.044209464472896
18.148038394071982 18.529363757084486
18.898725708118544 18.037502214006416
18.518435283663557 18.514034078847775
18.05546431236136 18.961429288103567
18.068216376110588 18.756671930882703
18.933011548579366 18.02860800495503
18.13548922996613 18.546523130430717
18.99064683463761 18.020216440149966
18.692589287573043 18.093290981877846
18.074474635829525 18.70100334049546
18.022874778647775 18.9770741613328
18.69189855296774 18.095365075366054
18.540657652242672 18.22742734676756
18.45076437013779 18.515818745008513
18.707595381631233 18.08900448333432
18.15105448332035 18.520063014185624
18.56775165238508 18.104770690266772
18.60196455728345 18.102112374321052
18.067699447578697 18.848589104223123
18.531980390509588 18.50815815819128
18.56988112480085 18.10232727272667
18.0237168371185 18.971644522562674
18.71990968505736 18.085096524666653
18.24221263051653 18.51952177627426
18.129172362866225 18.57610328719594
18.724886796644352 18.08464279492131
18.90054069807368 18.029616630668645
18.99501743332284 18.00040061188583
18.541725466500566 18.16307259375315
18.51135567925766 18.51568530998743
18.53632039383879 18.241679727246915
19.315093676158487 19.901322331993292
19.521378896873426 19.31354053009985
19.382574578387782 19.650250790213672
19.3135253975953 19.989168065650986
19.539712093892483 19.278147542875644
19.829554351944065 19.266381349551196
19.351424378574983 19.65493908954326
19.831824661209414 19.14523775531832
19.95815497711571 19.03860208726609
19.45731350789687 19.525808719045997
19.953877965469808 19.13921525602639
19.39017009451432 19.650078130270778
19.437331551309878 19.53807272261243
19.66326889783327 19.270331219360042
19.989976065422972 19.032487995082157
19.59338368448163 19.276617317206785
19.34897836385321 19.67137686764493
19.33822430316285 19.83376996329238
19.532492868708314 19.288991876092673
19.75457255724425 19.26989306304961
19.83033336746579 19.221606463874345
19.346002752764907 19.740277260214125
19.40845145367576 19.554009789575684
19.46648341519395 19.386897983437873
19.337590573841634 19.85109255677293
19.459799946701718 19.486300963884194
19.050230141812026 19.99047930692826
19.331748842208555 19.88170540482085
19.4251817576285 19.54572432784043
19.468660706280357 19.328706711084077
19.44526655868237 19.5326966669562
19.497827786061983 19.320149982036856
19.391759778558022 19.635718555973707
19.8801111732964 19.142199849092112
19.63162940143128 19.2744946533108
19.46425328565122 19.484325957497468
19.630123962699184 19.275208622140806
19.034872506897788 19.993988319676667
19.92566677812972 19.139751261500237
19.95490547813343 19.039228946414
19.4038804720526 19.58580551898874
19.563059981696348 19.276867503823166
19.343047537996167 19.78585891467025
19.83129600219067 19.214085936510827
19.46546536246592 19.418399124067502
19.46655482793652 19.374969900577522
19.34754532284396 19.732759474594417
20.64545613165965 20.202595743264283
20.369279658056133 20.686552730541923
20.373736092509727 20.225083717661338
20.80964797014037 20.054923204598396
20.721719549075246 20.135944230689642
20.12352670369066 20.894379001226135
20.329471504912153 20.740947630839894
20.63345779483314 20.22060921429023
20.320169569242207 20.750253016455773
20.752385820835084 20.072382759840078
20.304296685646392 20.794742958229765
20.98422539417163 20.00890206683239
20.178524531375697 20.802245133245954
20.12097684607993 20.90083542876262
20.66363704113284 20.169708887249282
20.120620023053867 20.984019825073002
20.07301328573147 20.999215947750255
20.971885119660428 20.018129032139566
20.352557127646396 20.72462142974368
20.174775384197645 20.812048538548144
20.752149438087727 20.12545382355877
20.711626019327845 20.161389390288623
20.373293411083836 20.481839569012905
20.339227263720318 20.72939299976174
20.14071548458741 20.88932847250448
20.696342743314972 20.16474326395298
20.95702631880448 20.02066200383923
20.876815538634318 20.033280641367806
20.757157660554643 20.062475637505123
20.2569383419741 20.79731386871333
20.3588344540277 20.716333853588427
20.85653502483974 20.0334760450884
20.767783984915326 20.057397271282916
20.167248047780657 20.814366400056095
20.71677349658843 20.142229462033292
20.756676505998257 20.067388757634852
20.1437023490237 20.85762236202168
20.164830738282156 20.83760583189727
20.151844630678582 20.844645325564905
20.53283695608209 20.224670892570302
20.372463916251654 20.54155319108338
20.107811837491703 20.9899723042436
20.826873600257745 20.042074332042997
20.955667844168524 20.023289089962013
20.149700060893668 20.846408815875176
20.368332802442925 20.6970953202406
20.92170354284708 20.032651794129055
21.883644450344217 21.129136945586453
21.405681814975352 21.923954913531915
21.09827933968867 21.952951756097292
21.5533956557992 21.874782196985926
21.597469327757995 21.66842008279065
21.719971139013893 21.217462163124143
21.086109553388773 21.997748854097754
21.809691382546497 21.14092020238228
21.675481715699053 21.51168670929744
21.687707628405125 21.413752117886897
21.190010286295628 21.9504519907013
21.812787258887298 21.132242623799623
21.570809594423356 21.83013406304829
21.500664411191586 21.917795706188503
21.65438391033553 21.583440789159177
21.142019529471856 21.952413902349097
21.643306369382685 21.63835844789004
21.98728991692017 21.017697487619213
21.73173147566336 21.20625598017397
21.702723930352306 21.231417391437933
21.89912845617116 21.052648441938015
21.947876321452664 21.022452147279246
21.797772463061108 21.199198590993014
21.616685847591487 21.64702707930433
21.671380675934685 21.57335192511964
21.503932926905875 21.89911215883941
21.5825659521581 21.709999821564868
21.58134822334808 21.79883335499909
21.241707693216384 21.949311333341452
21.88794127876175 21.121100671011718
21.68001629566302 21.4801190049017
21.646094966980122 21.608876409380333
21.89076987858515 21.075210655867597
21.78991354617353 21.204876923798338
21.389243776237514 21.940913922300183
21.809514325538423 21.148967442707303
21.94358310600646 21.02975771182363
21.80611575800424 21.1976947045211
21.9255842409715 21.043698548489743
21.685212536613506 21.416398715168572
21.52272267252544 21.897669518617917
21.894661007571752 21.070122936885944
21.79362211364048 21.20280110234788
21.696932125473534 21.3353768244966
21.55783228532208 21.860322092318583
21.667366660009783 21.58208050147813
21.890514173884554 21.095519456101123
22.604566686627845 22.086712793547672
22.102092298141493 22.347262711090487
22.087568075604526 22.36921478847968
22.591431948195485 22.345762189457208
22.043908477877128 22.502156365023865
22.63808047831629 22.043940484620496
22.696957434060835 22.002424702991757
22.659486886413003 22.013106219503804
22.025467243946455 22.640041308106262
22.625221168987025 22.051065929068542
22.041593547633575 22.532094526584757
22.59303526940694 22.203639149317322
22.038906054682002 22.635213779816052
22.011121734543543 22.88641820770424
22.611281612983774 22.082511656757806
22.057696057652343 22.45197512089241
22.99569694107816 22.002090050901398
22.015581784296465 22.667176808249774
22.081884505678413 22.426083369345264
22.040429680945476 22.563653592968066
22.00106362264552 22.948249414110826
22.06678301347105 22.450961307650196
22.012783127373684 22.771307547610533
22.067284544045048 22.443070266717204
22.67824347448065 22.00614890192779
22.596200929182302 22.103076979469243
22.65520995707851 22.033830329446427
22.655565664454286 22.033504492192503
22.437859871164758 22.34723830471701
22.592321542527998 22.242357746614058
22.01502463833881 22.769077751267496
22.611997948736256 22.078662763284942
22.010567170334703 22.904262360831012
22.59163569994114 22.2576521989297
22.592822365453276 22.23181174944911
22.657985482858923 22.023009106775465
22.091399315672753 22.358630711829186
22.078103656576587 22.436076086821647
22.64495140201299 22.04208258573586
22.086550781141323 22.370868199019903
22.084642087615613 22.38069054834627
22.656229478659895 22.03011642515739
22.444582632623092 22.34653675846449
22.646586929228583 22.037006982539832
22.04523548132297 22.47954216269258
22.613178515922097 22.055144525053727
23.435489836424498 23.538624393749274
23.41071100557566 23.907719946639574
23.540883949073308 23.426582481989826
23.691080258439463 23.15763371212888
23.620367491090587 23.314197754903592
23.655854787734576 23.27736552741061
23.448032786881367 23.497494835087902
23.425593654015998 23.772513022477934
23.55322445245601 23.314749292299528
23.639578125475776 23.288776616039357
23.243504435107425 23.975451684161264
23.371945314538568 23.953212038549093
23.463085925883064 23.464577935400023
23.729834970237288 23.097730181785973
23.948817948023922 23.08038140182071
23.42315254315592 23.869262526974463
23.63790940323073 23.306738205469347
23.79839217521167 23.083873217541775
23.024210566428856 23.98572531909367
23.714551329781173 23.15110109653127
23.131081667765827 23.976009971613642
23.328904234885947 23.965686142550194
23.46902740098121 23.43919799205569
23.734740601761004 23.092151325216975
23.052318170875154 23.977049734336447
23.42753891135858 23.6192558833221
23.44599754765537 23.513158902581306
23.37871502612846 23.915141657008558
23.45630128397054 23.488643368711667
23.971554005463236 23.036928366472054
23.000043162970286 23.99054120704127
23.040923104267964 23.979310254698373
23.542312312067082 23.318354772780353
23.697400403836053 23.151196284194036
23.508125549884713 23.428491118121865
23.678790209016096 23.250817686738973
23.68085177576942 23.209886746088028
23.426480810474693 23.76242143963793
23.641297899741428 23.278302511028308
23.803825413400023 23.08317641923524
23.528365154834308 23.428026475648753
23.46243097525386 23.471870874741057
23.248905782186277 23.96827175795005
23.72301341172943 23.145337020257806
23.677978026915458 23.25211100462327
23.365412057996448 23.9583320871767
24.57092568204589 24.672585781180793
24.658061144740245 24.25949159264001
24.408582187463946 24.809505578531358
24.59817867365603 24.509472876718508
24.39413676734587 24.9583031060367
24.820841384428203 24.16022612230994
24.57154635878662 24.584898445617252
24.89417352815427 24.12623976364575
24.80515549223358 24.246187538158853
24.55565768257746 24.687523035824622
24.643728480374794 24.344329856374138
24.98945466851412 24.032119918156774
24.596402649588736 24.52019696151254
24.44291030134103 24.692522040940183
24.63072081460747 24.366486665084672
24.487097255599494 24.68856670363748
24.13440878107211 24.96102885135249
24.11421251308274 24.99006216809207
24.9463591527844 24.11137179935778
24.723546213060747 24.258399829345347
24.758399963993018 24.249538522367406
24.96358227080067 24.08795148503107
24.403167192935115 24.88419324311248
24.98628759466112 24.075746422263823
24.598659627429477 24.379286455330192
24.425701723104577 24.784877704232777
24.12626532603081 24.96630943220311
24.644238120186053 24.28059346777452
24.39558547895887 24.946052524961857
24.436326364839736 24.693313334454
24.10430020331928 24.99051629449826
24.996451624159818 24.02115434637566
24.845779808634664 24.14869773176769
24.815072352472523 24.228823705529273
24.40287149289576 24.89182767248202
24.594429394864523 24.54877008697947
24.116310813638773 24.980798336275924
24.73707405677063 24.253326060944392
24.582505237042856 24.569091648440207
24.84290275147319 24.153509506555523
24.578367284911018 24.57044756329647
24.938498405261427 24.114417706685675
24.924202866459563 24.12261603374205
24.820036930205703 24.216640863936785
24.430887317867818 24.730270289557474
24.846541621491724 24.143713200828415
25.229039782026863 25.085863746614812
25.668390299911866 25.075616701766734
25.084303334324446 25.83670824430684
25.10333238697954 25.6155129726693
25.010688585087962 25.860722122201654
25.768075291959235 25.00752688217452
25.162300012280273 25.390116899477924
25.09088657606732 25.669919208437413
25.75605835246769 25.027575275395275
25.15770887928329 25.584170681329002
25.84905110587575 25.007462151747625
25.224098740634297 25.22767882455266
25.207325585396212 25.377767756013803
25.01018091431278 25.971301904520267
25.392483013187146 25.076294314889537
25.061485144656217 25.8554563158973
25.695547269539997 25.044274401681665
25.755609542611023 25.032148138603393
25.751906717556956 25.036232409240693
25.993149101498915 25.001313419812533
25.16214105781586 25.542281721029273
25.585866504387322 25.075760922689263
25.857219503439527 25.002234527881683
25.096645968856947 25.667199193052863
25.18522397827647 25.382338108349575
25.207750909065435 25.279520432639853
25.740363053917918 25.03923919431704
25.709176766480873 25.0423424090987
25.131856685014696 25.611106559532363
25.221488270201203 25.26364437292418
25.763532515204663 25.01420488608557
25.09056818141371 25.828084171004875
25.243645159925226 25.07719344913925
25.681329135798226 25.06085035630291
25.18592251565649 25.378676165774948
25.190382240999313 25.378159280416046
25.224933263452936 25.205943007179005
25.73499472204104 25.041707270669953
25.236864043781587 25.079532033118465
25.853447699182137 25.00417593222482
25.225074955757957 25.118383313021948
25.003470199430193 25.98733068103895
25.097555830686176 25.620804475223466
25.670132129694 25.074277331980714
25.082320770549057 25.83995924311544
25.077019668091037 25.845734339374435
26.996149810915448 26.118903334089886
26.917215167211133 26.26603351469046
26.87681501900387 26.889307243951652
26.034340143648567 26.989689888113094
26.822063976209055 26.938365473831848
26.887787337382285 26.493017306400237
26.29549524290288 26.94265376614908
26.889812099641258 26.36590309224149
26.139860094149633 26.98960591237586
26.87955053909512 26.873749658724453
26.250807158971263 26.95388287381228
26.953367928635505 26.163554195894115
26.86570914840946 26.900808953934828
26.88146036690542 26.51118462757457
26.93324716806356 26.171398219900475
26.89915467448523 26.301969508366692
26.224195019342467 26.9885665753685
26.909379826488312 26.270432897127403
26.424430361059365 26.942222731512185
26.2548403904507 26.9447706360959
26.895137933666692 26.347832063948328
26.91811259167238 26.215209291045543
26.985172974135054 26.124711607864874
26.966908261336656 26.162479743256768
26.846109040504786 26.93416600289148
26.978986258994595 26.161543858004176
26.861998185774386 26.929674445234042
26.794081536089195 26.94177728673568
26.928577126650197 26.19958572843489
26.22978668924068 26.97144195319258
26.235108481882225 26.96298732452296
26.889658689302056 26.409225774324003
26.99748241072341 26.070865417271385
26.881338175108986 26.771875543198878
26.92549037767523 26.20972710684112
26.858420366359987 26.93334826427571
26.230697015176492 26.97103918169048
26.99650017393626 26.089005196045715
26.21027951645549 26.988953174076222
26.88754947106046 26.505988904759175
26.885471416739023 26.510072113573223
26.238152415082894 26.96252052895766
26.90035482422489 26.271052783968525
26.917666849738765 26.231045713330136
26.027611652689778 26.991907068116117
26.897250065093385 26.320628005876664
27.794883448695636 27.595580127623883
27.06515678955593 27.9426592088525
27.98428420132684 27.590902108102977
27.572621650870683 27.676329624083557
27.257534875712047 27.85754453805033
27.517789100871607 27.756315569683668
27.984322649005 27.371478097042633
27.353467537413124 27.819880611078766
27.107855874750086 27.90072813706914
27.714832307207413 27.604767853977684
27.23027237341003 27.871450832171885
27.709868284081868 27.641466830176576
27.6789286341534 27.66272240430718
27.713045924389032 27.6213754680083
27.291415852760487 27.856629205710572
27.02228045514621 27.949810842069454
27.01994010050077 27.986259030952002
27.46960613710719 27.771016794829407
27.5573454591234 27.73495952025409
27.994525001219063 27.075324254322656
27.09564579838394 27.901427269175965
27.3563081168284 27.815689911837435
27.43674129033234 27.79638874791815
27.992114478256564 27.298829647877252
27.294581229679988 27.837327989800535
27.303329049790953 27.825965531009587
27.99467300035647 27.037040833727907
27.066337924972036 27.905729716940037
27.685252178145635 27.659265713496445
27.98885692252977 27.307106940404076
27.485320342554175 27.756780166964152
27.109192475031495 27.889981042191447
27.99406747891391 27.271154561021845
27.71055772429176 27.638937341612728
27.1504804785569 27.876566646487888
27.356371372335555 27.801804194627138
27.56494219946637 27.715459860902378
27.986788402387653 27.33621326351988
27.65401905957746 27.667533935738636
27.19292470290133 27.874916350917754
27.459994815698746 27.785468922827228
27.12697757793909 27.885822682702003
27.520469379240904 27.740404620109384
27.8363407697418 27.593185006943294
27.31377612628371 27.825120498870408
27.986165771351658 27.353179177470242
28.942471465673794 28.918981775753522
28.798188236767636 28.94779880432164
28.972197724736915 28.32470889300868
28.41808483759356 28.983191273091666
28.879671411543598 28.922178890386174
28.619912352024915 28.95030521344197
28.514774242507457 28.97193746303266
28.945217409241366 28.48181744765011
28.982803600509307 28.10773644795076
28.08941206634606 28.99889080438833
28.981993776420424 28.190678642114857
28.527798902285674 28.956389868136547
28.960901191139328 28.46769817296292
28.281645160654847 28.989315022117633
28.107247625366732 28.994769048641878
28.962598747945478 28.373594871647327
28.98345630522337 28.080421557990373
28.968156599203112 28.364184832383547
28.542097622639883 28.952654231477837
28.94267625212332 28.537591530943818
28.806485228261554 28.945377983259526
28.834024521027473 28.92771851766142
28.46120431132191 28.973942400788133
28.147089978078277 28.9927450509123
28.85417498079756 28.924544945931697
28.992418634089926 28.039887860655856
28.961361897476067 28.389431375012066
28.759801261914372 28.948743785797493
28.5959631100646 28.951642922902
28.518898215018798 28.957738050343973
28.41369125597854 28.987550599443885
28.977406891389737 28.24979840262283
28.808076544296842 28.93353754766824
28.443230916473293 28.982127267287368
28.99049952936626 28.06915890444678
28.942630608624476 28.87607992982331
28.961297454007376 28.440277061092473
28.27102666946213 28.992245815617707
28.94305759991645 28.494848006235447
28.196909737676663 28.992482719652365
28.650548917802748 28.949930828310876
28.961350822741146 28.403248193689095
28.030211971549438 28.999703534456522
28.97478596601213 28.267499551123333
28.96209055920985 28.376667138202063
28.80165002361674 28.946210320876407
29.233336775264725 29.37970939211273
29.469446151428183 29.071790168088356
29.00498176656053 29.699311297024064
29.17822202901607 29.656337579627074
29.45121041525558 29.32921872396212
29.328066010131217 29.355145963900732
29.201396176967496 29.469859545881658
29.46622171543552 29.140744102358216
29.0634200757448 29.677386926173366
29.59288038393708 29.056220943335298
29.365308269043442 29.344804816463224
29.002220567244233 29.88992487777493
29.464215325964567 29.141061136776106
29.712700804583662 29.0205724458958
29.19322085271231 29.59716256650637
29.205399693670095 29.390781071847236
29.63337844330146 29.04499808392274
29.497676711311065 29.06533944927864
29.259341999814357 29.359749546832596
29.935664876782702 29.00017795176258
29.198058844731978 29.48826886440627
29.004824706516263 29.827838859756433
29.46040174652771 29.194134219267397
29.433635023658137 29.333534606945605
29.28665636086528 29.359165128678846
29.86863554074826 29.001937073334453
29.658453209058834 29.034716527659906
29.373145178583407 29.338489504699297
29.517532509316954 29.05882726227969
29.86274395654447 29.012041585041608
29.161978312783788 29.669518312917823
29.88000873939746 29.000259950311666
29.598554744196257 29.050614613424425
29.190419144903462 29.62760718957605
29.00001197213016 29.93508773849427
29.183105042806165 29.629365528582728
29.19260623123259 29.623878496581177
29.46838515548804 29.12016509673319
29.845626686659127 29.01595293081532
29.443429954501728 29.33025881309694
29.002946185542072 29.862561545397575
29.251432214052173 29.373449217061484
29.056455072317277 29.68689816062153
29.680637083237247 29.024106434882047
29.254278975280737 29.363842492133603
29.452838883365924 29.280430013020442
30.408744657877634 30.383234455281613
30.188772747958428 30.45861381540348
30.09604116460946 30.694938936641954
30.921501180847454 30.14759301547413
30.834205567322265 30.36699526228615
30.870411007515912 30.251083698557082
30.174985578566456 30.509780408806186
30.00877274968286 30.745079791186683
30.258840265015476 30.387214392979878
30.884685796566856 30.21283999134739
30.01729387746073 30.700907085704905
30.10373566364996 30.52321786980439
30.958974715646626 30.00156998434576
30.006762174341713 30.78393861104111
30.942821436365055 30.09978586265191
30.002303412740755 30.785443935328182
30.207643836341408 30.418388320198954
30.67597744497908 30.378042599278817
30.101858280770163 30.670829536115296
30.2217829218615 30.395401969264235
30.86078232628831 30.28315812546638
30.851896302818083 30.35768900499266
30.913571491258175 30.183561066915697
30.134815838773143 30.518150345986037
30.605012507075354 30.3832009077352
30.001993616383224 30.832962966772364
30.013035125942178 30.74349335108564
30.359097843392153 30.385221528266868
30.194387192113595 30.454415740616945
30.94084842158026 30.117688944640896
30.202146768711504 30.436475229461063
30.638491627973984 30.382802147139838
30.777720107403326 30.377243467740307
30.18095625637513 30.485706275289694
30.952719484698036 30.07219336389703
30.210560538194084 30.408365912201145
30.928094268398862 30.125057025726814
30.873672609789768 30.216787936529794
30.2378079966533 30.392183690324654
30.91930540181798 30.15539649183909
30.202844445135906 30.429021966406605
30.860143785554065 30.322478036297625
30.90205038856619 30.203475180356218
30.958414999115263 30.020917323162106
30.20187488165027 30.448396363092062
30.210270938793784 30.41308469708718
31.978523040957693 31.256418547483513
31.6812270306633 31.347731955627506
31.534703980062694 31.60081367318409
31.22176533549208 31.826921576651422
31.12283187876569 31.947875039370974
31.358629919116606 31.782919041418566
31.22735119547008 31.8006579796947
31.658540150337064 31.550867707598364
31.596386373906654 31.558769682659786
31.105426780324876 31.9512787818483
31.680063054734045 31.41815962916176
31.06584769082442 31.987234380224272
31.473593914335886 31.710602185890053
31.188694655789867 31.913695269707908
31.992136068513716 31.17488386476353
31.475569231341847 31.698513704369013
31.40395320712587 31.74002229252643
31.526697505081128 31.682040032187196
31.668830846352936 31.447888024036253
31.93800985186105 31.260988594464685
31.7270103620685 31.265958643447917
31.695894657552486 31.295266252479415
31.463774733476786 31.71317864377806
31.130797872715082 31.947030610290337
31.198264608764273 31.83103798856807
31.58338587162643 31.599012052299834
31.999284338291726 31.02574992601395
31.097273607584782 31.97958603725795
31.370997168332647 31.75206691448419
31.197203773192186 31.849376718831152
31.04594263165389 31.987643263583443
31.466289336133183 31.712169700539956
31.659677591602463 31.54325719319457
31.454331622377243 31.719987060067574
31.98889701281902 31.179485661123877
31.682982282202282 31.34136738601674
31.895950073160606 31.261072232842487
31.66126076803949 31.465801750324886
31.69566603366758 31.30460792406199
31.160884677366287 31.93045936055309
31.407669645287307 31.738335638219194
31.588435474782838 31.580181704008265
31.275521170458664 31.78514746064187
31.67951777996448 31.43412365539099
31.526714016786816 31.6529503679317
31.708929609968287 31.28032690168124
32.16687318593785 32.75184426601356
32.908038277729844 32.31218792221016
32.94550386084942 32.13966160990748
32.53865064896074 32.52410862658482
32.591289644715324 32.3313633499762
32.361326077524396 32.60604235588281
32.121775123265266 32.82026202440061
32.00447143814657 32.8949233164425
32.27767013899436 32.668088874319054
32.08673552613158 32.87065575339703
32.347356137114076 32.64580439138766
32.85542313959177 32.316884553679486
32.30873924749721 32.64772212150271
32.39591629035327 32.57183002218394
32.14447540982995 32.76551091346525
32.35740577413331 32.61498150018328
32.582608350005835 32.49897855217924
32.17696018976558 32.70943585952428
32.106839140442126 32.86436270422032
32.497312355430964 32.548433836384696
32.29994028684638 32.66254548218192
32.181338600423054 32.67438694808801
32.917693023320965 32.30506509284533
32.95820463360095 32.11067083661824
32.5568143716957 32.51679136107273
32.537885834875986 32.52708039749469
32.38542837835685 32.57771338092254
32.3614342479279 32.60048270047129
32.81740331902949 32.32371030156939
32.132100979135195 32.81405541019261
32.15666120919789 32.759070527307934
32.972762339809655 32.10931606569155
32.989407768277545 32.014991605059876
32.95521745835776 32.12357231380719
32.53627362851654 32.53972361755078
32.93809758470307 32.26278002422989
32.64557485130579 32.32418352161914
32.985687001287396 32.07744905711032
32.02827004210919 32.87792546215007
32.416600046976306 32.56337060082993
32.98899490158408 32.04010096751561
32.94318136922714 32.217436180812285
32.551278724836074 32.520779740934415
32.58897877625751 32.45030608122112
32.92933341157329 32.26301765188421
32.134849503141886 32.76923479139971
33.37353365468139 33.59824950842238
33.61804501383244 33.33841771199829
33.27138162326378 33.70207997530616
33.11249131255564 33.90296585074896
33.59625259480773 33.53017375349361
33.686983238584205 33.277210690364356
33.970392420545615 33.13277929555251
33.78272335562914 33.19107587307366
33.09428294930795 33.915085271358166
33.29155013344752 33.66382178159874
33.4301723415041 33.55325818985884
33.924775859442725 33.1409425840265
33.798413685543885 33.17297428664333
33.73924473549755 33.25921247816073
33.59212099623745 33.53728192906987
33.26578205597024 33.76780152914261
33.60653228033346 33.47940826495651
33.07305442602499 33.99286844703463
33.11756268552087 33.8798442511726
33.25009277171298 33.83379537594347
33.995048728358285 33.00478805747354
33.5428621028245 33.53969894868976
33.23261839995022 33.86783136163112
33.84429868104168 33.15936260824682
33.39037883486557 33.5795374756225
33.08793488803907 33.9657212733411
33.34610653358498 33.64865589235273
33.78780723928754 33.182022105132496
33.41230847075132 33.56773426229511
33.28270790109776 33.70086006598787
33.410057091895816 33.57115889279747
33.19012313667212 33.87034870710694
33.10221393722473 33.90341589853335
33.97170914231979 33.07616664377239
33.684113918566354 33.29901823605737
33.25187898691529 33.80232400362892
33.73882650706508 33.265548664427556
33.76977126343414 33.2531019526684
33.14644876588323 33.87569461054203
33.26599000472658 33.75295757519874
33.92047303199151 33.15908428327412
33.24574699892233 33.86465150657974
33.36365864415056 33.62721758431516
33.64347101863131 33.31039784728998
33.64148900949719 33.326640509017224
33.50698450097961 33.54884131050072
34.9087220976393 34.06716815348208
34.9004344230599 34.54719770929484
34.777872638512214 34.92792371199313
34.19666416396157 34.960281090813794
34.235284450197334 34.95846720207868
34.880348118450335 34.92066899328275
34.0772054335688 34.972437024781435
34.90100160281415 34.509277692690674
34.58848432673193 34.94899433794539
34.88650921225257 34.86661111342308
34.906481600404256 34.16782258268519
34.7742225113862 34.9341345037893
34.001496985764426 34.99466179397002
34.122650854847215 34.963541159586754
34.89861451103807 34.61469046405051
34.53434789333785 34.958261934283954
34.97352477144683 34.057639856858884
34.75216986996421 34.93537646440216
34.01707672695429 34.987504262180735
34.02651451406759 34.984501392706555
34.89201723915057 34.68816576895227
34.90104023787023 34.41832191943923
34.60934993467918 34.94520882095762
34.954211083478555 34.06523775972739
34.893601270355305 34.66839510996163
34.98701589416554 34.04264651485464
34.58278872861471 34.95274018430712
34.037504261368554 34.97564342350433
34.82497888701077 34.92208207714795
34.90456959961611 34.25719799163615
34.88965828360044 34.815767664258466
34.88141097087002 34.887190787529754
34.97284190396081 34.064458632672824
34.1506614552643 34.96162353754758
34.99301113813084 34.023003098117755
34.019267728837676 34.9860624752523
34.89184618674185 34.753008067420666
34.79178008651227 34.92724500739084
34.125960466475675 34.96275879785831
34.678102506169985 34.935627269039394
34.89419876789488 34.6359619497809
34.570571958082915 34.95314611554555
34.613793150746424 34.94458865113249
34.88362801908974 34.880916035747475
34.07188155716172 34.97254695401968
34.90769991753766 34.11004176020972
35.53448929770741 35.95964240674017
35.753752747485045 35.3331766756461
35.818984001068955 35.091422390953745
35.37125841851259 35.974381071486775
35.653528326983086 35.46783412218302
35.716608680084 35.44935870785383
35.16118466155416 35.98039215696665
35.60526971495009 35.5830076093025
35.87208222438614 35.02666711848717
35.62943752973064 35.56643912565584
35.62016339910573 35.575859774166965
35.56370610022331 35.90640874728801
35.79640129223306 35.26566567334145
35.02772851258898 35.999517711081154
35.59365343965531 35.873300940647695
35.86301031703054 35.03986740049915
35.60113000945847 35.727943870163365
35.72451446256128 35.342873477955024
35.755516120580346 35.29108114139089
35.41662659552838 35.96448271991119
35.635399225538784 35.47384066513343
35.595930351470116 35.83445534858827
35.89896655516066 35.02084327854291
35.85875430232645 35.07854903577604
35.79791347456819 35.20307933914139
35.54495373972186 35.94097890223239
35.71689854380709 35.360236396221154
35.47970012623556 35.96056907139838
35.81271132668375 35.17691196704256
35.54058984563817 35.94848479652288
35.94341618038452 35.01851912929972
35.59092539025239 35.87814643934064
35.57414574170216 35.8989532852414
35.77333312646403 35.27343632655052
35.86120870587574 35.041072185590465
35.81417068932323 35.1738839099412
35.723021614701786 35.348304238151975
35.09773732571773 35.98663170045718
35.229339291314396 35.97898619394432
35.71530487989514 35.45560240288774
35.62401703889368 35.56814387801462
35.98290952221392 35.00065549702368
35.53587871150109 35.949914499022825
35.08305400027751 35.990055668537615
35.95716102288916 35.00371059909354
35.620608395912036 35.57258676687013
36.586505650506524 36.05320794123705
36.65529949202561 36.02777173773918
36.47242396550955 36.87023954814621
36.581904827916794 36.34065244721911
36.51126519156952 36.508338995208774
36.228210031918096 36.930058676277355
36.56938636381607 36.37723262058802
36.49350437129774 36.69013051266785
36.393582899064285 36.90880653066434
36.52821535850254 36.482175587550316
36.13195356109123 36.967927075694455
36.49330542259774 36.75914297478227
36.480483142147364 36.78838604232182
36.44367641906495 36.87875248709675
36.49776578054011 36.51556501219781
36.49491850233663 36.584568731051874
36.14484498467388 36.950184812253156
36.58199927206393 36.14248550681686
36.55641673076336 36.46306494415006
36.56526232480213 36.389045599293674
36.42617276066997 36.90727377257751
36.34656166168541 36.91479865827591
36.832561874764636 36.020289441816224
36.33128092346698 36.9267398857029
36.53402900772184 36.481568906661195
36.880136184138436 36.000850298717445
36.01941471763669 36.98351794755742
36.83872246860477 36.00337131029106
36.072250807885865 36.97426590871248
36.55837853930948 36.39762183183704
36.48801938200165 36.77613381117534
36.606527399001095 36.042028997687446
36.495035456226624 36.54134293551546
36.034995859329676 36.97792692201024
36.84362931414706 36.00240267993788
36.6261911896284 36.03558513927044
36.068511360121626 36.97512541084982
36.647409266744035 36.03155748240326
36.48019720987232 36.79659299993453
36.148186808854234 36.938286725414784
36.430807259280535 36.88456447653355
36.530684051431194 36.48184980759605
36.514855378176705 36.48676867836239
36.538377658228384 36.47764007588852
36.56944470521735 36.35599958138641
36.429860781264225 36.8965041986242
37.32534873826099 37.948917220369765
37.74685870394782 37.04837824125317
37.36862897822949 37.170562005629996
37.351876646244676 37.813596182357834
37.49842587889579 37.05921536119402
37.150204243369664 37.98003442378484
37.455414339723966 37.06461661692374
37.36757062991477 37.649729650257775
37.43204301535773 37.10605402220851
37.437919198928995 37.10340440510426
37.352053359884124 37.79709505650665
37.36211577648476 37.681088542743105
37.92757378889221 37.00696465431854
37.80989912352536 37.03736707504978
37.82834902328351 37.023570582637355
37.457422710781586 37.064511406462074
37.41703128274329 37.15015056879935
37.35821432778014 37.78132575248557
37.58558062909424 37.05192412116353
37.01499096603105 37.990267919034096
37.273062638886174 37.958400124417864
37.504573245102875 37.058401227536876
37.347677374924906 37.92408572487264
37.42491648056858 37.135927078406965
37.368464296379294 37.39291355788926
37.45136762702182 37.072394430033256
37.21384277656116 37.97619770106609
37.34998877284413 37.845068882571645
37.26818191538691 37.975336832480615
37.98815290796364 37.00656433126893
37.81682362374769 37.02442861841681
37.01034924080441 37.99723328511376
37.32198951796043 37.95545945773997
37.83431168312987 37.01757502968081
37.53251031499551 37.05788620203158
37.386409707394826 37.1567814844745
37.154898233856464 37.97719401567912
37.368143906405145 37.520822017278775
37.03488309387887 37.98472640306244
37.90790359891927 37.01151596260566
37.43151950029252 37.109516531686246
37.767020468368536 37.044871776240136
37.3496598777012 37.84627369413764
37.36370767932883 37.66575611037599
37.87768454715055 37.013402439387534
37.419952652593615 37.141919018097276
38.00701506685089 38.18632390192509
38.80917765892174 38.06323399462478
38.411451550329005 38.14423503418889
38.170380178400734 38.17387685262788
38.807676003362694 38.0991363812829
38.58409273285523 38.140978233938974
38.66033475149889 38.12157500915135
38.00014333990496 38.232215279245665
38.95912696090903 38.00999986679727
38.3801442590851 38.16329065392312
38.85033303515192 38.01332105193581
38.67661127808328 38.1200675734234
38.970103527209424 38.00467463850044
38.23357241814258 38.16643283824038
38.757001402755535 38.11378515137711
38.39067942563129 38.148677568144194
38.829933758014604 38.04340495943613
38.22647883853896 38.168307075131345
38.12850440806455 38.184588240844775
38.264520069738886 38.16641728184366
38.71287561217753 38.11457945011886
38.602662941439235 38.13373597289968
38.84608377225894 38.02321408365283
38.76232713384973 38.107100851883004
38.18413736949925 38.16887432980337
38.230045998873976 38.167961491055024
38.03587632196902 38.185666712037644
38.05434499276385 38.18538547352283
38.59510441584038 38.136433180537466
38.025995900158755 38.186197755825994
38.388619883825434 38.15747985091511
38.16523603016169 38.18399122234362
38.761711748097035 38.10859154707713
38.63641418310647 38.127990905011615
38.96088617282331 38.00663860487751
38.833286476657875 38.04198613427097
38.37930442106178 38.16617955913253
38.71216400736518 38.11944805251301
38.40299873686631 38.146130913139885
38.00444906327525 38.191371551958014
38.95233829886824 38.01144204141164
38.84338598788721 38.02775969268299
38.65243741021949 38.1278008253805
38.841824067004005 38.038624102062776
38.556165472180396 38.14418208814612
38.82676705168205 38.048168495081505
39.162800198904215 39.81564081613
39.90914520328855 39.161391296774305
39.69268943227689 39.30123174245124
39.31357341114868 39.70828124711199
39.64486823754554 39.65850995021367
39.056153543849256 39.989804829062955
39.27667943003216 39.71892040257583
39.14693412798987 39.845124829981145
39.66186387351471 39.30355561857994
39.9714002370476 39.03956194900603
39.74188903037071 39.224358405123006
39.238901771440595 39.74185968545289
39.93902048720244 39.04227678341083
39.72740516884442 39.225082418435086
39.61506820770881 39.66967086701014
39.560637639591526 39.67296690747691
39.927512970355025 39.13697794540731
39.33312692644814 39.67563715735368
39.8209099412436 39.16993140887482
39.82026678194946 39.22293788315678
39.71797301955697 39.26965528254541
39.03447802210974 39.993579321173264
39.10818823747681 39.907376682869646
39.525849997100096 39.67475935727809
39.20391744318411 39.77141241416873
39.18634996906882 39.809180713180666
39.9304647602118 39.072257532147056
39.618806171125044 39.66596660031402
39.06033478331338 39.970293054516546
39.08480536747541 39.96190091658629
39.296670319653416 39.70834917393392
39.220811391598666 39.77025006947791
39.87076378994748 39.16898451696226
39.725310418472134 39.24004623666278
39.099695381121734 39.95238175557755
39.0152369176321 39.99516447700062
39.14927530388513 39.83427368016625
39.926441553437584 39.15668399951704
39.633152737173674 39.659944809843495
39.64561391869936 39.56066226086149
39.139649505234274 39.87947826482336
39.143459647707424 39.85561382145785
39.65179970430338 39.396369625876424
39.72505474160907 39.26742712523972
39.64604834989172 39.455970715559125
39.929656487943696 39.0921358048459
40.32049787958375 40.11511904875488
40.033989302120546 40.25549097818372
40.908513674320325 40.042531711201164
40.89965906765688 40.046562588253536
40.27645849562906 40.24279349900079
40.78784366941586 40.07539492123712
40.01239163343492 40.304724201249
40.00824914822001 40.762135922066534
40.66776436122899 40.08856007794701
40.574197695817745 40.09938990222978
40.31073107285615 40.15231909033501
40.85211749461505 40.04760270418201
40.060769299657466 40.245178538280705
40.00952566898432 40.30655384365909
40.0068174485709 40.78080560484603
40.66330510987869 40.09344789882802
40.695676950832066 40.08388710334918
40.27765843273172 40.18012199347896
40.51717322609755 40.11463506481054
40.27999671201177 40.17670867761308
40.00643404192483 40.93320520346828
40.8464104929017 40.04950144721418
40.002443626891555 40.950404260347405
40.31650729526102 40.11515483111469
40.280031674712426 40.16169070266781
40.02283621272669 40.290125405167416
40.031886564418926 40.274049602376984
40.98934987489008 40.03107018801255
40.058631264917594 40.245661268298385
40.80306584626179 40.060148812935424
40.7316752341594 40.080277289594875
40.008201545367065 40.772166154775626
40.008561555526484 40.60641904483667
40.56783981767612 40.10679788076985
40.02835440230832 40.276133409318334
40.71945174885826 40.080586163619714
40.97754991261341 40.041376970538174
40.3037600115426 40.15507740967914
40.0218166377083 40.29888564478209
40.53101889782476 40.10760866978627
40.736597612371185 40.075950234237
40.802356207934444 40.061145193719675
40.009504449193074 40.36444255993488
40.998586576622955 40.02744752115757
40.40616366880492 40.11484169990391
40.8401769939631 40.05254846862138
41.26723816409801 41.49515414153051
41.97030374588654 41.3509938449406
41.988596880407364 41.00518950163102
41.986940846880074 41.059438850579504
41.11175100138655 41.99488911005002
41.71968729341208 41.475691016094686
41.880776479656355 41.36008233205131
41.233471345540195 41.6757282694294
41.23957832842744 41.55894880849789
41.86954788833335 41.46229618043417
41.134305979403536 41.69717669357721
41.12750855228655 41.749808601884745
41.614987262117936 41.486534283508774
41.118549427314065 41.78758311139868
41.9726855467911 41.25628257416365
41.36307710993025 41.48999296739485
41.49768929771579 41.489972597755674
41.986319060508855 41.22802273303939
41.19233785689461 41.68345394657931
41.76856125646826 41.464086669611326
41.00149814082784 41.996579416936825
41.57887805857137 41.488895635594304
41.23640945605619 41.66808427680729
41.87723350198479 41.364270072108994
41.11862889248731 41.75755934459723
41.256653536663315 41.53068100657809
41.73268729523806 41.46490996965647
41.92975920149541 41.35589157124272
41.8750753515388 41.458971663716504
41.34526127759251 41.49231662653546
41.90302347126981 41.35766941615205
41.249334257331284 41.55026400138487
41.61618217529012 41.48621783305207
41.12894971448958 41.706670384844976
41.11447064414362 41.97317267006954
41.97720686149958 41.23244223313977
41.11908666462512 41.753463175930996
41.18764809981199 41.69549752887779
41.974264761619 41.23814501149233
41.11625317864205 41.96446202212503
41.84066321880594 41.46408569314685
41.11679632665598 41.96068125510222
41.61860901405326 41.48022252623813
41.98649984276 41.14390319777878
41.20912538776852 41.67632131930888
41.251605702541674 41.53835975645653
42.814684164679846 42.19988184866572
42.03096114562654 42.46227967690307
42.54877351014609 42.280353979788444
42.40490271266325 42.30008285119622
42.018701980459646 42.53693892511237
42.337872028922426 42.343266902877325
42.12194956659278 42.377572621415574
42.000791813854036 42.8659074684059
42.818009600596255 42.137245471220425
42.6995120533828 42.25334303452224
42.92482331896399 42.007916991551966
42.294429668755136 42.35144335944065
42.011424915902815 42.68318516817339
42.07581228181481 42.394343141048616
42.83167482903757 42.02020223596134
42.72396558527861 42.21070157567467
42.00447211048926 42.837737451429845
42.51356741783086 42.28412309393474
42.7346336993152 42.20288499657796
42.074587575232485 42.42372922130133
42.59859455179843 42.25632860319723
42.33444699076978 42.34358724399494
42.870035408111285 42.01415797374841
42.61598710637488 42.25377891933935
42.68076393602884 42.25373956065445
42.40460921872046 42.33880820561426
42.13808628178573 42.36013801297281
42.060382032297426 42.44885801204482
42.461304241077436 42.28822646850585
42.868122637914176 42.01576472820741
42.57299529479076 42.26221384830171
42.13489972962714 42.370138632710926
42.829184615446096 42.07055126272847
42.106678118929274 42.380045614681976
42.039574677563536 42.456906636062655
42.0237403656467 42.51460652639024
42.92151443134681 42.01223234000993
42.01362794877105 42.66553914550995
42.025498073888045 42.50281071482515
42.02073954611307 42.518928472478486
42.006237733748506 42.7741413151369
42.54971262182212 42.26271641503353
42.700026582121545 42.24234330962229
42.449296136136354 42.29051722796469
42.000454251559624 42.98740703587853
42.82692627991686 42.08931405416382
