0.9745241597992595 0.09227437375494951
0.40810530550783386 0.7176432102474137
0.5852392206782369 0.4653247005677328
0.6277883489864304 0.3110254795512999
0.5737974826444917 0.6261398819858346
0.07506126184016071 0.9825538757001459
0.29701711979744183 0.7199336662102181
0.9812517745642607 0.024183746211061785
0.7270041458587508 0.13331608575655918
0.28227689508149145 0.7999168799214402
0.26912381910974825 0.820741894628345
0.5772256092244378 0.5602070113253858
0.6717846366521837 0.15421664850410333
0.5952025481358643 0.36220391659572426
0.5269574493965583 0.6421087753494357
0.04551867472352977 0.9832155051024206
0.08287490003683318 0.8662787478497386
0.8957795553998968 0.09730771890730816
0.1367540490963578 0.8224241378760564
0.5912394678886821 0.452982276365149
0.8621608923975297 0.10461059805309736
0.6377848283626617 0.16495403594583113
0.6065813990955468 0.3294896254246621
0.07945965023601675 0.9173264796284127
0.03455163439908582 0.9894710004254524
0.703499707409274 0.1431668730677672
0.4914824113700771 0.6925353678470589
0.5043548827845518 0.6852119165407802
0.5645504497574229 0.6287577756434567
0.5817362824766632 0.4867329520494903
0.4468603024623139 0.7119947620258972
0.11926508997348462 0.8454862353171775
0.8179893954633393 0.12994827823709632
0.5099282730424753 0.6766307314246656
1.5634787469375655 1.0782727220217103
1.2104500904049793 1.7696321949133103
1.9825309748621232 1.0003251064258598
1.4574224023454492 1.7633224180056581
1.480909016559747 1.4859886472996264
1.048429830068632 1.99696787719224
1.126968208907025 1.829746815771808
1.0658338743543438 1.8423291729709896
1.5464508978156692 1.2712803187372064
1.3998300405492752 1.7665170932605063
1.7640254345557072 1.035828995989465
1.5556900759993897 1.255386283571131
1.618863706737199 1.046909557018629
1.4650754790531624 1.7214416667410943
1.2987226961701683 1.7694100594596394
1.8302967257609093 1.0107605677185734
1.513408583903448 1.4274600741670684
1.1780199149420039 1.8240478689554898
1.0544126774924516 1.9300968076311138
1.5293911401999 1.4179698838983557
1.490746555320297 1.4825487917937183
1.4676161454208012 1.5970853168504378
1.9458044008100153 1.0103246677446873
1.5016354825978688 1.4730254975828991
1.5030057398596568 1.4726408431102564
1.5371225553241366 1.3208644693963596
1.736648338864407 1.0402302955950415
1.6251440805799386 1.0449168390781787
1.5841747574073661 1.0638624920781663
1.1968234960881827 1.7717476273385944
1.0621400130156786 1.8806934125309949
1.7705705572878343 1.0210520463164694
1.564642922548301 1.075638679600723
1.4652217181578928 1.6901852322859918
2.61778485658975 2.7589326865713266
2.8338157759697817 2.586308489399271
2.9489729755194745 2.351838081185989
2.674940173915882 2.5867329783404003
2.2631258279383664 2.812160338561755
2.9797131992647388 2.2266624194772784
2.4036520170802254 2.8020759473218613
2.994871335306531 2.1302093537090347
2.2506051148790784 2.9273963955239988
2.5459805417646986 2.7756692141586883
2.6668580546858793 2.706547692102439
2.9903999905382648 2.1856115042694135
2.845425434516237 2.5618645921172294
2.0049140899882856 2.972472207875511
2.9076608766065877 2.4408215986307065
2.0935810705115157 2.970300273031803
2.220757325193708 2.9508535988786235
2.94920118747253 2.2408477925969477
2.381549354523582 2.802676931695007
2.2629542324391703 2.8642623750443206
2.9382285096886913 2.4297494666603203
2.237573827264857 2.9396507052676397
2.859278118292924 2.533818925511771
2.852660901668744 2.547636765975984
2.907302207458921 2.4690750718348946
2.8640181418062802 2.5114360917508387
2.64455312449017 2.7479064571538414
2.5760435159869806 2.768570991217969
2.926433348154335 2.4395339383727452
2.452424813914592 2.788855181966885
2.9047696231970535 2.486992340980212
2.841226919874458 2.565694820000565
2.1626315205672544 2.952649039497339
2.9396652968635797 2.373464790347063
3.5173011488500805 3.970841874345429
3.8144302847642093 3.799876305865238
3.933761059525127 3.617229176589191
3.865412048204342 3.714155805545267
3.3066459165871604 3.9820398018233334
3.9725338258245 3.247182022643273
3.5611128520729127 3.946573213829601
3.7300274456035805 3.9291051388262486
3.8307534127509633 3.763752024973116
3.8567693715706923 3.741686414857641
3.378092687743298 3.9714009891402133
3.9171179574136525 3.688779558986732
3.985724512748395 3.0376282305767814
3.9533773761830293 3.5880777888874977
3.142005725736748 3.9853500059891402
3.9619711066040932 3.369287563287877
3.747983575985246 3.9183421391991375
3.7889495297591944 3.8733868120387793
3.982178148791712 3.1715517461763083
3.1065567790615023 3.995686491788849
3.930483056583593 3.632233015820594
3.3744269685470107 3.9805581689261325
3.6690429950242045 3.930873400798986
3.9648276252866124 3.340399631313036
3.7808730507210226 3.9084659611896697
3.8509178947739824 3.761487874027208
3.9570805255144545 3.4804561093455777
3.6190303392992353 3.9331625939366313
3.547048925000458 3.947820956749333
3.9746635061587874 3.2224011395307386
3.075835659913317 3.9961796303979487
3.7674285004473695 3.9142972919752963
3.274215782249347 3.9852438385344517
3.802704275105677 3.851676752803964
4.455439440147774 4.373547999728996
4.1855389922051165 4.4946314155233615
4.939942726091711 4.02175735185859
4.595806490515684 4.268203682158646
4.095155301749834 4.707013742088079
4.088626010735549 4.731943309492518
4.897037378518 4.035228759855306
4.887116496546879 4.1216827967656995
4.52753390199792 4.310117741897978
4.430557897113972 4.376715626056949
4.13654027835503 4.676957416923938
4.680023959195965 4.251911119414261
4.466997214647428 4.336068142193774
4.10572388998777 4.702272257907106
4.3895247073073715 4.449006776501744
4.816187935767909 4.129773257500846
4.362817913497311 4.494280802595122
4.7673524762036195 4.213857245968106
4.061376971003452 4.799330617819638
4.407899892836009 4.448281234407022
4.992501209828085 4.010825352775431
4.179180515744005 4.63420574035798
4.183550472670436 4.598486525150338
4.745356296271888 4.228394199282001
4.080082168801969 4.783242800777117
4.045704751578821 4.854656698428328
4.893941182784492 4.088867525858964
4.998389196776971 4.000526072461808
4.950340349099878 4.011879636181692
4.03036877091128 4.994839629711758
4.0370918118326955 4.951259988004821
4.056718077620459 4.853638636989869
4.373311709934857 4.460353112767301
4.5356292566317995 4.281042076977704
5.323648555742242 5.693564719281905
5.236053312269213 5.856404022811094
5.513794250752088 5.349294443637329
5.538624493724049 5.175853036304677
5.212609909387602 5.985659082976088
5.324140869367719 5.352102986792886
5.6683497649785775 5.002267241650269
5.31035475525942 5.754787689517385
5.6362196769774355 5.142475313833988
5.2340705046930625 5.956643022382966
5.538353357334042 5.282595935707097
5.281362419034939 5.84762120127356
5.117868078390688 5.991886818274966
5.400996998189886 5.350338863487531
5.23596422273689 5.891536978634778
5.254483381945665 5.8502305501077965
5.645614935985501 5.132988064115479
5.224021020606705 5.972211032582311
5.541320271484206 5.157669146707233
5.018005071113394 5.995143848597823
5.657753178488973 5.02586827193545
5.848782073458766 5.00146565628329
5.52358110728342 5.297942580481068
5.28284077958351 5.759180201621409
5.655054176330038 5.081405551616432
5.647245936664506 5.114219616384942
5.318774389052792 5.697554029760449
5.652210611292725 5.113647132212887
5.984057988837133 5.000682388760021
5.528832308845304 5.293419055759292
5.0625458231589535 5.99205839751302
5.346143056022016 5.3504300142325265
5.5150341475310745 5.310218861640817
5.59803095779842 5.153241972847767
6.6258747494744386 6.157621580408233
6.1506931131298765 6.946012318538844
6.285459611732986 6.427572309110215
6.237638043898507 6.760268324687158
6.199331164531662 6.808685599296972
6.786177035167149 6.071110742811153
6.489376556162812 6.306118226797624
6.493046600271717 6.216368362055453
6.846945120459155 6.015464597318562
6.750911705850632 6.115073253286795
6.381507967888469 6.3553199886542515
6.250932074594924 6.667879176090068
6.533644993804989 6.1927322713081505
6.343486227356186 6.406748306441623
6.122583314644617 6.981770147402218
6.508964614856724 6.210827391900377
6.36940702709904 6.388670211191795
6.446596916598196 6.315645644565507
6.843500018710971 6.059934050699402
6.158646340581376 6.859475631436281
6.465827836797981 6.312399392538636
6.609520305388531 6.181566784996254
6.076685899768632 6.9887847176001126
6.077912142907262 6.9871027060456425
6.256060940026147 6.5078935588964875
6.247674181651747 6.759336493218558
6.699737880045393 6.150390001788919
6.815713833575423 6.070064873709182
6.162412182211505 6.85206933037282
6.844631639151707 6.030693575918544
6.177595484717166 6.8345710699084705
6.2043416227217545 6.793487654496047
6.351412371279263 6.399815601700674
6.198118299213375 6.822377362162849
7.515092624871281 7.156223019540379
7.100542443730927 7.712989528254991
7.177510221646917 7.5834796476083355
7.540988735816929 7.082944557266148
7.809640892759963 7.001868249258439
7.317225279746948 7.406422988881093
7.0065125415002205 7.920238510800599
7.638804967175515 7.059905446534293
7.430328708611017 7.292742882958082
7.729869075721059 7.005290863509999
7.723979619587072 7.014661536011641
7.400227876321431 7.37755736713202
7.162683773088191 7.682515137985319
7.680124722136107 7.038812862182979
7.221128746915722 7.508116499673664
7.485222911719337 7.206784460990943
7.183504747803973 7.525905686640109
7.10509674977981 7.697882198175387
7.177481420262486 7.616897748164582
7.03134816920797 7.781872069088479
7.585198469194259 7.081300962309296
7.494973548887583 7.191096098615094
7.616393943156604 7.067544698767259
7.005483689263926 7.932743463339812
7.046296593794763 7.742172456550989
7.442139681314725 7.238991119128777
7.022991632071121 7.8487138411125645
7.211664654798739 7.510250810165953
7.504615337085203 7.187940789241037
7.4919654974898915 7.199309820872942
7.2865151308748315 7.42983925776011
7.13635284919587 7.697028734844792
7.675790782927924 7.042622410029561
7.169691961518671 7.666750803727175
8.885356644031464 8.669681822643577
8.049232840521176 8.94610030148788
8.027264079407457 8.984165728564474
8.08737089082572 8.701082564924315
8.948119079313933 8.235859706700179
8.14327944646021 8.687447854949175
8.995127281821766 8.075742147411738
8.915673527430279 8.429144118280972
8.96838485087028 8.16250002749308
8.926142908635368 8.375270168035305
8.70410287953335 8.674775292371805
8.902067731501305 8.601334728493347
8.085891774507818 8.790080690239781
8.144907789376235 8.683267341020985
8.910112920405172 8.446895618373919
8.412391736600311 8.679357070161352
8.472799021621311 8.678146490929496
8.893012622556638 8.610655145889748
8.029761482267197 8.96458363196795
8.08220937716138 8.890495686036433
8.075328861884238 8.926840283955567
8.683376198809366 8.67551698065973
8.924993828705864 8.390718370608091
8.933505274253042 8.325333515204733
8.985531495605372 8.116660388997246
8.860890617297766 8.6719591642246
8.865364737053667 8.669933544683563
8.170851042069282 8.679808085032583
8.953694757417507 8.180919946019538
8.995565483722707 8.036114917319246
8.978272384138481 8.131348577212188
8.931217880914334 8.357712453353654
8.931816841211292 8.340007378665701
8.163151252346697 8.681512416013211
9.221691603983624 9.635366828865399
9.554346821438697 9.560430130793595
9.825010036293843 9.285794658202239
9.28682068434151 9.580534110515837
9.182251724846505 9.936143204175485
9.670310683699373 9.452012179226312
9.943770063753975 9.239128880341353
9.754757102158914 9.384625940357962
9.186321537686583 9.88179483010805
9.189228223365081 9.699581731582242
9.817962465282593 9.33818291482315
9.081559653755628 9.973661774458359
9.66831119133509 9.527929357835959
9.674629179814175 9.419161875184374
9.76807054185806 9.371402380585462
9.137138823030327 9.946949352596148
9.212999602267018 9.678326005980605
9.084259955650461 9.968620726602639
9.30324370276966 9.57590776633729
9.855957216086686 9.279661259940882
9.594712876032846 9.538882563417506
9.684225913018315 9.415176664194572
9.495799027589298 9.561605305102942
9.974404671707134 9.229799256423926
9.567775859798669 9.558487490261586
9.393536859192684 9.573887676558844
9.107690361063375 9.949778931397379
9.981616744909184 9.087030824193814
9.822202307150715 9.335966181074793
9.877238691865395 9.244715023080165
9.706082834684498 9.399952143860414
9.238402991440816 9.607767805162581
9.619895589047365 9.529162871652824
9.2172456117944 9.67559136982128
10.644619080698329 10.30061305723438
10.525437786080307 10.97478576403739
10.789393591498436 10.253228755932707
10.044144546017879 10.981199269804168
10.636040216407148 10.374468578227628
10.583230051583259 10.417344478988623
10.928338211608164 10.128418203978416
10.185122182930007 10.977017660204737
10.5991214506722 10.412440312326138
10.574147315454677 10.731440864265219
10.827973704260712 10.16238986378029
10.698065479198029 10.282013266520874
10.732075460510043 10.273736300073152
10.54148610705699 10.768584905163305
10.575343451024183 10.635824916176103
10.79573866197821 10.228271158475255
10.530396869831312 10.774756276507523
10.893573746867547 10.129172239293124
10.997660717618263 10.003473317484755
10.445063616339901 10.975595192601904
10.563709846943544 10.736118643395894
10.952295414248056 10.08641529240848
10.962244949746406 10.058043823344379
10.6303614468597 10.397919576051333
10.756868964757913 10.26954913125108
10.859231851864756 10.158557774117842
10.75966881405143 10.26753145191137
10.126890376066171 10.978507540378676
10.54340679103945 10.73696800410675
10.671783463126307 10.28401981312006
10.581206945788992 10.508317454567267
10.641721574834946 10.341335641360239
10.800653377942911 10.196259275185847
10.888980233414255 10.133256254097358
11.503170660955803 11.875523895743967
11.797358212206516 11.694080103166955
11.255428961605324 11.918555332582407
11.660383776884917 11.831095507032767
11.710722615121933 11.722586800682695
11.26271690689735 11.899239196837863
11.875579358993354 11.26743761126272
11.858638305384476 11.398126335138183
11.98086145551645 11.045446034683751
11.066758580363324 11.93749525918452
11.947690112349706 11.161641260230278
11.855213877087948 11.431637820386756
11.225093553611886 11.927902479198687
11.874670074430064 11.274112950781367
11.842981952858691 11.60884365187972
11.723964924317528 11.695354521065301
11.805984963644649 11.654540450755121
11.846123157884433 11.468914811644623
11.175149549678125 11.929994883825193
11.804902929526977 11.673625773187748
11.891916486886332 11.190478757057631
11.506647915789985 11.859599293723054
11.843641346321666 11.608800424437735
11.998137650519494 11.041700257522098
11.516222733041463 11.858575448116612
11.007572706858726 11.975654919442269
11.923463116498827 11.184622222630884
11.672482614467851 11.725859060100866
11.405479318700694 11.885900617950785
11.52615022752904 11.839117349088331
11.95474764348179 11.154490693802678
11.886681521993347 11.236017980622554
11.327660782186584 11.89547127768369
11.550108512447242 11.831177203850045
12.523302712107657 12.388401524603218
12.494736022356419 12.60106948995976
12.900283000406837 12.358535104314317
12.177776615677335 12.974015937571211
12.19989259691827 12.688731650250789
12.917739067020742 12.099297306720414
12.18698307794197 12.797789460010502
12.907329718066253 12.158875150306837
12.836325767293296 12.388161087782422
12.857090199109079 12.377118840293132
12.394631596144993 12.640235014071909
12.952001211015189 12.098558699080648
12.495938559311698 12.468399512563787
12.90455383399021 12.210315963145554
12.09004335520537 12.996827088347853
12.01371217006346 12.997850984548975
12.52237143091135 12.426317800701538
12.348759536486357 12.679873295353707
12.156906280736697 12.977839078522171
12.957547346410788 12.01125893313804
12.907761424111683 12.14186893378112
12.191254757815747 12.788039635978679
12.1001738923194 12.991407490088973
12.390126242323449 12.655306559584456
12.500111123197042 12.43101967474721
12.384282695145625 12.65928628446803
12.355764183186187 12.663809998654001
12.268728095732378 12.687413487617892
12.354792282673777 12.675368006286265
12.86359177490989 12.35917636858917
12.955445212248152 12.043512234853909
12.474880427451057 12.603191752505278
12.403272494921142 12.617099846901949
12.443414305483149 12.613141499563788
13.222631872318757 13.50478182000989
13.191301882231471 13.928458209241615
13.145613856484115 13.942166734550879
13.896964325836057 13.10837352600748
13.786962979435122 13.288332777798447
13.332108499960038 13.349537495552674
13.460813041518264 13.32623150848395
13.845529429554537 13.17981773544984
13.221996973642254 13.729366794082981
13.716664825995544 13.291413080883709
13.239303786539633 13.488216519364409
13.90625825965798 13.098492523373862
13.175917970474373 13.931873776157989
13.654408934028243 13.321813034474232
13.07153907828666 13.96962335624308
13.969439627080904 13.017517206221635
13.7996429355978 13.228949088678528
13.812764213770334 13.20797717619879
13.862054467072584 13.139121830704196
13.008218703140425 13.979876296539526
13.567933207772269 13.324232771366495
13.694116908514154 13.315421132312343
13.254033194416513 13.387682673796196
13.207730187111027 13.913349141954832
13.240915023120909 13.403234601319626
13.508740352816842 13.325204589401746
13.939324957472731 13.044291534782943
13.22140155497488 13.892995934949731
13.142918996978164 13.958772795797906
13.794734868995572 13.257957842637813
13.98549155378906 13.010586236760426
13.14283881469212 13.967561672934012
13.38097496501143 13.345086148939567
13.94406476444077 13.024231059065226
14.1829864642533 14.663648056904496
14.969559960400558 14.60929780992846
14.10966961049756 14.84039145997328
14.51628862616865 14.644775540767723
14.16478622289264 14.7397040527816
14.077535087734365 14.867054094735074
14.988008045606044 14.405716048506772
14.200401562119762 14.645837912064602
14.67832613155025 14.6104506281562
14.650201741412198 14.623404154650885
14.031030791164818 14.875611473209895
14.140102770396716 14.820183039127087
14.003369228749806 14.965636294672416
14.022515318563986 14.925286899706073
14.995998063678286 14.197075659237615
14.973599229092597 14.602855214391399
14.979940240925393 14.548513214597387
14.538156134667444 14.625371302180309
14.148502740888276 14.744033378222865
14.987638297156835 14.41112481618724
14.99356908442233 14.359743517239265
14.981177004673716 14.44756084737424
14.264832709942695 14.644986729398939
14.085703166089814 14.842173274886319
14.08369986609343 14.864846807242362
14.001305140283021 14.984804897648601
14.16582295523056 14.669024931816276
14.181449109005605 14.664771125815044
14.009004162417893 14.931648779334523
14.028001155215595 14.876754210554985
14.145204812451697 14.75366736798655
14.143339057801153 14.779518282727228
14.027816235084119 14.893699362997918
14.050578695495743 14.87087334374572
15.11583868360555 15.60365922309591
15.28070423455536 15.428402482288918
15.731250227568195 15.130099128114548
15.715810792108423 15.416929652275861
15.948522473588447 15.059751031752512
15.005417891332302 15.627107495369186
15.135704836042017 15.48408132138558
15.08441998558365 15.607640085644505
15.990191097286102 15.036382784321553
15.00814977190218 15.618835862829458
15.120731047190286 15.591204667992818
15.182646582291003 15.452057642641629
15.163691693748389 15.473225312436234
15.976725971003408 15.047460714500426
15.92803857622101 15.092422751286085
15.72806929892475 15.29820693574694
15.001989722856086 15.8385053618537
15.762693426379931 15.126666055641337
15.874589811923853 15.118738332604224
15.801225455626511 15.120956166227165
15.7290429929466 15.236280915338165
15.774754841635373 15.12206016282607
15.127164284595409 15.490850564795998
15.996268952781191 15.023136233613108
15.19152142945164 15.449077551886168
15.560540500763322 15.423935867145603
15.727432145761863 15.30334409020236
15.148124719674401 15.47857209805138
15.719279554134992 15.392038151042847
15.72244893045916 15.37550935207626
15.444882030917595 15.42826432680282
15.25104218815392 15.444072893777259
15.646866027737635 15.420479714408643
15.922784524413828 15.116030231583867
16.93472700333839 16.445754835978686
16.005770748822208 16.463293887383532
16.06670458261977 16.458212935598844
16.16536804410595 16.451812554958426
16.956934310026888 16.181413659626326
16.972360340792168 16.05126765775507
16.171468756074425 16.450327296397784
16.950720589846977 16.38169511920027
16.00434745933819 16.642266986554873
16.07077112550025 16.457879622307782
16.95560798405183 16.2368677811133
16.998981826366727 16.050600829925603
16.797286531689025 16.445894689105852
16.968387795914364 16.090696070324658
16.955630863437964 16.231371848439224
16.56456168936011 16.44649131385612
16.274117941184304 16.44652365625945
16.236605485224285 16.44827483270777
16.01905831151294 16.46118082323291
16.941517750846977 16.4237824650416
16.63145072183974 16.446390678650236
16.002879554168985 16.731572971329335
16.95242840857141 16.260453323911168
16.149207096433294 16.453861299294523
16.951027005530236 16.31122629554534
16.20043712018173 16.4499918535481
16.679469129999376 16.446100271638503
16.940706410637084 16.434101713642768
16.94791739775483 16.410628782481766
16.950264099305848 16.404993838031547
16.96517467578189 16.101107089070062
16.002866840224137 16.88942068786482
16.949319949899948 16.406712334659183
16.12407133774851 16.456348698145327
17.47956523741055 17.0740137706167
17.07269352724144 17.61553011255922
17.348648154652683 17.461779882329132
17.34843087661514 17.519954617050672
17.051083480324927 17.700792195212344
17.362803155218064 17.209452920067015
17.115695551534433 17.59088586655564
17.422733992011914 17.105659969923018
17.260748766286685 17.587761803274983
17.851525286071045 17.01056594183355
17.04970650945221 17.96541126693495
17.41689622662706 17.16884926332151
17.51896239947662 17.06646589662827
17.5357955514989 17.014090745586074
17.31563449885555 17.54624891540083
17.045143160527836 17.983568054919324
17.056222258090827 17.659371262545374
17.35959578388759 17.227310751260912
17.115481628050198 17.592313728219754
17.980692331538467 17.003629405282556
17.57070240521514 17.011936443605368
17.026971806502022 17.988439973415733
17.445915175109644 17.08175334032049
17.176931904732893 17.589978738452036
17.33322236862512 17.526469322375632
17.301565562995222 17.55734917081673
17.391699223447763 17.20639164567391
17.436565285538904 17.100613346797022
17.05196433598479 17.661821213101888
17.073969543479816 17.600505159593812
17.056899278140353 17.632724961509975
17.263163326215995 17.57549562073263
17.006952251712747 17.995337600522713
17.525427025679512 17.03131685024681
18.245166609914516 18.524170108303522
18.705922561435184 18.30317086702867
18.831464367364227 18.053840675781906
18.576606547763188 18.457225045278957
18.462448209007782 18.511816388824332
18.05805010672907 18.806149739300988
18.772833227866286 18.075655894830728
18.160365599445498 18.62435970035056
18.102325972655557 18.62835201490519
18.036648639026687 18.940866283151028
18.173723777398706 18.602868152186684
18.735265780351718 18.146469707594328
18.515044228233336 18.479931563052876
18.080791708083638 18.750838169594253
18.64625524437941 18.372626977595193
18.731945869173497 18.22567510161696
18.32619449696841 18.517531180935332
18.797654092914826 18.068032142782805
18.204739601062204 18.591987338591856
18.497860172984456 18.493691017910507
18.093185829763687 18.66681835141443
18.656864408453934 18.328338189542016
18.14239297417437 18.626975307143788
18.065969458045327 18.77065788456657
18.734667874946467 18.158776229484644
18.945519274109134 18.042839882821742
18.342664169527282 18.514137030809835
18.859832585816875 18.047571225327513
18.94817294400865 18.002428424853477
18.725436709009013 18.293453363918953
18.636325596285428 18.439881472608032
18.744039700261258 18.0882449442709
18.084615090245503 18.708305835871275
18.557313151565417 18.473918400783322
19.63354725783931 19.66040067813435
19.833040472318128 19.406870020997967
19.916636376945423 19.30007379899475
19.82975053770219 19.619010117030903
19.123460052259905 19.746820911533057
19.442275354144098 19.674573089056754
19.006842173899468 19.900107504165675
19.412853957223046 19.688066713205256
19.971890177182992 19.204224173279176
19.06052349295226 19.831155626897605
19.577798537698303 19.662995350161047
19.842131954601996 19.367498588014325
19.36971990825844 19.74529257450536
19.102856335541816 19.815447113487355
19.938142919353204 19.217812518579834
19.984781643779918 19.052759390534828
19.981133862728058 19.067131699730428
19.539508672496613 19.665970554224792
19.83012169384475 19.46299962521077
19.8471485318168 19.36079206226824
19.777475068106675 19.649393490433617
19.05686330813065 19.873927608442838
19.056806167311116 19.880879983561254
19.384252674995782 19.718117206422974
19.787195300602093 19.642804966316085
19.12190167271326 19.773169467665298
19.465513081681248 19.67377591255081
19.10364652245127 19.801081643557822
19.92266168427692 19.277792711472582
19.99363642317714 19.04041350289149
19.803307684591772 19.63412841887473
19.903032295658047 19.337371099332675
19.9759411133249 19.166898612375302
19.66313209063074 19.655423927329117
20.26443623025553 20.77125542305024
20.44944195689518 20.156102496530256
20.41230490767641 20.216326657225192
20.15755044239638 20.80573159997467
20.502680169915504 20.069725387292973
20.345236063666885 20.494233203210662
20.116401966446038 20.88586846063257
20.712156842805133 20.008094597000312
20.326138449327388 20.53129903076108
20.379102367973495 20.24198607360415
20.282930355396722 20.740288085430894
20.134431342043463 20.856389492057918
20.510755994679183 20.029668887382467
20.058687321462624 20.945488185729175
20.092935118354458 20.91155619039115
20.553118554613306 20.023873633629318
20.03604928016075 20.9615044875481
20.203763708221246 20.773177165561226
20.149081090004984 20.81166959119293
20.78736786130661 20.007070772506285
20.35623907880889 20.388005917260816
20.063162758652073 20.918905985874655
20.495436522688184 20.08233176470834
20.42605452727345 20.165228149396373
20.398762221644468 20.239273706434396
20.614672633519632 20.015383273214262
20.298982537457324 20.534796497065525
20.295225080848304 20.71592842660239
20.016188894736445 20.999883030279324
20.57668202724498 20.01697455312029
20.479374862579945 20.11636083049367
20.16689734382842 20.788918941664964
20.10862103558778 20.888389106141496
21.27909081314864 21.401134301168995
21.756031401832452 21.240151482171935
21.80233570077216 21.001968548354487
21.39034065751506 21.276611126375705
21.09473518283187 21.882506205752378
21.176081954965852 21.8777013077928
21.693713499842808 21.262706129994587
21.180656847358847 21.71424799279479
21.210515950944966 21.619870353276742
21.370571072633247 21.313811222469752
21.756749453239568 21.037264572721945
21.08756252464969 21.934308601112114
21.240172665827725 21.460431043950575
21.3445557288298 21.39144605490222
21.18259591626416 21.68888980790077
21.219981154696992 21.608059144646386
21.75664091557344 21.167528383217014
21.262893648778338 21.453722623090634
21.236416746490136 21.593093153565132
21.03950574691965 21.99876991982709
21.091858991190403 21.929758352575586
21.673127756882504 21.267020505841252
21.0470340488967 21.98884926746168
21.203892557939188 21.68599406607564
21.530998524757287 21.268112142964878
21.320329866054198 21.393891251023163
21.275049554779187 21.418711029593236
21.23591841775193 21.599776556907813
21.378445258878767 21.312623382939318
21.27670071865905 21.401147089065084
21.324874280742605 21.391962153973562
21.543792929623844 21.26722084129293
21.414865894164947 21.27488702278918
22.028593184742565 22.614963705679095
22.285328913426362 22.415658836273355
22.799967951470116 22.22026807041257
22.991349415252152 22.00834219387225
22.216731734171766 22.503068824596834
22.022730584499236 22.98249312054947
22.10325987838268 22.50320400654338
22.651919857646156 22.29530929728085
22.97840847782671 22.114770461717086
22.699523099569618 22.269291801179563
22.081752112329475 22.538077668391438
22.458256667727905 22.40086158192096
22.026246740073702 22.838195172860516
22.971591062534305 22.169333623225384
22.66600835281088 22.282619651907527
22.81320166282708 22.189993761252268
22.794839655146134 22.23030223150929
22.035727915059738 22.565415317337482
22.487010556693324 22.3569277537114
22.77916663137711 22.23459673735962
22.63199064456984 22.336241772883305
22.246700894855433 22.50260829092756
22.7386736962076 22.262764188930962
22.942600981546647 22.182270645862083
22.972304168806808 22.12738509477936
22.465790804480754 22.35724913386947
22.077026596752837 22.550724441086192
22.407413874152525 22.41194291426867
22.05760371326822 22.56199417260804
22.055035185329213 22.565172167175103
22.258537732097015 22.46149397997696
22.100450923730648 22.510109355311506
22.01186943497262 22.992676678178594
23.39742852583007 23.902931139435335
23.758134460323863 23.005060987417195
23.476082314778676 23.149183025597775
23.459551785195956 23.513618844019486
23.026970108567646 23.943107397195472
23.717770852885668 23.14651793326285
23.457877975498725 23.841007345726307
23.46883872815309 23.380049329947344
23.117864700647573 23.91246338961863
23.726401413014262 23.05452679052252
23.10669306062009 23.92282197452555
23.204078219032308 23.906420378375053
23.7268407562725 23.044456216520945
23.447227305519544 23.881096353865182
23.430906510592745 23.882526916150994
23.473057139039692 23.297921992090956
23.005582891407634 23.987747949126828
23.74838505271518 23.0080692266225
23.034094249284593 23.941617142157543
23.47586203742728 23.219297978726722
23.983827645289914 23.00138961967685
23.19598473145167 23.90923644257487
23.735019883436948 23.014627025245662
23.7274277374913 23.022967903388672
23.25479919047683 23.90534962601878
23.078328969529803 23.933347517756747
23.315048254831094 23.903867884994764
23.13884602865283 23.910061474592634
23.109799402615387 23.91993468128786
23.52392921428229 23.147452438227944
23.72000512454638 23.05500920290661
23.400255888025978 23.90044415951003
23.010854756625527 23.982852050141624
24.72897745576272 24.028632526090515
24.832311652273333 24.007483967573673
24.365024015014328 24.786652898329713
24.38683867389139 24.595906720640876
24.541148969844514 24.43712319815736
24.45278855033039 24.52286602877009
24.61102940060855 24.413733606790974
24.65969453130421 24.183916706203323
24.39047577987912 24.524803062592525
24.632093652631507 24.371375399886347
24.641178540365356 24.293222076286156
24.00693762312674 24.869717953592087
24.467851759811342 24.498833123353467
24.33905041154837 24.82840468192456
24.226223536731975 24.832780398663544
24.36612670786313 24.778227048701556
24.669815987896992 24.100852078925893
24.10445868935081 24.848732855557266
24.64554968099378 24.273955629590553
24.275413382214698 24.829002468107124
24.406381206877246 24.5236191211342
24.682944941350858 24.062164529447582
24.668246592311903 24.113672777941527
24.027935468169435 24.868853951318336
24.385922711103692 24.613609303679535
24.838300612015676 24.00441793285207
24.33977624301533 24.818373689603025
24.60127464317716 24.424514018066834
24.78366009992671 24.0244752747783
24.47052289276538 24.495896868748794
24.595985102209866 24.43088094314187
24.38046979086473 24.6203786548655
24.668225376224942 24.11923956032499
25.61543766007303 25.4452483083275
25.423593286953523 25.981568763232875
25.934348828487888 25.37745013017652
25.538790384128678 25.9175765155773
25.914829601875834 25.408875532029107
25.975796424247633 25.36150259407929
25.56892041289728 25.80155407639159
25.117326824031323 25.99246167358866
25.99920309526345 25.14417678118606
25.608976606545554 25.56527767397019
25.890910692894316 25.43421292016863
25.885354764538633 25.43546257828975
25.0857864689544 25.99637914826664
25.986082763221233 25.327133819131017
25.591352948449316 25.582029731324287
25.314491441722453 25.98722162080847
25.488323651344306 25.960851092244265
25.63392044995927 25.441636573427687
25.564837908800037 25.84157258909348
25.572189698333858 25.63670201780227
25.425542481816613 25.97491796356635
25.695052937007 25.43834437210272
25.956292067681524 25.370514665713216
25.55886518895547 25.911932174295746
25.446002491510004 25.974050783304957
25.986786408132275 25.15893786656111
25.681610970194438 25.439834757838153
25.587784470203772 25.629408476751703
25.491449023131135 25.9412119610352
25.952200658599075 25.37505207631433
25.507806078304043 25.923190226450963
25.499197541155805 25.929268441039397
25.56464046016834 25.874599612464383
26.467310742889723 26.4175532901576
26.2850865223304 26.510421003767643
26.936783514123 26.20559506766095
26.85759669025738 26.2506289246182
26.598027944019314 26.35370285323309
26.11822743338574 26.936219111838668
26.174929275222585 26.658631624339428
26.341146214573772 26.476493890638054
26.509333038927032 26.362812853870782
26.9462175578735 26.09551512793224
26.37003965818403 26.453083036255947
26.630057545424684 26.30886827888176
26.782615608248737 26.303159375573806
26.89807455037937 26.21912712352752
26.283708722115485 26.650647781899014
26.489448880397383 26.412025631947774
26.947459476997253 26.052731071354053
26.13900925680208 26.816403502222045
26.79012080939656 26.252154613672932
26.500946014888637 26.379336736858484
26.057176337855893 26.968445423297798
26.945451804885746 26.09809795449543
26.955325808302675 26.043081261145534
26.164457882654553 26.722206400377132
26.094306623062693 26.94585069222481
26.596468952883537 26.35683164140908
26.675975131423446 26.304745891956312
26.602430066016815 26.338809801622403
26.500979754871125 26.363535089181028
26.006000782994406 26.99610000779232
26.29063012786205 26.490007177571623
26.281600083433524 26.658168592615933
26.869170929939507 26.24988595596382
27.485315124334207 27.933336480785083
27.628964607935032 27.77666268189153
27.98698014305451 27.406120776614262
27.685347045975224 27.511835100208327
27.498995584830258 27.841707969904203
27.610804464624355 27.81539016601093
27.599246992090546 27.825216587490374
27.603790573529345 27.817536034223313
27.676183525351448 27.656153997465513
27.94213928052147 27.46799498743091
27.478790595839943 27.944556600967168
27.044957711282787 27.97541808561995
27.652011048402176 27.712183252666936
27.995015177648774 27.28376492122044
27.545766776724726 27.837913923830857
27.49526863146229 27.89563453055175
27.03196099017633 27.995540790481808
27.770201319636453 27.481880919896273
27.80032941956809 27.475446695128692
27.99939026369577 27.244174804030575
27.82494850229056 27.472079691199518
27.470788928193546 27.952289622695194
27.30934003434634 27.962719559551257
27.65430498415361 27.657475307815538
27.21232518266391 27.966102618440082
27.615475980977074 27.80314659378066
27.077073048015563 27.973948921827144
27.807775834139402 27.47339889272187
27.043018702391535 27.977723652741723
27.643322510235016 27.760238936456286
27.183699968648227 27.971629028921072
27.683102341894088 27.544546568834946
27.682359848333732 27.589137444969758
28.92451107897622 28.913972100039995
28.15715708699619 28.915034808049477
28.46388051287659 28.914130334586208
28.93469083277047 28.333524276214693
28.950193336586892 28.15161993823623
28.99327220802794 28.114126910972146
28.030815478711574 28.94616358745742
28.941576004424657 28.32980084850983
28.142337841716728 28.93353123329251
28.989330885216635 28.13191447180458
28.929483556063797 28.35278108339532
28.924619031729982 28.846015079687866
28.948352775296588 28.219237048803663
28.99597732462988 28.037932578981767
28.928978594493543 28.66056475408578
28.00884656568299 28.984305061751396
28.01063653401709 28.948803544944017
28.925577914856618 28.77497228117192
28.015478571592197 28.946296156502406
28.116804556840087 28.94490754303071
28.00278974065218 28.98505091001942
28.210897874214805 28.914608840162817
28.92946161985489 28.54188431320602
28.926625692557142 28.745467447886703
28.14280045126501 28.915258574265497
28.944288899971497 28.276890329317823
28.946714453528575 28.244301829921476
28.924787171608887 28.821132550088866
28.963529170325813 28.14787167367618
28.94521337820968 28.26349771884009
28.0813857818618 28.94505988872855
28.994986240476543 28.0960324687765
28.924527803438345 28.8944023308616
29.29925836003446 29.94971951169837
29.471438494674043 29.19033379682302
29.95512396970741 29.086576827876264
29.398623244943938 29.929106279336626
29.447781161384142 29.573825553146936
29.56303003845533 29.134031746590335
29.02591792779774 29.98478288658701
29.412779027522586 29.674815470749824
29.478752784541765 29.18905602054891
29.657994867775756 29.112223247215105
29.465396805411345 29.356509350640966
29.40792858333197 29.720761870639844
29.998346302947503 29.05183218939456
29.432812173370998 29.617851076780166
29.392251823631426 29.94653999995807
29.399263454689695 29.736527905354794
29.11783945608998 29.97806629376307
29.867408991212887 29.089401698947032
29.46721066117891 29.28590200405696
29.999801273977774 29.04162760782
29.42245312473609 29.670660621628926
29.04433130780999 29.98394997447192
29.265686147996345 29.955821528338827
29.864287784951305 29.095041575118486
29.39519962566635 29.930700359352137
29.456257401266644 29.53906161359777
29.771460768587218 29.104241748996415
29.493375469923407 29.174655431184135
29.603447285345435 29.133773602770408
29.915740175401403 29.088552610193243
29.802020322064937 29.101109894410524
29.54400425678962 29.163966688563473
29.997449224850094 29.084410930802996
30.793110019682707 30.545072057989128
30.25536148519283 30.964094276161397
30.344155356625368 30.95774048220579
30.910787182550397 30.006665079967505
30.90623324983988 30.052755538950308
30.65792891305212 30.573726345012467
30.612951714128712 30.79105413259849
30.512048015665684 30.918015146984754
30.19341181288765 30.97230588593639
30.813809616270845 30.26209454041797
30.81376296134294 30.52093176152433
30.54497882439687 30.889382935732087
30.84800229087814 30.154900269860697
30.560817019897694 30.8803519100561
30.63378042938748 30.672126439778314
30.84189865599135 30.219782831995836
30.855968213949303 30.063442114592164
30.634911012087684 30.60439476485284
30.794734253121238 30.542268955987932
30.618671939150595 30.78515535162828
30.80317543473003 30.530240849640652
30.370715120695948 30.95224223618322
30.496023556559475 30.94591756424995
30.56630164581211 30.83190571266666
30.02818636004011 30.983956078110474
30.358499112650044 30.953302692743684
30.42305749346447 30.94627852766284
30.855636683443343 30.10862528568938
30.797014973949032 30.53814683519015
30.705723915709235 30.555513432843686
30.602022468225424 30.81022574701949
30.81753192416978 30.22920754774913
30.622273608906045 30.717211938200318
31.392819505929957 31.81600469176402
31.6951130828123 31.31897069460341
31.471383359228632 31.65656257947534
31.9405920615336 31.093568849953726
31.67745587990888 31.360601981965445
31.93790629832828 31.129798207790717
31.007460752699032 31.897785404965493
31.914921519748887 31.250453125138932
31.442235306819452 31.778674411568257
31.890776198187584 31.268929620419126
31.10842535773095 31.82591515116742
31.95627709385399 31.019843023896417
31.497434615524877 31.628016086807236
31.04971582706784 31.869366536490418
31.519301451933888 31.480924075519702
31.107465642375686 31.82658839644123
31.86900133552437 31.316914523708327
31.580450293661166 31.425859441483237
31.469593314615015 31.77158798513322
31.60913820719539 31.3627832951707
31.69192568087248 31.33572978156017
31.338001950481463 31.824446677370524
31.500490383303624 31.524540501204342
31.594262607694187 31.374329614130485
31.984988097599278 31.00840391556622
31.952351991965596 31.055498333498903
31.383935995378458 31.816812645935354
31.929548571737925 31.216125237776943
31.104585634013386 31.8615654738807
31.409395023981972 31.7982411198171
31.441880319618193 31.787279462958697
31.930197048850783 31.175584947789382
31.56490630999684 31.47545076114203
32.38909398107236 32.40159557759956
32.52917706000645 32.084898114027204
32.12480114208228 32.78399753068402
32.12562878948649 32.53607384076822
32.68524547543475 32.023654490565164
32.4187136791016 32.167823870427085
32.02635806423356 32.864048487597266
32.09058150241791 32.81153471690215
32.53891747345671 32.064024846789245
32.12918733428353 32.430259500979275
32.40341084173268 32.18736729967883
32.424721012419354 32.11741215709331
32.401679919759786 32.349504826774464
32.728176296482125 32.02360392115489
32.36346107329845 32.4284737015628
32.612804655800524 32.0408453485309
32.62072634368135 32.034178624369495
32.600315998508265 32.051123522716686
32.7535474423156 32.022744247024924
32.98919116221672 32.02043389012807
32.02633906558278 32.88975252275574
32.37129625076309 32.418636390683766
32.015487649312504 32.943590308723735
32.04352830729514 32.83267932000455
32.07259865331178 32.83151966139749
32.42267169164903 32.11997860499147
32.37644052977021 32.40563885588851
32.48231531137555 32.092482476738176
32.024392547291335 32.93055111576615
32.58769559565222 32.06001846975259
32.4224408296316 32.15075428344194
32.00719782496059 32.98892308770012
32.47832098815955 32.094461857376956
33.34748551806705 33.40832599884753
33.340441809600684 33.67943675565058
33.545423832013086 33.32504380099067
33.615037896013376 33.106260974697896
33.59933071146465 33.17282640837297
33.335318715424684 33.96394429513331
33.406316276857766 33.368086466493125
33.80121078542946 33.03095460147944
33.549922341290674 33.203422538118886
33.82954931646954 33.00073517241635
33.3642033842199 33.3932414507431
33.75260024278795 33.100584795523886
33.34294007492111 33.45615306701066
33.756020101568204 33.08441350514833
33.57705964341448 33.19167981166616
33.24979615567232 33.97142761420722
33.338175251498996 33.71873923900948
33.44032601251508 33.340840082229
33.791600054224155 33.05965507871003
33.58682960466233 33.17436960189891
33.41996144686435 33.362159206813274
33.776378243630475 33.08430633516477
33.14091801262776 33.98554382396736
33.19321942590004 33.977873841077304
33.041393773554624 33.98623003155529
33.60828039004019 33.1427097059689
33.1903610597739 33.97852285007152
33.336807088940965 33.72008296492734
33.54858851370694 33.230837251280555
33.03658463725353 33.9992399440409
33.612214354063234 33.13626114493201
33.344217899249934 33.42295397594237
33.80344393806972 33.02107805882134
34.40400436517107 34.7996255869664
34.8262160301323 34.0347164579163
34.661315997426925 34.37591081240256
34.671359240707865 34.362736845942784
34.54956760095475 34.37709313387795
34.173051077160565 34.82114148497371
34.9310389837941 34.019933498954465
34.771369331797 34.17163384042885
34.50678456464108 34.68005877716277
34.019002518084896 34.83693023707109
34.015354145544656 34.878118639852964
34.735726366935076 34.36176360088132
34.51611162971852 34.6526600755013
34.945328721077864 34.00201329933127
34.4317263690199 34.7127143368179
34.81532979624557 34.04839054122013
34.52668250212513 34.49355508412411
34.935798249350356 34.00717707971702
34.0029735320079 34.96980725125017
34.771256652236296 34.35710745209719
34.863852982404104 34.03026490738572
34.77369582546046 34.058993885551516
34.415473638354165 34.739158902729216
34.51765016085252 34.6449790005253
34.5329187030384 34.41617622995707
34.021621328903734 34.82280824697825
34.45381240047529 34.71238045762522
34.51756409223647 34.64758052465129
34.01317232333787 34.94378329784368
34.79738114467769 34.05576235139031
34.92397063175985 34.026598867828696
34.412704469766894 34.764920231852145
34.518117485662955 34.59075676696658
35.477942752734805 35.08502297533125
35.38036389469782 35.76726763109289
35.42041469565309 35.411961795169624
35.130458821250315 35.892868075351714
35.474753824373046 35.23002487565273
35.43123991618437 35.23363279101938
35.32497509560349 35.84274380582517
35.1962846157972 35.87865480277044
35.77444819205948 35.06330535816495
35.40220465866429 35.689902577957874
35.01237210629899 35.92289793460749
35.03576769576682 35.897495397440395
35.575445557738746 35.073339314703134
35.37754118325595 35.81309697551182
35.31645793368223 35.872627318914354
35.4089132752308 35.685293053076634
35.87072073102059 35.013739157644864
35.057968284984376 35.89715537006163
35.41280007101951 35.533782080548534
35.41262163960964 35.537100257066875
35.0066958741662 35.926371789334056
35.41876895435569 35.50797281555236
35.13696385584327 35.88888111100422
35.19936270843808 35.87681183886684
35.39844241937352 35.74714243426109
35.03169184140146 35.90654998109958
35.2923019936669 35.87599035029974
35.65445123501156 35.069757842473656
35.65493273724824 35.06672021812531
35.634112841546234 35.071204730862675
35.356570529463184 35.83372679004531
35.42139844553351 35.28610220136243
35.005308923336415 35.97285815932278
36.63321066990683 36.37091797764464
36.24294925833695 36.43783640493022
36.21005759294578 36.68015406419416
36.16335614111002 36.818304875263586
36.98861471819912 36.06054550650288
36.85691976587568 36.23454689575105
36.03838993138015 36.88278453726071
36.38873042138272 36.40999366963735
36.81601700857501 36.32896472916
36.63039826938592 36.39316977627538
36.84008870025765 36.301661648657635
36.862680919611755 36.08628212703212
36.898457469850925 36.06538751679199
36.265887777091415 36.41729959511168
36.624788492999414 36.40119260439357
36.799842589743584 36.35306946933446
36.49022529930528 36.404741260758584
36.103113968742655 36.86618066920945
36.18385054194947 36.769315738146034
36.121482716702445 36.838840961608796
36.272900027763264 36.41046224291426
36.224847237657755 36.458514683557134
36.15480437195028 36.82428097242989
36.919531120273014 36.064881745878175
36.16392577122793 36.79824871701094
36.22265491771854 36.52161875200743
36.206827752125896 36.71734013080107
36.02423269209013 36.9462170347324
36.68268707785995 36.366067522071255
36.21677510357439 36.5351694654452
36.1161374330562 36.853825500467195
36.391637890085754 36.40867915714853
36.73869595776711 36.36278338380333
37.49525863429089 37.21132671382399
37.617698392256955 37.150194122667635
37.40645189958577 37.488143976030095
37.13281301811922 37.56719721917693
37.67402266575609 37.01212442612984
37.4292747458597 37.44934918016931
37.564557799507995 37.16685539336213
37.7674233350243 37.00644340560565
37.4550925737908 37.2917753358227
37.379686793553546 37.507193014524226
37.12306438509437 37.973662582406696
37.22275088809993 37.50738658698844
37.65309346015721 37.03077233537825
37.48093236700357 37.276111727906795
37.653794372510745 37.01317978969545
37.45280663742588 37.38578880564768
37.985291965254966 37.00072672217871
37.12973936445284 37.78802194655087
37.61818504522763 37.09409991453241
37.64054066600818 37.044091022373664
37.41559393717055 37.45604132540519
37.4035353931823 37.5050660729996
37.13357607006134 37.51157225198391
37.629188305783245 37.08030834928427
37.007644425865294 37.99313129791243
37.56867411613733 37.16222268573184
37.1277352906929 37.84440428000144
37.57989231341178 37.15286641182243
37.0647943441188 37.98452159917608
37.485706574542846 37.222122179005574
37.785286392520426 37.00145160270732
37.71408010619153 37.00668229087418
37.531520976445606 37.20258634788274
38.89082491706626 38.83811169542372
38.96170872244894 38.65514114927839
38.994708525286946 38.35889509424171
38.652280090827496 38.96700114584821
38.66292325595819 38.882178148796804
38.716364258249875 38.873262749187894
38.97348437700587 38.61333391688679
38.95702454915425 38.70580832686153
38.06550059856672 38.98155892678097
38.94703187575464 38.724515265496606
38.99426300599734 38.61215043031656
38.04907123050609 38.98637717047154
38.946562328736775 38.74279346173706
38.784584026807735 38.85100334957252
38.34281132755718 38.97935472455769
38.900712587786025 38.75070462021262
38.99567727449946 38.03118153353794
38.48537229758065 38.978835573142796
38.89235771356505 38.774892040630476
38.56481491304808 38.96728532352486
38.864884986145704 38.84112238540781
38.66232977164565 38.9039831156443
38.53859473575859 38.97766871094611
38.66138174740429 38.93651374635995
38.251635881630165 38.98118231262977
38.0504578572677 38.98323726968834
38.74668994153491 38.85799022369595
38.77415234838428 38.854451193257546
38.55847523051418 38.971611953706244
38.86233973964128 38.84433278422225
38.66181397601754 38.93175384874901
38.89257269740375 38.75478451513405
38.735513078866816 38.86247451206411
39.44671401442884 39.756698938658396
39.652988063959846 39.63561159491666
39.850784031934445 39.171048842745265
39.654346289058175 39.48370758924943
39.59861151198864 39.69934808008844
39.821557100518284 39.240009223481195
39.12463931630446 39.802710028827285
39.7251344773737 39.42624874408805
39.87001343027602 39.16039720969898
39.76828097467754 39.263933273095816
39.10138681333572 39.82715589159619
39.13215419649724 39.79076492199412
39.7482094729313 39.40662207633917
39.99241117762985 39.02965620811419
39.431073101786104 39.76342998655101
39.9107859101811 39.09454492377681
39.578462112207276 39.71761133535848
39.755898813638034 39.31215182479045
39.00304339967001 39.95036662823288
39.502511717857324 39.72230430301873
39.011035927020465 39.94253258089382
39.28968703804157 39.76574269728707
39.900529602286845 39.09996317531531
39.6783871787678 39.43774905238539
39.04196846333172 39.877325115203654
39.11561319418983 39.805098547582055
39.07119697640417 39.83755293814184
39.88535106104892 39.13472343506472
39.11302744918295 39.82189828331782
39.8902965025805 39.13012720737002
39.251783674921334 39.76660165548432
39.970763156506365 39.06281728520205
39.60396714551543 39.645616647446516
40.61856476661255 40.297238728175685
40.386994061979905 40.95875815230792
40.55449203104754 40.50882279848653
40.93585909879856 40.168009565717895
40.41074574731885 40.64601177573436
40.095776925096736 40.977401595701814
40.82450636243041 40.17164673595758
40.389457886198414 40.7151667199601
40.72530493229987 40.238765879715324
40.987351380616005 40.15294318963193
40.565369676571684 40.4476064137231
40.18996979425631 40.9674772284864
40.493991953671326 40.637709426580805
40.13763943661681 40.97661230548346
40.619646804934014 40.27213605534551
40.75308549832469 40.21962119553305
40.49514825600323 40.52707960697921
40.78262211890299 40.19661839400634
40.791859966855846 40.1751449127871
40.58840721613257 40.29962472241738
40.459054635024536 40.640156700307955
40.01839017657931 40.99039192186693
40.518482630971334 40.519971408465295
40.99171921053126 40.125266839166954
40.582814851223766 40.41788206918607
40.38543213637923 40.96473285296533
40.73409679625752 40.23423293284286
40.65193224361063 40.25278995848672
40.57066039394498 40.44105742011314
40.96778238824168 40.16468043342469
40.79438047897895 40.1744365526615
40.40720769080327 40.7009889594707
40.69308331684691 40.23891914402671
41.75358817769343 41.97576001050247
41.82401635170113 41.18411493923041
41.92056546122282 41.07111820263871
41.44250115431454 41.99929930701891
41.85837229014779 41.17874460366782
41.818160139642856 41.57600504365244
41.78487788120119 41.87952168976174
41.4701271078467 41.98044233506114
41.82241073759074 41.22742560568204
41.98196661189166 41.000616723952454
41.88760565582776 41.16812860793354
41.76345075840501 41.90152523486795
41.78649114531886 41.65495275781338
41.949424930260506 41.00557244379216
41.904580372785375 41.08624863736819
41.68268379105992 41.978650899704796
41.93156402652543 41.058160961407324
41.81487318587226 41.596360533150516
41.81869818711227 41.37391222661023
41.89023723576322 41.1126005570142
41.898815016620226 41.094434537852145
41.763172649212535 41.9483038624652
41.935476802570015 41.008913109097406
41.53703051113209 41.980269959326485
41.788672467738806 41.640485909540075
41.808286558324646 41.60383439051825
41.44752253229368 41.991560760099446
41.88194217091627 41.17137431234962
41.92017653560752 41.08012875727884
41.44316957698916 41.99406639874474
41.978008606401865 41.003128692500255
41.82085707298447 41.34261496044125
41.879266445252135 41.17476659061717
42.05190174277769 42.077218358015124
42.0204493697012 42.7754146044181
42.322646555020526 42.00674846976979
42.157119774463276 42.009316309667064
42.05696191126367 42.01111184393899
42.83282507657826 42.00112716323148
42.04924120581798 42.21620923530716
42.03973290881334 42.35031499870001
42.02727813552416 42.43607270430224
42.00073807137357 42.9251971502868
42.041909158052114 42.22869715052178
42.00200109600788 42.81361017082527
42.03833722862505 42.39341255178688
42.442001515315305 42.0023073524858
42.02357006947201 42.6985698752758
42.051706504895485 42.09051983778788
42.02476058016054 42.631582582763684
42.03568659413193 42.4305921699092
42.36300304448973 42.00442949848684
42.007617220708994 42.77747841996468
42.037167430117314 42.401501256348126
42.00078802108717 42.81551676562542
42.31357360695672 42.006854476501125
42.02323478743365 42.72241496116908
42.04568912233501 42.226607126573185
42.0411201211671 42.275147345220475
42.66627126581087 42.00228257326211
42.78708915132111 42.00139984524023
42.264258179512424 42.00791561254064
42.21736705622297 42.00816938384207
42.90247403981141 42.00061319036226
42.02606347175816 42.43673999653805
42.05101083706066 42.1199774980985
43.649215716179924 43.138970354505304
43.24721700423633 43.55475017999827
43.132385344626286 43.83484366433263
43.25993800251418 43.217093564498555
43.1899370733606 43.67325662569717
43.41177050939601 43.14625945666413
43.0991304330147 43.860935233565414
43.80498148139799 43.08238867702924
43.459159632402375 43.13975527499852
43.95871463072076 43.04270412489267
43.03124821487961 43.95444775847065
43.16411825916284 43.68541857656393
43.379650868756464 43.20411445953201
43.93019765687804 43.06418779598115
43.15608967356577 43.73627628886048
43.2086273530081 43.58785447426941
43.258417782786665 43.270653899047915
43.71649610367311 43.119081640005504
43.10263715707529 43.84361761743392
43.83393079942536 43.071222370283614
43.40050983111215 43.15640168832118
43.24920982943707 43.35073718784077
43.19730149885834 43.59554132679302
43.23512020937418 43.57156467916791
43.03951419486965 43.8922553863201
43.73443557710572 43.090512885583244
43.09513158574793 43.89168292861063
43.38712775865756 43.18279591381654
43.15908158106405 43.69905134968788
43.35607723504871 43.20941329116289
43.9791231038894 43.013163066805156
43.13373502377962 43.76582831352944
43.12483693064863 43.835471193968196
44.53894893937453 44.095485851277196
44.064193325117245 44.80971553898838
44.00706012917785 44.8382630873303
44.351749413602846 44.309164599920955
44.55332963348431 44.02782660201476
44.13938333999002 44.56903651200225
44.59664426068795 44.00039230670541
44.492879799092506 44.289307019465255
44.10263920112788 44.67806997261443
44.20782471292192 44.45831697916453
44.19894894085088 44.53164916920942
44.47041300800638 44.29497036600438
44.334400629997624 44.38589785618314
44.2502696874749 44.40050684371956
44.20819945454873 44.44166924677904
44.53609467473029 44.18906530363552
44.270451398209566 44.394131294602985
44.09872272126592 44.80696503067801
44.41717190383895 44.29937534760389
44.109137121128875 44.608053946144
44.498294384740795 44.21921853179579
44.26683257642932 44.39757426383962
44.585643315983674 44.00665420830276
44.33791464793508 44.316994013155266
44.54917551209115 44.054371206896214
44.01414491040393 44.81757606541268
44.52014239719984 44.21016447959425
44.31339381713609 44.390034317985304
44.19087324240387 44.543217050713686
44.20265657186755 44.4603822248486
44.10035962366887 44.789971785441224
44.00398525516245 44.92519557156775
44.186172484034294 44.56833478655152
45.69003975359647 45.17737526552966
45.67690095414925 45.73202581243572
45.96598065781583 45.12843248547627
45.40177013544181 45.733588782930994
45.374076932280474 45.984339140060854
45.679483226758336 45.476325594633316
45.9764526059305 45.1166108866574
45.87397433500218 45.15337698018692
45.687612028267644 45.38162349524848
45.99418131527922 45.09011978936898
45.39110995793143 45.82164231492662
45.87190503761727 45.16401735054
45.87818539738467 45.14690210026638
45.27628063676709 45.991844152510794
45.998089569988366 45.00362963814493
45.968994978493924 45.11794612768534
45.756077675887504 45.169167611838695
45.07918074626089 45.99592350850083
45.928711274163966 45.13762519220785
45.64164231435701 45.732394941388236
45.987126450087445 45.09686263442269
45.02713395050813 45.997412165243716
45.74241155109475 45.17684652891993
45.38149412205066 45.847603167141656
45.385028339976685 45.838362155705525
45.91839171886366 45.145429199511234
45.093553905059665 45.99512165317608
45.3972885675199 45.750063025957665
45.68948455051088 45.23996565412253
45.635707867579825 45.73243247695461
45.39686315167519 45.79127507360371
45.37885281296908 45.93997951791551
45.77375861982003 45.16770284753302
46.08233609358932 46.47322911533124
46.43214948216943 46.057520805879946
46.24032451361119 46.107449609312
46.22175502731012 46.18320733379042
46.070535370551845 46.74915037597882
46.06525553027151 46.84997061096167
46.09035174030593 46.26897927111525
46.811375057896534 46.02181597304179
46.67880613909264 46.02271319467546
46.099853374617965 46.19662376127102
46.069223011398414 46.78786805071255
46.44468605921916 46.03315895601373
46.3053081711796 46.06254548430808
46.563299677824126 46.027084300553156
46.31151902657558 46.059780648246175
46.06641355019864 46.82215399882293
46.97767086848207 46.005984719409945
46.87757792157022 46.0205833936973
46.045985348569964 46.98353340035511
46.24452444367287 46.10459348645161
46.50390765986362 46.03290563369314
46.08315685894715 46.29780259368637
46.539615593147076 46.03223768183015
46.094471749008875 46.20494697579666
46.959613240021746 46.010893922607174
46.07577835853545 46.602136533480085
46.21465285217194 46.18904188140216
46.08305690326358 46.421168105922696
46.05148172939784 46.96621611273416
46.98226976131062 46.00216133007363
46.59978185818618 46.02303943788815
46.23812266578928 46.137971670111874
46.2643784771964 46.08125367906053
47.80611042839882 47.23668686971971
47.134840701242396 47.51001594559862
47.73111473999945 47.259863025131345
47.11231380941596 47.78063304746732
47.59729040872531 47.383626532773555
47.93623922257736 47.02907162876551
47.19719194791916 47.42539047140517
47.71298091198103 47.33278846822598
47.28136270652844 47.3883036875842
47.93224326793399 47.132849515434756
47.84008817299279 47.20088367292837
47.11624920648596 47.76798014367647
47.13451551706987 47.68490581716595
47.005983128925514 47.99605874406953
47.0278039059318 47.90833536109744
47.62221681739199 47.365172044542156
47.09001500659232 47.796789708529175
47.661794260442996 47.36176545861664
47.008830147591375 47.97890190249097
47.15188729034853 47.50822718020716
47.78120792215476 47.2533578022635
47.074324781233805 47.80244641593111
47.62217726740534 47.375943806895606
47.176372134760356 47.482593703768195
47.0681104585866 47.81739486059451
47.27887667421693 47.41053538285549
47.10085603985622 47.78207926465615
47.71517327515409 47.318683954626486
47.820669204918985 47.22246810578539
47.88264320821344 47.16235118939927
47.04234689377569 47.895351836334804
47.67058437258962 47.3443660132312
47.05979895017737 47.85162180502269
48.36795857571406 48.306144641672674
48.36234203204178 48.63110025702604
48.08529114598763 48.662904676733135
48.689772716149946 48.188792033396446
48.72254158730222 48.155964209163024
48.31072369568982 48.6389888716396
48.55049983956641 48.256666829931085
48.796909676600066 48.031137503492396
48.82881625007811 48.01409163991694
48.658558393953186 48.235321017578705
48.7579488278332 48.03212390275388
48.08310492819505 48.9887333807469
48.265246701586534 48.65562064147678
48.70837369190288 48.170638384717535
48.482713078798355 48.29971095313617
48.66553866392393 48.230290000330896
48.57399192040174 48.24975983410782
48.36489149078518 48.62994517659766
48.030529360594066 48.9948156745759
48.75252112619182 48.081109932593996
48.99370744581086 48.00846175595339
48.96571438992599 48.01057040452755
48.72496750193681 48.11417747332161
48.49745000586817 48.28322599605461
48.303986427341435 48.64678653530902
48.18846257039609 48.66185870070722
48.300577947060624 48.65139351175426
48.63104071646248 48.24615509244462
48.757719040918445 48.069627118310535
48.36589001166122 48.52496140715148
48.74504855466408 48.10341699686236
48.40526509402236 48.30046305974871
48.365190981595035 48.54094513053021
49.306491302265705 49.97810679409244
49.68774378378387 49.122721411139125
49.579407353461114 49.67561469612459
49.981910224396636 49.04833180231533
49.31840215432014 49.9118781727093
49.55724948951509 49.74268436205923
49.64085955420534 49.229718191882085
49.43083047803232 49.89157861203058
49.612372609730514 49.6245768513612
49.83978032164793 49.06362003095899
49.68472041760953 49.16495045483467
49.62541491395457 49.620428849677765
49.62623441362094 49.329275887482574
49.547015453715545 49.86387145931286
49.56549992091372 49.704755194909055
49.760846673619454 49.09056661858846
49.09202937832897 49.99665717613511
49.20723915325189 49.981261477671076
49.54906741213054 49.793215886621574
49.12351105927866 49.989084620940005
49.86549123259489 49.059458747472824
49.179515248542884 49.98834722531218
49.4501779353889 49.8830448743767
49.737149450584425 49.11452799847896
49.64920185115026 49.198994157863986
49.31703086223899 49.9681242610233
49.62584675281435 49.578379893086414
49.588644929197244 49.648127958822926
49.56342483046541 49.72117770535491
49.46972198793945 49.86999249607056
49.7776818458886 49.079099125008234
49.63555277209785 49.26721945413527
49.35449896080338 49.895568831531754
50.696398098522856 50.00125391894592
50.406368471322516 50.439375982200005
50.343978711395366 50.97291863733221
50.2665674894248 50.97600064736138
50.55573217879942 50.13717572543472
50.43534677748484 50.15763531509627
50.39461025249508 50.80343022695429
50.34506454707723 50.972627030487835
50.56548320571117 50.06084473701386
50.206817303184245 50.98699510010631
50.34936025528876 50.814816742833266
50.04184903881812 50.99933204964294
50.67049511961068 50.03912754736857
50.07223291120316 50.99431865404846
50.429937483224975 50.21846511545081
50.415073462748204 50.3392606558563
50.348256517984055 50.908078427121104
50.40560349590353 50.72683015292294
50.3479378804895 50.935711501598924
50.51768595021909 50.14884510042664
50.42686543499257 50.294072594505515
50.631029490292065 50.05150295693382
50.41448242825262 50.39712661571109
50.260651609681055 50.984817105707265
50.399463111975784 50.79000389586633
50.349087232151305 50.88880882194172
50.1493878231468 50.98998438566435
50.55631335750454 50.135907486477436
50.43032499192809 50.19705101780311
50.237895606157856 50.98626745039317
50.945874797641856 50.00020659537086
50.380560608657206 50.8101393845773
50.706229522528474 50.00078736037119
51.42635902107602 51.570101616057606
51.86280227346176 51.122740513689095
51.73542600787773 51.40539871909953
51.45486566413106 51.55008039312866
51.36597001445451 51.996553064612876
51.908714050784845 51.08128798026988
51.54529319447609 51.52317213577908
51.819749506850236 51.26509715405586
51.594929428774094 51.47452593795417
51.768490823680956 51.3546863901213
51.85251202217389 51.246853110974094
51.99548257503391 51.01969130016572
51.81642520124578 51.27176496284523
51.482553663576184 51.53589697001811
51.67102796107234 51.47259452103003
51.98600924683648 51.034941668787766
51.95501841838627 51.04746541502947
51.36736019061314 51.658813162709976
51.40721653998697 51.6538690940408
51.47816369562062 51.54460407108009
51.384928727300384 51.656870545394064
51.41232104663202 51.617883885416425
51.80694929009215 51.27219102032609
51.585707577625286 51.47957405696819
51.034259889522176 51.997004879285214
51.91033664912163 51.0749047228599
51.569456672777 51.48057837367332
51.950866900890134 51.06933892352137
51.76378075070195 51.39354594218347
51.3665268564259 51.69265384278297
51.68003555204876 51.445928096168544
51.44393285853868 51.55092463268764
51.79884460086602 51.32698218497783
52.85743459344791 52.193035529678895
52.663210993444466 52.68103113479271
52.50429333918813 52.725154668795184
52.997502306573644 52.011491850857816
52.94115535301105 52.19059459669309
52.48842667755476 52.788150073020475
52.71354233782992 52.220830466371446
52.30421785392736 52.91387519425552
52.43395077974878 52.810438267848404
52.40695987358659 52.89771764740556
52.993944967107204 52.11472826862327
52.57936350337166 52.72341694689279
52.85543571356689 52.20050406623631
52.693820220505614 52.49898982154096
52.25523020125705 52.996870203687834
52.26001798632967 52.948115664710464
52.699178996451145 52.456321601755015
52.6771746882788 52.569745581933674
52.411859992593655 52.82306195788546
52.94535856311138 52.11993048292805
52.66551532354826 52.679024353606515
52.99606778483107 52.04731171581757
52.59390264632717 52.71969576952888
52.214407135084315 52.99839106422915
52.442828828038884 52.809797226457505
52.275904706800645 52.93494989908984
52.473660860454 52.8066783210627
52.67998428175563 52.546595812779174
52.9215461769976 52.19095273523061
52.26171563433621 52.94103592748307
52.35331400490247 52.90112776084999
52.40708151352603 52.88818381649429
52.841836266722986 52.20574363988564
53.06975628667476 53.16223656328136
53.07763907636762 53.10774004327488
53.06929534375286 53.26969649087926
53.271350137681225 53.10618885618798
53.592676005191194 53.00762226007231
53.02806603699629 53.58205703143194
53.46224932938622 53.06284105053052
53.05972244416965 53.38450450819326
53.01861337034859 53.802480402054215
53.048691004697154 53.514191564075105
53.01960635130963 53.6083254135522
53.32949849773188 53.10457087592301
53.534499132659974 53.05940092879407
53.444061637316814 53.06524467145722
53.048021867643406 53.52856018361667
53.068396081585185 53.36182645979892
53.64896404758231 53.003662736245
53.352554227706385 53.078407963493405
53.036429611048604 53.564569740600696
53.05107896605935 53.39237358238406
53.012017424431676 53.852691076056836
53.915496405033764 53.003286162763445
53.57764550212205 53.045593998153635
53.075277655886026 53.127693161545906
53.04978602789555 53.46892782984001
53.00447090672715 53.98012453209113
53.00970410130753 53.89002806560527
53.022675382145216 53.608289208194975
53.33438959463609 53.100761863150396
53.01050483661221 53.85798638903514
53.55389436415234 53.05280800897826
53.51324637188984 53.06104699199512
53.0275922563998 53.59696059805713
54.59702211192493 54.73400537085677
54.658176343448936 54.54297131429452
54.81562395721844 54.31388655369208
54.72881005744336 54.540397187529784
54.524508695625954 54.908486245130085
54.531405526177565 54.88614625820625
54.93495827773858 54.29785076686356
54.19336643188127 54.99031808250346
54.60733505641886 54.6948885820642
54.73924923036433 54.32328366352012
54.95831188080528 54.25199681806697
54.98407140913374 54.16533800042534
54.735254523280275 54.43711629042116
54.194472988332976 54.91457706271112
54.61443439597028 54.54975236710572
54.59625572305082 54.88370484270014
54.741253113335766 54.31976345530202
54.83193466005155 54.303555170768284
54.93850032752973 54.29705224793523
54.82571354085864 54.30742493909584
54.9559956690659 54.290529192971285
54.984879521147015 54.02577674246311
54.60564052820725 54.70993871050125
54.979365552237006 54.176887214760626
54.73052068618395 54.53940110106933
54.944220311902534 54.29351634701211
54.007081408990956 54.99760855654743
54.60867940288833 54.59154289112825
54.076093275118836 54.99319426457075
54.268483492825645 54.91101536782568
54.25347397806509 54.912978019640335
54.40014938015303 54.90860694803637
54.61036539502164 54.5665240296054
55.45971439204271 55.30942635950682
55.086904667192975 55.895369962282395
55.28268834368896 55.641339361069974
55.59767711207605 55.12951320792096
55.32915908674702 55.522788390742384
55.69249365820125 55.01687795635993
55.091551082072435 55.701610317245624
55.12413996551023 55.65354362596268
55.434183010670296 55.330894193830986
55.59698358101888 55.13154184892797
55.088467067400366 55.88183602132681
55.5048011110109 55.26877175733169
55.841603275111446 55.015043172345344
55.3370096182211 55.4630199775465
55.11214808369309 55.66555429387103
55.64241434097526 55.06153275862524
55.169612706933954 55.64997695191738
55.33877339976389 55.44613455369039
55.63603443290641 55.11251864531742
55.38540233054582 55.36918324798953
55.06102115156581 55.94308413041676
55.371880456858996 55.42097116169282
55.27464204633157 55.64517008488494
55.668113603625834 55.06089263700814
55.53452651827544 55.1910765119538
55.30922014992707 55.55497022204945
55.50555881861281 55.25513588397178
55.453497413851885 55.3138375393589
55.34421568793249 55.42459374384829
55.4958177851655 55.28721931974106
55.46940610041035 55.29396627145552
55.091045997116616 55.76801217467295
55.29706592796256 55.629955494688424
56.213369336795054 56.016343216745675
56.09725882442227 56.45815627573245
56.38768574632165 56.00581556704106
56.180317470332646 56.03192546764298
56.111265801910385 56.106463311806664
56.76809448945338 56.004155998123885
56.179689481544756 56.070367741007644
56.049694065896716 56.77073106660889
56.09849072819857 56.18291423369027
56.02392943749488 56.789497726937675
56.14818435706118 56.073646067701844
56.12149440262038 56.07522907803209
56.079278866405716 56.57874886971667
56.263888431618284 56.00992669285883
56.06041769981549 56.60127136082505
56.05689693742245 56.66565969304287
56.073819332724916 56.59502553269821
56.80201333298947 56.00000458007701
56.04641268209918 56.78400558122549
56.01834049912637 56.88101026129484
56.08888352384458 56.51453432085999
56.02265579602978 56.826482959206885
56.771086653897136 56.002336545418935
56.10501782759093 56.132083614743316
56.00848548507984 56.88523930469375
56.097789684332156 56.217822404961055
56.11274336504138 56.09758150303526
56.21888737234613 56.014262153597215
56.741281349391464 56.005812777850046
56.00580188528869 56.97804204271322
56.11945413808712 56.09015028918461
56.046955469347616 56.77174563089162
56.05395482117981 56.6667460369458
57.1724769040583 57.000975343121034
57.1437277966936 57.59253389398458
57.069904726776876 57.99485059721083
57.075531874023326 57.731950441472016
57.10550635956347 57.71615619057996
57.15344042943597 57.09268206995063
57.143383636187885 57.65034249789808
57.92906712442074 57.000212628315765
57.15124289368074 57.56100603647527
57.15142421910942 57.54108481135613
57.07337341716162 57.75511474458991
57.13747737537957 57.70103390473393
57.16154694127024 57.03136392357765
57.152089743045856 57.10836175014842
57.07277037617605 57.879748400266415
57.13775649874235 57.68616064813332
57.23095381867757 57.00032164088822
57.16571771358812 57.01790311459395
57.14521432290085 57.57711173127987
57.2196433298413 57.000610690545614
57.00268189258081 57.99601563536426
57.06998564380724 57.9231139178159
57.1514423163292 57.36767543999125
57.15693698309057 57.077501731943535
57.11638141500355 57.70125772680365
57.14146768419725 57.68328479093674
57.30386753212672 57.000225668277785
57.16596374900628 57.01241444923509
57.09091188828049 57.72310725720193
57.15145102035471 57.27504028699863
57.13761317616052 57.68616676899893
57.07057035793698 57.911721765184254
57.141934341994684 57.66449116905593
58.584536559048814 58.65711254272218
58.7957360567123 58.504478506905144
58.8217348181383 58.07844652205319
58.23900616650292 58.74680061485921
58.070546892745305 58.90699864075967
58.26368892613705 58.691154083812044
58.027696053192045 58.97301584018053
58.653587991797515 58.63195515692083
58.076455098792906 58.82588886161074
58.16231185801569 58.782279197255086
58.71430144640401 58.51920415430559
58.80206721952308 58.26604726869047
58.07928159009118 58.78496368170207
58.87607358214254 58.01317989826407
58.80139684598731 58.426299373777276
58.51206552779821 58.66775976661162
58.88825152687846 58.00784579076859
58.229239038054274 58.767777499741904
58.26134363490608 58.734711906552945
58.31684003877751 58.679517483266444
58.90921304626466 58.006312069793694
58.65711944598244 58.584486190162174
58.34778607716284 58.67408009078884
58.65958438208282 58.57536203522688
58.72615580364413 58.51767766061904
58.84252604824703 58.03494727152779
58.7732297203755 58.51113286500059
58.196393723469924 58.77144066268015
58.61365080693984 58.647746732802155
58.07349168449752 58.826549898800046
58.025524373815365 58.99371921454226
58.70324956874412 58.568489909561755
58.70405104802645 58.53838362920977
59.26487468513383 59.63534607601177
59.45347615876782 59.38400291079442
59.813809816748005 59.15406306825874
59.494863301818725 59.28288193514723
59.1869698470328 59.82510832095418
59.29906900126661 59.38846065822912
59.147792707651796 59.867775314214
59.00932950609822 59.892861851091524
59.56542809532275 59.24044426270591
59.86037459993388 59.1381982316022
59.743437737262965 59.19919371014272
59.27476676086701 59.431995700481146
59.91486141971335 59.07727048334773
59.193991559828575 59.795490629313726
59.151871295067835 59.83802752091526
59.88881559689679 59.09309746983787
59.26481669212124 59.7072927394812
59.27349076418091 59.48649378451135
59.786853682995044 59.195463289764696
59.719122120875674 59.22670521960444
59.478336232604995 59.38073611961331
59.972631476932726 59.00319156924097
59.21680732576439 59.753940283663546
59.943800756621386 59.01067028631324
59.494859932447625 59.35826930526286
59.24183203270344 59.73680897568184
59.81176582585989 59.158060685572366
59.74138650817568 59.225527740725894
59.5490093006351 59.25949422891256
59.264307453354995 59.714932371060826
59.487373010004504 59.36633627021546
59.827247750181876 59.14484918136715
59.937554708066365 59.043588696493224
