0.6156411772891509 0.8066403485006342
0.010682044504025656 0.8872718488595286
0.7590720101554711 0.34471736469386594
0.5493616802655295 0.8516650372607373
0.7177532558778077 0.7935887957087256
0.5386222666088585 0.8797163411618022
0.9296509820506295 0.1447202161304637
0.7296945599691436 0.7488476626061913
0.5689646642435102 0.8158190906102281
0.874694392092137 0.33421500722752084
0.7514885644250441 0.3633840095538441
0.7408233445284452 0.6962300437027047
0.9455831427953777 0.11152340667984861
0.9330687873670781 0.12884073591035217
0.9610012500231575 0.014033028233810363
0.8738047557214952 0.3417982188266747
0.632323564437572 0.8014754016403481
0.421092025328375 0.8823128276744131
0.7806753442689095 0.34377053101147337
0.976940642109626 0.013962450693252082
0.9062549396409998 0.18742114567053403
0.7486229282004141 0.618248779045155
0.8960251450933426 0.2625154748461562
0.2675543469985603 0.8846460158424463
0.7133047560559501 0.7993717506436644
0.9804476149124932 0.010264327823984676
0.8888925220804342 0.2988632621921127
0.758544979341989 0.3468649032931639
0.7284705242396416 0.7829670305204565
0.7408956238583312 0.6697763582485071
0.003782166914214513 0.8969323539497627
0.2872003089142484 0.8838206497580673
0.5448108154377085 0.8698268526012656
0.7331499393113596 0.716196555861957
0.9979293641822852 0.003254068167976909
4.214693190853769E-4 0.9722757616033841
0.5614016891868168 0.8230522217762661
0.9463694036955469 0.077555899520109
0.7331397469299842 0.7257160943925198
0.9507172038295908 0.046661223922216055
0.7337161249354277 0.7161546258097764
0.7506155789596681 0.4332072134059667
0.9487047565720995 0.07088504259563067
0.9378379797395735 0.11713371166863451
0.8908970281125507 0.27523494058126896
0.9602107333689565 0.04418567196278833
0.8968881987182568 0.22034219788750853
0.5565963029113886 0.8413933033721583
0.922363238943666 0.17736386807525673
0.6061610787302613 0.8110171569661223
0.7447890436782295 0.6697471036489081
0.9079175553708626 0.17927534215614271
0.253260904695754 0.8848464715211173
0.7503853033872496 0.5089770137889044
0.5468627095312152 0.8685405795487453
0.8829642559183584 0.3129780736089176
0.7472995824404793 0.6492058469373638
0.28227012136051943 0.8843171729570073
0.9308156073934846 0.13908725127422628
0.557856161360394 0.8398519749687144
0.9278534369183489 0.17279900839402207
0.8806708440813437 0.3283478638420816
0.3863611120992607 0.8825045464373545
0.12838162551845467 0.8866806177114152
0.920161169888217 0.17875794885254903
0.00800397829920374 0.8956944200064962
0.7109413282746393 0.8006081185084551
0.7487173970174567 0.5284166920426971
0.13349471804818747 0.8849734286183686
0.605610896525044 0.8131934344974296
0.731715670784051 0.7484498004964627
0.8883944755768104 0.3105939209765127
0.08291405640409322 0.8871928422731009
0.29105339800915875 0.8826255690569509
0.4559981351096576 0.8800666595074919
0.7404828370371787 0.7145099135003524
0.8963758988471124 0.2549542352754428
0.9990102029687254 4.511415388140927E-4
0.002899178922255663 0.9390965129780586
0.9820142259928751 0.007485898833973548
1.1648671218985502 1.3000106792173953
1.2381198554519988 1.2437843462404403
1.5011692761211441 1.1889161524941256
1.8572808476079992 1.0596504889579088
1.4635030045560664 1.2158711956044979
1.0890427864808907 1.3912468483001161
1.6542464174184681 1.177845739906123
1.60431329717482 1.178606443191327
1.6938754717146516 1.177490460197673
1.822390344564602 1.1003203950149396
1.0189966415353753 1.484565086995123
1.2445767126415832 1.2258433081681663
1.0586877825445993 1.431558776730847
1.0954743915481084 1.375686259490735
1.8651995980206055 1.051025269254271
1.0584962279393317 1.4616463964340098
1.772189687731617 1.1591344959730414
1.798955052731855 1.1060700316241958
1.155574021353425 1.3664061540934633
1.8253475663633585 1.0883626283047199
1.479554218955803 1.1957260234832048
1.3012406225848536 1.219343209825642
1.3475163109465234 1.2185533486855933
1.7608267500918575 1.1644392257791887
1.8805849952372133 1.0407961414198565
1.8407780957537696 1.0775372126761957
1.007777300014097 1.5194995491200425
1.8487025471466083 1.07346425106411
1.1871860081413839 1.2553626759418155
1.883718632427172 1.0244250522918852
1.9762695369338137 1.0019943617487643
1.800280827655429 1.1025232427869738
1.0053585417427446 1.8833444308155758
1.0579628736861628 1.4812972967917342
1.4224234418258976 1.2161452525210201
1.184844233189411 1.261666975808203
1.7972750681466931 1.1158644170266945
1.1020202034465665 1.372450873019286
1.498158944203266 1.1898492962875615
1.0057165645333974 1.6800476014144357
1.8799612850431613 1.0413106445335027
1.067962215414691 1.4268752414010146
1.9344590915896216 1.0036693742189233
1.5744149541543315 1.1802460275443019
1.8728171178284814 1.0506439069558404
1.700190153348008 1.1665108571589906
1.784916563723177 1.14491047018605
1.7755313421393297 1.1547739235675984
1.3752624956971982 1.2166049855619
1.4709978770979297 1.1989850811020082
1.9509857642086343 1.0033462902937185
1.0062736586880279 1.5848437896432652
1.0059645709727358 1.6093701971013619
1.8847717250071152 1.0053472903253162
1.0104130141435543 1.4888474547315134
1.2667880806240128 1.2231708250325337
1.547112930672963 1.1851074855122192
1.7785188018446954 1.1449461370983234
1.1666155554038262 1.277978118903254
1.2433509177762796 1.2262746071799424
1.8497877278467356 1.0602075312504184
1.166003260298754 1.283953839717203
1.9093387300867306 1.0050862007482335
1.0046916246124542 1.9951165703276308
1.0096434725599708 1.5041014243762736
1.0692846982757909 1.4130866309290724
1.8387255465346382 1.088283597747309
1.9328335426571006 1.0042607011711377
1.7935004434069355 1.1362410864336914
1.4681603444103524 1.2059676116158693
1.4706566043923566 1.2021513758956974
1.5289304949973421 1.1858539432099724
1.3697408285796215 1.2175666513539491
1.775309365835446 1.1570671199606064
1.7663888308760891 1.160533792785863
1.4918476217453516 1.193411487986565
1.8731486868031237 1.0447814550473533
1.5033815915358861 1.1886060721040996
1.8404876417891984 1.0819155278904151
1.0742847751562414 1.408933894809834
2.4713109985512007 2.8782540848737845
2.1711130150844253 2.9056275926750903
2.9147235327375736 2.595027225014247
2.8180194038828255 2.6009350669665374
2.952830406387246 2.4075225590347253
2.9437317427976186 2.469972880078452
2.727137912066419 2.851565571398715
2.979081671578421 2.184593061113742
2.9558117416641165 2.2159163112943494
2.5724818872687574 2.8583463333487376
2.932605510701861 2.4883035922317025
2.7958033897472565 2.6299910083503537
2.074252064285794 2.9602948103605593
2.2255167037331534 2.88347260092654
2.1336396760211134 2.956499503951148
2.9241867529409267 2.595009419934815
2.7383203585494034 2.8504727207571667
2.1613671977104363 2.940095786748816
2.7499859747746758 2.723972550426606
2.787793493373452 2.7020641443860436
2.234395473140844 2.8827499158869143
2.9926841244672713 2.0811619069415213
2.0379117138739957 2.9849816215480884
2.9855056901312755 2.1153820802136156
2.7684276117954503 2.7157388496171784
2.9547962118937114 2.3094040693808635
2.5702700366231506 2.8690668323719475
2.0380036843983316 2.965561132314664
2.9827440120602837 2.123457191500644
2.021614099462848 2.993241456703001
2.912955525225844 2.5985871979691386
2.7484047784245003 2.8223065860756567
2.9581167501777026 2.200957227932793
2.797797360775646 2.611451024720856
2.4890372830271286 2.8697934211896055
2.985645112867781 2.0982395656498944
2.162609370724981 2.917315119113738
2.9280719628980356 2.5035888494383745
2.9247032606062904 2.5038756472032824
2.9506515416821975 2.429181052640775
2.9346807730916353 2.4755163184384332
2.0050243943754733 2.9958445192538496
2.294388959433154 2.8803134027194757
2.74805729140671 2.8385157135256134
2.9600312865889036 2.190058441177098
2.792179117199611 2.678065356113751
2.3030619517869466 2.8798268312195248
2.6457876242308136 2.85666230324846
2.284332580135187 2.8819589681429587
2.268001506356438 2.882017221896901
2.786515196508923 2.7144273336051605
2.9486968684761896 2.4422530526790247
2.9808018303158708 2.1588799329965083
2.0001942692905574 2.9960616967963816
2.9588765026651185 2.1916901995906386
2.979872388704959 2.175478707901106
2.996941933820326 2.080112603537547
2.346787114773688 2.8785924926701583
2.884186981933609 2.600091498998931
2.204370589511501 2.9008531764174275
2.981692452262519 2.123934194198254
2.199167008585439 2.9053620476875475
2.9999597544185113 2.037303225133433
2.988481303794912 2.094700065258344
2.7498739267302144 2.7760089643449097
2.019189430625085 2.9956197051066384
2.8650452646388116 2.600101455493413
2.1465537838540274 2.951841479059461
2.1576097540069274 2.942019690727376
2.1518023743556407 2.9498756587060226
2.2155774475928816 2.8995403283746723
2.9329340843263534 2.4813243287777187
2.954621216548075 2.37828169279749
2.7888516019814213 2.6994960051457464
2.0617558996991767 2.9639765023705014
2.9903024407777035 2.0831814132193287
2.3607741346684827 2.878477374867981
2.482086036555185 2.871818097237319
2.9985142532452835 2.0489843656457993
2.7924734101229225 2.6437034306192237
3.6577591423936924 3.8796904727882526
3.980721989337595 3.637202711476231
3.83616981804636 3.8552905864581373
3.470815332129668 3.93154783136299
3.9757510311930235 3.820489368903478
3.1807818330405366 3.98965164963508
3.982056236034902 3.4394625516974844
3.5222767729251223 3.8988859714419006
3.780470957017931 3.8724678509465607
3.9791984344995006 3.693752840897172
3.876572723837336 3.8219008895728
3.2730553513312812 3.9570922968167586
3.2131576059486413 3.96544936554927
3.4769108728657465 3.907098741662049
3.576426488536594 3.8913179033906165
3.997725067387616 3.0211014985666997
3.9776858487746516 3.726266461156685
3.659882728167391 3.8780781111282137
3.8957275084999354 3.82165736726182
3.3732389088743426 3.9436322573909623
3.558201476575627 3.89271073874894
3.318906233860085 3.9535522794057165
3.994419522971353 3.3282545022617533
3.8552917799639372 3.8439187522062475
3.342234296054063 3.947878936396136
3.193260635200258 3.9723875417528296
3.44032818327455 3.937115411373456
3.9968422797624346 3.0475163296729058
3.995439899942211 3.089441058667887
3.8736252241462994 3.8369007739900916
3.581893539666649 3.8889112283879417
3.8224675516568904 3.8689993449992017
3.9776916049717452 3.719714755993598
3.1063347051625163 3.9983508653710986
3.695979563003887 3.875453491285615
3.6428185980026173 3.8843162069030446
3.841927288913211 3.8518240199291642
3.5445339142501746 3.893944492321292
3.9833536858944054 3.335889762651286
3.2609512404040233 3.957549080407842
3.711777515557839 3.8745492911717454
3.4085983773210637 3.9413116298227915
3.467986610623946 3.932112381878253
3.1228435606908787 3.9937796913740042
3.1995885864268727 3.9676738611128672
3.4732695394959148 3.9190294702001225
3.9809702217477647 3.62902983124128
3.2068656034936622 3.9674031415809674
3.1980853841220753 3.9685886808917368
3.853468432840592 3.847321176068822
3.2858866095397294 3.9542904504839744
3.257976727071996 3.9599505975326172
3.66854467026519 3.875580243492213
3.3380186378527 3.950885857623113
3.4563903835413345 3.9360636603888834
3.284403742255598 3.9545971446833446
3.466427376115382 3.9321359298551872
3.9949228503223666 3.2416742096071576
3.191219802661654 3.9776047097739884
3.975872062493133 3.7649187886470994
3.981858429632351 3.533089829749672
3.8420937712699637 3.8506038389460637
3.8148366798688422 3.8698719190593103
3.067416807061402 3.999031960227238
3.98063379637947 3.6685317844147005
3.236261657504692 3.9607670925929828
3.86825950013888 3.8410539688412673
3.826324628724675 3.862487809080171
3.1659405321328693 3.991458887863177
3.198181184194862 3.968200995137545
3.993279218411324 3.3348332558670104
3.216479697877284 3.9625902604012686
3.9815657268135762 3.601402240050661
3.5182548391651607 3.902405938761685
3.844922114491892 3.8490528922434137
3.8720995462313095 3.839661234629439
3.19321515430036 3.9746237157134665
3.5894223271053036 3.8857345043817726
3.9437331484004305 3.8214092308188254
3.534588642355593 3.896210679648172
4.2167987239295215 4.2974961446887
4.312079471769693 4.031373953399319
4.788790577456054 4.012141260506719
4.044730967366785 4.31467649176852
4.041193750647183 4.608571381390997
4.089992217177891 4.308340420900815
4.141296752963868 4.29807818449864
4.275066710047457 4.200277375202798
4.685790167432842 4.021179334840309
4.007487754751036 4.887963794012248
4.255105978198482 4.22449246620002
4.014336745895296 4.7940422133130625
4.022684497232025 4.63487608573731
4.237479588912577 4.246837876644153
4.253487070468514 4.236067900406825
4.9617554031352205 4.01114189613923
4.03330293352715 4.626329949992206
4.2261060098361245 4.247699992419587
4.300639102897657 4.132392239026592
4.573580248303732 4.026970237060684
4.2904186764177386 4.17896108139529
4.262255158058273 4.2006068054929955
4.444340613983249 4.0280564532701755
4.014496439104131 4.735009918539451
4.28641291831849 4.181587944615923
4.0438201087977745 4.374345891366971
4.753880823821017 4.015239519847848
4.0085149587124205 4.8589617129817695
4.0008542126478055 4.934026823741612
4.30414987095443 4.097326678409085
4.294155398965776 4.174080827594741
4.134405535336439 4.307433326001909
4.302066937357938 4.1321105836052325
4.0316553855455775 4.630639541633263
4.724451427192431 4.020746055397757
4.309168937555766 4.0868523480714565
4.016070192114154 4.651714801601439
4.005777279706454 4.89897446693929
4.278702739116562 4.185729138949976
4.012136621607099 4.8094512822855835
4.042012525725154 4.493521551504564
4.427190030575984 4.029771219716944
4.670845676713659 4.021647014407996
4.666101337460533 4.025172494200098
4.047286977560289 4.3126553128034075
4.0109747940056435 4.8244626044951495
4.0145199189333844 4.714747898481107
4.040383035885851 4.61002790930098
4.038737063929767 4.616697850185859
4.017752198493719 4.6506005137118285
4.24887778024181 4.239528358168023
4.928391984403694 4.011821860680822
4.991193126563344 4.002135703259578
4.253292557511009 4.239479352383817
4.218240675932215 4.291306444576885
4.219779831695858 4.2698795053806755
4.75486202188774 4.014967164394733
4.732946522847442 4.018609686583739
4.304207198450574 4.0956263641524915
4.2584020642643186 4.201252930317458
4.041500533715633 4.576439234237383
4.044383773641127 4.3713437887953415
4.289828056203937 4.1811396992438015
4.25554320467019 4.217667761258026
4.07387160213483 4.309833099084263
4.297157143034235 4.156600793281657
4.015772672707645 4.677400928852391
4.107194457724908 4.307882451123878
4.330990352852895 4.03091734392256
4.613768836178066 4.02563216519481
4.9688149673772495 4.006521906340777
4.2772576857464015 4.196323588222612
4.35054458196614 4.030357278966781
4.22536496678911 4.261075337953866
4.05396866065164 4.312064623386821
4.962155054994654 4.007014401275734
4.044408684363966 4.3308054345093945
4.004748432845688 4.901112603084314
4.769535226395412 4.013339042072471
4.002823657802552 4.9230110809302055
5.323826326317812 5.423698768058775
5.052665658054249 5.458407849527196
5.4841555076593025 5.287536438509036
5.656325780678489 5.059148545364739
5.5513730297664114 5.278451857727618
5.7526887669711755 5.008928771979214
5.18487965954464 5.4245473578808365
5.584958116832077 5.141738947014648
5.158480152682635 5.428167480516294
5.04346151620538 5.619733499190045
5.033501153566169 5.957253207242861
5.678461092022764 5.018801673389943
5.4517147566729065 5.366908637400287
5.4835421549593 5.3501681750626835
5.605826350432985 5.063102917122039
5.432523379562616 5.420242309961054
5.033524771976809 5.781070703947856
5.434227672776356 5.411182318371152
5.532994878677967 5.2844615520572
5.5802306331104425 5.1737035139886665
5.553797969488176 5.274648789750929
5.062936440838311 5.436579283968237
5.447107690158481 5.37224207230108
5.440029488419447 5.373027833785359
5.599943302068181 5.11237308089148
5.666168830278043 5.026068443080757
5.7904919354278 5.002012129602487
5.478815209160674 5.360877726208292
5.117115335751073 5.4355187084466055
5.659045290413844 5.0323762003387165
5.796198977112776 5.00130530001179
5.036273668973472 5.745481735634542
5.563694093863863 5.249102411615519
5.0351023139608495 5.760245223470475
5.182326735947721 5.425706790821466
5.719972821880253 5.014778169798012
5.5777068656536715 5.18744756319908
5.432648481360247 5.416085383161341
5.566378600562249 5.200078593298171
5.558741932118057 5.264302734755035
5.007980032130845 5.979689739798626
5.4126186903957425 5.421623098705897
5.034202312411532 5.779159314993517
5.0459985482923235 5.5444394601682205
5.499360130569214 5.285837188453047
5.563973859179287 5.21415896868745
5.059742653407161 5.451778880571933
5.605128562732911 5.112217429289014
5.450322318684091 5.369429425320007
5.7783615503605485 5.003183522947783
5.610440243960451 5.060595005719189
5.605299909365266 5.101146289311566
5.037131843077357 5.723148410493905
5.041218882025966 5.677836013140983
5.438274234297371 5.4069835347178055
5.572980712251829 5.196819124943356
5.453607968483746 5.362459128204572
5.680301695115228 5.015027284584064
5.033197275193741 5.972708086354857
5.062862268121455 5.4449670994497
5.596874517765846 5.123990970085219
5.859675403854709 5.0007091094199785
5.024854320037398 5.9739727581357425
5.726654262797789 5.011475589309263
5.7220566078508135 5.014260463777136
5.551003024688725 5.279743561697014
5.044992242879627 5.595346500054127
5.958272933150952 5.000421930416603
5.596931897051479 5.122550540341088
5.584806165539236 5.144715687802557
5.395624245880015 5.421843263068042
5.0417086956846004 5.627666774680193
5.576641283396192 5.190846214661073
5.354061443589241 5.423688929263762
5.039907134791498 5.708857051931456
5.038337447433898 5.718709930716064
5.008107593934612 5.978902361307949
5.586590421385156 5.138231134205213
5.546735974959262 5.28088372919345
5.874429767173174 5.000489179081753
6.794954099866751 6.821514782544301
6.983780310814217 6.36035145274515
6.66997562298616 6.822544349887528
6.337291921423551 6.979154237514794
6.351150294068855 6.873604659484644
6.901992520702389 6.575494464951638
6.949223949017923 6.4913561375536855
6.5629578242418845 6.833034259502307
6.088765604610114 6.997079632325701
6.046715872753129 6.997252237461038
6.874418537463662 6.809646514053955
6.1420389610761 6.995207065399772
6.887151540802569 6.803464999579508
6.999086794409881 6.287992102094359
6.899381116066855 6.584054984338244
6.9104667096506205 6.531830015725185
6.987434997161949 6.335011206010562
6.308489895696429 6.988668386741798
6.506989812749538 6.862213101668104
6.587004328551462 6.822729980674536
6.949455294417516 6.41358180007833
6.996384983550525 6.290856327242152
6.855995629847364 6.811719413329503
6.3304717328590785 6.988222273519643
6.239940159111502 6.990063494375246
6.882177741708598 6.806270990264053
6.930662437193061 6.497090112072737
6.835555640538651 6.8141509847941775
6.574068258531279 6.825191894070183
6.963704963366929 6.386145801999802
6.892354296054856 6.765462405381572
6.980879196833736 6.374958989385876
6.522029176012998 6.843979868983
6.994574943753284 6.329977751210047
6.468737042916826 6.872822697299106
6.343228225923369 6.901346891839249
6.9551863033023 6.402012103521748
6.897891016016776 6.755731388552466
6.985008244846991 6.34779427269988
6.479476422573328 6.865268834571426
6.341459075071876 6.943988365963927
6.904829413815335 6.5395638725470056
6.573623136854713 6.8299835024787825
6.339095509633366 6.973132545541537
6.094979079284588 6.995370931991464
6.999912320235445 6.198576049042662
6.711053090416373 6.822309341778633
6.024352522680243 6.999789161567962
6.949830521320865 6.413044598361149
6.9142822385701805 6.528965104420771
6.919977854893332 6.526543314924075
6.925514363494134 6.509699594398265
6.928599080197358 6.507126944233963
6.3426154453392405 6.9184314510834
6.22142301294175 6.991233723304814
6.891928187296296 6.765661407927955
6.470557038882573 6.868015292707966
6.557579030060249 6.84155116562184
6.413530772429861 6.873503592627327
6.562667162782479 6.838967986950989
6.161287591211114 6.994555428657671
6.893407230916829 6.7588350434603015
6.429810681006941 6.873104397289299
6.343775610430421 6.898556468406218
6.850686753791785 6.81358681700928
6.350603441190658 6.873677387426184
6.623547135411791 6.822583345130676
6.303597380303793 6.9891034558469745
6.89102666719125 6.769822632180811
6.924605072005083 6.5186749810609435
6.175445533161282 6.992678482590114
6.350092330537457 6.888448488156465
6.963622459822258 6.401404358098666
6.942874756655546 6.495321223931716
6.890543109826975 6.791141218687415
6.799289258664705 6.815394006852471
6.334482516027604 6.9856632016243925
6.518584672512065 6.860074612247613
6.965724010100315 6.38219527857554
6.556827283471656 6.843774628282991
7.8133459339181215 7.9253634502586126
7.865887090652141 7.724182781682245
7.9378841165933345 7.0906342796762125
7.932850755343723 7.244002802299452
7.189050742677427 7.93190188035502
7.9364725054974 7.101630265080226
7.913855961837792 7.485226126562122
7.926152206855201 7.431243579500004
7.143894364761676 7.974177055565573
7.847646929498825 7.828200738393593
7.913795390043777 7.575857727080428
7.867934597747698 7.712262553253984
7.458347126380326 7.928804076376583
7.850386818500221 7.8132402017545655
7.935359199503331 7.160565660116036
7.948081188578976 7.079787545159903
7.494317107858796 7.926662473448841
7.8992599175062335 7.6098033250828045
7.0247661146458755 7.975006755872008
7.007497251424727 7.998798582423792
7.898436247538459 7.628433948338867
7.8846495078783345 7.649748753527353
7.928830428648935 7.404460389985071
7.930765696365946 7.297069235317161
7.843598410800064 7.918163662298857
7.998710429722126 7.059557812537066
7.220668464920527 7.930482648622196
7.863804434877114 7.781895132741692
7.882749493445691 7.669206296639664
7.958203850703106 7.0678742820413465
7.914043047497606 7.467555319895617
7.156805054429164 7.934258843902663
7.8952157934685765 7.644382497680932
7.870182878992988 7.681621446012946
7.111200042323433 7.974748368352946
7.798372584349628 7.926260215839288
7.838266955623123 7.921578653528625
7.194039430080395 7.9307775276222845
7.910330188190037 7.601296495642896
7.148835618356588 7.9405023287445875
7.9348502090039945 7.214404384487437
7.143966814641357 7.95475994814245
7.967963053781439 7.064909910717726
7.932118386709691 7.294075782777542
7.908862038879567 7.6086481326867546
7.884148737859307 7.666807875879916
7.813172107650461 7.9260224390330425
7.9783499461082314 7.062175406604918
7.929538668796477 7.403456963896188
7.5519245246075855 7.926607552080995
7.864184151807033 7.731870993378586
7.91164717137495 7.5926924651724645
7.833221766337328 7.923272281754599
7.935821056370139 7.104445925837414
7.168934891800932 7.9322394969311825
7.846755600187685 7.8311506344628725
7.914046927129488 7.4615871967016485
7.011952635014069 7.9842864035673715
7.561998351892801 7.926385955223535
7.008052735780639 7.997021656618153
7.219970786175553 7.930650564135805
7.934848415924959 7.221677784191325
7.9228270020084075 7.459574114212546
7.339484321079302 7.929139375494518
7.9235153088152845 7.458182153896842
7.929909538502042 7.375262121792818
7.8591322300728 7.804508972579625
7.9567911228598565 7.073265083308375
7.862543206691765 7.801439910274612
7.949151908234925 7.074520009872193
7.946613143123994 7.088107313161171
7.858471506450424 7.80500300244176
7.844019665263464 7.867888479689657
7.912858218326601 7.589067262719213
7.845058476504053 7.850654659639597
7.9988010458138605 7.049402878619902
7.144112528323694 7.941345561069537
7.885044208503279 7.645017451501396
7.940422461505953 7.089783216438592
7.930653567607587 7.353548531886343
8.52260805527809 8.294236580132882
8.483434191221484 8.97897463921701
8.832259264863982 8.053739691468996
8.491209278722275 8.308389850812988
8.74947671786666 8.289555501248726
8.891794080152769 8.023050383997457
8.503086796509216 8.304311838222153
8.229362311473363 8.991870964425717
8.306814219046771 8.980987691434441
8.797065383703998 8.155712926748775
8.490847073333036 8.73506737117185
8.999440883878158 8.01424567647951
8.104940133183119 8.991945332560828
8.079027717531813 8.998765076721552
8.827503927077776 8.133810513910095
8.617503563963725 8.291422873528084
8.84087803168561 8.043505321690924
8.7723738361252 8.162044414618164
8.75518959625306 8.203722720482736
8.970184159603711 8.015642773227649
8.49442277825946 8.307288702045064
8.749528947718115 8.239653217710146
8.484469197342403 8.735383610729707
8.068253916850487 8.999444760615875
8.850429681215878 8.023186971806856
8.78570639569241 8.1575088683336
8.097694915330653 8.996247988042898
8.911629341539438 8.01789319302106
8.822660256116128 8.136005369812752
8.820961496640567 8.151145136265496
8.764563154727325 8.203693714523048
8.654037777300939 8.289771265130195
8.240204789519565 8.981929358044821
8.232232658815548 8.98496748190485
8.843460536123628 8.030070293220128
8.516076377671602 8.294955560090282
8.840804524754093 8.04955248713067
8.080071016191527 8.997493833394245
8.491076910228266 8.63840188069599
8.832146971246525 8.084685125468898
8.48412314965953 8.931813052460104
8.596769315534594 8.294170578291173
8.954948400285124 8.015758307597544
8.936736768866052 8.017605389107624
8.237954640185832 8.982128118850614
8.518780198699135 8.294726433806758
8.90786560704569 8.020317042200118
8.484392794533896 8.805075853723197
8.296534148823914 8.981805427533684
8.809887646285043 8.155605128420632
8.751982289773647 8.218850860290491
8.50778003157671 8.304212769859465
8.232852735495133 8.984643419033171
8.766633950232345 8.202091060053824
8.786031832760488 8.15622757994219
8.236575619540508 8.984538928122971
8.491101707749365 8.343239817826387
8.231861280110738 8.985125817345644
8.78573610102444 8.15743207608942
8.63871866177381 8.290353764593254
8.828769028261652 8.093749337251264
8.928734871135877 8.017765735779568
8.313964532541709 8.979827535725738
8.841883413330073 8.034527531091376
8.431021723599118 8.979658866916642
8.77222942181803 8.1896407734579
8.598427535661825 8.292534045617296
8.907115788665385 8.023004549834853
8.495805686307705 8.30536022788747
8.992072309147588 8.014256801784978
8.911947676204681 8.017788205940082
8.767340448118254 8.199829058478619
8.311092341931314 8.979910797609326
8.8300759125765 8.084996798991654
8.979850426869714 8.014454845603474
8.749860854611674 8.222636852818566
8.776264568389983 8.15779222767617
8.10132612288779 8.994694071135578
8.515245567726396 8.302822820304504
8.231654262192112 8.987687622469638
9.583771028582802 9.598319732658839
9.790533483295274 9.596062367633726
9.26638473542623 9.643904959519151
9.799197397214922 9.32848729594489
9.188062018532538 9.762215960642347
9.89884605475082 9.012875166859326
9.988939402903991 9.012174555857369
9.108481691496888 9.923758023400643
9.46495769519215 9.628971064459432
9.45060060132314 9.637627129003778
9.083536071389036 9.975966366522217
9.850861568605394 9.147306410060082
9.819053433521074 9.258381528260752
9.856696859740477 9.115249618287189
9.519406406968367 9.601638085398418
9.799078603537716 9.548526977009447
9.192338605054253 9.692847642201956
9.839247583905497 9.223972533099657
9.892708124205033 9.06988601220251
9.245870694531664 9.673894900784429
9.161956639236992 9.791095049126213
9.747746777692115 9.596272916706587
9.137731762407356 9.818166863698627
9.810856792212642 9.284514312852925
9.017402516974279 9.978056026865076
9.318456647619135 9.642060710738027
9.888649319604989 9.078241840476899
9.416033450772323 9.639487831520714
9.496485644868846 9.609283929096298
9.245413984171613 9.67568902211789
9.796924955214449 9.548988609868
9.100778934381271 9.95750987461002
9.129832816616473 9.850505450596474
9.82209216506378 9.233513105458085
9.098025210040793 9.96826053614926
9.809317196255488 9.30542927879872
9.46862985713846 9.619093894932767
9.282585352603332 9.642605294824115
9.800529470861271 9.322590195146825
9.224179939753617 9.6898387452758
9.128223070208554 9.881734723180617
9.8424914662741 9.184485126572179
9.19030929712408 9.750544934111659
9.003224994194168 9.99935328614187
9.877474465542969 9.10501353337839
9.146250876298824 9.79901520801932
9.878184188636196 9.0867852526198
9.601206271389765 9.597913441148934
9.38901200575057 9.639818861114946
9.851645128986258 9.13640060147394
9.145425421710414 9.800211605298605
9.139554250182208 9.812494897700832
9.246996914113915 9.659454426469846
9.169499779761807 9.771368690386105
9.896602307585681 9.038128387761164
9.88320817937225 9.083767998349595
9.896308973677224 9.058959415891547
9.831784890892932 9.231230487392407
9.125539089071427 9.887545627516607
9.500808953791648 9.6089090027112
9.124638028518643 9.888591037192286
9.16761518022 9.782762594775114
9.130523550119909 9.832358135020666
9.228347533544737 9.689175868098614
9.56902596721185 9.598818464555826
9.12058973022567 9.889038222371529
9.248351592855995 9.657158042707756
9.708952552604831 9.597417498300963
9.0064427134905 9.984599371097575
9.128608668292827 9.864439314832342
9.479315596468359 9.61555299061193
9.845895518920463 9.167953307154137
9.484388768486177 9.613211945585237
9.970353075247882 9.012678896559237
9.886298365261256 9.081591353914257
9.800885721074554 9.306481462367723
9.462475244967566 9.635876629706232
9.864844192419582 9.11062461359089
9.519079330513735 9.606046640603289
9.246047455761524 9.672661894575546
10.84726293945275 10.717322864047091
10.373680841212433 10.805732062500432
10.325192407343643 10.932384966275428
10.858852053436989 10.239774490668873
10.891247637659106 10.11328595696438
10.049082535753822 10.939901364530243
10.748823492291889 10.768212908191002
10.87183257912803 10.172929952805521
10.960516565788922 10.030161366634042
10.52537675144098 10.788425178216876
10.87394825843937 10.136710141824697
10.372996920194488 10.884502609785958
10.004045093151468 10.975382829270545
10.934728715046758 10.112212592552979
10.0265512374869 10.950511261153629
10.371908979538716 10.927875732178645
10.693260971676766 10.775723627117976
10.772669428534913 10.718011494883234
10.85730038036107 10.613322317900078
10.668908206968458 10.78835619375021
10.89066542074055 10.11962100739368
10.771719276103477 10.726615196749698
10.952709861099661 10.102252663873216
10.430629035579296 10.797459111942645
10.046743097590587 10.9426879328649
10.861477233170422 10.180879786245884
10.001137784725017 10.982866409839838
10.970249026416978 10.025605053240533
10.955328752292424 10.087394830469963
10.696279176300578 10.769714411596432
10.939518557696235 10.102581709875817
10.204999186929088 10.9341791999623
10.762494853334529 10.737744858596976
10.689857585579642 10.778391673060067
10.861025217133154 10.20102480412942
10.886576714230388 10.129653803940414
10.729458610063416 10.768514157266438
10.034232633497394 10.948969705616925
10.010647396394958 10.953202246270665
10.957949793986607 10.074952295863158
10.986007970235326 10.020521152200098
10.407848651550385 10.798678696927619
10.477328486516305 10.794039604828736
10.287011938101427 10.933267045742964
10.460027698040719 10.796716259966457
10.159005381372866 10.934320138798718
10.99158371226938 10.01298468921126
10.761380681447852 10.745644711359345
10.885772699248458 10.134677735683141
10.966723110646926 10.029578477551336
10.857489830318038 10.452962060351643
10.858190699198262 10.294210485373625
10.410738542894773 10.798367636481569
10.334703092128816 10.929120639659276
10.960465729200664 10.068233960634167
10.849072061936393 10.71711925502817
10.853499281094395 10.700750581813576
10.849795294626373 10.707911188906511
10.097148736189236 10.936052821407472
10.852126019756188 10.70602287432282
10.48501823748095 10.79199775773026
10.976984353183068 10.022737546740245
10.88612821482274 10.132309279820584
10.957325939515531 10.08186928919634
10.009427812752596 10.971198808723942
10.760695074231284 10.74864941461299
10.879672398182375 10.136603614527042
10.148419639127804 10.934847209055576
10.49608400608808 10.78872875047997
10.887655955615074 10.127455635687491
10.855561660150421 10.678938541128483
10.998210861716943 10.00608668564031
10.856175473161192 10.667137661546104
10.386909042481815 10.803714199712916
10.866587356235723 10.178322235313159
10.066567953967983 10.939322541683353
10.99616275607706 10.008218861627023
10.85815371717819 10.317231617662882
10.326795214621537 10.931004218392102
10.75589567440077 10.751677825853484
11.861277590161283 11.595597483716391
11.289926881095706 11.715151632856806
11.803954835147165 11.59816460539809
11.921669936286689 11.508913745975573
11.189455543924282 11.880282044533873
11.293653918490886 11.675212592490519
11.67796256683832 11.65160572804712
11.774655945741552 11.634341707126962
11.96083291594275 11.345817893927828
11.268048805841758 11.756782937218093
11.048299095824872 11.905237965570453
11.03065979813033 11.948350798531733
11.26007897794268 11.858465213637391
11.340278452320666 11.65977403389411
11.971315904080647 11.338971108878809
11.43244658783086 11.655296873852139
11.95460580355317 11.448898484136487
11.998941867961262 11.048701372018312
11.900785190269515 11.52376859338708
11.90801995349112 11.520636125306014
11.933799848603146 11.486597069000586
11.748309522399373 11.65130859057296
11.267754902623013 11.772135372907174
11.015426521715815 11.9820667117092
11.776082221905025 11.615525367682846
11.288557755175406 11.741764503031494
11.124192478459994 11.881196911894206
11.075691267763348 11.903132889234975
11.995900081047308 11.19689260824226
11.977108348142885 11.202696670248564
11.998524256533122 11.181543436984413
11.789972942149374 11.606804775850842
11.775000503954113 11.616631919698078
11.762897782085803 11.642023786438866
11.878166338575182 11.587322873863076
11.97498002557838 11.332230867790612
11.976552998466229 11.312814006955339
11.20512509419239 11.864282598843896
11.892242516540847 11.55946466727351
11.895042950084102 11.549732967652528
11.094112661692451 11.888740933045408
11.916288803299794 11.512808955119805
11.955942883645887 11.38353536983237
11.047744287893039 11.915485765644837
11.940253066076192 11.468758247132914
11.297887650409589 11.66816093758328
11.305636696704918 11.662222334825257
11.630773580096527 11.654429985282933
11.265038610056987 11.842351442944773
11.266517202530432 11.809936858071268
11.999742027306546 11.005577340386424
11.223861957995522 11.859956402844835
11.517853221939705 11.65525437243019
11.889950758543446 11.563009359741354
11.923341554044665 11.508847518764364
11.029950586423269 11.967317496250168
11.885046398322542 11.584570001231533
11.29332068526363 11.70586900494483
11.087750192062737 11.889011840616725
11.957819153261687 11.37660393796191
11.29328286964319 11.711726901644777
11.08683217621623 11.898587711416429
11.002096207069583 11.987683003701187
11.959302487039183 11.346663985810869
11.009703656552244 11.983201816504948
11.944603028750059 11.457874688108552
11.036643758547182 11.925946162043271
11.92982417111472 11.494237322014092
11.758600204289237 11.650885715313846
11.045932137082799 11.921405306936801
11.812953900869688 11.59690403940808
11.943442958628799 11.464026560503308
11.861942650531017 11.591504778934537
11.995996209880275 11.182065212014896
11.419277642673382 11.658638371950499
11.897263094915541 11.54735640051193
11.111240937418975 11.883195180333487
11.190163838729463 11.869502109437686
11.26541266754375 11.837847730316826
11.206865802532505 11.861166220932786
12.737297257135891 12.177719217400055
12.493801622957111 12.342965135996339
12.184664694123764 12.482761571312153
12.6102877234922 12.338396194855497
12.789678227495882 12.074663616666268
12.94017538108162 12.027426607904134
12.24188954100415 12.479255000435941
12.757829725432853 12.10509086310968
12.426195671263617 12.472623683390491
12.171677106361653 12.757096623882
12.970124970737658 12.002829178271181
12.171688204103667 12.60271005128167
12.02861959791491 12.888094147484287
12.135069829138587 12.807928852494262
12.904811827978511 12.055622181693584
12.771512933237071 12.074973309485438
12.705515672801067 12.26781329309305
12.71262051973402 12.259794390582732
12.141001240852951 12.802565639326312
12.62011696858913 12.297946585985454
12.849456790493441 12.056847097509959
12.062837932560615 12.873399790028143
12.381670537215864 12.473997287924648
12.013708939148076 12.95812691325709
12.37491566559899 12.476677034850173
12.95640506489664 12.004431141331079
12.064421882624114 12.873045504465153
12.724216851158591 12.233305263794726
12.092362679203184 12.854288530595378
12.478110105011414 12.387701986892731
12.134686568384645 12.835924928178137
12.90738813516012 12.028770997395945
12.62090982272131 12.283196043403052
12.01154394378525 12.970737863825718
12.459418637326532 12.415968452019307
12.821107207534494 12.057899590034681
12.457875711221247 12.463100384620333
12.747697011794093 12.165697759144065
12.324816379604759 12.476972753150761
12.724156858864582 12.246965422103706
12.79504936894501 12.066764156657818
12.64452079487032 12.2739814206305
12.01789957941447 12.92982752706694
12.742920603273589 12.175757342975983
12.056376391389824 12.880999808832737
12.95010930581532 12.00946669276503
12.542449588286855 12.338727138505742
12.492854362441195 12.372022526850651
12.173627321096692 12.594891866175752
12.841260650563637 12.057521276762118
12.161111427330294 12.76223376018659
12.867645674063942 12.055955923586502
12.176788536411934 12.54768035678228
12.015893985740217 12.956413211320704
12.177483864335453 12.527092085127407
12.624696920822883 12.281534157545297
12.611796831505993 12.327121312633441
12.11316201630222 12.84374178228975
12.731568684016848 12.216082308612766
12.45377641564116 12.467349982502306
12.647050284371531 12.268842915880603
12.71742081472367 12.259736128750275
12.128075185157984 12.837197418140667
12.067661853118546 12.865134815206787
12.234705028479539 12.482474290783836
12.802871502163823 12.06340050698256
12.752590410437966 12.110466722678336
12.021908065252385 12.923377924897418
12.050519734126532 12.885108064029875
12.473615653085178 12.393538322636877
12.538272191264412 12.340218418288838
12.905832713256517 12.042741195137543
12.725627902857552 12.228279589942833
12.507660004793511 12.342737112767587
12.009559076634005 12.979727416859852
12.145298834691978 12.76440545195194
12.71812856942958 12.255773490070386
12.46510064068557 12.400814367051357
12.375789958957487 12.476097775884002
12.02062596877895 12.927254686052304
13.274882655491979 13.936146202979625
13.577000799769598 13.192781958626043
13.348114698946567 13.831038651580073
13.594563987590037 13.055016624600515
13.012851448867892 13.98161655121125
13.456542018357451 13.326565196748332
13.16610575105619 13.97051672825162
13.940350734319082 13.050886542899148
13.443099295685297 13.748773641623043
13.491396434263088 13.31748348337947
13.335885056669733 13.877894070533179
13.223555782158101 13.94959582004303
13.3602432536976 13.772847453349714
13.448686296041043 13.553622080941564
13.430524432872165 13.753691584604308
13.45470735964437 13.341864505373197
13.55431076009195 13.275837757498378
13.361494737418786 13.769609316514032
13.30770520059746 13.904698575565954
13.585206536151444 13.131933753498537
13.339484951297687 13.855258115289443
13.54882110244383 13.29680961117214
13.977750386768445 13.016311111958203
13.03005813477456 13.973407425840588
13.222824665392 13.95823697955818
13.800685876198749 13.052393427843073
13.988865918017403 13.012812038301508
13.3583883237604 13.826806574844854
13.573800729090546 13.240590864687352
13.298102364059943 13.92789778112477
13.421563890209969 13.759874690901771
13.310713915932277 13.893059478764759
13.245603482738183 13.945393918339308
13.443496207663825 13.56612779077467
13.776355062159688 13.054570780150978
13.949548606270623 13.039198156310896
13.594458770573915 13.120385175907796
13.541136974509067 13.299566069459132
13.31660996271659 13.881613705804925
13.998302259920138 13.008479358046223
13.574762031155363 13.211539017784917
13.9014591451037 13.05215975465337
13.338089393953034 13.872147359570235
13.747102018663432 13.054829640439026
13.415262544468815 13.765875638242814
13.022999068577146 13.97780536787625
13.449098773430816 13.36130474636727
13.55433049061923 13.247856297148362
13.143876796855098 13.97315244608819
13.28037145532365 13.929596763016946
13.521232632469893 13.317198453434722
13.262352703885115 13.936644379144788
13.483598501700806 13.323716436765812
13.338767665362402 13.859707743052619
13.45437244476711 13.344348698267298
13.315534872949655 13.892492198081914
13.956860421365128 13.019200292761528
13.27584947342317 13.931331017866668
13.230473671472147 13.947394730382488
13.474926592853853 13.326053206556372
13.446836820275593 13.559572390099026
13.22002942756976 13.96003191841255
13.343375367778648 13.834066898194404
13.308650295898563 13.904153597904205
13.529084371706967 13.307359916948265
13.359068463912845 13.78003087025338
13.580839175416154 13.143467789059317
13.303705472593725 13.913226897665368
13.45060370377065 13.346674999136473
13.984483318650822 13.013199227978625
13.436399116163418 13.752551688848492
13.995512363969699 13.010670764511762
13.592065368958014 13.123626831665284
13.941942641300749 13.039418062911976
13.012556666012864 13.995992670666862
13.79780060332181 13.05302962696198
13.18129264798937 13.961035384574538
13.578343104749967 13.155192613924571
13.30369010407989 13.915237895828238
13.95666705498599 13.021744621549793
14.878062738178487 14.008263503186896
14.7078006457861 14.982206842852852
14.734607013982156 14.916320914189644
14.782551602860746 14.206215408706361
14.289904127188068 14.99815590975086
14.810665014289405 14.109736273594352
14.7825478283571 14.487663799698998
14.308478572003953 14.986249446503638
14.748524587101581 14.662526395044903
14.754777769789433 14.572703116838037
14.788701536439715 14.191083709821845
14.812834487323823 14.08705620230162
14.813094660672022 14.052960462082988
14.847314027237465 14.020989221003457
14.804588967046497 14.182503019812712
14.896902851262594 14.006786086678593
14.752442264745042 14.6239561125112
14.74223569244181 14.90569292545907
14.85815605626326 14.018059229656773
14.743738848852335 14.770818851692033
14.917454768377578 14.001059566868529
14.717484795438988 14.93797487622517
14.714278084059988 14.946962905527036
14.743261311899875 14.772465581003678
14.760141635739433 14.52557080630816
14.48635039771236 14.985208786461758
14.852361676680463 14.020209227819144
14.74572389353515 14.702466188573355
14.29494608512684 14.994343617262079
14.820776402062892 14.048362295178919
14.844795796609608 14.045010072134641
14.714914671771428 14.941750246630246
14.766116786166776 14.496928883545488
14.009765298630818 14.998626685148805
14.748466929505133 14.694972409032312
14.678508617854542 14.982566206336408
14.93572475643824 14.000406016658609
14.548792440749532 14.983986997831876
14.778855439852348 14.488975794000195
14.742337312485517 14.80903788715451
14.804022032625197 14.188454120977307
14.753698370420235 14.611805774088037
14.829607653015996 14.045447440014335
14.765827634003234 14.519587193626554
14.772975492497386 14.49641484459306
14.751496609790433 14.633807725758494
14.806588524343328 14.14544790474394
14.747891644993187 14.700911955602432
14.775724734509044 14.496152424733395
14.721443276108946 14.918187692194374
14.812116464564635 14.109063216636473
14.757977622124672 14.572646790734545
14.761851646920945 14.525129761100551
14.644561945657786 14.98389891871384
14.804103236337877 14.187581758888761
14.749531104181974 14.639515400842548
14.901903185270195 14.00615934366395
14.093568716681492 14.998431157370925
14.709023929153815 14.981823121840478
14.80735664128393 14.129214055165106
14.802585569641948 14.189579817048072
14.1598118044313 14.998307747210813
14.806402033246174 14.150875663372041
14.447391014574627 14.98603641449035
14.754051801983689 14.588800413755044
14.808672738786948 14.124649025216103
14.809761465059196 14.115935940070425
14.303054729649812 14.99108535415447
14.764783259725352 14.520484206298024
14.74998879296841 14.638956418437724
14.749266797709659 14.640415680995035
14.71821315392763 14.935379345122339
14.812402909388894 14.104840983484785
14.745587660650548 14.720949873981532
14.759490947437302 14.564929237896962
14.85855092086885 14.010888408650288
14.653039085696541 14.983340113608804
14.846376835427487 14.040368805352086
14.810111426376471 14.115109242509941
14.744816964767812 14.727376835167831
15.628991343333254 15.833454243880158
15.745203760342179 15.244923539270465
15.797819849179273 15.112791911938231
15.251643161719109 15.848659387811521
15.780959389748736 15.157656050181311
15.7075166858548 15.702716003151085
15.155102523734865 15.887587985184936
15.71980592474706 15.590874119788012
15.161552570427192 15.88226725565767
15.541278821262532 15.83469392229136
15.003032013505585 15.988529728143144
15.014162355708706 15.983308030460828
15.127371439073661 15.929850776102667
15.296369995980236 15.841563017938023
15.891746174677522 15.086093566568506
15.725847843789806 15.55678853968101
15.96297304508247 15.03335893269671
15.949579632081107 15.064050585638007
15.738799123789205 15.309137386925826
15.709847746346068 15.63887548429759
15.720092043260298 15.564148870287948
15.678083899854428 15.798163461293045
15.015999600742793 15.930479779176695
15.980693366481036 15.025689008137014
15.741031239773987 15.282605131856904
15.711634677407876 15.610407880379768
15.675011866344507 15.810190999374642
15.000487644494534 15.99980851355077
15.23835766498366 15.86906086167631
15.704303047836753 15.763871151173127
15.770285299220221 15.232857911524048
15.73289774040619 15.531337134708643
15.79684531998141 15.127484761714882
15.259171784747805 15.848178917128136
15.6393420076066 15.812855445482368
15.152068159336933 15.894018235074515
15.824615360152508 15.097300953262158
15.45345192289359 15.840394850323309
15.505268353140874 15.835188131432686
15.800018975659125 15.105455051750722
15.910966464312759 15.072548248308774
15.304562252478316 15.841273512415377
15.736667420093148 15.402008116381392
15.678084545006056 15.78634301552003
15.710316080191554 15.636272001557503
15.696807278262543 15.769972064188785
15.709407071772096 15.696867227624642
15.202806044532855 15.875112027086423
15.767718424381242 15.243895764515653
15.633218825608862 15.821201372482482
15.736083008428903 15.480378545929431
15.770714179031762 15.213545685362003
15.907596946080057 15.077499915679944
15.976287472327211 15.032359745824277
15.9854324653301 15.00313764219379
15.849789051502338 15.096203132312258
15.868700700278207 15.093376957477119
15.95264938129321 15.04095617823866
15.680347998387893 15.78300014162287
15.870439059912453 15.093366542878176
15.139805047586487 15.925017859138611
15.904853649258703 15.083984704437869
15.146899440469829 15.916331949619465
15.781762829257836 15.139361880379736
15.706412130613913 15.709736574041209
15.226843374649993 15.871913850690573
15.743361565615196 15.250440332667216
15.167295426017029 15.882206813721323
15.666419013414968 15.811242913979271
15.71274071746387 15.596521086232185
15.458941260018488 15.835772027141097
15.705537873348051 15.756692315279128
15.016748090874195 15.930342246716673
15.458273188263862 15.838256900645018
15.879077816842761 15.092017947585864
15.14885369854963 15.894392923259002
15.937895715261323 15.071135976338832
15.174306338297907 15.88147035328184
15.773950786916423 15.16073361155971
15.761585808207323 15.244184362564683
16.930492712293223 16.796202531127506
16.75082960629802 16.87075616579377
16.7921953197579 16.82120158479799
16.980442667581453 16.58581913701855
16.424542050602664 16.996805484527748
16.581433397406045 16.922610794661903
16.736825324190868 16.914775702997407
16.658110318562077 16.919068188220407
16.75857823602548 16.845891237838853
16.98694053026681 16.440939291836884
16.977671684415146 16.723365017334025
16.43697546221306 16.996687381713166
16.837027504751223 16.813326101959124
16.99029649825061 16.093822663382152
16.994960226207102 16.069550934968113
16.47459068292999 16.98347291624846
16.973285050696955 16.73337044109337
16.93357919488062 16.77758620846036
16.695631479196585 16.915106811689313
16.554658223049174 16.952337066204286
16.796606741006862 16.82113483803662
16.542876612414307 16.969668708257494
16.989286041220847 16.134617933670178
16.44168301794397 16.986336670923915
16.558087039244274 16.93222113265965
16.9963003943144 16.049812325888542
16.95364063506627 16.75196803439368
16.54767485850489 16.956485834311202
16.688893739433283 16.91874415939198
16.987051684196963 16.2871945927863
16.790083181102894 16.840344678332947
16.189776374425495 16.997853828355787
16.557416512347945 16.942359105566354
16.74637718022651 16.882951650501568
16.933009812271475 16.794508585503557
16.95893474837019 16.748796539318192
16.950542790297884 16.773387096441933
16.509362853222086 16.98086984378483
16.791155143525025 16.821482607594636
16.48938072520273 16.983062628290494
16.981751573112323 16.500476628042467
16.981490785782988 16.525045992826897
16.53190312910738 16.975176380866117
16.754352959186804 16.84836832510705
16.89458389013303 16.808389196805926
16.978946593185572 16.60558672290927
16.854736928971896 16.809122055221952
16.980699084315418 16.540052051626
16.562074759178003 16.929004450914366
16.041195955787224 16.99808548072075
16.75092300170871 16.8605500606684
16.8229076882792 16.819723682658704
16.713758626085124 16.914981115662467
16.96539575642747 16.738056674923005
16.5014867215528 16.982743123554464
16.750761221478232 16.880216974348432
16.75194180957529 16.859150190184984
16.987450604148773 16.261827205987732
16.415407356013866 16.99742816316148
16.741002663393054 16.897560833376037
16.376523038866623 16.997469279939246
16.65468024039339 16.920896255415123
16.848805603423628 16.81095834330186
16.952233447923202 16.752240361884194
16.94278487109674 16.77542003935148
16.23214708739745 16.997809351435503
16.96276146077561 16.746304808894905
16.91700053242415 16.805709743995415
16.988924980184976 16.232581920587222
16.26213731052225 16.997535002844128
16.98874101947898 16.248103016970813
16.537141401923844 16.971776130911735
16.982493818511422 16.484142381264608
16.97844098973229 16.64063494137465
16.921943926088797 16.799782709694952
16.514650998686445 16.976050260306764
16.981536544735654 16.522705673677088
16.914880239501272 16.805850420211105
16.5848351828173 16.921576690623123
16.544527976705588 16.9692656890428
17.600882529623707 17.611206060946877
17.65017583980289 17.142765172289014
17.501597615191763 17.79217621283539
17.317774158820974 17.862320888967083
17.510772822742382 17.7153309758069
17.629589876128406 17.233072280642816
17.3003681635593 17.93312847928283
17.424461793850934 17.812732892714926
17.89033328890459 17.069459035584586
17.286666733121987 17.959441977847476
17.21849025143941 17.989806799677392
17.517874285846165 17.629072918909586
17.522928310970727 17.613465355750293
17.609133803031785 17.421131867661668
17.92136221096756 17.016348470861427
17.766275494704033 17.087010627292045
17.516883100238974 17.64677970785812
17.60403620150621 17.464269960129744
17.62278838152362 17.295856875946036
17.47484712575936 17.801013732571715
17.61985376135292 17.367275279550007
17.464230301902955 17.81170541034075
17.60357884251608 17.518625643282842
17.904511113209438 17.02947292224708
17.34679375106512 17.849938114204623
17.66931445034048 17.092886038343536
17.15328373128491 17.99395079293104
17.63182621414118 17.184961104889087
17.88431242019676 17.085913297080282
17.289739216523458 17.956759081159074
17.620407800883847 17.358886016022634
17.066072396420857 17.994993776693736
17.601745934982873 17.572836033781826
17.512461171074357 17.69145743035549
17.38438549732462 17.83015123427344
17.633562656766873 17.149701286767375
17.617870091434135 17.392426909943403
17.23654332051562 17.984443464553966
17.902850711813688 17.031519451346565
17.654205189398827 17.100378558075768
17.32933949578752 17.854407277236476
17.491903040182173 17.795084826197716
17.368370121353774 17.83727756578559
17.51136404213184 17.699202725812405
17.367134553390752 17.842425986659464
17.89256474042579 17.035279729122273
17.339009137131544 17.85359804308978
17.729290072946764 17.09074992887015
17.624033313081984 17.240269562370923
17.256873874054918 17.976919163047402
17.93339870839819 17.001979435688956
17.510369957606553 17.785204437765017
17.250110996045883 17.984133900047137
17.610919934609054 17.40834152931036
17.612702471509074 17.40622614218085
17.633436398260407 17.163611469681726
17.62373008854985 17.2496606983754
17.675206898568604 17.09127955473199
17.488994149039485 17.795943116844217
17.29533926355976 17.956680747304
17.265524715742906 17.964892701909335
17.023217212756798 17.995687654250418
17.304883041102528 17.923138661616992
17.906339609329564 17.02693528836117
17.38333455043217 17.833994010263588
17.96857369478025 17.000866046242024
17.184870235733985 17.992902194177148
17.940750857465613 17.001675486679947
17.33918465056639 17.850306774749406
17.613327686079042 17.39874565137193
17.65033850790214 17.129958934669254
17.260451620300586 17.96871049937367
17.31767472343934 17.88339043675308
17.4141292059903 17.816170914616876
17.137614201317565 17.994779300639415
17.603077148365617 17.530321357677398
17.614315993149834 17.395804701713207
17.6407072621156 17.14760136754929
17.673535174963114 17.092706939106833
17.891357111850134 17.0677904694651
18.335606259310467 18.24506897602601
18.38458686960535 18.13093373559925
18.237929728259648 18.628770505383823
18.648946283818287 18.0866504550846
18.00343269485192 18.71295692092144
18.2533020945643 18.480036090194147
18.703057258936326 18.011515796685963
18.269604323575834 18.29748818863705
18.171366450245173 18.662837650245404
18.424212231196165 18.125413715414624
18.66657265905768 18.06402834592276
18.103461415958474 18.666583589784736
18.690249378146827 18.01730751023469
18.18169144785819 18.65157752312771
18.376451991657113 18.2036035043097
18.89774243137471 18.005802727059294
18.445748032562104 18.12104021236977
18.257208778561026 18.377497441206707
18.381036965858392 18.154977081982803
18.09239626997462 18.67517666886682
18.365269270373815 18.230012604340263
18.470876914584345 18.11179433787978
18.07588410991895 18.694768121063735
18.24134191071515 18.607140572133872
18.27025266647463 18.264547289679072
18.974980337688415 18.00195393266477
18.917108947912187 18.005759012618388
18.400656011910474 18.126882385240393
18.002649769659364 18.992569936514688
18.50028144582078 18.09134798587984
18.68096952224943 18.03874041674905
18.2527248505809 18.564583476853965
18.244306860840634 18.59858444439859
18.206356317668835 18.645960228742457
18.09211563921034 18.679755261156195
18.256717866911277 18.44635818523765
18.30149430187851 18.24644593728975
18.726145508888223 18.00744397995678
18.580143521539316 18.08693896187517
18.212657573467073 18.629916268563008
18.258000340550364 18.310368995031737
18.36766469570581 18.211262634208314
18.035884074435614 18.696656720990266
18.684002893077494 18.02602286082911
18.086352002875394 18.6883574680958
18.01728060716307 18.702245580928466
18.663678413731354 18.066178289031722
18.69416541656966 18.015608830538405
18.679401289452095 18.04766332180103
18.171727885214004 18.65778491743026
18.248320945209255 18.56491789468201
18.991621164167338 18.00149529376974
18.178821915576993 18.653407795007382
18.44627690099506 18.12047616601548
18.298021435385373 18.26393855826726
18.00339344232571 18.906003804557184
18.369303456602715 18.210940925830542
18.717378392540542 18.00805081020365
18.375574510766235 18.206944587998855
18.95292819003138 18.004274737651365
18.354907866190942 18.24414411240802
18.653150977691034 18.068202682325907
18.67731583064015 18.056471566806408
18.209312575302306 18.637091792652733
18.266519375574777 18.299607912158372
18.44985712596952 18.116097022010162
18.473005095305414 18.09267988093867
18.100032115622838 18.671399398713483
18.001879045189412 18.995059471458976
18.09507615776299 18.673016389955983
18.19663700561408 18.646597792678108
18.678403902941827 18.05027920673075
18.175000206285386 18.656475192657542
18.134807741096957 18.666133566292185
18.36627219001875 18.222857489403836
18.184188858471835 18.650253393607155
18.379344690973344 18.174026722128847
18.374117824943735 18.210392457482854
18.37349079281868 18.21054644173927
18.53398073429199 18.09126803058309
19.94452591291507 19.53726634842139
19.17239680941431 19.74392362105232
19.42311302635507 19.555900463755144
19.068439243280498 19.962653654050275
19.255915722572343 19.738779497087624
19.421962270411925 19.579870609327795
19.945881177949865 19.141785061473364
19.392975264519198 19.66095897323494
19.06568128003324 19.99123091713267
19.9487857452255 19.132008915153325
19.945647921863277 19.478259645617534
19.35344509165304 19.7344749472737
19.09872009957552 19.956185147687947
19.140256021340498 19.822609081647517
19.354915366289227 19.68551383402534
19.211955253220037 19.741960989192222
19.115222597288863 19.932373150191864
19.970141521807626 19.085905407161356
19.390523595236374 19.672373697261655
19.13547328463603 19.928841575748596
19.776198256280193 19.544029139204667
19.151375467124417 19.804077538363973
19.403126825479973 19.63020487925699
19.400757932297875 19.65710775764147
19.507520029009907 19.54867521682121
19.135496491689022 19.909939056580857
19.728452664893656 19.546515222272152
19.959365550050208 19.101518623599627
19.970650516144186 19.069602326838144
19.975629377548852 19.04118710377531
19.30258968760535 19.736552173129223
19.99914249079054 19.016648517805685
19.985345559442106 19.017838899066973
19.581532894948467 19.547065789812354
19.42038457607191 19.609736674314142
19.570007096844165 19.547118536447698
19.91566741757661 19.541200765525698
19.138886547308356 19.849590702836707
19.443923224356176 19.554955933936665
19.034378750638595 19.992657050480233
19.227755354620946 19.74177498013772
19.15488287127407 19.779928171498913
19.137909199196592 19.892819411197173
19.38314199405913 19.676191190468266
19.03311665521014 19.993976197665
19.17035893503534 19.744250501973
19.16965724419462 19.746866132139964
19.06828597286921 19.963541060010673
19.870870026481967 19.54259151293542
19.166139753807297 19.759781963061368
19.414130287171016 19.62514073592104
19.972588594745798 19.058518823128207
19.87855880354376 19.542509749894847
19.653476557537402 19.546522715587653
19.977388730737392 19.033539610130884
19.475140078289023 19.54887324199135
19.953514960471423 19.11738639476512
19.94575437461928 19.367754614275345
19.414486721621884 19.62175683930882
19.420540275096887 19.607241716149062
19.11082365815243 19.944959862176706
19.41597614157414 19.61322764740211
19.94488519722844 19.525014162337513
19.760436319878032 19.544648838309417
19.14609038020946 19.818872400421537
19.78643584296493 19.54340604851384
19.512364725683003 19.54768945374387
19.022702938945358 19.99684143008284
19.014085484373627 19.9988749329047
19.06818479312164 19.971206202122968
19.069178684507744 19.956466473807907
19.38859351968015 19.67432319332778
19.353611093364307 19.71516462171438
19.284709477194728 19.737727898598905
19.968840750466804 19.094559969148865
19.96741381513444 19.098359411403717
19.38561932387365 19.6760966207354
19.302623748035717 19.736275941350055
19.14709887964884 19.810008609604086
19.12805886961615 19.930459762410255
20.646136117949016 20.506356482247767
20.113050801832646 20.604512251540918
20.041170430146614 20.918491543371783
20.913265313679222 20.090336733301015
20.67741469489094 20.121883559755346
20.799201303966246 20.09308784024504
20.34101329689443 20.562139862937723
20.12555573411516 20.590794509808024
20.44957936974841 20.540698253571342
20.047129489378253 20.708183121095225
20.70630347790327 20.110685397761134
20.04882804387674 20.67776434682907
20.67252049744324 20.454022359425196
20.583168933249773 20.53873220643529
20.952308759549958 20.071519787136562
20.98555742962499 20.04694550489351
20.20003762606583 20.585028477777506
20.611836092296297 20.538204267277358
20.010193182078833 20.93396369901857
20.73519147507947 20.10385404658334
20.633147437435255 20.513882973125117
20.31160981294517 20.581731968241424
20.672758558975048 20.312077658564544
20.671188759151953 20.47091376943331
20.3125807465223 20.570802074355157
20.066274673509348 20.633485367003274
20.81498879275281 20.091865218455535
20.422645225529923 20.550077951246998
20.005682164394095 20.975763236375688
20.36617970569092 20.55998512637469
20.694299895719904 20.117393504857617
20.539308928989215 20.540629021890055
20.951878786280602 20.078634992791585
20.018707736103625 20.926968169419744
20.045075259971725 20.872853259364213
20.051151158430883 20.667823024120604
20.09130074134313 20.618001108165103
20.045206484029702 20.83513282771958
20.777251765918187 20.10169356428512
20.970933706248292 20.06791705252479
20.174018288997498 20.585935434909803
20.438103057097006 20.54536421029445
20.9874402957523 20.013849809107835
20.322808775794964 20.56990481949083
20.009954595036653 20.957728641294242
20.673145035952714 20.184540237211255
20.619939544963447 20.521359570160215
20.011913737486278 20.927564697145584
20.793925120889988 20.094380303277905
20.406267976908218 20.55282576719264
20.39874051937293 20.555149653563497
20.046841861417626 20.751387063916244
20.704619283024687 20.11679527066154
20.95730164784634 20.06892431938637
20.08552188549491 20.63322949555277
20.087050938799436 20.62901186733343
20.68261507488078 20.118161615133797
20.04793198063973 20.705364473740214
20.652544992082817 20.478253776776686
20.94092486918404 20.07877544110646
20.373408402429646 20.5587717874117
20.896375827357737 20.091470306141098
20.726241271202 20.10575124395791
20.05852705327448 20.633949218623265
20.756765847302685 20.102874224300486
20.919568645442794 20.083736431222384
20.04797158515355 20.678966285568354
20.002899050450576 20.989430352122508
20.042294651828158 20.897966694470014
20.952101476063046 20.075103574174737
20.11717642519043 20.600892652918827
20.56505983992107 20.539649397819964
20.630461296083773 20.518265877033173
20.266398978029716 20.58260566184037
20.046349666058582 20.784759035870696
20.655198887980855 20.474342265521784
20.05793336302424 20.645370705994342
20.676755646844672 20.14764001844029
20.428205879055906 20.54608411544241
20.44011169828547 20.543467178573547
21.52396253200942 21.586573504316732
21.802226810424223 21.51923148252098
21.52966069703288 21.539996924854925
21.825226596010832 21.102890135235995
21.99780381986577 21.025983964578487
21.04315227954601 21.747535430557438
21.05574352997131 21.641318399836315
21.856853925636567 21.028339367640314
21.226286841840366 21.608380055778433
21.815655042959154 21.414142814884904
21.029485391891054 21.802526238286788
21.116382181578036 21.611809566910637
21.232940755913102 21.607252587341467
21.022103054186626 21.91412935444767
21.725139301278862 21.524099658405497
21.823496260952613 21.219248806732033
21.67373325152744 21.52667325443413
21.320519582040145 21.601181838559004
21.827064211961122 21.036735366315945
21.814818700006033 21.41593158888516
21.00906472837902 21.929710765841072
21.809207981300357 21.465321007153896
21.238593463627264 21.604905497938788
21.008903838891307 21.996043272675287
21.82198860907396 21.296456330577083
21.42007117309935 21.592136414227294
21.07389969815857 21.611848480995377
21.05194315310308 21.729243720800756
21.21702789948219 21.60914804014613
21.15410096366055 21.6112802633181
21.451442593145934 21.587760905049333
21.015378806656635 21.92928022621128
21.52960298775693 21.577986614621338
21.576072753412245 21.536576269417825
21.826138472095778 21.03887478772938
21.042665414410834 21.76972332381241
21.59243357047347 21.53116184938896
21.818705518516524 21.325738177877835
21.035864592583945 21.77888638476945
21.039732818934443 21.778182998350562
21.816391312847035 21.326022375475294
21.030143829891067 21.796019856674803
21.80420649334505 21.467101075508115
21.023500830259685 21.837296061697735
21.288121114368483 21.60439264988576
21.486011187708346 21.586836693988936
21.5926443340649 21.527451025144654
21.81950076688139 21.298130735035606
21.058061301270623 21.616127166531406
21.81253237858975 21.445083818409362
21.017433194762887 21.92160779182166
21.75507587230337 21.519398660029175
21.047438276933153 21.72956257142901
21.026492367526423 21.814974446212414
21.89572693133628 21.026678104510232
21.82294144474302 21.27582170322614
21.297354195412403 21.601353498124897
21.82876223400772 21.02908997393934
21.40068975920586 21.594767115213898
21.059126439202217 21.613605100021598
21.194579891777728 21.610026514073596
21.8129221597915 21.423305043361367
21.987868675360975 21.026069112199913
21.95307496516859 21.02647806452268
21.025696565330026 21.829457539642313
21.032587171841495 21.793299621050057
21.33273080326152 21.596821336414457
21.82386728523528 21.112618782696035
21.437073022768903 21.587846269610377
21.055106395264538 21.671369614602895
21.382077039206997 21.59679008197502
21.22132936581823 21.608499518956847
21.022657519807385 21.87254536877581
21.40297749013855 21.593448451487298
21.052422624050482 21.726062702124725
21.825577799124435 21.07768954496977
21.823142824123856 21.271390512994884
21.018310041775997 21.914617354690357
21.02478303460249 21.8370979554753
21.055009743680237 21.68276124224589
22.00537618142215 22.055304718539613
22.181199848191937 22.002142033255016
22.158238048770862 22.048554664036594
22.27522188512856 22.001957291199343
22.721810361707078 22.001627984832638
22.10393707057281 22.051994176334397
22.000855336859253 22.72860659786483
22.174835748484107 22.009233012812444
22.004767649250837 22.195467094828157
22.968062399589197 22.001222812438154
22.169272133338353 22.04188090837217
22.973497615457724 22.001204648915316
22.974220752292613 22.000058826557446
22.054415134600376 22.052876245116437
22.785408561951026 22.001544657246825
22.505552992550367 22.001922770896016
22.00223377440148 22.701511933963406
22.00371646131448 22.569746868085243
22.003746102708984 22.420916090392907
22.127038310581412 22.04931035421198
22.000732787594366 22.88222315976173
22.08581126458957 22.052691930007548
22.004895072398387 22.073299104589847
22.003121150597394 22.64201724677973
22.91118702629613 22.001346552554494
22.00468108992657 22.33780599619323
22.002486923684376 22.677250618608383
22.002390105996312 22.699651682388563
22.17213509319384 22.03108623306982
22.17278027646757 22.022917704426032
22.002532769518282 22.65188874222087
22.00062764860942 22.891753130902845
22.004022178082867 22.339473041469365
22.645567680251645 22.001795984905577
22.0003147904345 22.999024511165697
22.160704276715595 22.045849560220105
22.925900306121676 22.001264599134302
22.001500819138965 22.726060368606543
22.135421856797205 22.048777671146603
22.00166040373323 22.71918829766435
22.003718293986303 22.443935861854143
22.009766840774724 22.055053467296336
22.04515977704036 22.05392558743822
22.003869802705232 22.386446522539398
22.00364497649157 22.610829429531897
22.16942122783438 22.032966158132837
22.163186774637552 22.04211658140031
22.003358222468496 22.636312290138626
22.02205454523839 22.053989174922
22.151951324389493 22.048770432600534
22.123831501520026 22.05092479977415
22.000425682828077 22.892452605233
22.1722495354566 22.02895375282295
22.587424808833116 22.001881656176334
22.003392198898194 22.62822282857787
22.179859673238617 22.00734235604095
22.837223058161918 22.00151793353453
22.00487920067942 22.178248780295448
22.00276075984963 22.64413525077181
22.889220216100785 22.001511039403905
22.161327084935923 22.04529869541036
22.002644506854732 22.65080691385006
22.00081663991659 22.83336844653243
22.11293100196347 22.05094461704834
22.693427150554797 22.001771013938892
22.000388638930005 22.900365943202903
22.003887973332787 22.351137858704057
22.00469943012154 22.22520558645218
22.003902995191655 22.3436896411934
22.161381785049315 22.044495270160557
22.101479355028587 22.0525980250184
22.015270595673353 22.054405624760957
22.126379393208452 22.050514803387816
22.173731575148004 22.013615905683217
22.02161643758674 22.054160413815282
22.195810891033506 22.001983537925383
22.749045319695256 22.0016226946499
22.052188052277153 22.05346119085935
22.004997202289182 22.062077579296837
22.05146673938139 22.053767215653014
23.69077749322971 23.832621246125893
23.978732659658057 23.585977404520257
23.074707166260808 23.99133720717844
23.943725876795042 23.67884473037961
23.465992110504235 23.881334216376263
23.98258752438219 23.454083431162864
23.10368526697266 23.94435165768204
23.457489315589385 23.9018241504213
23.889854103765888 23.75405318995028
23.52147305966958 23.857126256627932
23.987265072301547 23.38752665541248
23.331234929781616 23.926067116981972
23.461651312875535 23.89551326351829
23.92188861153548 23.73188193471202
23.262665845531156 23.942101886245574
23.88093393065763 23.794755200338916
23.843474161407467 23.80206850021218
23.887137046005385 23.764613286175923
23.994938954812458 23.36975345695161
23.97922354844989 23.47544404916201
23.980829764240312 23.456633490654095
23.88926005639682 23.758670227301106
23.308630745140864 23.937982646182444
23.588208754544024 23.840901142146027
23.76348071252917 23.807172242322928
23.33318537284614 23.920852176770858
23.954115758337487 23.59136532610401
23.516534231779538 23.866082850265133
23.999335347427653 23.04222591763637
23.48287051481112 23.87535876347212
23.999061228695208 23.29901503442137
23.100559940939533 23.945841326466503
23.34419629711746 23.90957258077089
23.952572072077523 23.61191978505994
23.68550474865583 23.834445626377818
23.555351163193723 23.857030592067275
23.917698655276254 23.741868012914697
23.7138845464589 23.825364283092487
23.451521926195426 23.904274031772076
23.75141411310016 23.808112520957696
23.942818623539583 23.6816520453747
23.999237908885934 23.045047129461945
23.29054649327185 23.938504664930257
23.308639127372903 23.930609073897095
23.675079899859814 23.838952093040486
23.939613865314495 23.706971465078553
23.73645172391508 23.822836753206968
23.991048580718193 23.381115762073513
23.753169572849163 23.807706925301343
23.077161488078417 23.986448057576744
23.26651047225735 23.940463750665906
23.985931071541188 23.430470069661734
23.881547268236133 23.77258178722483
23.936667840853488 23.719316086126735
23.75007794964452 23.818464589146302
23.114144491995845 23.942630292214556
23.467490635073315 23.881237681789976
23.065421229653385 23.992795043551787
23.979192331644494 23.511898582360473
23.623490194612334 23.83980597650096
23.09086866157041 23.959569400345924
23.972130542756496 23.58700843807178
23.58796825197782 23.843626408579155
23.88616861284985 23.765414173214253
23.94688247601124 23.635030370195693
23.999203626315293 23.053326051811776
23.680920890275107 23.838334927758446
23.998214061663834 23.34911382492085
23.312598404992013 23.927524882561165
23.96418388466468 23.58838862976612
23.998911629332405 23.31617276390117
23.80264059363868 23.80564598104378
23.949025732631696 23.61404036528785
23.571941047637452 23.845542020848576
23.99804635481204 23.3628479990381
23.0589143830176 23.993373434517345
23.920877103835263 23.737855677841587
23.68448323211409 23.837296591226515
23.4220757492083 23.90646200488404
23.14002929247319 23.942513085715007
24.13278827085592 24.22900746923011
24.53674254159417 24.006299769259403
24.366674238490617 24.15860567795608
24.13493404266162 24.16371708704802
24.041766490274714 24.740079745387938
24.515878042532673 24.083988716238466
24.052076035720187 24.680293473984783
24.125806448689566 24.420203270573097
24.10325489007851 24.657883055722518
24.000508512979238 24.85472760520952
24.47414509892424 24.111624300297766
24.004571191986468 24.76231936838378
24.38797968240175 24.1399508960806
24.11073460302118 24.59764917868602
24.893914927751318 24.00393421127129
24.511329007759684 24.105188646287797
24.975399767382623 24.000932021972364
24.115268605133974 24.551195471099813
24.38787924126493 24.14166343663914
24.148426237804266 24.160498160545725
24.123431193528557 24.503822241260853
24.524549314105833 24.06917048557395
24.429933292405217 24.12555465684267
24.13047889151214 24.23164073348132
24.439211491998797 24.114382441751395
24.379822440188818 24.141723268181863
24.060057858198437 24.660234157162794
24.1286118124455 24.385240611865072
24.102992936884483 24.658491872963193
24.004325809858383 24.822459977305915
24.11250893278025 24.589241140047832
24.708351025910858 24.00528167998725
24.18382281637658 24.159998401677676
24.081072127964447 24.65855956072354
24.05114228143328 24.717464079536523
24.107733838600545 24.601850546074125
24.387991196753273 24.132860347150046
24.1167426924577 24.5149348689116
24.11609859530868 24.52668835911329
24.044069916535914 24.734598607809595
24.115806620438377 24.53328224969092
24.50690410992204 24.10918137757056
24.243470061227168 24.159548043548806
24.52666036990151 24.047117752130486
24.125077600587808 24.444204421984363
24.0410522027375 24.75635186832075
24.93166727999845 24.001330059581615
24.123807597650064 24.50328964103273
24.378954490167047 24.15054495928332
24.01008886042741 24.760574131454273
24.105889578594265 24.654930765776776
24.53500575587258 24.036097643120886
24.129647333722918 24.264265656680593
24.401874970090063 24.12613701971229
24.133004193475703 24.220545332237528
24.51212280688973 24.090044836060546
24.655553496864787 24.005768382155125
24.057019874848223 24.66308515323647
24.12186683266371 24.50866372695823
24.906201467628403 24.0015639065242
24.11330057004755 24.57710014073443
24.514581883173964 24.08773537232509
24.835129962955026 24.00509131267022
24.14488346740916 24.161626341574454
24.02618317973391 24.757199263380876
24.38820563833174 24.126935233131125
24.125019442336463 24.45370056922893
24.45475114275683 24.114040902395324
24.176418141519417 24.160086519382997
24.439068196996544 24.117000885077854
24.49341288265984 24.109775947081477
24.000050914101767 24.882899330162708
24.05116035066004 24.700131111656937
24.012219798664507 24.757915581622168
24.1089288129945 24.598288086713957
24.366971070332124 24.156746774747425
24.120406279472643 24.512560225699506
24.041360046357045 24.74752888717106
24.141640842621563 24.16163867765579
24.134107835907 24.16442641965435
