0.8718401048794922 0.38619699982986566
0.881314265290079 0.18479844361398567
0.5294294202389286 0.5566305473664117
0.5084397425910517 0.8058176833408345
0.44662557348446286 0.8605515027458757
0.24602634652368283 0.9449862321439344
0.030045439726667733 0.9910256442160682
0.07666866466982014 0.9886699923237927
0.5761987425639916 0.4763249754354806
0.6767211443758716 0.4664560460291024
0.8741303998716556 0.3069855308351278
0.9315170455358638 0.0819563073768359
0.547697309341633 0.5323017678378317
0.8717070659335188 0.39554977461411645
0.24309908071837594 0.9543310435595153
0.16783799103610608 0.9739989242616361
0.2602787262121127 0.9244139125007877
0.525192805861658 0.6985566886527136
0.7590743122888896 0.41670935147335897
0.8852553219488749 0.16263000626706114
0.5562534681886229 0.517715649251665
0.8582799906473096 0.40065326593442596
0.7196660829279118 0.42393149940204833
0.9872578365459685 0.04411230518299036
0.5650523346601637 0.5135734348916066
0.1915939578803535 0.9651578961058845
0.2687293947559627 0.8892005650216483
0.4753692368083341 0.8585724841338512
0.15509271347760278 0.9776921998447962
0.3068444073909845 0.868418562993787
0.3067247965554192 0.8856512571364554
0.7891220057518231 0.4113215298320324
0.5097296063312896 0.7556410900078622
0.8911643030338954 0.10375694791750523
0.8766581785253231 0.24376281653665988
0.23404683857846975 0.9543801042541261
0.24748687286283688 0.9358524592005751
0.2678889661670939 0.923464303855486
0.8723254264098215 0.34898612068151513
0.6622271048553772 0.4718377818728545
0.912945749184834 0.09617232237770501
0.9976514581684536 0.0051969325646753495
0.9473712211427223 0.06601291429721501
0.7516934327846652 0.42166131121619177
0.522907257178988 0.7262390000221297
0.866972356766996 0.40050026420750884
0.12470903587342941 0.9860046017643084
0.5308761148679837 0.5498484748627959
0.9453224661395596 0.06744505011008561
1.778781712397178 1.7494305394657648
1.6983446894055252 1.7643914772376919
1.49644505753324 1.7906543635465977
1.7925358466437635 1.353481641937225
1.1199138474339048 1.9583934297056498
1.8897460667176862 1.0798207636567856
1.5395418269403685 1.7716747220718294
1.4088170380083547 1.9207055130320934
1.4342955287787533 1.9085842218015132
1.910853991884165 1.0622223942154836
1.0528351650750047 1.961764197456895
1.8561399926186717 1.2325960976368942
1.131857293925557 1.9275675717461356
1.822729342994692 1.254029465620943
1.8657909382919677 1.1038436504934506
1.411641012613646 1.9155505724058162
1.8124095952256007 1.332401698178971
1.8554269376939612 1.2498393630299067
1.8879594369676296 1.0956547611744036
1.989720740579144 1.057063299065335
1.7844170610889027 1.3893252282187982
1.4840332723924585 1.8252905825330727
1.4920974789559356 1.8067120147690248
1.4366937798217851 1.876217357262088
1.4448111709106906 1.8543536758243657
1.1265325549167526 1.9369885051598048
1.4614389035270108 1.8333768102383683
1.0131100806804294 1.980887736241152
1.9286345844077135 1.0585445658915722
1.1864465277672815 1.9231113894930427
1.578587148054244 1.768307123593242
1.446016472725438 1.8492971619603238
1.8642019928378608 1.1136357420932579
1.8567803508102112 1.2177140267938327
1.039939680200123 1.9683465848345691
1.4631485228319787 1.8312256117432169
1.7830135242277496 1.7226651000396958
1.024531247240011 1.9802623828480375
1.4543611226366338 1.8359591145888694
1.767334440872546 1.755446201079935
1.8482883449591876 1.252696952605377
1.7868245996672822 1.3553686536598624
1.4516573850545154 1.8450922741438034
1.9182633420733977 1.0590151417298383
1.4348885680930885 1.8842918676217058
1.8558351414751852 1.2380921781748482
1.604081732189328 1.764944175048105
1.7520900287380017 1.7637427418030491
1.8602786843424841 1.21208625261372
2.1557885975570477 2.726212105253831
2.5609089533734792 2.5094996230724926
2.8149442417270074 2.5011159348171788
2.120977032219569 2.746987912688084
2.8227278013787807 2.0053812879748034
2.438239711511069 2.5816630852868685
2.4810177153040454 2.5655108814422003
2.431245661035863 2.58851661170428
2.365179062970378 2.6005866816563836
2.1079631907518266 2.7628464497238694
2.0859027290430947 2.838283165573664
2.140830626650584 2.7383339456378675
2.0649685779008853 2.880111824774286
2.0570883559963864 2.9822389165707075
2.217504584134037 2.607486677890381
2.0302023017055997 2.9853229666517125
2.816217396226997 2.2858571588619423
2.990638101124317 2.0006076372484536
2.181334118536413 2.6925974465634535
2.345299562487319 2.6035754507070537
2.7064696948949143 2.503477614643437
2.2003710711149833 2.648883896675115
2.091175121887654 2.797933058527945
2.965782376407309 2.0042982238166953
2.0609609328732454 2.9641241753984677
2.150800766226769 2.7347755753729275
2.507078218206422 2.556977387156861
2.8180804922294267 2.222913080701191
2.084941066896893 2.8535119388955628
2.099574001929573 2.7717088291523515
2.6200637109470586 2.5057553924592533
2.1715946067489895 2.7153556050594925
2.7283143224277335 2.503449371276127
2.2011510199588167 2.6264919014010157
2.1880495638542854 2.6507334193548093
2.542123471013272 2.5195280939453584
2.0190934444646 2.9916446012436007
2.0638930906897293 2.910362352082977
2.0595515411376524 2.982047383974909
2.554928538755394 2.5150834442113092
2.483762727578668 2.5577663473979193
2.5361844999014993 2.5362684270609486
2.465394686807347 2.566807237812821
2.177296347215478 2.709780959610808
2.5953307809362975 2.5059488352769757
2.788151129700951 2.501399634216147
2.3820018480090406 2.5942308562219427
2.120852571641432 2.76150135577861
2.4503932886040785 2.5707754285195348
3.1642589796424496 3.0038067268635644
3.1356654257628622 3.774149800597386
3.149209316565848 3.6993183000645082
3.0804268904326824 3.8497599045597526
3.00387198989492 3.978669238071813
3.139561832521072 3.7638837587880722
3.1230519885149723 3.828037380761215
3.0622035402919883 3.85753925544876
3.159720457054924 3.324306627429318
3.149894847635853 3.4872285728293733
3.055714486883271 3.9071140268545683
3.0417220172100174 3.908869946140846
3.0109343304477347 3.9118756548318214
3.1619663289561055 3.1041140716531945
3.2798451006832123 3.0022834849012296
3.095424064169583 3.8464029161282283
3.1346613158750216 3.809321373305096
3.1547789410534763 3.3836280265137417
3.142873256557061 3.7295583157990024
3.4161567881740207 3.000993651582415
3.001646703275915 3.9853327023028626
3.0066329450038523 3.9563883961278457
3.0604760978138366 3.870787357498382
3.1559024890670484 3.3430867756604004
3.096157325750156 3.8291217422757398
3.021909275200294 3.9099659893315657
3.159734819221851 3.1539032192999383
3.1410501284924885 3.7364358927239603
3.15423099549796 3.3979316916991515
3.008760591843352 3.943587028618923
3.2239612786532614 3.0034558761719063
3.139407552028209 3.764119442353015
3.1494038570152796 3.61313136302988
3.0093571176944995 3.9227111861791317
3.8710136354729565 3.000476212650365
3.1522631782815274 3.4081073140256812
3.0942220481014093 3.8476940208645023
3.667424366262189 3.0008562802758756
3.1324740435876253 3.8248593432391305
3.0544905876288153 3.907169998085243
3.079731681580741 3.8502198548826567
3.4157325132434 3.001333073732256
3.15775849807288 3.337489890434637
3.056714211841908 3.8809210550776854
3.163617562155996 3.0562119362406834
3.057813657410629 3.8715486751205215
3.937238504823477 3.0002073513203653
3.164115913285057 3.0548919013377662
3.2813427151496795 3.0019870833233666
4.557141928645345 4.812771072777393
4.600807594987425 4.169919717449862
4.693626261142332 4.137798097520045
4.56279540580845 4.803062567327319
4.920293546553285 4.043724551481214
4.037992223793523 4.927751881328967
4.383687681817524 4.9213060376901865
4.5629157351062 4.63070495276982
4.7635017910272035 4.044900104186158
4.952039943379187 4.0428370989183335
4.594350071083264 4.564026435636909
4.606440370822097 4.138746251909247
4.694824173321571 4.0754421099522915
4.594310386690782 4.597726758492224
4.576647112665017 4.617798286017327
4.39398412907249 4.887271894745259
4.1218374124830905 4.922705035091592
4.02658008310764 4.975669810365502
4.3889406880093125 4.890749316733256
4.749194907611768 4.060993600355664
4.422461932004909 4.8785621041982665
4.035867543476871 4.930692939684857
4.59532189054827 4.322602111165092
4.480354947638786 4.846188569642043
4.9954936712322215 4.021851752643803
4.510478587648168 4.836002341409402
4.449068083520794 4.864450981019382
4.604153969464496 4.169572415020225
4.4243062962694015 4.866039266018367
4.530536258324071 4.827094562394388
4.968114221486583 4.025811785536542
4.811275498879506 4.044789943940259
4.73592403681995 4.065102765544825
4.547830717963192 4.816005145258964
4.013843963279625 4.978387282864099
4.993758254494815 4.025802427390129
4.505626742359704 4.843156259225868
4.56912202648212 4.61816783008488
4.711029272018676 4.075321383939425
4.595439018317634 4.292160409130652
4.461262121333061 4.849125713393457
4.957077528308439 4.040382375301789
4.717530191434708 4.071795886117571
4.526243719260263 4.833550737777256
4.596424959058096 4.17242159053675
4.387433438291332 4.904271961394116
4.08981648628928 4.927692640459143
4.595004119621759 4.4602018974179005
4.268911196105685 4.921496649082623
5.709208906156483 5.644881557029239
5.976597704640083 5.109870948218203
5.934541304900614 5.4391316985322
5.383380398885336 5.747979228869788
5.38305030680832 5.917041492760475
5.940622533649675 5.194379235170055
5.494155000711507 5.715302599760635
5.514416185182791 5.6570535917433205
5.86119358738648 5.586756995437956
5.644406066672213 5.656491042133882
5.141623031749218 5.9285536380834944
5.954393729073253 5.115825137175852
5.842580738381748 5.6011513673654045
5.910108194452176 5.495383183455499
5.803360926333742 5.620136474776313
5.1957438297133685 5.922394073508833
5.718347298481123 5.629159204241924
5.987405250104163 5.053319884536442
5.486534364748019 5.74379135011696
5.881385920281986 5.508131202410649
5.837522846742407 5.616055437666787
5.944333922711917 5.172005957798394
5.938974817470478 5.394445275514739
5.984836812981412 5.053900602675986
5.706587741049972 5.656219044556611
5.006383247104967 5.938793158820181
5.48852518355146 5.738970845900165
5.8721951671355495 5.5141248102806095
5.86625636555871 5.562627536629352
5.513034385586048 5.71118537625796
5.993395352774273 5.001928428290199
5.490098453881083 5.738463915974943
5.233516799490157 5.918312769271685
5.413925430587976 5.747612731233056
5.769820351218271 5.62375802069543
5.898121915675612 5.498681314259321
5.992111830047769 5.052742719897626
5.00835123358636 5.935312109286053
5.872159663242989 5.535561730245549
5.523168455104277 5.656624749265705
5.8601920055613075 5.595539666446472
5.002805190974764 5.963503306825335
5.235968841499844 5.917076445026539
5.953754052910427 5.134775175830849
5.71752138549761 5.632896673491992
5.9921415493282435 5.030079061631061
5.9267952774145725 5.489807260422592
5.490198372414717 5.734278696295587
5.411235459909073 5.747752319119387
6.887046066400515 6.132893881247245
6.336239973501842 6.266909775311374
6.00453711366497 6.994439757112072
6.884673409961878 6.1578771958129845
6.58232952222015 6.239461252998448
6.111916054300768 6.463627592059657
6.041136494489825 6.831997911223192
6.834246117563131 6.1938097955176525
6.919410134880708 6.001542069957144
6.182588657037558 6.272895113631576
6.6916893204101475 6.2011976188040965
6.081533199083807 6.754901469571057
6.1196866491063435 6.29927270573266
6.895314931807114 6.055211140065342
6.406054307340585 6.252261954855037
6.669571222846606 6.2110528098281765
6.617854189423859 6.236982654952766
6.917040921498735 6.049156074110197
6.096571010315039 6.675522893223327
6.104243226259786 6.517191999398538
6.621872414891814 6.23650472857391
6.024467742622025 6.879656294590646
6.044883517726872 6.796720011997474
6.064373002092243 6.788253144489088
6.101408428932267 6.537054267356771
6.812310557666995 6.1944116900732205
6.04057603357335 6.846849934326385
6.378285454802694 6.265187105690229
6.023963853603773 6.8993076993463225
6.458135440670828 6.244685713006682
6.086146162022271 6.696781315906467
6.855875855054468 6.165971921154378
6.415631757805335 6.24501653660755
6.095057164634305 6.692718211212906
6.114541926121277 6.422324967764053
6.484046516212864 6.2418113565925335
6.891735466216253 6.077721584330613
6.626759744931649 6.222829457586537
6.124783605404891 6.28917050946266
6.009894430474621 6.98636025994775
6.222141179177234 6.268257646975288
6.094654080360102 6.694573432807016
6.109349753308124 6.500208955788697
6.99504116872598 6.00087349182852
6.918961566057609 6.041307404907905
6.175987655536926 6.2874024729229285
6.039899765424269 6.861644783179516
6.117804507640198 6.3081522997102315
6.733449978597989 6.196038525136393
7.795601248804054 7.085545201784843
7.097635890489744 7.21149050317178
7.827603129593188 7.053321754206965
7.065626411334687 7.4809482975684976
7.174471913046679 7.095796786791311
7.089780623399511 7.318383079183268
7.045776586546929 7.829087095250174
7.705472032018656 7.091096517560226
7.097901571579362 7.174222220548775
7.083910453756008 7.4583344946117895
7.965228741765931 7.005743514395837
7.06342734338818 7.63486703965766
7.8818412007999115 7.005778177539173
7.166220649134372 7.102480934269488
7.160369797784814 7.162302854203921
7.031582227476695 7.965966430047661
7.634977311345426 7.09538649907917
7.095097357804279 7.284570896201496
7.088563131362875 7.451233051513482
7.040115548786906 7.899537976374524
7.747949803882232 7.089402045252864
7.032537270573844 7.932351336851037
7.02082965747984 7.99355621350931
7.054663371522333 7.821352981782542
7.097455006296123 7.261699276514004
7.089694774967818 7.387794345597799
7.037067276421884 7.910566496903265
7.821335877921025 7.085047664652449
7.055282215799234 7.6747470567636755
7.164250091664996 7.135201466348279
7.702901552091259 7.092167841313572
7.287400627038489 7.095755872514693
7.057579070938982 7.657507525547561
7.98845977029179 7.002585039702636
7.005623889007328 7.999281198386806
7.832117039710538 7.035725588076951
7.090982259743596 7.303183343533814
7.095786271583546 7.2646286514804554
7.082639159750923 7.477247655330293
7.110175618026826 7.166037508539457
7.975631304907452 7.004359954119469
7.530652104069211 7.095554143928254
7.102506434113727 7.172858629217498
7.165311522282202 7.127370590273303
7.868245676072833 7.020391194436261
7.781400746154182 7.087338462593042
7.866191343487735 7.029071494244617
7.097489392788825 7.249120979891318
7.0059366168742825 7.997228117755824
8.478074947163565 8.210027365191694
8.752296470456445 8.179636109780311
8.308939296615184 8.367406220485307
8.24302515783643 8.411882465844387
8.301368893635358 8.387938731656934
8.003334018843194 8.455765265813
8.302546187196471 8.385411019924693
8.390454944047686 8.212345766748575
8.756940092347817 8.143604568188197
8.617945865263895 8.184243726571871
8.614916830372138 8.207017315288633
8.382481448299428 8.226932938237232
8.002717153723513 8.733044005110651
8.139937785573784 8.45371150377402
8.984293924557281 8.063327836025449
8.383843052696449 8.21609875563527
8.197521308175377 8.44646372926204
8.230993914445241 8.437185618730636
8.327361303691426 8.365170578839752
8.77238428112009 8.080565320561806
8.375488432122571 8.331129538084454
8.75774857974928 8.127065850880905
8.003261771214346 8.6227345069901
8.996251953055413 8.061685144043455
8.78645923984798 8.071919357035203
8.003162394280512 8.711362773501447
8.893529584245863 8.068168136916132
8.3441959565354 8.363172194125573
8.92080420620334 8.06462829506775
8.241420843308896 8.420399257010658
8.273119820229676 8.403618110944114
8.347889809863899 8.349861254402283
8.347753369193885 8.353138391484983
8.36248303657165 8.343102764700703
8.094446631269314 8.454647780393028
8.23784952210115 8.4253340606345
8.251498152108299 8.405717166396494
8.16263279314738 8.449719255624721
8.576985558483216 8.209779815889753
8.897425074747279 8.06471005959351
8.764478832631823 8.123056838045406
8.37964165161243 8.291046564842343
8.279849807884597 8.39549256530619
8.878125104898466 8.068178255921085
8.676237150401803 8.183917222672594
8.168664728949093 8.449594996640345
8.000395465689868 8.931886127937524
8.722211305254708 8.18200401001147
8.77217725780583 8.098061398008731
9.32247132309697 9.092272805568918
9.309619031207585 9.79877516960273
9.086773195015807 9.988785556177833
9.317427308500816 9.355103617843593
9.23662327614774 9.851492487788407
9.158581444522085 9.967808858998021
9.223113147243827 9.962306656551334
9.790014046492436 9.035234286118218
9.73998226579303 9.074053704972494
9.234807057180802 9.857043366910885
9.914051638131479 9.012820343798573
9.126389105832505 9.976281322116861
9.314059032671306 9.487862753277502
9.453557195918997 9.092231958006733
9.321824776529068 9.18225194340579
9.224579369766408 9.871588076787372
9.318005348751626 9.209234195856352
9.316012420150724 9.467955203166222
9.477757413537974 9.084111133949019
9.29954738442416 9.851197014811195
9.770499927947617 9.038493158098742
9.900768709993118 9.031517120282428
9.952883504840695 9.009223414927797
9.983243753842357 9.00859963756825
9.94149273985023 9.010429600183365
9.644594943829109 9.074208016111893
9.089187059674044 9.978525645449174
9.615922489366374 9.083627381524984
9.223687146136571 9.879679600964897
9.765017541027829 9.068493662932651
9.316358147773112 9.449515468044218
9.024449156267645 9.994759381875635
9.310186210284115 9.693252470183541
9.313673602932422 9.684217510512152
9.30282439229088 9.82630888562247
9.316872787308506 9.423625486296618
9.939271925134397 9.011056161902724
9.309125544983631 9.800116874362004
9.31747741313443 9.21654126564908
9.777953298266219 9.037748865794633
9.629625231808385 9.074488884873034
9.88077848193289 9.03505966699343
9.321981181490075 9.14410247018382
9.397340040005881 9.09224283694581
9.30666306704322 9.807231412075131
9.903734691639732 9.014185292374819
9.145355077986103 9.97336749545599
9.03293009457409 9.988801638681682
9.106539249844424 9.976281372389876
10.681939401756066 10.857530494567248
10.067076702299191 10.870781560953894
10.86129071875752 10.805058817901227
10.871158448349211 10.629148337039286
10.022702831208619 10.972861592417432
10.925908948667303 10.280729820111059
10.849950202048381 10.856472185221177
10.040301765238834 10.92739291397649
10.968996238147142 10.144760061887878
10.957902317632508 10.193759332720925
10.900070124749805 10.563116393162693
10.064187261316885 10.920248184369433
10.920033807065758 10.281177136679508
10.362380571221427 10.866226720872467
10.981600548557122 10.118936283124958
10.93848435455803 10.267068646258814
10.654873549372464 10.86484007324085
10.900570205332976 10.42202125310982
10.148359153883515 10.869398604744749
10.91640364632184 10.32225246653381
10.992632096754654 10.114882940671558
10.235617318078372 10.869201899832044
10.910607174718912 10.402723532502256
10.37976991628869 10.866024972623084
10.891721410636842 10.589635689571331
10.868011980352438 10.656725188860797
10.033166616160027 10.95077098383027
10.976673280587967 10.1212470330082
10.445395238178676 10.865119043276591
10.993963030115909 10.033760962856938
10.015291988096232 10.987431687129611
10.939714611985893 10.230207955561502
10.866400526098614 10.716612102835644
10.95132486821229 10.203892312897494
10.065666098458864 10.898047521751321
10.037768212168427 10.927464174318422
10.915167818017098 10.399905814876067
10.868288908572474 10.648803208710163
10.676628816832817 10.859757781659685
10.888545541446124 10.593651271786092
10.018437712838411 10.983971661623237
10.954293164155896 10.195902867114867
10.994900266897186 10.022425513938611
10.702901396526453 10.85696633793365
10.041001624739202 10.922828609435859
10.876319542814437 10.60406676331143
10.88052281513257 10.599175806926032
10.932588602993889 10.26785781962628
10.031469686972757 10.962939973850956
11.793309468711334 11.252153845862562
11.263787959101597 11.844957601143525
11.349819439469947 11.534802809927958
11.72520766391857 11.518712233021727
11.889290558728746 11.246634941863821
11.151687684987856 11.927729704906874
11.734960539905064 11.486348992000437
11.758552804340601 11.327218251268988
11.897274784732264 11.1886879991605
11.950825997379763 11.12879394332727
11.906765654655032 11.135476960872424
11.347715097853408 11.656119116225453
11.241721500626612 11.914777497341767
11.967543213079928 11.030117553461562
11.882353573479595 11.25174461807241
11.26078648109293 11.897534557488623
11.290113894438635 11.747260846296953
11.90333985500955 11.140242603839415
11.309763591398669 11.680302925305028
11.054163792295988 11.966815129066564
11.369528807452093 11.52287097609488
11.894088118175832 11.218680796749952
11.047073932223599 11.969178760689845
11.753059863882378 11.39508174838865
11.29386474692715 11.730521032098334
11.136854262761913 11.950527313206791
11.186469326592503 11.92366017177104
11.2229096712283 11.917613045161698
11.742902383919219 11.482306423580878
11.746677112171424 11.421696812626452
11.100942642263124 11.961810475183073
11.772748820184866 11.298963683491557
11.124264294262023 11.958159878311772
11.965906974507895 11.035338254727755
11.147279821308107 11.945229423329145
11.009727617808457 11.986476618953208
11.792861278686244 11.254054075970597
11.18212601486479 11.925775985352905
11.023565772853141 11.985999270018107
11.955578315472744 11.076843750321027
11.310224850098418 11.678001409357837
11.595516035701484 11.52171686191071
11.270739487896684 11.815193931707391
11.753832704304404 11.349694471644039
11.788751886441876 11.28600721391251
11.998783523250834 11.000879074643512
11.72999900777089 11.512130428638924
11.963488032483893 11.058071116368925
11.272766018878283 11.775986914927463
12.921691422547743 12.59685307474317
12.410676970279479 12.858473867804355
12.44713224550721 12.660522977651762
12.842730713763574 12.613987604159284
12.420487146039363 12.74009225250274
12.22065484487499 12.89165874051323
12.944556066793828 12.291586800216594
12.206617753209462 12.91985088243115
12.141662248263108 12.938629660986745
12.680532751142485 12.61414249472315
12.989348991909862 12.230320301779457
12.670340622042133 12.63621761641366
12.093465513309054 12.958928921136048
12.969015359222409 12.250022277634336
12.924528382536085 12.501181766093246
12.44200528147536 12.738504373683089
12.29436005005074 12.88409711981261
12.874570351297624 12.605395733963801
12.805240829121427 12.614095386713078
12.473380289594438 12.637756252680331
12.916515456048929 12.605034138193183
12.029739599362333 12.988599175421754
12.948491554714904 12.259642313685738
12.935563571984714 12.405647095622538
12.454315216081676 12.656943763490611
12.207497237585907 12.900363516910966
12.31240433151801 12.859002659091512
12.994212464223072 12.045125744432315
12.455601181337922 12.655627958055984
12.416598716654047 12.820897703280306
12.993690223011383 12.11067190131638
12.123731937761262 12.941797779250834
12.051269009460158 12.971898923140433
12.935702586868878 12.302434756863725
12.926327551949951 12.408017550558286
12.071095704598367 12.967827754240718
12.863106652696835 12.613598178039274
12.990294516587605 12.162816513504234
12.199339790102346 12.935884116842699
12.311098646128244 12.880773956323031
12.023764666623526 12.989678212309226
12.11033246176526 12.9562630122754
12.442628387181774 12.666110471330263
12.118460843218013 12.948206785687658
12.04566838003691 12.977001337992805
12.921977239291307 12.524458985538772
12.311481607010492 12.865367767422113
12.291459408079401 12.887150051029245
12.945546381897056 12.26166307503151
13.035021869051423 13.85214529161818
13.828936502946208 13.819044287748541
13.974249576106946 13.546397801485817
13.830138183003838 13.565224628282492
13.653651801949588 13.826102903126063
13.275018788896627 13.85104960111642
13.980042462323674 13.219719065111931
13.02406087010358 13.952490048035957
13.541611887383848 13.845444808837343
13.981381964091982 13.213514853550025
13.008622713667922 13.955820887786858
13.90824927364667 13.54929329789652
13.977091453403819 13.528811389314889
13.025576359359668 13.898302020339852
13.881960215094514 13.563321910623669
13.480066911464274 13.849821309423803
13.97731707445969 13.352379620242383
13.589613977186639 13.841752240868198
13.988967105506065 13.026084957498801
13.82951044566109 13.618094435594465
13.986941070321388 13.144640166406726
13.735398342115404 13.82122936907446
13.040655786137924 13.851408922736855
13.029287749318325 13.865961065513183
13.978122073898852 13.272014116050029
13.883244121140006 13.558899726875888
13.668430737187395 13.824767379625722
13.374175752589448 13.85098226919235
13.829246225369742 13.781376530562287
13.002286646553234 13.963005105776578
13.988442854197386 13.055051306211494
13.990531608782035 13.0186430546255
13.628426736082643 13.836687067994305
13.92690088645398 13.549024367463618
13.90266703053484 13.558365146786775
13.9741399445997 13.54871014111592
13.98267477192766 13.163058086845263
13.704756409871278 13.821365532986226
13.978110067874788 13.334240673581391
13.67506983867266 13.822280278818488
13.987780730394057 13.136540023676755
13.829168102448673 13.800362839257449
13.974721028319234 13.534748425124
13.977317935984724 13.336032605428976
13.979108506598289 13.241539596319331
13.743970451571135 13.82107032175365
13.632876221813818 13.83280614692272
13.486917671587381 13.84651587499337
13.38149943434047 13.850716066065457
14.985986805369835 14.548952753773444
14.111897852078098 14.834967893203475
14.412459545372338 14.63438233662738
14.023119402321775 14.883893908405796
14.286574155166148 14.698367645599863
14.141271115828587 14.792411378417667
14.995454629563072 14.417780725979771
14.94609756706186 14.614189036389131
14.18350191959822 14.777933074073234
14.760626304730101 14.629034124722928
14.123587929042772 14.809225660953715
14.914212468036418 14.62188402333127
14.405046188694023 14.661010224214674
14.218988349320393 14.731531767439854
14.105582449461778 14.853949260014618
14.378987704246091 14.68898031261661
14.387527308524275 14.669680798575211
14.602553284305568 14.632049172521292
14.25843888291546 14.709112480139265
14.064017971910888 14.869297653542448
14.999339149886685 14.111132769973068
14.123155059999519 14.832765916372669
14.995698605550931 14.180443347647799
14.99991770650191 14.007293411954048
14.20877076082369 14.770025324410456
14.884425242006497 14.626297899140312
14.955253879987586 14.5937852467909
14.902959191111577 14.625318451979187
14.078065166760682 14.856313067523118
14.414353223327979 14.632920463654811
14.00819885232602 14.930116900585862
14.005188999978492 14.941548126338876
14.145290455424066 14.79174611243877
14.996863690577419 14.132399692620357
14.957662543248919 14.562471385651287
14.264399955138574 14.704943555753873
14.910700541548945 14.62337756855418
14.280563508173811 14.701171993541877
14.987365124688049 14.486379166026742
14.333208011595389 14.694721568167951
14.02095480525581 14.908159554790798
14.692696051239535 14.631690468243393
14.992618656702613 14.458239049567739
14.243699811305714 14.719968997451492
14.17450856240909 14.784953850420449
14.125800259228896 14.80163418837644
14.177306738488255 14.778017727378788
14.017106052522363 14.917083745535024
14.547141374804788 14.63251074767766
15.498475168332801 15.882108063261953
15.80208509457054 15.74664704835386
15.894479517832755 15.620377463324601
15.18129001318586 15.98413648541405
15.858764476676395 15.623885672607974
15.289608140140151 15.947487416085435
15.711105776788242 15.859799777598406
15.952597880141571 15.365709022956906
15.937497029454747 15.365840340310593
15.912325484915458 15.552779040499273
15.918016627422508 15.424267118728839
15.830475511643943 15.625227551687887
15.976066544854321 15.101307476532368
15.767940251440121 15.849949604276102
15.418359554729445 15.909068523608848
15.826594414163804 15.71195965694616
15.555625061083195 15.860709349941823
15.900644019434706 15.58771492916943
15.047733583609801 15.987838012413604
15.396619761190934 15.92984620074586
15.968095993860619 15.10354022700027
15.830040403760142 15.625977438332034
15.908406645856621 15.586629569572617
15.258349705299146 15.972154918358097
15.778393587526802 15.816325451564058
15.701250787659687 15.859880527987853
15.479310650209385 15.907879226368946
15.478231401508655 15.908669098875398
15.961871022718311 15.19617204973474
15.02642691160407 15.988191496215062
15.989934260132033 15.057364555297129
15.774944242708298 15.829483714324336
15.78474328324401 15.782857989071672
15.285985513292083 15.963840544528495
15.482327750027956 15.892747881838881
15.826765263733009 15.700875175560222
15.959778274347949 15.311363817164178
15.365644153691123 15.939119094356672
15.986093382064826 15.074465588547366
15.965926645309969 15.175129061230496
15.810793756263642 15.73215296803945
15.767647468927372 15.854904522735689
15.915173022242902 15.458601780930184
15.304807314705956 15.945871126364663
15.823412700418363 15.716822333865156
15.555268550549847 15.87117026814075
15.365643029612679 15.939618682210888
15.994098537033949 15.001436958491741
15.917994145843243 15.450762992195894
16.16025938688209 16.695500026978127
16.93116914508012 16.257506694445663
16.42181578480664 16.636011126813038
16.6356395061154 16.58825239715204
16.689204899420236 16.271387059446663
16.149325707004746 16.84421592527848
16.485501096294662 16.62883341869307
16.189006421487576 16.676912082377083
16.913029649304754 16.257754054549448
16.97189336597815 16.132130291064307
16.651401107890294 16.492632046159034
16.941213790236187 16.159638655115593
16.0142882378743 16.967001448101044
16.40131278952747 16.660362380354666
16.649602117114757 16.553804127400635
16.976084680941575 16.03405374401762
16.830516941951466 16.26671075104602
16.66628315684264 16.338418160549658
16.134925037530525 16.9286332815535
16.670323921648876 16.3293358542625
16.158637920958082 16.727588101371982
16.65241892658547 16.48984958517684
16.973223115704087 16.12363536988623
16.6524345095098 16.467432818645865
16.142801693956958 16.904205152896544
16.138043018297815 16.9173472160961
16.406534570512214 16.636095727696247
16.155143335167224 16.760031569534164
16.223131821567996 16.6737904422342
16.241820858161383 16.671535351094324
16.374346938948406 16.667560291430714
16.93136614237225 16.2320020731876
16.15869353184083 16.720482237070797
16.576148120906623 16.628644783636258
16.888598551871343 16.25966226399867
16.044259014438456 16.951240971623577
16.66332955576149 16.362331287402966
16.35780614609783 16.66833326237589
16.595501773456625 16.626087852406037
16.93348638653418 16.19942291613009
16.14943634922855 16.824626171116343
16.937724276111723 16.189352267632174
16.311452762176778 16.66913441248398
16.608200818272643 16.595451505026844
16.056096240692273 16.9299886688151
16.962327896952345 16.141309383439477
16.628176340759932 16.59219781062444
16.973771281299467 16.107957730649343
16.65389788314951 16.418957482422837
17.76472591285618 17.00186226084469
17.600909249875514 17.928626930641542
17.626214611538934 17.828909115151124
17.239953846787877 17.97818521613974
17.486560158226823 17.94732794902529
17.738641402007875 17.01877795685345
17.64107472841805 17.558167454235953
17.015396921581836 17.98062953369182
17.732921771203003 17.476781358274867
17.662154939775334 17.52566334439072
17.274842394919126 17.96813828530727
17.617073568516542 17.922157474029014
17.736158890772444 17.332605936300652
17.61849497470229 17.87198181897865
17.489054808326564 17.942961954396512
17.669326246370574 17.504347198774777
17.468700825925982 17.96349874675242
17.64137089598186 17.529511280054052
17.110846730442674 17.980311867012006
17.689037495288055 17.478152320541273
17.634321739326413 17.595274619007256
17.673255835280717 17.498644870290807
17.36751073204915 17.96504906863299
17.738295777677873 17.077418061450327
17.737054345314856 17.099888318323718
17.621600826277803 17.86251171024722
17.007168380362835 17.98839955600353
17.566737685540705 17.929482088457483
17.00255845488977 17.994284658215467
17.73698799916602 17.123769115591195
17.314854234559785 17.965141314357222
17.788116682228576 17.001135186017592
17.63295634125551 17.62590306068388
17.65447042202162 17.526589574536033
17.139145024100042 17.979655597404488
17.519722659291418 17.939166784601596
17.6263726206566 17.78883297738512
17.63228389171775 17.69730763680854
17.37585128600016 17.96436860004548
17.683033009226307 17.49398025056431
17.653178080276504 17.526835059990187
17.664349188909963 17.510322298879302
17.760865409212638 17.007224175061246
17.482014401007316 17.959526785731033
17.36783479234006 17.964663004141777
17.628816407608706 17.71907257364028
17.790773161033005 17.000894214622
17.624133547373837 17.83674231578714
17.736295000769296 17.20098241933627
18.87857229922317 18.09230465714897
18.878156070877598 18.827969105900905
18.57056138665911 18.872909988383903
18.971518848276304 18.062327168943124
18.199171466361797 18.968490801096287
18.971135137602342 18.07074659696789
18.191031553856718 18.988217402450125
18.53931444655225 18.947765710419215
18.68620711709562 18.839991645448517
18.056721789212798 18.99910872975661
18.39411020575102 18.9611061057382
18.135399040824023 18.996120630296723
18.008510804643585 18.9993703740052
18.603169724143637 18.85054325663272
18.990871612030276 18.006305630719122
18.557284615781686 18.937951075755016
18.87834651769444 18.603658786822173
18.335265536059346 18.965443944606065
18.878388413665164 18.588370656676656
18.985078847965184 18.034165071383264
18.803262922917735 18.832371579661867
18.144398607812303 18.994025875041217
18.89739846452914 18.074398308703532
18.594887490144664 18.854490600581407
18.4319076370529 18.9597546576986
18.44973400578932 18.95013608421213
18.994410703205066 18.003604389534058
18.27994694983148 18.96812823994012
18.786856806288533 18.839183395352418
18.866267111300015 18.82867636039509
18.56436443730076 18.914395203257563
18.810393139573783 18.829004322397164
18.479409062158346 18.948597127838404
18.349372287999998 18.964825768360704
18.93500179416235 18.072491829381036
18.10938883560462 18.997855552852414
18.19883045598928 18.971283589817844
18.8816452475389 18.083096160149374
18.198229678624315 18.975735915707613
18.585181727106995 18.866194370821965
18.152869105838636 18.990967820872246
18.62341107954393 18.846150483950996
18.663976581276316 18.84395983411508
18.999066560520216 18.00195110074324
18.88041150407304 18.091247134034106
18.984975820863788 18.059323511671824
18.07184009723744 18.999017034753848
18.89963614865828 18.074232417804545
18.362555837257233 18.96160637156812
19.12894203074011 19.926390374017505
19.718716386073513 19.491159266780954
19.338053697681044 19.83504890282904
19.95044999645013 19.37133826244489
19.61567904621111 19.541028078547285
19.96108036842586 19.079106192359017
19.383974531829708 19.73204284817198
19.637353765642263 19.528893518639844
19.782893309743095 19.42331445653275
19.95852743531517 19.274587741575278
19.048452924060083 19.987140601903228
19.18447353657518 19.859663896607174
19.548884684177672 19.726563417942167
19.33604353700475 19.847979657452093
19.57387927391613 19.60139800005277
19.362103972252292 19.802912039493403
19.147078957387265 19.861764169921837
19.106935000334666 19.950818121205334
19.13298508140308 19.87216667632955
19.839979730887464 19.40605962006012
19.672450091162382 19.497572118346948
19.092819654347323 19.98146014153394
19.85024798611388 19.383102528312
19.76950602208386 19.44893970387534
19.195056630008995 19.851525695177628
19.691026361664157 19.49721338271395
19.957571664856317 19.2942622232081
19.36959955407723 19.79494544488869
19.89442044623976 19.373448772825515
19.998852641981827 19.061684302048192
19.970495680267526 19.066445804686534
19.567923467976776 19.702419601124507
19.22950959269584 19.851523501701983
19.374198653386156 19.772886010462276
19.63936917930316 19.51704427685996
19.85203749709096 19.37641600956164
19.737147945453895 19.478292809120077
19.57449809174947 19.58269864923752
19.8405381351729 19.394676437837823
19.58556512825639 19.568916876727357
19.57289556082369 19.622953106573057
19.57009031741745 19.66044203872476
19.104894673695288 19.95354084257074
19.727930768111925 19.478885396384264
19.72264654017231 19.48043393401814
19.786156908428204 19.415615818412626
19.382995716001645 19.751477018613034
19.112544865828486 19.945365271246903
19.64881573192608 19.510685403169074
20.195744054346715 20.319927124534328
20.01634600655817 20.47538628268031
20.721316192452754 20.28497822151975
20.94661051453151 20.0869965509486
20.745252516381818 20.09863112449553
20.070614395876117 20.356629638194832
20.0133696255106 20.6823033880759
20.29038190171569 20.303128795840358
20.003664187871 20.699185811602984
20.04698278936098 20.36079876725326
20.733036048744918 20.203426687117233
20.744669378695466 20.1821278533043
20.843824867902317 20.088026509906413
20.53181030010492 20.29138877401226
20.018340052324614 20.415677919030582
20.740359891989808 20.192745542904586
20.117941643316662 20.331380725334185
20.953230321099475 20.044435536378124
20.23697735926175 20.306855392438962
20.948149703267575 20.048314522726585
20.729309551208424 20.23324709585929
20.30585582258414 20.297922884962404
20.002331421508348 20.717593146302217
20.795144055493303 20.094425721043983
20.015507468233334 20.67254800605172
20.510281295194122 20.297901367845405
20.085116925767586 20.34099795975084
20.841340891404613 20.092998011993313
20.751871518051423 20.09530681950948
20.974754364343823 20.022676586227334
20.58423762347855 20.286150273802015
20.978935976066786 20.011519735212996
20.001757469381612 20.838406928878964
20.188036468726285 20.32129998004353
20.95834619847476 20.029854461316468
20.084268346982807 20.34725499461134
20.148170241901948 20.32772112966928
20.046115253493923 20.403625324732477
20.01223134447662 20.690453858475095
20.217147111234194 20.31014445064775
20.086945516437368 20.338361877138635
20.180207597707213 20.323527628911076
20.300649687529184 20.298584580691024
20.261639750879123 20.3054990432726
20.722771440638052 20.241479877358362
20.221434975225254 20.308404210274347
20.95423185780767 20.037624067463998
20.21220154757599 20.31485303009685
20.26903464761376 20.30489760995572
21.97855070071114 21.83296662371725
21.148310209516154 21.90439168261083
21.729964527774317 21.899758282812503
21.02832263962301 21.92490147409162
21.89534598693323 21.85819563139865
21.985544999811975 21.43175486852895
21.99070375511916 21.219205508365366
21.98096347604693 21.510923945387276
21.979312285512634 21.7985228725361
21.796976700778878 21.895556149000214
21.017244589920885 21.94605671249389
21.991697211733097 21.091618899503324
21.84500428947807 21.890323057014793
21.56742274932329 21.90328345810261
21.092519746038768 21.907080922403377
21.063229018874416 21.922834684020177
21.845186804603316 21.86519632122853
21.39673287017349 21.90363253070801
21.986362809689837 21.397414725167742
21.991920321398222 21.041199867326267
21.9905538252426 21.29608914310775
21.930078931144912 21.845716062167718
21.93234122873188 21.845624096378433
21.941104745078423 21.84360250649235
21.94929509138295 21.83675259581844
21.818857709745703 21.89156229674807
21.92242341026588 21.857884652774576
21.0220067235378 21.94488629821338
21.00790187087423 21.991995043794397
21.987607489760833 21.36783820416743
21.601258967247528 21.899925201428776
21.97199663955547 21.834058728407946
21.99816704074242 21.014863277109498
21.985239130898492 21.455911662897904
21.071792099287755 21.91678421766802
21.935813094118345 21.845621373749317
21.81551049410665 21.89410009446012
21.979683236316696 21.535671346650528
21.140635898409254 21.904499945860938
21.06430662676951 21.921523750512005
21.0261822667461 21.93271534657647
21.006583524568185 21.99575577011978
21.268001441423188 21.90411133635231
21.763918933375162 21.89613549428725
21.983000436031535 21.510101247418607
21.013371950328466 21.983553094902184
21.573618695356984 21.901550374537592
21.88672819800005 21.861255303799233
21.991389301481952 21.18368992438661
22.808751219285107 22.105199607299898
22.679329487863168 22.308727186281505
22.248923920494633 22.688410420779743
22.647273764174013 22.461693954454926
22.534994927092786 22.567550756421074
22.800919168298304 22.238442934137513
22.476111184358324 22.666357746971638
22.139626170957396 22.85153444334582
22.103779163577983 22.86171110947202
22.154128230200214 22.73685039230791
22.933416924686714 22.038762072467843
22.81105303820665 22.040737548469494
22.570440776443505 22.5354620156402
22.26925003720154 22.667333657269445
22.593877513668364 22.507514853244807
22.765117378648302 22.272894211134805
22.709568984217974 22.283260551013118
22.526239473889913 22.573251604115885
22.16586234804158 22.707654050287438
22.705926429900522 22.291686275860783
22.794467217101975 22.250884871642054
22.04854731701448 22.867665602098825
22.60071705250267 22.4654899460999
22.024292998360494 22.932692449918342
22.69645043320925 22.30232958001046
22.255414453169244 22.684401430323472
22.80139387558369 22.149992591046153
22.57936006741683 22.5135273716344
22.042026761167474 22.931143970911457
22.662624617295357 22.314127786521457
22.04273379050758 22.873006678078916
22.014168571052252 22.94866786583123
22.498205625037677 22.606337850133258
22.14498911566006 22.782364672096815
22.06416937536028 22.866816753537254
22.520080190323974 22.582274295111755
22.201529060441956 22.706839438854935
22.015819329837893 22.948243597240527
22.969814346548475 22.00960299617275
22.536715813958754 22.540836083900153
22.656476327648182 22.407892208481083
22.67489970048256 22.312444439443965
22.939659014594653 22.019239268824222
22.12659465549077 22.851698948879044
22.998503634167065 22.007394110067164
22.52305611237231 22.582107497615002
22.006141581373743 22.954839167683986
22.506990822830517 22.58302260009646
22.8101231703865 22.0667456859602
23.439612690030742 23.041061383931055
23.421309629423867 23.0427123499591
23.329372572533895 23.91176769174801
23.371933776615442 23.58095872406534
23.3686838667104 23.74847521563384
23.75578666509617 23.014237670236657
23.380787221781297 23.448359479587662
23.91808948901857 23.009750460171322
23.41121271186476 23.402157563635893
23.33312184409932 23.789392725652064
23.03243904762193 23.912522985678905
23.030991520605696 23.96717588492379
23.375807475697027 23.50158843083663
23.02706583226525 23.9861948754495
23.835971276419517 23.01359770815074
23.728071711029607 23.02589442189882
23.444886136099292 23.04054758989005
23.3580942368114 23.751063527369705
23.373079813566324 23.518604900899476
23.513509853471042 23.0269298620228
23.33470298656207 23.78143518313914
23.745716623861114 23.01531121921418
23.418270280997838 23.047992476451643
23.379995626781103 23.497608557638255
23.413330211882496 23.200996136605326
23.32962675843164 23.898024162445797
23.950232143099743 23.00036122730998
23.337503528848583 23.76966253060436
23.485076415448017 23.03397388852188
23.94357713130367 23.001215288606538
23.412192919844685 23.326179641633605
23.378570277702153 23.50016610356665
23.37051697408337 23.73355162399751
23.924348617884075 23.002764445940166
23.39331220614946 23.436354108797158
23.41114372080011 23.435895876551626
23.029359019042115 23.973652667357477
23.354489306985084 23.76330489579142
23.483905065940654 23.03499289658145
23.019669853850196 23.999506499680614
23.3724491908427 23.571146194327806
23.33291550933459 23.827734301730715
23.41678095058122 23.19602018088973
23.736893275857728 23.025149180971926
23.412731236667884 23.275097460487004
23.416861042561703 23.13681631509053
23.409086401049777 23.4362024707081
23.412745204822958 23.218347368408146
23.86257727624604 23.01037703513484
24.40061637971413 24.435448616351966
24.897707978696353 24.412245001509355
24.973511061608786 24.26716553884901
24.271315145277605 24.84127692893859
24.23968863736047 24.870894084689574
24.134289845257218 24.893296690372434
24.312752955781328 24.792403711517746
24.378312572734227 24.596107333132636
24.419506157047152 24.417184977770397
24.31281925854871 24.725480951355586
24.187941312699017 24.891939207614286
24.248225468730414 24.841301586344688
24.956581933292348 24.390977660796494
24.05320935562785 24.955251666428463
24.194196110463984 24.889730851126554
24.321825463853305 24.71767072323739
24.775990689135597 24.41229096418184
24.304053589105322 24.811144826273242
24.104403772159586 24.921191999892212
24.07449282727869 24.94366256669466
24.0126244193321 24.957152424144788
24.327170455452496 24.713986773551152
24.984451403817044 24.054870893579643
24.899008036749397 24.3969762405729
24.33177116888165 24.62517668599567
24.969571346416345 24.38467672696639
24.721818850285462 24.4162503290755
24.11985156882652 24.918361538452977
24.39206821618033 24.501207497318052
24.38453768543786 24.558469821050796
24.36290850526607 24.624999857524084
24.969687110008955 24.3033025024833
24.38298311512131 24.588547770857087
24.990475686325976 24.053509242584916
24.370556854521343 24.613712438255796
24.298057468020296 24.834497363727262
24.38300320367969 24.586126584064147
24.39640084789583 24.45907175673855
24.328613618130873 24.66990352761775
24.98091839968209 24.218919708068466
24.384953374714524 24.52356934502982
24.41838940313442 24.426436429255617
24.99078678190779 24.02493499494855
24.132326415144387 24.915532756082268
24.011670799903506 24.963624998492232
24.37753444088236 24.60837877230233
24.101631036266777 24.93388028703287
24.96071407428353 24.38751982871355
24.245573462358085 24.857556493252414
25.054398830371188 25.229941807093056
25.287631366009897 25.11005570027184
25.510650083535857 25.000187904402267
25.37425161133111 25.041806876492554
25.13577234467885 25.18861243026408
25.252258969774775 25.113454552377473
25.020533236065422 25.733657120567685
25.030896043598997 25.238195547551264
25.18645153104836 25.130297163307425
25.143128350951468 25.144468772861266
25.003377807950834 25.861746637345156
25.49343684975913 25.00554634106362
25.288381512373594 25.08296820214831
25.10396850810986 25.214285954321447
25.024643217894653 25.633771857859816
25.243862863098915 25.113926881782234
25.012797668387407 25.802085251074008
25.127621244052154 25.200954579912416
25.309360523034986 25.06370057334661
25.059493492001597 25.223585089614254
25.319261705966955 25.059758368564403
25.596168974430817 25.000063182371534
25.028123743979013 25.51966813583254
25.308121857071058 25.079330592846695
25.46066762867696 25.038981959499033
25.191336129664382 25.129655641729407
25.00699537189365 25.836083634420227
25.340119058783795 25.057310708497038
25.470710861989293 25.031007053739835
25.115147183829105 25.21310388264141
25.092130881946662 25.214802373612784
25.00064505779773 25.98570394975867
25.344794792354698 25.053928335023166
25.16352718468788 25.13684389026289
25.465282222536725 25.033106866330954
25.282885586026186 25.112727668642293
25.021081349994414 25.701293288234133
25.02884822970197 25.31126262117013
25.404985105398257 25.040670766180927
25.484797325765346 25.025182403488383
25.30326854218897 25.079813705888558
25.002298089950543 25.925615800564966
25.13989934365312 25.170511630991168
25.195527211716016 25.116948362696483
25.50710604800122 25.002353526320658
25.490181435332524 25.01341653344082
25.000492183144353 25.989456527397778
25.01429922349005 25.745925763297915
25.348026804533347 25.046053120593953
26.804520031633306 26.726121736518817
26.01163446627481 26.98086119512511
26.673958357301633 26.743016611536113
26.573564657080244 26.765189565779437
26.99705987807543 26.703809408223627
26.191360217495312 26.957336427626288
26.302026817315394 26.915707292186596
26.827932044515414 26.712722893231938
26.253639156991827 26.954297407002034
26.336248302004197 26.806310171304983
26.477959089197316 26.776940415756886
26.17034587166885 26.965578365094395
26.14421913956444 26.96567220821286
26.998596856271625 26.40752679962595
26.305338764361306 26.877186852718904
26.56445901981271 26.773951259941747
26.026599780901535 26.968800826227877
26.995884441953237 26.710849123368334
26.26910155479225 26.92810280517766
26.9993609021062 26.150585898991494
26.33722650551487 26.805380704130684
26.390174563069206 26.783211239597712
26.81828091564844 26.718477889517352
26.327106923879295 26.82878527632486
26.19173204035894 26.95473602417261
26.666916434261353 26.748623567443214
26.33168710194354 26.808763844034257
26.316199083048403 26.874294405086154
26.0098373291956 26.982351335782035
26.25526244698871 26.928414231770226
26.330466292614254 26.82118231810969
26.798095106180618 26.72780976260604
26.360357809172747 26.802897162788067
26.386368314951614 26.789037040642306
26.36415549490122 26.79982214237382
26.99824729532135 26.623145575442354
26.727242280725434 26.740024739215198
26.610102357223102 26.751171908384418
26.54029064717043 26.776708731895162
26.994802447863844 26.71161541399385
26.389583842197666 26.78718226099971
26.305080778721177 26.915374244813375
26.38287682431929 26.790972995665882
26.997629680583486 26.673336731060445
26.3193220124265 26.83904512105111
26.051041294666888 26.968261537350017
26.997600568762703 26.700839779788144
26.323752118899687 26.837004281775453
26.291394948838036 26.917025683135023
27.641116446624917 27.47337305968372
27.49730603976519 27.6581636391769
27.181780405865695 27.84005346507863
27.273389035639337 27.808033329843308
27.81731927826308 27.420449107386947
27.018823911268374 27.843926821162718
27.46479214569702 27.79153772795458
27.550619748869906 27.620619770484527
27.97440080415506 27.049825212977098
27.668970307698114 27.4720412415213
27.873622453399115 27.102823257841088
27.00177996018679 27.900538303900827
27.820346304794615 27.32157176645444
27.493363186092306 27.71320145592363
27.835972369173767 27.28303252513451
27.597385556344836 27.474103095840736
27.52190522445581 27.646152842189245
27.47240465689126 27.76586441646267
27.867545684074074 27.207812860042385
27.993063035557967 27.006564004700238
27.552891505134312 27.476493530036507
27.796635849454145 27.46160983901715
27.767918714828117 27.470330042950597
27.495264928213658 27.710662337278254
27.874995866652963 27.060682282505137
27.538129294226906 27.62264891262194
27.552746644099265 27.596456902640877
27.836494417007096 27.236563894828663
27.82718607774463 27.289556998737996
27.211277643028772 27.81402271317394
27.00078982157889 27.940923155187775
27.86965599101032 27.155293659422888
27.391744460332283 27.791766211113313
27.527102825148347 27.63735857576967
27.99669734758962 27.00277848909473
27.91117187715708 27.059102391455678
27.101978244428953 27.841223118537325
27.99048537844174 27.032224943402674
27.837796972107274 27.232571657037102
27.81831703688157 27.341217410297492
27.86880839217332 27.15600679864904
27.00980012794205 27.86505142953248
27.532017253020253 27.63162866823523
27.47268064730555 27.729274683988617
27.756621571558142 27.470925069844736
27.84083833645775 27.213638573038693
27.202803954757687 27.836413957050578
27.286054653873144 27.803269384580457
27.64074492968541 27.47372378867401
28.186221114936327 28.09568215110751
28.12104042418234 28.572466258932437
28.870469968146043 28.06356233727852
28.044913421185473 28.671650445765962
28.128878306480242 28.46863110910502
28.024086954421012 28.737225437542186
28.265553151330394 28.093949618005503
28.748632269217257 28.074516385256082
28.13137159087816 28.357623777756167
28.002432185725453 28.92144479030744
28.48394537200714 28.090230945398964
28.950085963653567 28.03418259569131
28.117606798216062 28.634768171895416
28.928582647178203 28.049206159186557
28.18537665356282 28.233909118837417
28.554893055461456 28.087573790998533
28.023622093341523 28.82622990194553
28.63755919406042 28.07477518265638
28.12395664107158 28.485818006878667
28.617852891909184 28.081730665470648
28.0087239442274 28.83771700094702
28.889159504032403 28.057359465667968
28.56916456782993 28.08303962015797
28.052485399276 28.6697642491157
28.748692052687232 28.069134327586593
28.1086383973318 28.66689207921678
28.151636734678668 28.26591851649851
28.636961158077494 28.077498665807347
28.036488909748343 28.720941268626678
28.96329371674626 28.000629513092694
28.012149251980766 28.835073797940186
28.87586711190686 28.059244709028285
28.147398204201412 28.30185424042824
28.018746110170206 28.826427052721968
28.136013473747283 28.321755403049462
28.134714816522614 28.347010481271294
28.632561685244696 28.078679723020652
28.956192249363006 28.017466141660147
28.15826967514556 28.246401431929904
28.131312659263106 28.397816733786595
28.12828329782203 28.476486763105164
28.369060057414003 28.093282867493436
28.035731136972835 28.72316110592375
28.013100767105076 28.834752397127474
28.45657994980707 28.092024964506887
28.13960917205274 28.314620185672787
28.528483585152465 28.089730632263464
28.038893516734003 28.690216558236653
28.129631914721365 28.44147763576682
29.937520178360042 29.538178713037567
29.700543692653863 29.650165433970216
29.522115374036936 29.92955238315347
29.659409389871172 29.670705369069406
29.618760382699154 29.801046240339918
29.31674741041787 29.938147038967784
29.776663000724458 29.57059883925625
29.61055032684816 29.85096063880695
29.313899430118184 29.95325862200151
29.958018450838303 29.10734175705823
29.713152497366586 29.586402079702886
29.232259647454683 29.973307502678527
29.947502511723368 29.50727743865405
29.522297554316722 29.88325696669807
29.059506591804876 29.987472125413124
29.55415212378633 29.856344784374535
29.646711271846236 29.75542821011097
29.95614408956812 29.232753031697577
29.894104920614613 29.55827352373346
29.25696202191464 29.957054419774252
29.528094041485 29.877345614204824
29.546018300535724 29.873594370172952
29.637429651870065 29.80049817019601
29.64915857493202 29.736072652704692
29.978541284272076 29.093610488777724
29.234489870687682 29.96976641085504
29.600059054798017 29.854944814372345
29.55219911777886 29.8597105969459
29.982378275853108 29.09080788923997
29.953906710762347 29.400712088842017
29.019445570629887 29.99289253059325
29.164449834475004 29.980372602423195
29.70639712574813 29.58790479564164
29.701395976983 29.63185018781308
29.954355659076796 29.333412614568864
29.668539435858488 29.650595979389976
29.463424287115014 29.930002294217623
29.876065369498185 29.565380167568815
29.95723415086131 29.208360511738668
29.657797186099582 29.675407398105534
29.949588592789222 29.41270461524927
29.157129611212014 29.98478933830331
29.112665103087128 29.98506034400543
29.651003136484892 29.718166256080757
29.956996845676965 29.219314490970284
29.987009375402195 29.034297804326727
29.255185219039102 29.957111021990055
29.238464386356046 29.959779638951048
29.90138154376284 29.54516125407841
30.719538116528614 30.989771769211195
30.937705309796012 30.936982726079542
30.95835457951476 30.82635315762736
30.67135229000621 30.995702838053873
30.13018731076786 30.999901119950042
30.76068315789158 30.971762742376484
30.953165972612247 30.93017577486473
30.99204571839553 30.766923003190453
30.98891674466978 30.767646331312783
30.878324235143413 30.94625155204458
30.986944378175238 30.785022035201152
30.968128159373 30.81227148054674
30.99551649129362 30.16902559337057
30.75983166807924 30.98128220083411
30.99504258195105 30.36988774235963
30.203824185932394 30.997920042325216
30.99308911147228 30.669650504976453
30.999741866261534 30.120451443378343
30.841245994854535 30.96629111713701
30.993224474973815 30.38785631629308
30.146996193523226 30.999651941577596
30.872207989717417 30.956763499567952
30.360037375077983 30.99575068782941
30.73721506017825 30.98687706391977
30.99523443089575 30.36552783253966
30.916166720664275 30.94444122401742
30.999250181911798 30.122578332701945
30.93386057406655 30.940496474818843
30.973306852494897 30.78884457304564
30.958239711346096 30.88449258087059
30.838915620794598 30.96814531830781
30.761704561699943 30.969483328000173
30.99868492572295 30.144640882205362
30.907875943448072 30.944468245812388
30.94234050327841 30.93285888751966
30.953622158026146 30.91451956948487
30.682417924452704 30.989986582041197
30.992450440488962 30.719661038497346
30.96357559714585 30.823938562141446
30.957253086348363 30.906914242598273
30.99793388518797 30.16860554750972
30.916813045560477 30.944238228166203
30.973219141729977 30.8083431144837
30.906731867397646 30.946106026524376
30.875510784217315 30.949758744324157
30.067782382034256 30.999979686773802
30.86374863316802 30.956862338875574
30.29226094869889 30.996869251835776
30.928270579792194 30.941652436954648
31.26310557611465 31.4242123110394
31.479342648255624 31.12329467994282
31.381243937188074 31.283909476144192
31.22754203679674 31.812146760718658
31.18535803236451 31.971077573324756
31.53180797506489 31.064207733866095
31.366803478513535 31.383085940940795
31.518512823067702 31.10275937572037
31.629458907052985 31.044406460317344
31.138758910589175 31.987327789219375
31.32912492730079 31.41249167687557
31.63873329653433 31.041743078540147
31.25137085421755 31.616306812161067
31.708953268455613 31.029658285720217
31.197699080472145 31.842888049052927
31.801311949999338 31.009336565913653
31.405639270252944 31.242928286038584
31.817415016525775 31.007697624988925
31.199449366255035 31.835168237126155
31.183672000127014 31.982689990055157
31.81874844793139 31.001701472175267
31.42980362448563 31.22431685694647
31.24433051001672 31.644727081127897
31.464657354456865 31.145171038345673
31.23829957451574 31.681629850098478
31.19761106149412 31.923150105995326
31.26136921942553 31.43470844101904
31.431683187459427 31.205420011654915
31.262332432727135 31.433084350564897
31.975716564337084 31.000487536280083
31.42375804082267 31.235253242767147
31.050725797269585 31.988137998176057
31.644381592426242 31.04073776365795
31.44349167153236 31.15842932429577
31.235721951630183 31.803252864457892
31.49576200347817 31.10314252400271
31.749782747265368 31.01522288610347
31.027935849544637 31.988809873179708
31.23123422033209 31.811786740878325
31.209717473824576 31.8324597711354
31.440750939755098 31.169362104367554
31.60743657741581 31.058313450855803
31.253381890302894 31.60308332971205
31.393500563451227 31.254353873195743
31.437798590262357 31.19017524109188
31.556001075934628 31.0599107966799
31.192015902115774 31.924396713544724
31.241360520106422 31.65076952645073
31.295408488521165 31.419198225268424
32.617915072992595 32.87479227408516
32.786157003585046 32.6913620226493
32.67028823000133 32.855567922688984
32.87495192503795 32.41282570044859
32.89840687239052 32.16970785180061
32.689334702483144 32.80470495486007
32.046505056995 32.90458114763249
32.79493423342744 32.61742610411797
32.72253090870383 32.78473931528087
32.9445767799408 32.10795051634762
32.67571186466707 32.855206709281674
32.65673511324137 32.86028769390906
32.83481310638448 32.61338196425381
32.023529289827465 32.97812495192584
32.857933421088035 32.46140116279325
32.789769141593034 32.675486086443925
32.890802071446274 32.37354817748583
32.354525372951855 32.88812434680784
32.93030462838041 32.165361390798296
32.42804529643479 32.886818148619824
32.15768230439525 32.89480812450278
32.857791240294326 32.536171413934966
32.4689754519519 32.87916883344144
32.986903011811165 32.047355886139435
32.707543269259624 32.78475659798757
32.95517000760728 32.10262263969648
32.14678655274038 32.90066074481017
32.241732552990605 32.88872297042378
32.99368612890484 32.0129241789155
32.985708733989846 32.078853033116225
32.7789452664456 32.71735879256609
32.887776640350474 32.40037439329964
32.057544652826564 32.90130144227412
32.68128578271325 32.840538564943934
32.895580513112314 32.31253221346009
32.05572633630727 32.904441491221554
32.04098776418169 32.918770645105816
32.8573131018683 32.58856148772038
32.733946435581075 32.764327809759806
32.45659790517591 32.885402759630246
32.73891650107473 32.75434473966457
32.837496474679945 32.602356769224784
32.03207127480719 32.94769064454888
32.090698652856865 32.90112120677853
32.76255445983707 32.74217153765046
32.84355457977918 32.601577935942046
32.55897396973234 32.87543644113499
32.747625671956435 32.752238610220466
33.69530360609076 33.31747156007434
33.07365117902218 33.35259106991279
33.894875558112616 33.08639311356085
33.04706297395408 33.85807730183478
33.853830885381484 33.1871119133005
33.74668327808226 33.31500012153802
33.81941010186093 33.26220866380654
33.882479830671514 33.09206271209672
33.90777967734098 33.07364201680068
33.12391758191941 33.34997304992209
33.39786580498428 33.34220626739356
33.567219937447085 33.3421653722802
33.07149350460106 33.66425527765943
33.06860616020552 33.801770892785164
33.00713496794091 33.94477940365444
33.01474632394999 33.93075181212649
33.803100108470936 33.31138286744565
33.86144771575031 33.099167812393425
33.612991874252664 33.31758324070665
33.016571693627526 33.87641589852385
33.830781439099 33.20595000545446
33.947519895078344 33.03638306500075
33.02465867301033 33.871126954284094
33.738069230615125 33.315688117080825
33.82743242855417 33.20724608658892
33.03370534159224 33.87057787221108
33.09948382032591 33.350845135462265
33.86827076968853 33.094240111221396
33.28100519319453 33.34372488808808
33.051786687188525 33.85348087919214
33.60931371712694 33.3256259260815
33.57991577982079 33.34089782058589
33.9201722689139 33.04338771783431
33.067581863400235 33.84059894204335
33.07050466992989 33.79855825870996
33.064295044529736 33.85206889581094
33.91354103403379 33.054109841764195
33.96304849137283 33.01292090620612
33.00002761671766 33.95393982566271
33.608234901615404 33.34089630289419
33.855033979761686 33.12761484748168
33.91305551494059 33.06495248785831
33.99576341040607 33.00113462214884
33.08286188775527 33.352581055161004
33.220470986252565 33.34887798190696
33.81677891266062 33.311077067506005
33.15723229526215 33.34919573099347
33.042210821649725 33.86795793631316
34.71745085655598 34.838488688398606
34.49256694417152 34.88889591327662
34.90660698188205 34.149318200364775
34.238195571147244 34.90983398482603
34.86274396499047 34.58649112223693
34.19178287697092 34.96392478240989
34.795191063996455 34.79349814417376
34.8715913518225 34.229658104224455
34.49311512761133 34.87502070645564
34.986564414025416 34.03957889112742
34.84657729995662 34.6921273231788
34.72319690034773 34.83409726976121
34.89453589981704 34.17906288327289
34.37618903300164 34.89222251284841
34.20014088644548 34.94462946706056
34.28915345772005 34.8961793983796
34.9684856541279 34.06691166846257
34.86567325178089 34.42550321172759
34.92920702791988 34.086457892565065
34.85242027021287 34.6825167937468
34.754561381905944 34.80866957775598
34.79622201741075 34.77811176186456
34.35933850334318 34.89443798033984
34.86915002229774 34.3807764905877
34.01757303823119 34.99064766408215
34.82104336618129 34.728134423543615
34.0829464393541 34.9841938901682
34.73781638777166 34.82086457136394
34.91348546084994 34.10823852838309
34.86405498553707 34.51732838875111
34.185926074376994 34.97007211409834
34.80049990978503 34.72863183578556
34.5944370610595 34.86427515318225
34.09689460875115 34.9761315076983
34.85616719696417 34.677607362397424
34.79234150643155 34.80807025927458
34.89293062643765 34.181594639186144
34.9894009804998 34.02073322938971
34.22568578120471 34.91516975962829
34.93048997209306 34.08305374450554
34.79854460914671 34.73002723292273
34.85778804211696 34.64939541690938
34.87619460511439 34.18344534155619
34.798180750255646 34.75867361015638
34.73103124289358 34.828938230410216
34.96473124409393 34.06745963253391
34.61308317118161 34.862872228492094
34.57667761377166 34.866248805988796
35.29195822161272 35.61759157237188
35.40683449703948 35.565905887325165
35.194370139556824 35.98176322851615
35.44278852323598 35.47270573342063
35.98033744289288 35.242221204885055
35.93636946444471 35.24998736555137
35.686771236969086 35.44934909359071
35.82350895092568 35.431697480987864
35.2005976749822 35.87467452926263
35.195551584233435 35.96368709178452
35.72040273994537 35.44892569653496
35.266366595378685 35.83326236380181
35.284082572761264 35.73591771620259
35.229121836608165 35.87348644971544
35.109161774953144 35.99533312836529
35.737261113913185 35.43819643689412
35.83886856271479 35.324986512129875
35.82794463196751 35.392701618808815
35.98523919542956 35.025527964475906
35.621998712030575 35.4627168088746
35.965284147885164 35.24364110196799
35.39471730079338 35.5978530829473
35.92976736864708 35.30635440423501
35.29126182774553 35.67471303238874
35.969432315180384 35.242712828012394
35.284524824737545 35.69736394321694
35.42141364232226 35.48614683297497
35.38520918208165 35.61242606722166
35.7835446707636 35.43695271338671
35.21067360889054 35.873836259616326
35.2766084384863 35.76328719599633
35.92860084798098 35.321884649297274
35.64721842976967 35.45477397033477
35.19640894222953 35.95741907773017
35.41155961766031 35.48801007328228
35.98891495760234 35.00922312579365
35.50219767791928 35.468844306235496
35.006976377961905 35.9958298467368
35.93558003851062 35.251544053845045
35.400263056696176 35.576311582213705
35.14848707086852 35.989930037113616
35.24160391402944 35.85247485069178
35.43159056898274 35.474713236135045
35.983939073474275 35.0473387808178
35.54730298799318 35.46547624663304
35.29189136941508 35.63520760711324
35.27739429562013 35.753258663789545
35.98231246005976 35.0522870949723
36.69606104723947 36.07975474886397
36.60768547177799 36.66692231013527
36.18228566515434 36.71900466665188
36.44421718355586 36.70851650356451
36.165753765451086 36.9281347890756
36.9915964037858 36.00474779351782
36.596668907934784 36.70650121555627
36.68466536784439 36.44983456745598
36.09977568970976 36.99741492821315
36.61584978019889 36.535984085224754
36.10920279786107 36.99292192578762
36.77342627494415 36.03038547334494
36.1667362317631 36.91284989648365
36.67581784823815 36.47947014274193
36.944600148025216 36.01364663893207
36.68723476662513 36.28142526092281
36.685615276292864 36.38744892717802
36.752891256940416 36.06764441525106
36.630198486112675 36.532544511129615
36.701677226744536 36.06841989189787
36.60941919397499 36.63076562253122
36.663095966340855 36.51624718501639
36.85477892064344 36.01393409670621
36.201053307698636 36.71293811453992
36.78564456689022 36.01440731781641
36.762040233053774 36.0474590504971
36.126450371290886 36.97042375869806
36.672486916464536 36.50976362622133
36.17765485025454 36.76492741384732
36.374181646654705 36.71206239890619
36.14709106010318 36.9695073048976
36.67832239789127 36.464854685624196
36.69562603752614 36.204183704413516
36.686351950396926 36.35886743960459
36.60191937454502 36.68880664708069
36.16722403282959 36.90602548252859
36.27602148740403 36.71221600641386
36.4381377766103 36.71172139852164
36.695202982718016 36.278398428780534
36.608672614113374 36.66314373401639
36.59764876035202 36.69228593426351
36.917913585270256 36.013872759387944
36.17064363987698 36.771557390303116
36.67523762531257 36.48686715764119
36.64724264475339 36.51711785408419
36.97515353217513 36.00937189845824
36.68692751297452 36.30127794695632
36.768209138427046 36.04072227209597
37.135497029233676 37.75171165981648
37.83216675675245 37.277871176912264
37.85910398579105 37.2395210106254
37.393989750141266 37.652109186480246
37.18133398222048 37.74504966509769
37.48739250305987 37.36528854131945
37.03000250065186 37.97178844173196
37.96653088162472 37.11153665511893
37.48167901429095 37.49054607153066
37.61145287911915 37.36152416651891
37.102018902953105 37.930930422327776
37.4797879547725 37.61378536992918
37.280768304313824 37.66614780580826
37.075436563524505 37.969162250254065
37.24837750630093 37.72099597883777
37.752630372513906 37.315174343816324
37.13392056726517 37.82065399501397
37.342991799719435 37.65362462761753
37.87650632492163 37.18578035062583
37.19471079162669 37.74251060598901
37.47207354187509 37.6394130461835
37.91235532689258 37.16532787436846
37.48009372402775 37.53423328877006
37.72276645040592 37.35523326410149
37.962251304979404 37.12156263185715
37.985030731411165 37.010676702389404
37.25161745419417 37.67038322318996
37.859311952597366 37.21715922840687
37.831270747312544 37.292150443426245
37.55905917677716 37.36500270104891
37.09687055353949 37.94373571596563
37.96778440299249 37.09179444902327
37.10317011732708 37.84258010606672
37.8667800975535 37.202965590683746
37.829604336312784 37.311292340492855
37.0264296939799 37.974545891739226
37.74320265778131 37.31579237859663
37.15078956685542 37.74871584196344
37.3107452725588 37.655688811365366
37.73190576969939 37.315934376370706
37.59892446071222 37.36483869577219
37.90273338341035 37.17377981872175
37.671395268210404 37.35772678720104
37.167009408118396 37.746810299089745
37.086223070767055 37.96802927588987
37.22776942596259 37.734996372471244
37.950362600948814 37.145721214925324
37.46977989811056 37.64215039705052
38.42498355010491 38.047696072830945
38.25351068664972 38.517110535697974
38.16637189095156 38.956318731582485
38.16899121415837 38.532302498119385
38.30405196649037 38.07657103192935
38.06421265312408 38.96385216906175
38.28017956548311 38.42573944977543
38.91051937733574 38.017503246724964
38.29428451864675 38.19051683248929
38.485901599236925 38.0370139176797
38.2900021692912 38.28605497538004
38.59809222106168 38.02679936309578
38.20691250960388 38.5180026521966
38.30311265304877 38.104049039636045
38.40575197473038 38.047817175317235
38.28181379528196 38.29662759353435
38.060504322988464 38.97611875077878
38.18778110392207 38.51828807944842
38.59004472635287 38.03296447674482
38.1668608169301 38.81204248760297
38.63392605613229 38.02480005148432
38.133295887694786 38.96327234862261
38.64570021795588 38.02098894717985
38.1677675045944 38.73095560929238
38.012772224672574 38.99934225428196
38.99909199057108 38.01364377105806
38.275476176147585 38.44592389535281
38.26179276579562 38.46836217275474
38.9065089460248 38.02040524397498
38.168813402703876 38.70147803446256
38.29359431288216 38.22304623344736
38.30257473204362 38.141987155703845
38.93909551444137 38.01514303170081
38.1544654151776 38.95870216483024
38.168826570693305 38.626968875650924
38.371494706680124 38.052638595764236
38.39423973693235 38.04891924545001
38.31848783422902 38.05396708634208
38.56591101358102 38.036697597084064
38.050467299728524 38.98448858858229
38.03955953423536 38.99133288085808
38.2813794472352 38.32110702478169
38.45295272132312 38.04659848605609
38.26312945951184 38.455321119143
38.25473349376885 38.50409743761962
38.474539377157946 38.04307686553665
38.314536223673294 38.075696728561525
38.47931010708218 38.037484075343706
39.58275030029479 39.361508004724136
39.66184266590782 39.09005802943966
39.62401173547507 39.337045887037526
39.431582455625126 39.4795259624213
39.376147962659275 39.5097409752498
39.30170770521759 39.95440130055251
39.75475771791126 39.08740771387688
39.95430606627896 39.03505037478476
39.32147388137496 39.63843137298678
39.0846219351696 39.96423785143202
39.511121283759756 39.430955584483385
39.35960610835155 39.59593323935164
39.31040618296906 39.83438316195575
39.80621582880936 39.065453274773056
39.04544425988333 39.98510920879761
39.265722896316746 39.95596102390192
39.37242184141405 39.54661541264772
39.54846758193513 39.402398630259306
39.339829044019446 39.60898949800615
39.54558163557036 39.40837425741428
39.63842298856015 39.23148118722053
39.44309621520597 39.434015489591836
39.66151444752652 39.168736538656276
39.31041051455561 39.763817638621184
39.908185858708904 39.05615402552073
39.966616751772236 39.02018041842955
39.64643547355979 39.1947882258488
39.32128945529034 39.66446315599325
39.30978699827696 39.92851776428225
39.00178921982595 39.99937013682315
39.66160494436517 39.156217031934546
39.62325604038133 39.357466211348786
39.794857402349166 39.078533233351656
39.56578471373063 39.40113871471795
39.57108355903935 39.38541491444587
39.52418907907933 39.42779749282925
39.31364626237549 39.687380273655435
39.65510249039647 39.19172364575068
39.18584101649989 39.95950031087934
39.13501609995049 39.96113870066487
39.06039284843175 39.97772881411332
39.63543724683683 39.324328830453254
39.44283652862321 39.45678832973912
39.31685539960153 39.68617734056129
39.395995459676676 39.48075860982923
39.32928027853449 39.612532135690344
39.27284176822721 39.955195115621365
39.94879163919843 39.041923374749445
40.121064830814916 40.58318547006564
40.63514642342675 40.49895420008036
40.2200363789449 40.557668056649106
40.295457736439204 40.521346011727616
40.08887009666379 40.586093403036664
40.991253841351245 40.19844317918836
40.788487487514885 40.318838017817406
40.142502986859625 40.566000887507094
40.835000690323746 40.28117998149771
40.28002456277218 40.53682907986011
40.510424775218766 40.51454152693761
40.56251574798368 40.51086524876897
40.782923427617824 40.371393734674655
40.714074710025066 40.42601006489373
40.00831373666537 40.92354586734798
40.478887804685094 40.51734197501327
40.921455436805616 40.26741480919257
40.13850224613821 40.57010885497048
40.0331110066082 40.82319647120585
40.055476860992954 40.776726445785606
40.07759069548444 40.7469312944463
40.928528749280616 40.26712130293929
40.99563196248176 40.12051174928839
40.08764402278153 40.623383872020206
40.94849608189946 40.2415283092129
40.00950943508796 40.86799555401992
40.64174285324219 40.45294624047086
40.217117002763835 40.55798569389805
40.92898622852655 40.25117775847096
40.430382452680654 40.51882859243782
40.62924766298738 40.506476632608944
40.667559086740546 40.443446000200076
40.60194768314794 40.50941232576839
40.63681496243814 40.4531252303317
40.65698799522374 40.44811055812903
40.67879866436705 40.42605841083832
40.00824999692401 40.987333257196795
40.74527158871781 40.4257483923215
40.82645078993043 40.29546754528033
40.21609253661062 40.55974250808374
40.89884509089745 40.27956073236344
40.95656226792854 40.22743704153216
40.80037589482643 40.307866984394664
40.07696656605778 40.76889119155383
40.03397513255635 40.81332799061925
40.222324235387724 40.54819946819148
40.96944330855019 40.21793073037467
40.158705532157605 40.56577266365252
