0.803805847998065 0.1182829410272811
0.0700869886599439 0.5273566911629989
0.8490364324359868 0.03389351465681234
0.5777670959141822 0.16835594190395486
0.016657011810668254 0.7140976682961101
0.46616923508615127 0.22660746884890892
0.3242899928384111 0.2622125619105963
0.1885366132911689 0.4924704783857353
0.7619988316171947 0.13839821102250505
0.18016785076571906 0.5144674167765203
0.19235379505869055 0.4237974755897027
0.042358534647237045 0.5740117271717257
0.397991509899451 0.25433452540395074
0.2794491627935991 0.28232991977881206
0.2768161937590694 0.3597258733139006
0.6799428216633633 0.16799495389570296
0.6868362918800904 0.1449756076044687
0.024569850057082898 0.67019745937799
0.4206972454246404 0.23160299656322758
0.03706236075503022 0.6611301108814676
0.38715002862987424 0.2596829557072482
0.5752749059693176 0.210984288964699
0.7978900172962052 0.12900216909934092
0.8759735357185687 0.03050058754368723
0.04122518744044046 0.5885856187501872
0.6340464880806639 0.1681379120986497
0.26237530280928756 0.38124022932662804
0.19105730910930707 0.45172508805656375
0.04750518710455842 0.5498048782627084
0.9166887635448834 0.0028859073625082665
0.5731898579751383 0.22577367438278206
0.028045840014028545 0.6641471811166982
0.8275708463208841 0.09226830226002092
0.12931380842163154 0.5171835520820968
0.8156016631147568 0.09797494542360674
0.8376789283986577 0.06211791842677328
1.981536244268883 1.2446978018220598
1.1564825643726973 1.850938200178856
1.394347291704298 1.491208701036551
1.2129576493154774 1.6934790423013013
1.7340378653113109 1.274288197370192
1.5084293862402713 1.4832064534293945
1.2647795532701016 1.6771467360870262
1.2048761879755956 1.7043880913819107
1.5238155978103531 1.4199414098648184
1.0955557414156027 1.958423783348481
1.1623043084178235 1.801845225336964
1.5237599976575076 1.4807280092764328
1.0750254081732478 1.9818176740221656
1.2798512668961832 1.5717332238291664
1.6057913831127726 1.2801756709001386
1.8290700841257488 1.2463372316461774
1.3206627543521088 1.50127881347268
1.5604386922233457 1.3594164457050666
1.0962088223792164 1.9018336849786346
1.7579692086141239 1.2481638672679198
1.742140285987941 1.2672586600269806
1.526710732929285 1.3608081296660162
1.9896375154683739 1.2213160750098155
1.5813192163733258 1.3025918979133793
1.9998611727404598 1.0068417766251483
1.191640220461673 1.77726519997813
1.9944022402969075 1.1951998289319803
1.5606347910633103 1.3102507000505428
1.971178006554502 1.2459689556768292
1.2668543974555457 1.6328039290888565
1.3068042263249382 1.5316243776886467
1.14028856977516 1.8957285989022896
1.3928929008765656 1.4964679520203563
1.9990202442208433 1.058049263891101
1.1947003887838772 1.7226400564654702
1.4718514304703394 1.490328741363625
2.588764199492596 2.1556467577601266
2.031959018442297 2.6537499276557677
2.9605358445572554 2.1539109286660048
2.0332422131871715 2.453357737115102
2.112201522404935 2.25048444639799
2.049477299248097 2.4454518558155396
2.286264125894091 2.155923604912389
2.0001671500271416 2.8343075533129705
2.153904547108533 2.2004898604020755
2.103256663434297 2.315029536292205
2.2399939464336933 2.1932604804385876
2.245643692653064 2.1801898694368753
2.0697874765025457 2.3370825637292683
2.0088261745009905 2.7641739108657504
2.9890042292802708 2.0324067719411305
2.021252269643096 2.6658270151555574
2.0501208865975094 2.3967673114721584
2.0089530973738845 2.689902407298397
2.014208319390387 2.6735840586856456
2.1945483463898654 2.1941321827974534
2.005192785269243 2.817394225323441
2.99619854971387 2.0009772515094784
2.13830528098696 2.216345723578696
2.1261140199363284 2.229148598582449
2.9699276210171157 2.097012405824935
2.9638705588110783 2.1447364935423137
2.265520827118684 2.173309740605579
2.008937119669448 2.7034100355170185
2.991523818980826 2.0105087086019706
2.091673050869588 2.315113213112578
2.0329865783295746 2.610277848258969
2.9684209795607375 2.1237128917439008
2.111856987806918 2.3137355702325992
2.0530759744770575 2.344245443300783
2.0056058959968475 2.7813283578653207
2.678871185909959 2.15474594359058
3.6150786001495536 3.5767230044693794
3.3726274591651553 3.8426856775366964
3.4452216737613997 3.6971337177468717
3.7892431702286014 3.566358666391418
3.326639493112811 3.9565449697624873
3.508200488533279 3.6731517440674737
3.8618421060916934 3.2040204107621824
3.549871782081022 3.5770745549126155
3.2584991995308905 3.966516477223923
3.3595334956436345 3.900156978428103
3.9910761371467283 3.188741812667212
3.111727662648996 3.98518969697723
3.5369425337559797 3.668440601826973
3.0442967924192557 3.9976795962454372
3.845780305535906 3.5605348445040486
3.936034436255081 3.193368043550427
3.702542586809296 3.5675736495362425
3.8598174132355494 3.2558369743030475
3.3894622037716067 3.839276125123026
3.4418962369880086 3.7973955113001807
3.5388763815288815 3.614990865897753
3.4380183081572815 3.8110075618781263
3.1466023684309077 3.9704213313249523
3.5485942926060607 3.600221587943242
3.85792788659941 3.4357239383175107
3.4434545980638607 3.7122395294378974
3.8588256328177093 3.306229496291679
3.4777126333207184 3.6871481195130693
3.8553348526249085 3.4936704252985984
3.9512918075050845 3.1890680643102667
3.506957615283536 3.68361970560591
3.407224464942747 3.8373831851582323
3.32903319559018 3.9446184744783155
3.852127650877293 3.5043664745374956
3.3321464742192717 3.9319456807726123
3.2825853057779506 3.9621016299521807
4.03146077644881 4.3199966961405725
4.244649109400143 4.155890361846747
4.637305318609924 4.014666719646118
4.272634517512888 4.125241500824836
4.605413153450621 4.041134598317165
4.591394981295479 4.117791138934222
4.110920386836104 4.202908183544389
4.0666593038372865 4.289474031933653
4.126554013620413 4.199841421195819
4.013275089819616 4.909856084132702
4.025104683120578 4.424732484961459
4.145542280149067 4.1862860872325935
4.791180994206454 4.003151107472484
4.091658283256971 4.233258948354962
4.097406720164877 4.222723298422141
4.417428271678106 4.1197777542644145
4.189615310428863 4.160579062781096
4.015984132853205 4.71629523684305
4.59341377309022 4.101647034643168
4.179256163121522 4.162135048655793
4.461215663990718 4.118885495000217
4.02041407153505 4.425915596676472
4.0381326659039205 4.294905684523188
4.018566835936938 4.577322735199255
4.035082896418662 4.317351815611632
4.078063665933016 4.286126675183968
4.782923703721285 4.010500388782308
4.098256289620807 4.216193312503671
4.918114459384085 4.0025782563410734
4.086573544952279 4.250139081649666
4.006775771079999 4.9397861161916
4.133327341565786 4.197591556679431
4.63691832305359 4.036204470749716
4.080691320621908 4.277672502563743
4.015918693963408 4.74186978398354
4.0783515639234516 4.284056497863959
5.573304052218143 5.980395286530303
5.63827921953761 5.231569700200362
5.594326754566444 5.888837810918815
5.9256277254145076 5.135490203067048
5.595749313097153 5.721314704326715
5.6126332504399254 5.373271590048801
5.074484497081006 5.9914901748705605
5.803380284503146 5.1467719991266065
5.908331260622286 5.137238402665993
5.776858377668398 5.171850624823437
5.633765639859949 5.326841910684356
5.650620303961293 5.210885688175749
5.604574893123193 5.476589093213002
5.945696361658968 5.03980980587179
5.596575663781049 5.664010924263717
5.131103415554526 5.981551847029165
5.692138586042696 5.208716357927698
5.952002658149679 5.000683321577291
5.60382149305699 5.486420903938836
5.7145485607107105 5.185264437695655
5.216880027870774 5.981298699961757
5.94691244190113 5.001086042073486
5.734906011396071 5.172133932162324
5.610871985517159 5.432600852937273
5.574542684668558 5.891034378700108
5.943768385727643 5.1179183506557955
5.694622133904201 5.1952148473886846
5.097340173619722 5.98952208414829
5.595876622779694 5.675609131003019
5.618564675806358 5.3624065293954395
5.882912287535884 5.14206402577296
5.612482912419853 5.386422974419097
5.703552526558272 5.185494035236576
5.635398312552654 5.248477561964507
5.606189778443441 5.468808079245599
5.6450476875516395 5.217885596173533
6.878346294920317 6.351499252049342
6.461552259677324 6.745029343737974
6.738664578241015 6.489636458923844
6.258768172086498 6.770804673194864
6.016399233587254 6.980408724838925
6.940418499929736 6.258057535367954
6.2346799634005095 6.82732719600894
6.434703983620329 6.763550458430546
6.556489273659397 6.72680548274215
6.694129257763022 6.700208220173219
6.115369415271088 6.904964276863659
6.777713275903493 6.358586175413072
6.1459079493216295 6.846998224961344
6.989424859513542 6.01526066713362
6.941472422042507 6.104454761786918
6.015830097440027 6.9945303506471745
6.740873709536206 6.365449584232681
6.072249948384926 6.920635959224856
6.974279239268228 6.035655213487197
6.0292250964375835 6.967364630591305
6.2065565866383885 6.831751450796698
6.89779162388119 6.283861147060982
6.629346457424746 6.705263222862857
6.805168181648167 6.352987257961962
6.936287414718221 6.266710835236785
6.120615218371734 6.860779639964874
6.563468928263783 6.726391207669357
6.605601122497319 6.7203532406573565
6.948670078460426 6.089018017807001
6.719728858140519 6.5218783046543525
6.984883937067082 6.023036402460874
6.946393904147878 6.092789155924205
6.246142927978051 6.8203787861499015
6.6996947074988284 6.643767703517174
6.044315013646283 6.937937395607381
6.935825100484097 6.276109073535992
7.6963425766768765 7.089463166436969
7.74983833027447 7.044765762712898
7.541975072735715 7.638656865169981
7.120435606776899 7.817336299312128
7.272944501081045 7.813192793914468
7.615868903660804 7.328060759081502
7.387096976260761 7.715336620013796
7.55734623405683 7.414415299103855
7.388216626233908 7.668990715778774
7.682320537044086 7.115619968713532
7.082785813913198 7.902411371948735
7.655257368163348 7.302704264025777
7.295009894309782 7.811318556683372
7.379030371039551 7.78171332761136
7.024911776885145 7.968367191374578
7.086255677813928 7.851075189663428
7.666259903065143 7.209943283786896
7.8624730395628 7.009132790693263
7.51165308196422 7.663764289744441
7.654636435615789 7.312402543761574
7.6652571372412295 7.214744422174281
7.791679236524171 7.036704615931992
7.570893481470903 7.358052998475349
7.808892261783485 7.014387450797843
7.549962363681213 7.542946016327992
7.386934191057826 7.74008695686247
7.355056389730404 7.805400448365631
7.652837325620155 7.315096795380884
7.064796378719429 7.915349405860233
7.764214894586852 7.036765816593254
7.551927081091918 7.439879790903683
7.546525941401168 7.616624260721088
7.07382895203161 7.907775583402604
7.387733001622678 7.687957869289325
7.014289513629146 7.982993638783551
7.664186466406873 7.289382098768595
8.776129394354943 8.107979064423613
8.222079932014134 8.654510616880573
8.23919883938579 8.477842262416814
8.025013389437872 8.850200523017282
8.602118807487502 8.43081992662225
8.126016521049651 8.661222970878878
8.862579331801097 8.011945195057356
8.043413374522324 8.683535665477045
8.649185594810582 8.411691689094756
8.734277982988923 8.230899104850456
8.670673997374854 8.347799369752273
8.04376273801928 8.664487401172575
8.00751833182137 8.890723647337548
8.812368068903611 8.089267211915647
8.532359072781254 8.444401543780021
8.03374555572128 8.763910762091088
8.275319802001626 8.455828370080944
8.26920106686612 8.47035983936722
8.696468540556872 8.249961801893196
8.757297530980857 8.202317772142626
8.383711878814987 8.448628521944128
8.033648076836986 8.794056897265271
8.934190014678094 8.010865509118
8.669228701548162 8.357457744132569
8.229637388859093 8.508632560405989
8.651368693339652 8.370338869909832
8.835954534656308 8.060838762491873
8.761135420914345 8.163200680529606
8.758682780348959 8.178629653102666
8.40427100476075 8.448310996323272
8.027436974356709 8.799060096961377
8.709760768953648 8.248847909415954
8.85166383811674 8.034842462350008
8.303198587711929 8.452654393250318
8.599454950501707 8.43197462926749
8.844768447047297 8.051102667636266
9.643661695957936 9.397645930740122
9.095019221685996 9.43865734573233
9.0893752696696 9.544605246662451
9.722340808699869 9.097570212802903
9.915292229550278 9.019639746765176
9.103213898149678 9.42648241142461
9.082577685210218 9.552493529049526
9.681300289946911 9.330214465314796
9.685474672815326 9.195821085065866
9.06618500281309 9.71525180246287
9.33316365373618 9.401876512990263
9.80173123092995 9.071376033574683
9.314891679122159 9.412381994578572
9.053224037950308 9.784706327892902
9.028253974453753 9.906565588017203
9.759131394331204 9.08579571906482
9.061730756033715 9.727875289452664
9.075410681176965 9.608427200024012
9.04420479062493 9.878078672010982
9.03339419112414 9.902071790916885
9.720128969471062 9.161560725633116
9.665001080065622 9.38581328384316
9.965934230145145 9.01441443667737
9.666479941503379 9.361208869190765
9.062853277771131 9.715254165799541
9.783528823484831 9.075343829626544
9.023563813272673 9.964793035854669
9.014699925274765 9.975671681588643
9.715611250511172 9.184861757385288
9.910894815432572 9.058767338976311
9.997727137825024 9.00021060637757
9.093456715906546 9.450818498514105
9.455846358029776 9.400212730081325
9.068214636496704 9.645467768937026
9.682239383502498 9.233558453217084
9.69811804823856 9.187405724720156
10.647291035934794 10.58008722851267
10.600600225890165 10.926288757529946
10.863902989606128 10.128236466442278
10.662560901378306 10.440369982883816
10.094092676298501 10.963500017828894
10.84581983428783 10.364913912716368
10.619670020392643 10.904694844646535
10.73950270066095 10.3992982040604
10.84647490941921 10.35419121778651
10.436146257196999 10.962190909707806
10.931643172158648 10.046001712523427
10.645173181724038 10.66439092901746
10.64815973640968 10.574849608655358
10.998042224376553 10.006402795822297
10.511749335589649 10.927731382437964
10.000563253498783 10.989820419858171
10.002928432010592 10.986299078533554
10.765614346091926 10.383779739850619
10.853964172264567 10.325058378495935
10.954827001686185 10.029202538018122
10.872410873690082 10.108775331515387
10.916514334647921 10.062659088034255
10.719426148194394 10.411424530958548
10.63930495212191 10.714979916717066
10.062455054727474 10.971561995238211
10.857601583356946 10.239901221035495
10.636680397014016 10.841746843317814
10.3253515026145 10.962805082606454
10.96454915759786 10.013270190734625
10.655792024330886 10.44869928962646
10.00619929806703 10.974831877106688
10.63800145286074 10.75933669611536
10.730808437217005 10.40896879816181
10.438050651156399 10.933333494011963
10.6770276595171 10.41708961848559
10.652443458402521 10.465880761269831
11.94941159121586 11.271677346427355
11.379756385421393 11.88555988109957
11.84316697140483 11.567969957160736
11.579300425064062 11.867560979322263
11.71107882249838 11.76858283152416
11.6512371132595 11.847221310282666
11.845280339307601 11.38040232276799
11.052105690454226 11.925843118584263
11.997036493184977 11.005772714519486
11.773456690856737 11.656116722457469
11.704360745614478 11.84441645809417
11.739215434216039 11.760204591240946
11.968164365707239 11.205188883774678
11.93453541535034 11.318227921528907
11.076152402446077 11.894277141062357
11.763318967131344 11.758247626796965
11.847289589908385 11.38036665817155
11.703251771619325 11.846644032796334
11.612401451023986 11.856798485042109
11.053324925585267 11.915841052297905
11.895243162651541 11.379468173746874
11.008743640726445 11.967827780283596
11.990481321647028 11.08453141366807
11.979430486014035 11.16504487996679
11.99628855885625 11.058065429611188
11.97401407691689 11.193573614060789
11.922832037588277 11.370575509373761
11.807196027917692 11.634487907702695
11.837878406452685 11.59470830791384
11.790747878813661 11.646489529297057
11.926117518339982 11.361277722111524
11.705941979827777 11.779078533090379
11.987062124321422 11.139699255086219
11.959062832491854 11.21178618131998
11.057496520451098 11.908396287716148
11.482221048274196 11.879948062328848
12.580945541920928 12.553943573370073
12.851642404220943 12.2190400838698
12.455026247276244 12.725428934803295
12.876962199930947 12.116111162077173
12.744229207522444 12.507895154348017
12.434620516726735 12.867843478394763
12.947171076015906 12.084144650458668
12.51020925140955 12.688778440999553
12.505813036519708 12.707572457032011
12.147849527318515 12.902660530771945
12.778057063251916 12.436393227261805
12.171032641855923 12.87045397916382
12.684639701466123 12.529012641220806
12.110052820740547 12.92309213710692
12.520534504743377 12.577523078607225
12.957835094103714 12.018984718672657
12.823371406967775 12.39514659267194
12.480682427227382 12.722192427908462
12.933748587248001 12.107561086940809
12.041162143713137 12.928961660346118
12.004426363288037 12.96576964030178
12.833463027560567 12.390290392306575
12.804155716925209 12.407830699143757
12.726349928567481 12.528335176745546
12.262705393129586 12.869450747643052
12.440228969686798 12.767418810382697
12.014350884621882 12.952601971680512
12.838419391101082 12.245240524884968
12.12914324500273 12.910639876776647
12.14864171263444 12.87608963243802
12.947849612659933 12.047463763887784
12.64935060333406 12.553038573191518
12.74882917366507 12.44076441383413
12.835783235313654 12.302623693117896
12.008548802837977 12.95634962096015
12.870645788447055 12.11666203231265
13.697611033756495 13.317466900845274
13.14401489229324 13.631676872345869
13.092618189397145 13.952166063267871
13.692186696220235 13.39466261601692
13.227046264959151 13.507947630021084
13.364970550796293 13.449462816400374
13.765247891726224 13.28454523811831
13.136997847575064 13.907970997644416
13.956653808108452 13.20037683220503
13.464731129164559 13.418231077589612
13.914857977183347 13.25440689535602
13.179313386889481 13.59091531588419
13.354692987434175 13.486059612208527
13.456639018237441 13.429657530152591
13.979723436010463 13.035337581700569
13.751829369095093 13.29992945140502
13.023390913074545 13.982271188210106
13.68447380456588 13.401082396508981
13.971010330155941 13.048748586542304
13.143777540578014 13.821934957755067
13.968090052546046 13.121122312249659
13.120387573876219 13.912800524261696
13.956580237252803 13.205123621515737
13.682401505975665 13.413814079118561
13.023670184386386 13.974014314706318
13.937095507603834 13.208137377351887
13.683802148232024 13.411710740272985
13.813881522564698 13.258732039869157
13.142417390229184 13.831035111095236
13.69333449739237 13.335129680847345
13.10796528169426 13.947228591656142
13.188828174026138 13.567785220623843
13.503918758425701 13.41607758951402
13.99540389747327 13.00042774459632
13.10355424383164 13.951627275635241
13.236468858633755 13.499927209058269
14.17980250376902 14.364538703248142
14.64217843436788 14.304954465251427
14.957355367603835 14.026516144750577
14.174670642575725 14.85726888927837
14.156632312691107 14.884559851208573
14.183837324479368 14.305363010451687
14.04743406920352 14.99850799309222
14.837910167468355 14.233029857780897
14.945449006598325 14.032456066984059
14.06861826850741 14.987658484943069
14.841566096748313 14.089778779112969
14.174727823481161 14.778000815169701
14.80939259512569 14.294340069057323
14.11843925180271 14.964000070813915
14.816543044363028 14.28580483023239
14.13119401145191 14.894522432119794
14.922496089908412 14.08790999095589
14.93630006110981 14.052674097159981
14.176291602504534 14.754497025066827
14.057178970780283 14.993232922892066
14.902854769485385 14.088585273072121
14.822643192253082 14.247186026091688
14.819009488370119 14.261764810493599
14.96602529233398 14.015580089143942
14.177942618548972 14.612220333682474
14.122240216148777 14.931431231716205
14.747130742645753 14.304257918273185
14.108741441746055 14.983820967082865
14.995838291498142 14.01145114750151
14.970310756661942 14.012305156566638
14.17754692073171 14.652512574474915
14.841339203064127 14.21673979842791
14.965151060331864 14.020833489132695
14.999137269198153 14.00757818093551
14.161376487072157 14.869378191124724
14.12261022388039 14.92066919074517
15.041826295371607 15.362458707756318
15.938880488739684 15.17808177060385
15.401002223759324 15.337088226069849
15.7063271316094 15.194928546292347
15.526414629581078 15.232673372420868
15.473639222975647 15.32023406309364
15.173127926992848 15.340298312295849
15.500915548297996 15.284377988126325
15.962129617209909 15.13756600350493
15.039541161725449 15.955798165856791
15.992155504897003 15.03862485347808
15.520209398044043 15.268245297957037
15.973476692802773 15.071061302052506
15.547420750973577 15.207130086203527
15.488400978356664 15.303212530990946
15.039868700072473 15.508925259023778
15.600622837358898 15.19907565402521
15.001228823871285 15.96699889150366
15.476151078865245 15.315645893396391
15.1374270191045 15.341988872978138
15.414707518053888 15.325799035471816
15.76056984962409 15.18823849605525
15.179679586984811 15.338451618659361
15.02987023649789 15.956263104517811
15.039542403272742 15.513538903639416
15.98041406027014 15.053432588182112
15.982274703672145 15.042611620510334
15.951135063684593 15.155011218311833
15.54214350474471 15.208363717004937
15.05650749391111 15.342133802024053
15.853658377099721 15.17904702272124
15.537832390248516 15.216170819006425
15.950523886253821 15.173221081514694
15.558079694567072 15.202280763097448
15.424923753245718 15.320250021780879
15.01517710326155 15.963272841904008
16.43847920963965 16.912484910833545
16.998717986799264 16.90514159641433
16.066025174372975 16.946657493131955
16.643106552087737 16.911205978823766
16.073921330638314 16.918894088028555
16.999546646230183 16.567938332618972
16.368861392143902 16.916014847406387
16.832130353676447 16.907501372606948
16.03339741384589 16.986318797747646
16.000453221283937 16.995876006073907
16.05934256017755 16.98629131909381
16.37426679663238 16.91335055792293
16.99983524107986 16.248685000735442
16.998801065955067 16.668124020503427
16.029182892073386 16.988744499339038
16.06254628265249 16.956068668039627
16.842181203805733 16.906009535451908
16.0615050800947 16.976298383826865
16.73889855420343 16.91043758311328
16.417403113510183 16.912843431803488
16.130881543607593 16.916126023696833
16.116612109299652 16.918222625536483
16.8179333575287 16.907931232472706
16.99958327053607 16.280569297834546
16.064588038695444 16.94666165054459
16.24921233923944 16.916060940595212
16.00501323113075 16.992571277900048
16.029149505408597 16.989618871058163
16.99893858504204 16.655519101524504
16.00383593838161 16.992978745981496
16.813302191601746 16.909711362606863
16.06191050830874 16.960782924959872
16.020763838586323 16.99238134024044
16.619093787222265 16.911696188485966
16.899424459793575 16.905724173234884
16.109653894858365 16.918510695731786
17.186666822471718 17.361677559075922
17.168211247878933 17.741822237853665
17.054796425494743 17.826102100044388
17.960303857599282 17.182197910460648
17.493340933009872 17.257169331175817
17.26356032810704 17.331923759516133
17.08825476106444 17.74205277697846
17.625328423676304 17.23478461002736
17.59695941351482 17.245163665651912
17.99673980445855 17.084853416987944
17.46460967199151 17.287307626744017
17.400981528314688 17.324954077019164
17.923164338556383 17.199513828626877
17.466903872486704 17.262848479023422
17.024260455964665 17.909385904628408
17.17740214339129 17.636717995879337
17.721268113199265 17.213775793942027
17.560782968286766 17.248306001490754
17.617310638281346 17.23820191234724
17.04068831516665 17.860103994307305
17.977196073443388 17.08956586944354
17.029621251415147 17.891629781743443
17.023760239722062 17.958524284564398
17.68013682094032 17.214799516643666
17.43099055779668 17.29991369019627
17.912859222322137 17.21243675371034
17.172784856960753 17.740855081132217
17.59588967794734 17.24763913882674
17.255081390432636 17.35500592424827
17.963593746740234 17.162396862548153
17.659775419589128 17.220437692725255
17.181851822073934 17.61433565399061
17.18590316193096 17.534121242034743
17.048901297476842 17.828421958288313
17.999938076414942 17.07969488285631
17.91912071664946 17.205819090301244
18.30088191790729 18.084344975255718
18.054351342135817 18.132087322133184
18.03021363728409 18.283578086530543
18.053908620411008 18.151117882440534
18.818525097008724 18.065082280305568
18.004629459977224 18.55203223688398
18.05170155395653 18.25834338047738
18.25042022705754 18.103035532816705
18.600476523525412 18.065426416974237
18.12274151026974 18.12540371998041
18.07777398850855 18.131938445594056
18.025953177000833 18.4903941039843
18.820581335677616 18.024741654404476
18.29907969848695 18.099617632888467
18.000644017174594 18.995846494282766
18.203722879084193 18.12034821490211
18.029626388631605 18.306152110273175
18.02121775156721 18.498133062481767
18.292880839131488 18.101195184235817
18.218364838971056 18.112231637039205
18.958552214552906 18.01711598521164
18.052344681216706 18.169879077569334
18.410524141186503 18.07620446074402
18.030161917775697 18.30499923423264
18.438908402114418 18.07427436846996
18.453005085767344 18.074003718599073
18.001914183579103 18.661690742630434
18.820033154901147 18.047128308589556
18.400893104732912 18.076825911802768
18.35244939704884 18.083375327112822
18.12429263647913 18.12389881937215
18.592734123848928 18.06976809505602
18.90644380402904 18.020379846791208
18.03201938833911 18.266841461073824
18.00472550196637 18.546158317070795
18.02628720524334 18.421034945914176
19.279838676718416 19.92824884824019
19.873525819575914 19.02150214055138
19.734204942632058 19.116889392781047
19.612940253209327 19.476363306066148
19.59668171338098 19.519731127009088
19.485234153799087 19.788148872475094
19.541366163785806 19.561987790853266
19.882620641646785 19.01929914311824
19.069989578519408 19.94008418147761
19.40573515516088 19.8683645019855
19.49805600481618 19.612967508505097
19.04927634675358 19.95531264446467
19.82430592630939 19.053001857791912
19.639953360609866 19.23569370068546
19.36186744726126 19.878267287813475
19.30231353765792 19.885111848180962
19.80557121256987 19.05355275172851
19.455921150652507 19.84592050175197
19.695759962628227 19.233565981997234
19.583907179493576 19.552999178332065
19.032007386534527 19.97100080945567
19.599548034326617 19.516347442201344
19.887592577356614 19.002511328027076
19.87008673827981 19.047823880449204
19.47788334018795 19.824664831913584
19.775220416201556 19.090330225620228
19.61566295498362 19.277750989959287
19.299750165345525 19.88954220420078
19.263307433092212 19.931619723400367
19.698191476379527 19.18237504450065
19.60027219607267 19.488504967725596
19.491934474915638 19.731186420160892
19.75787409903041 19.11292019077817
19.46970621637756 19.829315532177947
19.635861412831463 19.25964129353302
19.526693134083317 19.588198799554156
20.60934872064503 20.516704274484663
20.932947442592333 20.142059077853112
20.300138673513082 20.696127287780094
20.898329699171608 20.32096538887174
20.630960074093572 20.447654879661755
20.439073346097274 20.5796960669479
20.611909626748762 20.466534304465572
20.423547206674083 20.592691141946876
20.23382670566221 20.798045613104794
20.224191771239262 20.970007627727263
20.173160281544302 20.970494604570717
20.920541369419404 20.1533928823411
20.658664703142072 20.355229289180826
20.919804915185274 20.26614216054039
20.992902741782782 20.061966067683613
20.37189805897574 20.693640256326844
20.15569228769293 20.98574191330539
20.522398175032237 20.55498462535629
20.982073537885768 20.064355141718472
20.88582678434572 20.329369957248097
20.946577093025 20.129589978237668
20.63906254461807 20.415268707147504
20.762254784995243 20.34146502553311
20.08909225577755 20.986752573784695
20.270418199858472 20.76291291734861
20.42017813416643 20.680318126123392
20.962019567972288 20.067947135385754
20.261611125325988 20.771795934894993
20.226958146743506 20.90226996733227
20.76278212490615 20.340018700823844
20.768740260730112 20.335355394631677
20.905607560759577 20.302304827929824
20.912213198661384 20.266366400892718
20.076710486355992 20.987632772457818
20.741177826799888 20.35317972774126
20.562785354476325 20.547830587730147
21.163163394543094 21.396825830028078
21.860939633988572 21.140925392021217
21.06793581786947 21.538494532500412
21.816071324036837 21.322658294575962
21.249777233007727 21.35806736676883
21.309540700914955 21.356547231759677
21.024013967098213 21.86820596591853
21.946701257785715 21.05051969868011
21.64562151628239 21.35335991584963
21.894109581074016 21.070715945355506
21.159613742017935 21.514535196762623
21.883465931972538 21.12541935867891
21.814700582260585 21.329019593483142
21.74430952680459 21.338847391595692
21.825936967931124 21.31111092763027
21.992795387528783 21.01476044473534
21.06076515984572 21.828139557706926
21.778756255520342 21.329124185770553
21.82597039474765 21.150396507553857
21.17221327299441 21.37730216028154
21.031671413352573 21.85445729013861
21.979580102126935 21.028490934767547
21.13685530073552 21.52974551609659
21.678379802602983 21.344102710066245
21.967947615240192 21.040944241880172
21.835015708654584 21.143401773027115
21.006339724072074 21.887689556728223
21.297605509837943 21.356694316499436
21.707087338862856 21.341628565988596
21.13858990983066 21.526462782906997
21.586640180214545 21.353646837813475
21.053521461349842 21.85235120908506
21.889138706495714 21.118759349311553
21.937888280157352 21.051847631437575
21.550007321222694 21.35577678100119
21.753657495490213 21.330241906944323
22.107247582577983 22.760839495019177
22.927846549788068 22.202578056550173
22.214108098503246 22.59563337465614
22.58010860794506 22.408323824471466
22.045556737292173 22.87571475991913
22.576966294199316 22.56246592843651
22.619142122647876 22.303778211413658
22.834232162920777 22.28767178257871
22.403157295545494 22.586573502874927
22.061376584086602 22.769894266448237
22.042454975268143 22.92459724995368
22.43653937125104 22.569034942299233
22.57782525777097 22.55561266397853
22.13248562735625 22.628537689429294
22.8818577839759 22.207446938039165
22.136637707397202 22.62766183755097
22.652519096048348 22.30193914464514
22.581874466673934 22.31477052389986
22.806414367733367 22.295463658737305
22.961584013328483 22.145023466967416
22.579997639389852 22.443032309475875
22.02723899654446 22.92669520092027
22.97676918082645 22.08953186005334
22.98995149282295 22.08846938790628
22.204375531328537 22.625066828987535
22.9395645103859 22.16779278103842
22.348999182708884 22.595438568020917
22.609320505735205 22.31375265415078
22.87598801329591 22.24185340538966
22.748315709463593 22.301050651522264
22.202507815457615 22.627085124586714
22.969142432506608 22.109690074649063
22.85929191151517 22.27584043318991
22.05232131498915 22.811867118077036
22.935209682427736 22.184019888006034
22.130075540778307 22.693236043967534
23.098958183598803 23.326259657949084
23.43189225608221 23.11341746884144
23.421817451826087 23.285189673179556
23.910197316191088 23.00181031221307
23.03576325413007 23.497455757658894
23.868915599192636 23.024660833826797
23.03752202263421 23.444199363676894
23.45471751616802 23.112026947129035
23.060303013694273 23.41128320828134
23.424834491030097 23.24371173388458
23.626477817601316 23.060157023920794
23.67044518756589 23.0589093011769
23.016268226604712 23.524512805553726
23.875729251828577 23.002304482821426
23.519729409676263 23.075993749639355
23.488262167049562 23.104868515016804
23.36331371119515 23.30108396480639
23.26603626273009 23.308778460006753
23.014423526739417 23.601175748641364
23.069079054426027 23.395726721443364
23.010665084341863 23.85800732449303
23.01012386383521 23.96539867930686
23.74762217732419 23.053768966172484
23.08041722281982 23.364093614669123
23.757307872491737 23.02809063356888
23.51198890476055 23.097579869988174
23.42560491431395 23.156367477238142
23.141151474395258 23.317376843822426
23.825445857358698 23.027633164203134
23.732457731960224 23.058721294898476
23.071853464149175 23.38843655984526
23.17062750588131 23.312065163618872
23.75364655578705 23.030416015445898
23.87175214307323 23.012398319631178
23.420521229313458 23.295206673322486
23.56526743588261 23.07448967573338
24.391158957790868 24.686816139984256
24.871756937842456 24.082783167589334
24.56646741650593 24.209831830073604
24.48543005121993 24.580129525742155
24.86087188162522 24.095695452383268
24.929840751709353 24.044189789178443
24.62500942086539 24.151653132705196
24.091498430345734 24.850488062615504
24.31775840935351 24.833433271382944
24.05536068751284 24.976147256916416
24.486974143339793 24.55967209184455
24.40217919192409 24.63656994957623
24.544415215688538 24.26597446179571
24.531632004930234 24.455803036768042
24.39710906045703 24.639992787520605
24.254981950760016 24.847161867753083
24.51335785740858 24.49909722502088
24.324695304732302 24.70844371793774
24.33553851090095 24.69137261827198
24.45946348387472 24.58016711957527
24.974890787566302 24.020849473300235
24.683387841021663 24.123042626540247
24.187089357700085 24.8500813604396
24.45036820029645 24.62350575863779
24.056672166933936 24.95531549088334
24.57164140310594 24.178645639274816
24.966094513979854 24.040013460907478
24.061256255754405 24.902633935273194
24.73292393450516 24.11020435876957
24.45647400228032 24.607973123381772
24.50812227225543 24.500114095047064
24.617402856171047 24.17765520646933
24.981501799235918 24.000991371990924
24.318745274707087 24.778601428385205
24.3207249233336 24.76206598353023
24.408360712443034 24.63408741114523
25.152213754024963 25.3647404275231
25.81697664706385 25.0000016869077
25.134795135789428 25.65083037861268
25.498427731325023 25.077992877733692
25.387356956445615 25.357522427812253
25.03250162331608 25.747431505884954
25.43531206651206 25.241984234477588
25.4250994668768 25.296142278670132
25.112206995766623 25.703706527563945
25.107185459115613 25.70647841332872
25.015469995354657 25.95253494236466
25.02090766945269 25.74974195467237
25.4392184716206 25.134383609675453
25.573456619594538 25.022041994331627
25.44548355824295 25.08035075023959
25.21220158646843 25.357555238334566
25.012109752661043 25.989903172121206
25.51699014311481 25.034366587974205
25.793971742749115 25.007414159666876
25.42270524126623 25.326383150441192
25.440763113011634 25.09882386354539
25.068436357185192 25.731630326582014
25.01826188173886 25.903103140507618
25.52759115987652 25.0259029958249
25.06849450548804 25.722765799010443
25.731402836957383 25.007464986578494
25.506259705354875 25.05332498608402
25.138650223373737 25.584118256977835
25.139892521755 25.38548672366349
25.39818471182624 25.34929717886133
25.692382031623342 25.01856905428042
25.400314017311096 25.329828434938914
25.436174470384774 25.192539608801162
25.12145437383593 25.68360824811875
25.150646958273935 25.38460327785467
25.01097335608523 25.99266407470286
26.144828140586316 26.17449848768284
26.597594303581634 26.091455562457032
26.01437523029619 26.59176774918991
26.35428625129665 26.11260417732838
26.031383226068076 26.235861093875457
26.026934322883324 26.257720583149936
26.94569188273221 26.03824911532814
26.60979903792541 26.089077501856664
26.026610465900475 26.534880207628333
26.87412459331316 26.057372168275514
26.687498829549103 26.08017372907721
26.012397193826608 26.826496785771063
26.34917273966997 26.14685917290781
26.58116878009403 26.09283502811927
26.215273828393574 26.161823909554908
26.698918119046166 26.07786007750742
26.295478222468947 26.1476857727685
26.97739770498245 26.027682735766284
26.135964477320652 26.217523685842586
26.63252448729888 26.086147930269142
26.40584694017974 26.102024193473753
26.03419831010179 26.23189871568469
26.248484653943052 26.15302645251719
26.943294158571916 26.050469640811837
26.743137792941194 26.067644963127268
26.003305916260953 26.92183223818953
26.042617851959868 26.219016819936375
26.00434449576855 26.854560915225072
26.143293893997466 26.21652880385288
26.56240095947679 26.100333034024086
26.91252404966713 26.054187725627184
26.143704819542158 26.2088221082049
26.000062470489183 26.973617524929782
26.770275902210326 26.057576197618083
26.00112040231206 26.93404263705341
26.015046554854656 26.561814511422597
27.90635071633408 27.26232877222953
27.347433226037573 27.65713465389457
27.775825827214366 27.31333352132145
27.081580992641126 27.939723796719232
27.19010963930976 27.80329513571337
27.333454184429588 27.7106278217923
27.712759171989468 27.4976365124859
27.564384323083964 27.643510097321574
27.334271239133216 27.662005306101037
27.98254031057553 27.06892828386985
27.103215548707 27.89025113533036
27.879696359863775 27.28076454615697
27.22020264881486 27.767274296987534
27.11879481447291 27.876861521338085
27.962492623157214 27.127846038749986
27.95834730363286 27.172957002932375
27.903504059520547 27.265530871141802
27.26025976128984 27.7405776345542
27.313345672842363 27.731488028850794
27.02198045590223 27.940238728292236
27.7503911938991 27.34458703121293
27.18446173539958 27.838184469477802
27.62889914624827 27.58871326559177
27.652585742606426 27.57470172618264
27.796385033978755 27.29846509228805
27.995734389047144 27.022324554234654
27.76965061905952 27.31985408503126
27.552603421655952 27.64408105559636
27.188758077541483 27.829818921421865
27.69833065573898 27.500855503289802
27.682166239592554 27.515760284340494
27.607949361756027 27.599965909882403
27.72040682851153 27.466953489054692
27.28276111677582 27.73548733105297
27.692091807983402 27.508942069881307
27.944496754908172 27.222171169869867
28.794837661384264 28.9281337736154
28.304340742029535 28.96037626867879
28.81467270004038 28.687040488113105
28.958520337561428 28.462744637113136
28.639267864387232 28.931919241482824
28.819563031983197 28.612952797939286
28.935970577607115 28.47522231820292
28.813716790746344 28.787216671172633
28.817074931931387 28.644710189379087
28.53839159469468 28.951831894083426
28.916442660613605 28.52691605974092
28.999175828121242 28.2924436390387
28.867541997766512 28.592461686920085
28.808107514603936 28.86045486752498
28.14782621722265 28.96306341575796
28.890848213813328 28.54338222386957
28.983493359326015 28.46140416700342
28.348693795516187 28.953021695185374
28.010827205295357 28.99011354547924
28.992214436614955 28.384050733028786
28.99452117075417 28.340902665724176
28.629187596911287 28.950048805929505
28.66069312840492 28.928630363641467
28.82664434068534 28.60065044958828
28.13734849332887 28.972262592168274
28.806966115223222 28.919104021222104
28.595461566361845 28.950211337777073
28.888989159505932 28.578157059253176
28.096975273552395 28.976241691513252
28.211592117678688 28.96162395070135
28.990233586801324 28.41084911729593
28.037316640811166 28.98350276852836
28.984845458358684 28.42196119426225
28.819272489120866 28.632213226983023
28.99548615301464 28.296401515158507
28.28256608507769 28.96103459439755
29.900887323904552 29.67053229049141
29.272510055708473 29.864542698167934
29.052664374618814 29.974936396180258
29.928712728664035 29.012336953754748
29.83611133272575 29.69860351297426
29.627321040558652 29.796704064724562
29.76139962533462 29.775742403280525
29.19517266240703 29.96177199644256
29.921837890613247 29.498956464789405
29.26181681425774 29.931280585140705
29.828891172985312 29.69875216013038
29.337151792488104 29.802796892720817
29.852791287099453 29.683895801284045
29.78735227594739 29.706584317190845
29.995344624000897 29.008837471547984
29.57983325008494 29.797598152090043
29.25918393838814 29.945953599267813
29.903086394391927 29.52946075850383
29.795682942988883 29.70240564860372
29.92859281036437 29.21833846728853
29.16732777869686 29.966186752619517
29.78611166597769 29.769386013278
29.9210764183416 29.51084549662297
29.317957490887782 29.862212234914896
29.031974984927924 29.98821464801403
29.99844719325707 29.000121095874196
29.438698374875557 29.79799250914921
29.776910784051292 29.769746924486135
29.050695003145684 29.98150740698094
29.734601156847702 29.795620274319003
29.927705393189076 29.413376784657423
29.075782271998595 29.96983231259251
29.91479896027148 29.523822112359436
29.924727837046007 29.496408310514436
29.918259763776778 29.518945372413263
29.322504204879124 29.825005417691866
30.63415920186134 30.101175616381777
30.0523136751197 30.58771970647004
30.575896744762826 30.545552703497403
30.091719602843728 30.58008578669975
30.01876763938884 30.97588349894861
30.628615342822172 30.320040020969618
30.794851581264606 30.034881259804767
30.290360083570164 30.58006195271508
30.024121978279542 30.95375652605863
30.64140319819142 30.059926682244917
30.967904715320458 30.007676095355585
30.390209265127588 30.55312124156658
30.594413578430817 30.530708701917288
30.59749006617352 30.41671115236929
30.864158591165683 30.032217122006923
30.032362624427517 30.631044075914584
30.84289388330914 30.03294685286953
30.633908269634162 30.11844116302818
30.38284174484904 30.56449448598547
30.464141855534645 30.546946079734443
30.59794969520427 30.387872415691376
30.40202185093348 30.55049714557051
30.620149199856424 30.359361952119606
30.708652373410953 30.046160071548545
30.755442280126193 30.036746254209618
30.02741505364277 30.884146347925736
30.29098718452914 30.577689550356318
30.027802007481245 30.669562077637817
30.61157043833225 30.362828236746253
30.033602189347505 30.62738668782024
30.73564756353924 30.039099801141933
30.64099897224942 30.095366831328203
30.009790999577792 30.994141400413234
30.027721510299425 30.70967400421121
30.382833785677054 30.56536272641215
30.94836853951732 30.027719523678257
31.47339175527092 31.362922440182604
31.263115283437227 31.601410172417424
31.92401177884832 31.193875382495953
31.204731431145365 31.62619754474518
31.19287635641793 31.796573972614116
31.207044678001097 31.604428785497365
31.72429593767874 31.324603230897328
31.56361320868317 31.328870856533957
31.311507017274646 31.429431715488935
31.124083982337915 31.89280804327766
31.961088917403533 31.082313133371585
31.285982451230108 31.588227982308418
31.914577165831123 31.255175437607825
31.889545546224543 31.30455958029592
31.046442017572247 31.910126784982488
31.000590476324113 31.942152844410657
31.30324462228502 31.481390375185523
31.31883936319372 31.399891495805235
31.544324706846908 31.334812815558145
31.197998306092355 31.626420081885854
31.522310190089176 31.33863787908293
31.083259924482967 31.900434127976464
31.297718482888293 31.513960153569254
31.97400571575767 31.000357881663767
31.33082645048273 31.373738227270124
31.265851238816214 31.600305744582776
31.188448234734118 31.880223265903105
31.46180453557135 31.372892263977235
31.928486740832426 31.17553117177365
31.935709527715343 31.165139042380606
31.906787352519355 31.28995351813572
31.84853982867515 31.309657052112396
31.939253692055384 31.10049772412483
31.145708991640603 31.881082076782466
31.915653627607586 31.222744458780312
31.826331181423235 31.31435985111898
32.10169359197045 32.45909426674157
32.25600063463168 32.23848261189195
32.06921322580939 32.646603301261955
32.82608801237502 32.07921858926544
32.13235504501408 32.25121748876431
32.58247636756455 32.19217932021957
32.09557713483093 32.4869989583094
32.05513385520086 32.747380386805
32.60769989472818 32.18592197203872
32.65814484334572 32.16060097864406
32.21988849029619 32.24419904100925
32.955194498520335 32.063273504937584
32.70894237454172 32.15286642483776
32.092191754906594 32.62457514068065
32.671448148586556 32.15845484051481
32.743872319237894 32.110083359503506
32.30274679292618 32.231578324562584
32.38214156244004 32.22302432730095
32.82481767991945 32.099672285537174
32.50630369083919 32.20967961966364
32.70956847804531 32.14098150964602
32.09250701377245 32.55326418928325
32.87640687297099 32.071203653272
32.05772618182152 32.68090904750422
32.10762557730915 32.296233074034895
32.41594082206645 32.21233135215893
32.555824625258914 32.196945214479456
32.884772608249136 32.064584927984676
32.020406937392984 32.90229132635462
32.29953061904502 32.23422615937022
32.78674606475666 32.099801715589216
32.03449500084712 32.772151266800144
32.00870747097621 32.98469964861713
32.32382464801634 32.226147706448465
32.082038758910954 32.638924035606514
32.06860453583542 32.66438908134609
33.463234028772455 33.386180571393524
33.23556720863793 33.856211171469425
33.70098719476891 33.036916956295556
33.395428157688336 33.49145016060296
33.534138354481115 33.24666283356301
33.651313827055255 33.15644268941302
33.2927912261698 33.63618919943892
33.89738201379463 33.0018543750703
33.79578123009069 33.00673174421995
33.32888693841255 33.59390149273
33.203248932118235 33.91217368918501
33.34926332109072 33.57776836247601
33.53338931259635 33.32794958395158
33.2725446742204 33.711649023278994
33.736143438372956 33.01661114823461
33.52518780714644 33.3755918516139
33.65707985809662 33.065291975655896
33.6234294288999 33.24017786467937
33.11107243187277 33.9133030004014
33.42571829835298 33.45900391953054
33.26505647850785 33.80109587646412
33.441492712262125 33.402846563546916
33.02833164610129 33.93959275125582
33.29091010573013 33.6620425289926
33.22992521591436 33.90365959594848
33.268208817319774 33.71486896008327
33.417238565670864 33.48869268267538
33.43853257724597 33.45660626600378
33.56908288043947 33.24375700566384
33.781711194939106 33.014378650592846
33.686760998489405 33.06075205919877
33.35424593678501 33.54331676203665
33.64006529458837 33.22511790596263
33.01381999317527 33.94635314345131
33.68862457165794 33.04510476269395
33.73526468535573 33.02776450755039
34.2289605925188 34.40392992943121
34.87174285264751 34.32766450628953
34.98305194755944 34.18501614536725
34.155531781127074 34.763306343833484
34.163936722296704 34.44849104351695
34.97770654916021 34.323253415661526
34.00595980321224 34.916056400281214
34.67794257045585 34.364218530582384
34.8053879340626 34.33070532218137
34.88603856714539 34.32421509492816
34.11646737355857 34.76712741803646
34.98517880435762 34.07210336198163
34.42480301725096 34.36654416373513
34.266428267198776 34.387807472386044
34.102098470128055 34.77471976495898
34.13036459503113 34.766506057981225
34.73270205642358 34.34573545639611
34.07837357531825 34.790099753615436
34.04443105828525 34.849326907615215
34.41882410340951 34.374321648849765
34.16923032302289 34.42044377704626
34.37294131294328 34.381962267963964
34.044178246181644 34.8551102329373
34.221622422170384 34.41344038634929
34.99895105545518 34.0433384893707
34.16112537273324 34.656885343288685
34.1561399663459 34.666970634598556
34.05915450213092 34.81585501478093
34.27074293425842 34.384453171175444
34.029289259515565 34.90817932638574
34.22155339308844 34.417750620745615
34.441324585305004 34.36554665583726
34.33513389353453 34.382106306926936
34.82041582840288 34.32835451029098
34.98180956172526 34.242407291879765
34.20173657484289 34.418809212183824
35.52022484641128 35.77708110270741
35.8459990090933 35.14274395140892
35.48351516659632 35.80631298253751
35.133266372843835 35.959012008439565
35.84484008039284 35.563422595161256
35.531799391340975 35.57160745153786
35.26658000780415 35.91606431365404
35.90076077376772 35.01941507959294
35.848581351313705 35.05842384549469
35.324355783536454 35.90599249739362
35.45648617662643 35.81186683575749
35.02450652883838 35.969694590653
35.143301720429925 35.95315017552185
35.399337242845974 35.819878693739824
35.90856321371333 35.010523427407534
35.74245186637794 35.56445393675948
35.39333863690256 35.894546303737414
35.24599368458675 35.951199564978744
35.525726751829595 35.60425480353049
35.386117151526435 35.90064787507384
35.87871765579785 35.0322937336952
35.069982468963794 35.96031119730367
35.52285611320038 35.648840461553604
35.84774911737198 35.11774870355557
35.04257987970708 35.96064399940142
35.60883212141637 35.57017601033262
35.495095546265325 35.795487805324356
35.40696003922648 35.81392568928916
35.67330646108928 35.57013328075227
35.871319962461335 35.03848793506818
35.87008785257764 35.03973776315673
35.845485732569344 35.46706564581693
35.24602888789777 35.93173849939462
35.30781162536209 35.91435272059604
35.011127691123825 35.972790576270576
35.39801061852213 35.85357861203073
36.804823567269516 36.057278594482824
36.7274478654653 36.24600981621929
36.26350229648468 36.65132510877721
36.48259644597156 36.63614032538546
36.645291650820184 36.496677278900044
36.74818076186656 36.08228208741315
36.864312692122475 36.03078395533768
36.00324572675211 36.693853836731634
36.66301878014978 36.45219569566821
36.0176996882023 36.687930074361894
36.668070351575004 36.35016956823558
36.92617979686024 36.00674623466926
36.591275937984534 36.55887355311894
36.76317090418576 36.07493134825756
36.56638118804338 36.604360693213245
36.52284745101324 36.61003234302604
36.22486620736989 36.678309929187336
36.68144761091224 36.265583439229324
36.736940528703755 36.14304316329131
36.86005981803926 36.040839260298426
36.67547623780252 36.29264691603936
36.594508173438776 36.54523748484414
36.52105553772019 36.62783681384407
36.887496369228835 36.02542994962165
36.73587117765437 36.18395193665687
36.60649522124219 36.50878372354961
36.319504916071025 36.64665239231289
36.58014125760912 36.58723358103793
36.24719411597292 36.6523947652324
36.79964808479201 36.05928132176396
36.641316605837225 36.49757320551332
36.15588094334186 36.685684386697226
36.428743540923165 36.63836227527842
36.60268268203496 36.514295409726074
36.653793580785084 36.458197363051724
36.95126196447242 36.00324386309117
37.62594419089343 37.37855685981196
37.930731729868825 37.13543598532813
37.594249146640045 37.7853692500805
37.139995774471124 37.92269564077787
37.9970323902638 37.0788310799165
37.610642665498865 37.484673813951346
37.65376178157212 37.24856473669492
37.429303871695325 37.883509880030786
37.65103218503448 37.25787159066846
37.78289619078135 37.163098432500455
37.91169708555626 37.143712280002326
37.13757916623575 37.95731235514404
37.695750937719254 37.17278904066117
37.147875455233354 37.89251365278259
37.62759153658912 37.287102787560734
37.626774740863475 37.32661232828154
37.08572282403649 37.96354286565152
37.9952186349795 37.09679532595479
37.94031521395343 37.11540043222511
37.14476040348564 37.89638216490497
37.37683903195336 37.886387141720995
37.60948610104136 37.66344385864422
37.63139812517222 37.26813448710064
37.52661971189431 37.839803766960735
37.569941860579235 37.793315778670596
37.73821940978206 37.17183914286899
37.6152875259868 37.452811274708374
37.04527987988355 37.96655206184837
37.686726356892784 37.20168972957387
37.00680860336669 37.99231162939099
37.8141617114337 37.14906949042051
37.131357205687785 37.96255355641564
37.545651263786986 37.81166295315971
37.436510698254146 37.8593586361244
37.62152461716257 37.443379785015665
37.76050550124727 37.16808438209114
38.57460573489563 38.37408105309939
38.25661520979291 38.8592608070594
38.5880191313078 38.03326275098474
38.565845097422816 38.40102373976771
38.28986513229395 38.621368362914964
38.15813718188385 38.89941235363494
38.45977492262523 38.53321312538396
38.49596106023733 38.48608326310721
38.5542278933987 38.44773917193577
38.96373155118838 38.01581567680964
38.26777166252482 38.781783032890516
38.47299193868488 38.51880026957419
38.244820784049594 38.88714579277198
38.26092403702978 38.83655051944981
38.120141733282935 38.96658899102786
38.12344192595378 38.94763130484952
38.43020683171288 38.616777436041616
38.57563467536064 38.28784552298926
38.10624636159258 38.97545254366337
38.442919842431984 38.55856393348666
38.577231194863394 38.22638200930521
38.57949626438532 38.176281731369414
38.59736663871971 38.01607062528708
38.03970244727573 38.98208573576654
38.967725903290265 38.00936021718937
38.4445821299756 38.55140350601205
38.4923870194958 38.491368612440624
38.36806659071477 38.61819852151784
38.940513980315195 38.016029660636505
38.561422084590326 38.42140471145642
38.486376508679385 38.499270431608515
38.24738252339795 38.866790670598796
38.26993725393917 38.645807328734406
38.58425385645737 38.1251868762923
38.17705871814633 38.896176966175815
38.991202940580635 38.00154742055962
39.09610741067395 39.144300545690335
39.04757904477931 39.40845818890237
39.7199075337994 39.11648057469976
39.03478988580671 39.81731478395206
39.968902813536005 39.01226919086246
39.965738724525984 39.06589229165734
39.39538104773 39.143973089017706
39.62690594228525 39.13086876207545
39.89632631639845 39.07287328665325
39.69393545414593 39.12674253356782
39.07022659487491 39.24867489437656
39.035235798339286 39.77507997055393
39.042889814734274 39.75747249735002
39.04339834634252 39.61735173924191
39.88469520385661 39.09660061867579
39.037994164411955 39.764298238083384
39.04839460895094 39.253930182541126
39.09200409698669 39.224438603952485
39.0104815866968 39.97136286372806
39.719603877545225 39.1244424587001
39.072404500646265 39.23150505461299
39.477746385818676 39.13927949992412
39.91410656096122 39.06710828117531
39.02746162731275 39.920651480914294
39.01164724656305 39.958576299453206
39.04093501586007 39.76348790753858
39.559303640404245 39.13247951801733
39.0322089582689 39.874286222822846
39.974925346016235 39.00296182551285
39.847099942444615 39.09880153945787
39.04560114364599 39.60338029848496
39.00058490485109 39.99460269277905
39.589265366063586 39.131253451341166
39.84683592539252 39.11096650955686
39.40253538646694 39.14249411859239
39.48501032413115 39.135623259370554
40.95854863975151 40.66579633264402
40.8442337993036 40.80736077493461
40.99844647149802 40.12643956506462
40.244823856369976 40.992172191715355
40.87073018607525 40.7878898653908
40.770486045552374 40.951432634208516
40.892192727718616 40.697313629052125
40.9692432072824 40.42026605366462
40.96520214602071 40.46752103917897
40.54623963314767 40.95243263595094
40.794873048141646 40.89050983820554
40.38929843757575 40.97435376625365
40.98726069348315 40.259376879597205
40.804649546701874 40.818528520110966
40.308659853241096 40.97548444861063
40.99898960148135 40.04335235605328
40.93886910392365 40.685245295631205
40.887316992943894 40.71332314619613
40.99484122923821 40.167510703301936
40.96025208220027 40.582029420187084
40.98206284805111 40.321217820378315
40.967402540424295 40.45321941913766
40.88624586354842 40.719089484829304
40.49685449488658 40.971692793951085
40.52981576026872 40.96602377924022
40.91225198936577 40.69666745998027
40.79237183701194 40.90520540184193
40.81281362092053 40.808771465648384
40.17092147204242 40.99885652442328
40.971068084207054 40.4082215754636
40.882101527600696 40.77357025591037
40.97874320979771 40.358620384718506
40.50858482454603 40.96846921623212
40.98756545931376 40.19265563433922
40.850531939285474 40.806489613081624
41.48282098157146 41.288609323830784
41.19658468422756 41.510045622973664
41.14674447823979 41.96780512323786
41.16308154605571 41.65489891780297
41.808403069565195 41.100517826630146
41.53602715225084 41.13523343273966
41.821940416560594 41.08788998307222
41.98701971940422 41.015636182275166
41.9826432292116 41.05405524834357
41.30602489876484 41.40683837925488
41.52504807231448 41.28409084557098
41.622190137888694 41.110075958832404
41.287874064096535 41.49820005452957
41.53500400684609 41.14096705823362
41.3993097712498 41.31420166223462
41.17608271147931 41.558705985069274
41.784054596891956 41.10914967096602
41.83261269720413 41.07605580118714
41.32473970225259 41.3575550101485
41.22608897962866 41.500475956455645
41.86119239137554 41.072069688128636
41.17729558278463 41.555452105128516
41.38258341077922 41.338478760450194
41.86421306782577 41.06881734850477
41.16996356234666 41.63120666614593
41.19260716458197 41.531954737262524
41.14161609648815 41.993860106196024
41.154334796950614 41.723590002254404
41.15205500459258 41.827018747242775
41.20056330120327 41.50447052353359
41.58313039739748 41.12210753257773
41.5262475839113 41.17402174703926
41.38475965342802 41.33243316670669
41.41882934300205 41.30804111479135
41.159387997369926 41.71514008721673
42.00266605313494 42.10491932194586
42.92389225370808 42.08177504149008
42.94392722114352 42.03457463334647
42.32094030104757 42.09749328404048
42.97064703087196 42.022768176590475
42.59122680028368 42.09396609348406
42.948183452558666 42.0250080772767
42.00231342704832 42.21162614463407
42.904879505517805 42.09374473066375
42.989224879833216 42.01435135838383
42.00098223180706 42.59954330214587
42.000171226937475 42.67900395594576
42.96040330741039 42.02378778854841
42.02506478724128 42.10300364431076
42.85968339734546 42.093764073407264
42.2721063603808 42.10233348582486
42.932313424196586 42.07289482943717
42.44191745763993 42.09681545801719
42.000064769494955 42.935538232234094
42.93945630914295 42.03956353938684
42.58324495645809 42.0964751466049
42.16948532166856 42.10282850153015
42.00233184108978 42.12514304653748
42.00207617822034 42.53188449794835
42.99942397446773 42.009601138790245
42.002222256932086 42.302184967377066
42.294948782106005 42.101617542711274
42.93626241090171 42.04124926326517
42.38494884920749 42.09740280518741
42.23616794679712 42.10251855039776
42.93210785610363 42.08144446087339
42.01328320432609 42.10306594826919
42.982437472900386 42.020372224635786
42.00239571197271 42.1246223417156
42.906579780311944 42.089948546853506
43.23910228474521 43.5278268940551
43.68527264929241 43.5228927972489
43.03263337099392 43.59716835334878
43.99417088933454 43.50809192259034
43.12480060570405 43.592363096281474
43.00478776491887 43.811310517905476
43.19205540901598 43.53741916216185
43.007479299433136 43.62409414371473
43.775591775428076 43.51351223738902
43.17018553779159 43.57879288038411
43.99941838968543 43.25516671135255
43.58395796684798 43.52604610020559
43.00289495845468 43.94993133676828
43.71340052659244 43.51885132415987
43.031263396394294 43.60059271192825
43.21099029399325 43.53301722639048
43.00027490397101 43.989603037319206
43.00656559870055 43.64846330219376
43.190943037665996 43.56503645893862
43.157355091540786 43.59081598374369
43.995525108878596 43.45079557732487
43.05721956889327 43.595103968775504
43.005863306366805 43.75097847318972
43.84668703228086 43.508825992213204
43.99819022505573 43.43189358975964
43.178785961981006 43.57133309250332
43.99435364550835 43.47297653180224
43.641623580455985 43.52439965596286
43.22011714175731 43.531053083231996
43.00475251990308 43.920932437159806
43.761789555027676 43.51394992379414
43.00021078298452 43.994195342091835
43.787931432857405 43.51167964940923
43.150766899097604 43.59222587697208
43.999463637073106 43.06715165575008
44.129371227966416 44.18335164276389
44.62331479869085 44.0074542441673
44.582128247840316 44.11208757077525
44.089850385761586 44.43454705119787
44.08471947941659 44.90338872556551
44.07852075235496 44.956360435827484
44.270876793013585 44.13440341792652
44.096759105705665 44.40117949047038
44.588959095624496 44.036096322220416
44.10176538982253 44.20553441249096
44.90491374642589 44.00547981504765
44.01339662124026 44.9666745582818
44.11767298749411 44.187495761831315
44.28054802126667 44.11677640581914
44.14963384272083 44.16023314261075
44.246845560563756 44.13900142922267
44.964060143898905 44.0022166544598
44.047385290072974 44.962185351002546
44.15489581592462 44.152787913822834
44.10021612860007 44.29119503300422
44.431411992589005 44.11609796405778
44.24739830356257 44.13502463306473
44.165809158665816 44.14853043087204
44.10040606932508 44.240550430507795
44.779812980630204 44.00576624986158
44.07861989991455 44.94984804862788
44.50042155542584 44.114188575148475
44.0858494894139 44.74115972484394
44.15740187573031 44.15032591449137
44.214341899563756 44.141853788488085
44.614171307881726 44.01145160548399
44.568016647743065 44.11289340807073
44.086954701951335 44.68553712128739
44.45456310761149 44.11539778447991
44.080494264824786 44.94277141229401
45.64503650684227 45.241374374560095
45.188084741443994 45.80851929929938
45.35053725747337 45.43607722922311
45.20802139876134 45.53586744806808
45.70211729548706 45.24097885643493
45.58340598848445 45.415277618008155
45.16704825707953 45.96663506078962
45.7601455037434 45.03064084482228
45.45277462567369 45.43272730646172
45.01233372288401 45.9986722979763
45.58612776427664 45.32894724796662
45.7599818768911 45.199261727437936
45.34689105218471 45.44397304949605
45.85938213046343 45.02359167729788
45.18316871451976 45.904960563814896
45.34472645835077 45.50406349913068
45.19105061823395 45.5508779978223
45.02223262396728 45.99274072775857
45.75713941046833 45.21655649733492
45.915085833925644 45.008683452569265
45.104387743665605 45.97905864223121
45.16816566751658 45.916164323249305
45.7569812698168 45.220961021848126
45.742735180737654 45.22546118357391
45.87855879586616 45.02274579274528
45.190520392625004 45.64810899263093
45.06262153010107 45.98292522645444
45.50009979313716 45.428697874205945
45.26161751206534 45.51625795443712
45.61461202591618 45.28653217891796
45.184843403449534 45.85187310290473
45.355608097765916 45.43390550822414
45.13803255564402 45.97325983080714
45.60636599456405 45.3189744192866
45.58465541009082 45.348793190809886
46.457212551282446 46.32552632952874
46.42067984520888 46.61478371666279
46.406090339358215 46.96557157540818
46.4918950840703 46.264719421021404
46.71025824010799 46.11999406993049
46.864975756558486 46.05756749097421
46.16754633658555 46.99334548306929
46.702371306692086 46.21943441313264
46.409497852381335 46.7363571186121
46.30814245879899 46.96954692554826
46.507525020522195 46.250544229268634
46.4274450674612 46.502445675392565
46.97217285128412 46.01966286856175
46.703876569134344 46.18828000194076
46.776629500572014 46.10918611815781
46.668729319562466 46.233330180105284
46.13975123402217 46.995054507127435
46.947570095364284 46.02021590249359
46.63363391429841 46.23731983003707
46.278929607608816 46.9814060162927
46.84662702899187 46.09291886537467
46.4592006052491 46.29385067811953
46.06055288463105 46.99522266235789
46.64563727326673 46.235636163343
46.443924766603054 46.34010686730349
46.86489673779157 46.076301240536054
46.40949469830777 46.790398276877404
46.60390899604337 46.245322361427846
46.336467628674384 46.96659523369008
46.37295808232892 46.96586292026597
46.4604486904631 46.29020670066163
46.45019387214643 46.331172514250156
46.414802167603675 46.664031984828156
46.585109774757214 46.24692107891336
46.447278663322926 46.33587236557622
47.82911228455449 47.85681398380403
47.90339723405977 47.50571533852372
47.96005058321267 47.21398673296945
47.41982987347801 47.88821468480923
47.85830283351686 47.851267459451726
47.223568393911904 47.94708809628933
47.96992145069034 47.03026935638481
47.90513409973565 47.3306573134824
47.88719283067561 47.71819469458113
47.36426712269358 47.938838100819346
47.278070419146175 47.94233771892266
47.54981819880783 47.8605112145822
47.89326696866101 47.71554381925865
47.15790604798452 47.99890351579057
47.91145006433829 47.28654935145225
47.39016727020869 47.91506054753845
47.503609349106284 47.8723335200882
47.879276785326276 47.826049215358815
47.177671183295345 47.950888831321194
47.8627735191454 47.84632821396391
47.937338699972926 47.24076206671601
47.200052433363574 47.948161040186555
47.924099570157885 47.25404427751054
47.970799530650915 47.01759741056431
47.96547559218439 47.19350344657046
47.898227169245715 47.70371754491073
47.93803882731687 47.23799135738001
47.979800917092575 47.002013411086395
47.91012877777179 47.33011343745357
47.39521214856059 47.8922140329951
47.904910716169184 47.445071403588514
47.17084653043626 47.97187183874592
47.96977825579473 47.034256388059056
47.90069118742866 47.672258171803854
47.887585139144335 47.716143615593225
48.14427852168906 48.352650394812535
48.42446761318696 48.33691698885546
48.062873663323856 48.51887587883545
48.118934910420485 48.43548976825288
48.03015654728179 48.539108613612704
48.59792275641761 48.099586120867905
48.02319210290301 48.8286422134901
48.5243380718609 48.17151132706477
48.45366052344367 48.23681751772103
48.44665949043914 48.28973682079173
48.34546109222276 48.343529104503105
48.01600209227722 48.895556497695836
48.84844720712646 48.081223755545004
48.96452516527038 48.03553140808794
48.19394258710756 48.350030422715705
48.1295889298746 48.42485152501534
48.45295204017779 48.281694006607296
48.600617442293135 48.08829674862033
48.07824820530939 48.51673747508671
48.88438468974919 48.06142000399762
48.10425479128909 48.5042082450638
48.51087433213361 48.21597019480026
48.88363362211942 48.06817456147965
48.53234358450822 48.15228676265481
48.52226639358523 48.20058290465103
48.99274575256659 48.01658184721895
48.548077146557944 48.11564515734172
48.43632598073251 48.31783633171004
48.80867059641916 48.08536788574365
48.20112894939267 48.349517807088375
48.54685845385923 48.11597592192136
48.0114294017911 48.936702980352685
48.91715393211121 48.03926769042788
48.02490079352188 48.59167731236826
48.90071018546112 48.04553965549499
49.73111634212667 49.83918792268384
49.74453950833877 49.3236030928049
49.167922325625085 49.98523333457222
49.323112406850356 49.950391281020856
49.79893559636602 49.16456911907933
49.464310934270934 49.90249444305249
49.43651301690811 49.92327164049637
49.88467585722992 49.04404226960848
49.920088294527986 49.02175399750522
49.50922407029444 49.854450313470124
49.73137258981986 49.81106265886503
49.521617744848456 49.84055132982002
49.77375530386126 49.22526826692132
49.834487542289274 49.09327860365581
49.73874910484484 49.747384502334015
49.80448933386573 49.12160081514957
49.90077297314922 49.025491332626366
49.73576269004672 49.80131852985555
49.77286045452776 49.2380703774773
49.50397889363897 49.86301254550237
49.417770671202305 49.93547526695805
49.04852116174819 49.99000709257696
49.744210763311585 49.51196111552689
49.89865702587609 49.030962354219454
49.76598320843701 49.30828864367204
49.85527455418631 49.06656571969089
49.81277282006384 49.09912159676053
49.785815478410576 49.1884359605164
49.04288355579556 49.99181089076103
49.91908328560495 49.02269175276308
49.75903832391482 49.31782593066786
49.246686937728924 49.96674215579791
49.503950618573164 49.8663140224478
49.932943882418996 49.0155416791602
49.74311301664604 49.57426315149184
50.036349114763944 50.16879583757013
50.53466031741771 50.07725389826112
50.18822355892982 50.09401247523275
50.01823440494885 50.99744694126104
50.9613592732293 50.00986955986036
50.1212790811883 50.1548852853353
50.85548991726376 50.068043943950606
50.02010297636793 50.99585308268006
50.44785346670915 50.08436644558957
50.034659521694564 50.33230275099919
50.02547261564409 50.499004467197125
50.91558206273733 50.05672294350575
50.02247717364493 50.94091302982165
50.02335826875869 50.823612990161436
50.35925309849965 50.0922603117857
50.14745677836654 50.13707102500163
50.26325810673212 50.09264574394968
50.109393392466046 50.16607051111539
50.956963268736985 50.033431725285695
50.77550530438192 50.069826483062684
50.03316769339736 50.348896062209825
50.98624140515393 50.002899522961094
50.16986075121425 50.12933249188895
50.39920136031591 50.08792402160135
50.7336034029807 50.07556873074351
50.02442443375055 50.50931101946389
50.920272189562546 50.04230358976653
50.03553820020585 50.25647231433807
50.87945299173225 50.06457755331531
50.12328589497915 50.14167458181909
50.53229343235274 50.0822925067569
50.1850959585237 50.12023059249965
50.028643748182084 50.43159478002249
50.91198722469762 50.06082014982719
50.49346659828296 50.08370982724728
51.37140399020448 51.90853597707478
51.86036520178138 51.77332878982945
51.97807987341537 51.43919353050045
51.06745035806111 51.96461129688441
51.87553015520246 51.58390029692915
51.41556870989262 51.904033369326214
51.64362305552865 51.82373631609769
51.93245817376993 51.53027006370554
51.79331582873811 51.81905638792528
51.98876196423018 51.1564253818027
51.90064420879843 51.543194841407676
51.46359903015325 51.85490647018988
51.80654579705517 51.773493737845484
51.220625628128495 51.93540389579264
51.872747910080484 51.7238253215695
51.98716935116946 51.22684898052867
51.89561691912021 51.5789766752399
51.46506420371359 51.84468009360473
51.58358084211244 51.842804283810906
51.28020080729533 51.910242751432385
51.93755749112014 51.48897819014563
51.43942706077179 51.864081851231845
51.94855376435036 51.4443428870296
51.22180156357816 51.91376735188698
51.63428978781283 51.83734393189809
51.15056238934743 51.93671167200884
51.995133220788645 51.024275270785786
51.000372087307355 51.99673547950848
51.98595554351181 51.39486524345283
51.05597293768015 51.98596410411876
51.90363387173678 51.535158113860405
51.12045090285407 51.95291018284598
51.75847271792749 51.82003542083206
51.98712120989269 51.371410135076566
51.05297345223258 51.99546000679774
52.46081398326174 52.03715138004428
52.2810479255 52.823189382951725
52.391610071712776 52.38163517160407
52.400979382660545 52.232010362155364
52.93982112418766 52.014426015686304
52.15720563852223 52.88115687211791
52.01236906656793 52.889906604906024
52.47596376836212 52.032767254148155
52.59483011968345 52.02666225298834
52.33979688800534 52.798030413632794
52.431105875985075 52.175268032999234
52.397995097194084 52.377227304080314
52.43871592188616 52.04011743615059
52.30885248457503 52.81388099177394
52.390061702964886 52.684888579938516
52.21270301225338 52.847852485043035
52.36032653603767 52.70075271587312
52.95736699455028 52.00281846388909
52.22302449802511 52.83107220206968
52.95197686718334 52.01315872172842
52.00538288047698 52.93067643484075
52.92487419642495 52.01607973407322
52.71620455944353 52.01903742580943
52.69750237053842 52.01976679709468
52.35779373081489 52.72789512139615
52.351072692493226 52.77810807866577
52.16605513253866 52.88020178424077
52.43284120832535 52.05932049141961
52.1823510569815 52.84859569465068
52.04915543007773 52.88353142326901
52.43689936270888 52.05833742650625
52.87450246486285 52.01817127122074
52.322482580584044 52.80317418903829
52.39077253428094 52.568793734564885
52.14948609861622 52.882352961641736
53.23973996982572 53.7567321396951
53.864242761141256 53.10500740072177
53.69761820903173 53.49462797165446
53.11090959542303 53.909173943072254
53.77392934754209 53.237448396615946
53.59350511472528 53.67657131095958
53.379574004059535 53.71603437359381
53.68270977921901 53.63281047625584
53.75910701658001 53.323333454017856
53.85939904270236 53.23699315439891
53.34640160807736 53.752115311999106
53.030814649406985 53.9397186471318
53.020711678659 53.983464914282436
53.741380422931684 53.36758114774908
53.97222490947671 53.102410209400944
53.706625132054675 53.384668751133034
53.4214992775284 53.694142568370765
53.05258691442319 53.91424814555224
53.77186070205613 53.31306277803395
53.217442346990744 53.82829551634281
53.52629305915035 53.68947694664708
53.231702510262785 53.788579031986544
53.13710110522579 53.88123031147552
53.37179982431883 53.72314870744688
53.98615362566842 53.04227389317869
53.042898314246955 53.929692425527115
53.16918879594366 53.83691911506886
53.64645011336232 53.64482226744018
53.01158015063155 53.98883830776189
53.54085722495734 53.68521689518147
53.16645650054086 53.8770300631776
53.701108944679454 53.42970682704898
53.69487673550057 53.5665655635924
53.228577074675165 53.80345746262773
53.75403536877722 53.33146698140601
54.73045663148891 54.64853329446163
54.35860159670234 54.69836151923388
54.24569416473174 54.71854274257439
54.9770794417091 54.072629236783044
54.91754378109265 54.09602687843836
54.00848179676712 54.78911775333287
54.75120072279169 54.49759839406688
54.872718585123565 54.1860577995117
54.947569396631295 54.090255301068446
54.8114029690863 54.30979774026526
54.19289687192807 54.745289501545166
54.793534010330454 54.39041064529512
54.401641538344755 54.654884533590426
54.80607785309297 54.339501693806056
54.98966932222999 54.04700617690108
54.00509734361127 54.84466096769494
54.16765618322851 54.78129527502578
54.785816553247365 54.39391486231638
54.74725078164148 54.58898331851472
54.38808527189583 54.65852323314861
54.84105202720116 54.27474520969993
54.63067250561343 54.65016129207936
54.781871181706926 54.40045092566552
54.99013051211546 54.00007378147462
54.86214385234625 54.1911926520499
54.28308816560417 54.716200593049216
54.26468565101089 54.7167823312383
54.37595585446543 54.692549127061035
54.00285410179614 54.84762947597349
54.87343056479575 54.11335283005021
54.73814107317765 54.64749037468301
54.00743401895134 54.79690743037232
54.91993027118629 54.095503133229194
54.81658895261119 54.292868763442506
54.91655634488868 54.10784342312931
55.93928938268656 55.11838157473422
55.1092795064145 55.485517426686464
55.241605683263025 55.47869450669947
55.58188026369017 55.243144461233896
55.55687341384382 55.36369378447172
55.28242877037608 55.40473734140512
55.00973873301137 55.51593886593446
55.764060369649194 55.211579870270434
55.819766346558 55.12621467462219
55.68501191545539 55.220330620283505
55.59043772081064 55.22897399110057
55.99986503879825 55.090485822759796
55.00512256214195 55.914540402172996
55.293845444528834 55.37489619571774
55.806362294283325 55.14541799969271
55.62790525627953 55.2268839990557
55.52533307491021 55.36610973435645
55.108875909727075 55.48844509319101
55.80118219896765 55.20148851304849
55.049159815376946 55.50205526141363
55.871258479743005 55.119103371001
55.19866595978562 55.485390751982216
55.24759001859017 55.44419605955551
55.68827036301695 55.214528502078686
55.56988244049806 55.33530522922858
55.46492317061506 55.37064127994686
55.28778395113526 55.379180055249144
55.003404450830786 55.919801526402765
55.52818775547307 55.36379445106027
55.27189612602269 55.40829651457174
55.09518533653067 55.49109962520789
55.86834582192001 55.12455549729113
55.57842198853205 55.288945612334004
55.25241369855184 55.410667573099005
55.26047899439844 55.40844485155988
