0.2535347399431953 0.2122344885575611
0.9998634406177974 0.20678103126272818
0.16044634056386753 0.2872723039573767
0.11010932391154016 0.4428936986226375
0.01333431483953873 0.9668782576404377
0.041086124464406626 0.7452169885494442
0.011822274022127766 0.9980516891554584
0.17684818230383081 0.2600210666033138
0.01671830431482757 0.9369208317360018
0.023840794108056507 0.8959881920807038
0.08598237563551403 0.7449816232126264
0.1172267120435454 0.33776328465193606
0.09900053782227525 0.7087661196145555
0.10372397012039836 0.5981601006309996
0.22335784426237948 0.22708619152305354
0.6639757053733968 0.21044433463666024
0.09713588735546208 0.7440521991604798
0.10345942032694322 0.7032070592377947
0.024435779066810714 0.7514775522564513
0.12631954163383907 0.3250103420355931
0.15630682110233274 0.3013347985841057
0.860836129104997 0.21034778551730726
0.10384494907338637 0.4970808223282185
0.4031916918275078 0.21186944909044414
0.6164171126765988 0.2110924444239075
0.1868596589939392 0.2535671866963142
0.8845901332410102 0.2082898464273124
0.5304697126723965 0.2117236436743668
0.11136557298374039 0.3402442392344178
0.1443213177245083 0.32408436096163384
0.23479805187826486 0.22689145972982028
0.16674044656298015 0.2611379099555112
0.02182435919440917 0.9168419160470356
0.02791125583466114 0.7480738731533991
0.24591715921035295 0.2140496496356583
0.9998943717440393 0.04808306787657757
0.022206912335410167 0.9080400900253315
0.875486926433269 0.21016406854439396
0.20039080844051937 0.2443715103875237
0.11028815641531642 0.3830980424981225
0.09835649235851618 0.727149140940628
0.02441151413119147 0.8528752949721574
0.10526909125674455 0.4905022537897894
0.1937987349708118 0.24791083025103544
0.11039316564790591 0.3526008744342316
0.01573524236309476 0.9527989641811434
0.22240832830345425 0.2277423725209402
0.11622619347589869 0.33880365100269616
0.20186967394114752 0.24341499336167427
0.21341170800974774 0.2329962079472644
0.16048956122857927 0.27152914176336884
0.09762823440364243 0.7435031238743722
0.10826443953324338 0.4635455052758992
0.04822360553672422 0.7449865832148926
0.1659866383884523 0.26818616588283817
0.9859608100841123 0.2073371098008081
0.15093914192078806 0.32122884266884555
0.10948704212338922 0.46030125270975497
0.020784041818419308 0.9258275971021631
0.12123751343445266 0.3261522362306081
0.19079205171051505 0.24909191825816368
0.20339204346304307 0.24326836554471787
0.015562950342219217 0.9559412313657092
0.22084408057977423 0.22852693941641988
0.03985489643818685 0.7453868474881064
0.20929427637118803 0.2356570524465419
0.9789866580797606 0.20750523274177501
0.1888220858561408 0.2527307824246565
0.23633698642601508 0.21746994386724972
0.15114856488256523 0.31651892911556156
0.24531584838929132 0.21644289908286607
0.41437390913099426 0.2117740971833717
0.30326356389880216 0.21190679137349577
0.10559690525046184 0.4760507280044368
0.0239761273126452 0.8846244302374874
0.8779994107777155 0.20875762411694299
0.9105311369676158 0.20826936631579795
0.10980690054395637 0.4519557304980094
0.2363034970434733 0.21993740767401304
0.10359428372245538 0.600027264018303
0.02437227807929132 0.8786259246783785
0.8646228178751969 0.21031311732156843
0.19631271865252153 0.24731030894167283
0.10601157811360973 0.4684901183000659
0.14677699138878642 0.32192857773104777
0.25000246655645053 0.21369768805739187
0.014219380373478252 0.9567509583574356
0.01948969549231272 0.9368878738269996
0.17398423901967563 0.2601021405980882
0.9483745890166528 0.20788480259485353
0.20875432116806392 0.2419890662140518
0.534530981701477 0.21145174029924807
0.660849319745861 0.21097502287974468
0.11318435765722601 0.33892098396488
0.23400417631492665 0.22704148640481825
0.12057102786319696 0.32916105485075076
1.2635106619406304 1.3289483660855885
1.0346974851297004 1.6705533316841146
1.3419826405552062 1.0716350307352172
1.136063142953006 1.4238750226574806
1.110347371872645 1.4861033071869088
1.0400346412597612 1.6019163999579882
1.4056220096846326 1.032112282704309
1.7495013475932955 1.0126039533733868
1.269608943282965 1.2123041860907298
1.0664128719790509 1.4878868936336107
1.2402844961096235 1.3812807516367744
1.001642554974005 1.77080778426321
1.149527632548914 1.410651658999368
1.5075289149927016 1.0278579787254911
1.1311168924501003 1.4275097235181347
1.3102741930341912 1.1845042863020336
1.0510794688801999 1.5866326820916155
1.1906427659262633 1.3813067912076704
1.1738393606250774 1.4013333544318705
1.1407197676570862 1.414661006353426
1.8356001869680234 1.012257662433429
1.2613465244224955 1.3810822709415402
1.3316826041676453 1.1762775995812
1.054775688131545 1.5578511862952862
1.89423435484205 1.0019255404156437
1.0509259959021087 1.587590575028372
1.4549213244474946 1.0291955823138421
1.2635654190432428 1.2240300618126443
1.518876012556796 1.0249300923989322
1.1140358259906797 1.4785477739420458
1.023833876385166 1.674005990720945
1.2727337286054496 1.1884749278051232
1.4039782136170131 1.0420550575990881
1.631282567670592 1.0230024903692487
1.0017888262432486 1.6888186040354225
1.6173485498517222 1.0242016344911784
1.8446584767123753 1.0032945297964444
1.1642691677538322 1.4021568339992432
1.9685738141419091 1.0012381192243867
1.4124069680871698 1.029791319584328
1.1188100942239396 1.4401117592914294
1.73626117825065 1.0195035258367016
1.0267879293756201 1.6730661249102403
1.0609097373127518 1.5107345673974126
1.0183863609122854 1.679349908353677
1.3371615833973323 1.126071541589359
1.000358602032511 1.8301544521356452
1.341431141952683 1.1015728567324334
1.0015492834752346 1.7930623299272856
1.2698875540214511 1.2086163825307903
1.338093132451151 1.1146146161189403
1.3650288337744176 1.0573503765754921
1.138259951241022 1.423656848183422
1.841186507753874 1.009780870580458
1.129174914753585 1.4275497665230121
1.7043392843496719 1.0196271380737838
1.0181178703610025 1.6887536154419123
1.1796445746756947 1.3872973688059993
1.3635125709020062 1.061646596622781
1.2632137071659697 1.3512583594273408
1.1871720544264561 1.3846309760901407
1.285306964444544 1.1853101693352701
1.3401024294538768 1.10459761277213
1.4051249451388657 1.0356967279329816
1.376749447240793 1.0439578366343567
1.066181871394289 1.4881589440961516
1.3700383910874452 1.0529367815835258
1.0393349789987913 1.6368389990716397
1.042450164095757 1.5984384449794975
1.2636701411318598 1.2236272335230227
1.3587977855990898 1.0622833394848188
1.0580705775719017 1.5325702566117663
1.0209202555472794 1.6772762166189596
1.0377847023340712 1.6387064573617582
1.0363708883307927 1.6609449775331084
1.1504111872153262 1.4101724030510545
1.263832135274387 1.2134615093911911
1.1383036673907778 1.4235579516400492
1.0446757925393562 1.5899379040109864
1.466666111184813 1.0284135798293723
1.346736592442661 1.0648391314158139
1.0644781386947844 1.4937635353628211
1.3353465460366356 1.1530357051036049
1.082276890281174 1.4865390986148899
1.000651813844914 1.8260324561700798
1.6507335945171233 1.020633404122019
1.0373752483137402 1.6422635029131873
1.9584160158989616 1.0018532705659091
1.0559262393953692 1.555333349893188
1.3227392775079685 1.183842454203976
1.1585884352330162 1.4079618879890776
1.8435824306881907 1.004943269305505
1.2514330038580033 1.3811644928351052
1.162351251879479 1.4027550754334492
1.0010374819310504 1.8210627058253817
1.6901063094496647 1.0205300006916445
2.9100821791273837 2.6520206568619273
2.6181857960041963 2.7612476790901948
2.092526314383901 2.883779738927225
2.9287252824791805 2.454668550920343
2.7804900637672794 2.674986752142401
2.3125369137374454 2.867356246295638
2.3535160033173517 2.8440423283018066
2.9777629313832543 2.2809669824570573
2.085627027394638 2.9207072071930043
2.005382818586644 2.9740350930277297
2.0802881200957075 2.9218385736294845
2.5867088580012334 2.7653499043320275
2.5224714234601726 2.7923645946833586
2.3283577242084545 2.8569691927373118
2.506920936875196 2.839306914627508
2.6499397527260866 2.7107240067687175
2.9081173725263696 2.665460970474337
2.037519626812719 2.930382190617915
2.9629073792268956 2.3763969293610376
2.997183794937436 2.123448829296941
2.5654254293256473 2.7768900526075875
2.988032168311389 2.1551143264603576
2.1147158291993278 2.8735801791644873
2.9204916588224923 2.498821659489427
2.693853062667164 2.703558532701729
2.429340800569555 2.843197553947646
2.286648053791013 2.869679186021269
2.8423100069821605 2.6692223249055838
2.9308073909736914 2.4125921747245815
2.0292782494052437 2.9429377875667426
2.4725221902162238 2.839611869904209
2.9740581252436105 2.284567715049322
2.9304801037551007 2.4474334032853413
2.5155765359581927 2.8251326053160914
2.7419495092877764 2.7024104976991126
2.001105882014974 2.975637135487575
2.631641961759417 2.7420749483891584
2.9817428377662107 2.2203122357694074
2.9879860666624873 2.219703089112292
2.2413761639376704 2.8731044555446603
2.472279524647804 2.841027862510015
2.967069110701742 2.3108080612745683
2.6366917722876915 2.7297633247503548
2.9648785492629766 2.347886288965301
2.992905781222584 2.15265610163895
2.7726718378326223 2.6865140556013998
2.9127246237800657 2.560451918929831
2.5792338261133083 2.7716808461032008
2.321704908270182 2.8667385503709
2.340959892602605 2.8547854906211105
2.9801021750172674 2.2602473002580292
2.9930781991829574 2.151766245851693
2.4127125881197213 2.843964031306628
2.097587816705434 2.878331699961377
2.008426499447986 2.9671209285165023
2.0286915049748173 2.9632614128505272
2.9717288657169334 2.287043634418971
2.756024234827496 2.6973040344156516
2.9510122973306134 2.3824075564499942
2.856964976789591 2.6690165849403047
2.9521680321633106 2.378106149082402
2.9666262204106673 2.3140254202286332
2.9993549752038753 2.077996049312757
2.9112227007836835 2.5916314238347846
2.935211832237979 2.395865616144634
2.608426926796582 2.763303560519577
2.3461232132707264 2.847667762571729
2.613986480626994 2.762843407789088
2.309463364199151 2.8680852100008596
2.9207571489596065 2.48472888184118
2.868747926853823 2.6658127042920396
2.9813948999064004 2.2592815849198793
2.9102784382718965 2.6229943597035428
2.944564086393044 2.3879440017399918
2.263860665233979 2.8710401531026055
2.517803304819849 2.8059857681865092
2.344401699163539 2.848808123194256
2.518246575064631 2.802552613164142
2.642802792584437 2.7120029685838567
2.6503170865739856 2.7098744521688305
2.530488052411837 2.781723178023511
2.347041026322678 2.8456854659266844
2.9794220226914323 2.276893284302624
2.0720747021501196 2.9265435540255993
2.915209286694897 2.5585618616674255
2.629279157632469 2.7572468863238937
2.9124462747590716 2.578559342990199
2.00380198033505 2.9744878406549686
2.6260311761964843 2.758891621497607
2.5843167511193528 2.7682028516758015
2.9243177629860453 2.4739708194309014
2.5139908382778207 2.8323345746318194
2.6168501241171382 2.762808313268007
2.7954024624042573 2.6728468814025925
2.995640997117391 2.132476475814858
2.089928825850288 2.902385583745981
3.130526648170119 3.271914399267159
3.7922482590035416 3.002601513744698
3.0295026602737867 3.39582578430767
3.1405842295995883 3.0920645769434136
3.197870743250095 3.004456495450249
3.002923594324982 3.562018464262693
3.049261243120612 3.3389172320378924
3.072113245617766 3.3077225544937816
3.002102685156417 3.8169493844262985
3.093363943854685 3.3065328536597836
3.045380404244289 3.351817972694257
3.114018030928133 3.271914497064063
3.17301559453649 3.0075509458893146
3.0106143639813943 3.4129838603905567
3.1555234034789033 3.019589797246727
3.097070402559299 3.2719541519187842
3.1391809078488393 3.214981525697095
3.147624149382093 3.0490605849852646
3.168505511338516 3.012053450599973
3.530174456171834 3.0032762085264606
3.024967370312744 3.4057897181897157
3.0318176084506536 3.3855378196824035
3.3967856119898414 3.0038772921306536
3.001933041010072 3.882166547230397
3.6888558381352423 3.003028033189119
3.058361268818616 3.3124006448811523
3.005713579813561 3.534575261099789
3.1506822224219335 3.0249488380670235
3.2186215664900333 3.0043975341660336
3.0707340908773775 3.3098953133694966
3.131612408042897 3.2235810532307334
3.033308467857614 3.353220076671543
3.090944311260351 3.306562741645396
3.0102555658616286 3.4337321102775036
3.147303757749725 3.0751159989941668
3.150375865019078 3.0377476647967674
3.8814651353576375 3.00198867647224
3.023096656844295 3.407186979773142
3.0876426347034016 3.307712179767342
3.008257091374363 3.4895521123114435
3.0563869079639363 3.3383376640859184
3.827901583785695 3.0023502424220982
3.7901098744801818 3.002904295534129
3.0077895714723795 3.528280820012773
3.138701348634876 3.217659100608605
3.3252419350519515 3.004132198990888
3.0025057098629917 3.6963740468828945
3.1880734504659145 3.006134426370124
3.005414109984474 3.5549700448997554
3.059326376484079 3.3112639937003587
3.1481707540193384 3.0480626040357244
3.048372636966029 3.3503023658517597
3.0962749186597716 3.2775509856227205
3.4064900973918846 3.003307887382335
3.139530331515856 3.1357022682539677
3.030607126154111 3.3907663541075044
3.0025424835476464 3.6184694347355864
3.169006916338361 3.009547054251277
3.0006929804265163 3.9846353636915954
3.1471704354808696 3.0834002690262996
3.901275032686636 3.0000065044955955
3.130781579632895 3.270809283102501
3.150286425068815 3.040871189565004
3.2219533543665886 3.004185091604459
3.0934062973009704 3.2853396914204716
3.0134734232368863 3.412250830218791
3.18774169498484 3.007198211421329
3.009454049816673 3.449778482626426
3.0012416350659694 3.972304207184414
3.1381683296400706 3.2225777946840144
3.1399215458849294 3.0970187880758386
3.1611496814743516 3.0175070400191597
3.142631378620219 3.0849194276917338
3.0020617916979297 3.8820322460708194
3.0293539730492993 3.405220904192751
3.0301319726739178 3.392967057349053
3.0040653894914824 3.555566052695458
3.0174424261813892 3.408094966200798
3.1512799632231623 3.021996225658304
3.89003477972398 3.0003307011540983
3.0483488730103767 3.351054396967923
3.058274194396849 3.3319431114788762
3.14210532797655 3.0888357800123765
3.1508028471821476 3.0227155272358712
3.1309539322806645 3.235547143275345
3.0039650436338983 3.5586129532562008
3.001617904790908 3.9643548521488365
3.139645114196922 3.111899802403312
3.0347015502123176 3.353218620250312
3.1392557279917854 3.1506931725590093
3.860335344328687 3.0022439432275885
3.0957918635849766 3.284370685508982
3.131215846551106 3.2282435330928085
3.0415222343841193 3.3531521585826853
3.0492270465839217 3.346727536164199
3.010194968164474 3.439250525803606
4.1007603334560425 4.270366206335951
4.711802948667611 4.173790343820715
4.664324509284613 4.246944607632472
4.068593056546475 4.4530098807514396
4.411170507256868 4.248464970669931
4.9267644957647025 4.084463908643127
4.058411601561041 4.828827431458366
4.899636993137863 4.12736517142675
4.063024977836528 4.675609701172844
4.049296446974649 4.906324922894857
4.69009978643792 4.201530632698786
4.077998277423591 4.333215244807169
4.953153990034599 4.076370618322223
4.717284504080906 4.144617345386577
4.398918385254559 4.259738061580337
4.062759931160825 4.712527256278582
4.15486301069585 4.268169746399863
4.39583129247856 4.262794333155329
4.98335629553382 4.011836601274358
4.043391111960962 4.983490105167675
4.346475174132515 4.26629733397194
4.8182537269383054 4.130018210712808
4.097998781987412 4.312096177445137
4.98659957665519 4.00777333232403
4.064437886067202 4.613265603202904
4.068904345885974 4.391640776644909
4.063490579419224 4.639704079340371
4.047482985928334 4.961319649690817
4.896817425099471 4.128537862974621
4.95563192957116 4.051788467743057
4.917252413697062 4.089287976565378
4.837206657134905 4.1294365917143505
4.053965359927371 4.861049354518353
4.0155388129266125 4.987600605986836
4.916077550877564 4.1119472148074365
4.7496328584679395 4.14340152179282
4.068243016261307 4.56413892292493
4.055201192684863 4.852158724553179
4.061077559758234 4.727271623970018
4.791049492359974 4.137558587554241
4.959944499970161 4.027064803972439
4.097612695629543 4.316911479855102
4.070015261510852 4.349297243735207
4.4870546977747034 4.247997351120008
4.350756494068812 4.264390584163236
4.012238114240978 4.993382855498532
4.706029161053463 4.175695899155707
4.782475153448856 4.140561945502834
4.027782635327352 4.987485311445489
4.066832580751644 4.579853343338103
4.686823656928499 4.2038650897501775
4.063051448117879 4.640616383669143
4.975519848830232 4.014006900032874
4.954317554385803 4.063313750876805
4.957978515811195 4.0465144393087105
4.060377699184202 4.815728245520589
4.931723850651231 4.079465375549892
4.057405719921626 4.849676791569689
4.9970481668902496 4.000292463828935
4.7772522999485485 4.140932304742971
4.081260641415153 4.317379129722831
4.51285947428693 4.247916960062302
4.408748791116977 4.251757294708269
4.434571312664733 4.248096467955754
4.715029861142388 4.1644095027449275
4.579066362106878 4.247079348364205
4.073220023692478 4.347630768631118
4.699638370537246 4.1874124131118355
4.664756965960369 4.205618053499751
4.005418235503644 4.9962327573260925
4.607281004589096 4.246970221866809
4.896963578376069 4.128404728931717
4.762063925400742 4.143018284101585
4.960999338070408 4.015883521205971
4.707994885742035 4.174385127248839
4.405064748927158 4.253352253615688
4.954231296951607 4.064892348649566
4.664438623336321 4.241374074621825
4.98850584689229 4.00647845614211
4.045322753655406 4.982364704100208
4.068370092001968 4.514685151837354
4.912774837936343 4.1269979521017
4.060916403439295 4.802126539014212
4.85842686635246 4.1294194736888095
4.049013815197917 4.950334361873001
4.289791253401309 4.266666375464673
4.813305095815885 4.136620884784827
4.736496992997524 4.143754923808373
4.708466295652805 4.173944809249237
4.153967680806385 4.268638945953765
4.0599758988809445 4.817320366733503
4.698684234338277 4.194759182721169
4.705770053700975 4.182424665137116
4.1101220425248615 4.268998317158031
4.064620817754557 4.594891985710151
4.959876843450303 4.041466668171498
5.730699225603247 5.001045896874992
5.424386034286561 5.2648711014601135
5.134598996801943 5.437419669361979
5.475287365046444 5.0348814969797795
5.072602819356856 5.742514982755759
5.126593933467447 5.6355220204149585
5.574034949937765 5.028861926686725
5.408622111233527 5.332429052961675
5.283649186157079 5.352391955792586
5.435229263059078 5.0713793565543
5.014813225555093 5.762758297170554
5.224466136941002 5.396793733477475
5.0075302417598015 5.83914926668339
5.091927600348194 5.716564396724677
5.581089111424419 5.01097456627805
5.164319195554924 5.398900933063466
5.233385658025886 5.394095231268645
5.257363110969633 5.3706423000833
5.161438649846433 5.411250670828476
5.131737840038985 5.611326608252824
5.127556744421706 5.623817173722147
5.430954424623297 5.082226533191666
5.095330043022222 5.686804903404209
5.041724775702852 5.7538753746503
5.457098192970834 5.058855999226711
5.419421491145816 5.282804065623578
5.132103555526334 5.60807698770753
5.654899709872598 5.001327404557475
5.4141437170613465 5.332184811387368
5.322409332214805 5.3392511235810245
5.003195964701654 5.895184809504238
5.133381141017515 5.563953073395654
5.118279089620508 5.670920213968827
5.474244374379779 5.055822535825048
5.428651469114646 5.129756413204487
5.003133731480901 5.957324013860123
5.608937466488212 5.010320677545957
5.144812504245692 5.417711640056505
5.0752621387822945 5.729059134527015
5.235989898913484 5.393417376337103
5.132683920478142 5.601930622097994
5.012886743626211 5.766137046417286
5.3985231348486185 5.333459349425684
5.474690370176404 5.048325991039195
5.240434784296174 5.376745354506553
5.496218042562992 5.033691418735561
5.475035864983038 5.039714027624786
5.391782487894706 5.3379197920920864
5.004024740506659 5.850041879481659
5.577848994854007 5.028436096215362
5.643613280050336 5.0045539214987835
5.430785648729476 5.122725031315095
5.643459433509887 5.009178416608377
5.009145032377081 5.77923085579124
5.09513600947874 5.6872587844561835
5.4278433826069445 5.16337660722555
5.121361483829804 5.645654080832391
5.133768002929201 5.529876392929563
5.071349621706585 5.745166999280857
5.267496748488274 5.367701008355381
5.288579451704285 5.343179179809433
5.068396320389744 5.753312934351016
5.144746704092408 5.433966584215114
5.280561121136529 5.367220910299699
5.003657927070694 5.871519621954256
5.946671140717653 5.000720350827175
5.416903108945124 5.298899483602111
5.441936994115927 5.066967785169471
5.283617466870913 5.358256914463043
5.4245819782906795 5.196764887050609
5.4533660881357235 5.066557325865042
5.419225713054354 5.297119266620003
5.291901134900174 5.341268528588258
5.10545255074663 5.6710500109663755
5.283138405361216 5.359805698306163
5.262017848966803 5.370176579878809
5.369069613414439 5.3390861963872345
5.395492602479551 5.3371448661060725
5.423341895257916 5.265610217723056
5.128796261064938 5.612223053807447
5.580255098140026 5.015896413275806
5.513019996616363 5.032149778976328
5.286799478901763 5.343942681779868
5.172830791504394 5.3973003986555605
5.007617570282061 5.83236011674965
5.3875312188632005 5.338943661102581
5.5283106920851095 5.029143062942142
5.578813825969177 5.020022206767096
5.0196919991303695 5.758950372514422
5.132966747733973 5.582848968273454
5.0932027387215 5.712760328664039
5.079805303061604 5.720793417844015
5.47166751548076 5.058270522304607
5.1424962957524105 5.435353212499057
5.237967865472568 5.377926598013526
6.429074490464829 6.5699920165480705
6.114390719658905 6.706483228798352
6.878977237363665 6.523584440064652
6.903400917452806 6.415383522781839
6.084932097272846 6.735293927236387
6.169020868999525 6.624850471242968
6.173251668304112 6.597346690271502
6.953156188270275 6.1176490573779985
6.964335651033989 6.046787003762439
6.422632404875089 6.571976207573317
6.523018285667573 6.530568759385507
6.022185144737227 6.997501373566611
6.943698170078946 6.211354335254996
6.084300196302427 6.828798915088656
6.977482735759317 6.00282596623737
6.027473515250669 6.878081160082622
6.899217931239217 6.471301887312424
6.442953198399864 6.534046925784314
6.213959993597655 6.5868168030910885
6.406910067279466 6.58342322303365
6.9044226525479955 6.217162389317049
6.962658709225747 6.047893512543414
6.898849150707524 6.512083735706283
6.442300214451012 6.546958219167285
6.103233864702467 6.717478980363946
6.838186164542213 6.528645206392014
6.176963781770022 6.588579386862038
6.15611218643557 6.62709920355902
6.025530391806851 6.896127367567622
6.087463831393029 6.727795852834013
6.137740571668141 6.694138274029775
6.960045452281396 6.110664383120115
6.0469483553399455 6.851486973378829
6.920027225547774 6.2124868400086655
6.49317011376408 6.5311838252675845
6.961647636634509 6.096780873895339
6.951602850084595 6.172842901519241
6.149300983838434 6.690522402857244
6.108123486372303 6.711948113973051
6.787781369544934 6.5302308150068775
6.07461247380583 6.8377751298217575
6.4371547036037775 6.553908763664625
6.025447950082653 6.9451292100346285
6.229711789273997 6.5866249315295
6.056544541984602 6.847464185012937
6.174804189134734 6.592135230434057
6.901380355282076 6.42879387423403
6.9619929550643915 6.054597504737345
6.1511594787489114 6.6723769196940275
6.023208779688524 6.975629647895645
6.429853587344812 6.566847111461217
6.935321469830942 6.212026483382136
6.947836533287596 6.1776014628648
6.417493723356946 6.582353592447284
6.945795538684657 6.210189599995023
6.419362120776465 6.5809829462175955
6.976672546629985 6.014551549620389
6.1698586506975595 6.599318169305845
6.992184482061895 6.002108219911466
6.842722873143991 6.525088508953572
6.151840597762759 6.628093815726376
6.0387624087494425 6.870481035408838
6.964886912610842 6.015907325222078
6.903770891638048 6.305622429559124
6.462231464147996 6.532182902451865
6.1799643804502615 6.588307740257045
6.8230347040258845 6.529338047487064
6.379190114489186 6.58460957570703
6.136719887363341 6.698469964604674
6.365922712346017 6.585306953116112
6.953097018942467 6.155003998296257
6.0374199594935085 6.876248759344382
6.881395850721843 6.521687250407278
6.947259690843042 6.204822293961675
6.002631544911277 6.999169276661038
6.433598792726283 6.5662665392458965
6.20271515343679 6.5869011739369565
6.074395454487853 6.840095267136242
6.040494246837852 6.8562955445200675
6.079499482180868 6.829772204946067
6.9112942602619585 6.213541506335715
6.022753516158499 6.9948381399896435
6.397128518111851 6.5839059086167575
6.285522901827841 6.586174536153269
6.617745118460281 6.530527592237559
6.14724861963637 6.691219028971259
6.025658885863443 6.886942848632087
6.091957925127959 6.720848315313676
6.038851167464542 6.856828531430979
6.456295352203142 6.533325406061187
6.672381631586096 6.53035606725858
6.977031333088023 6.0058840678722785
6.901015395568765 6.440477253848302
6.1568083593679885 6.626783588674931
6.386504629418976 6.584561947959187
7.192884495560603 7.331392113857757
7.594381511557484 7.027429938888883
7.0483070705277635 7.56509179523528
7.443871732430192 7.303982084184338
7.516500929284508 7.04777024491512
7.038738376465886 7.926319128137037
7.512937255412649 7.204207113662352
7.070376341760822 7.50966108414334
7.051759621272201 7.533096376930989
7.107774786137004 7.35254358163649
7.454447340457849 7.238759248812977
7.0244748249110245 7.993887007845248
7.794500014050977 7.023898342016022
7.69043272232991 7.0245576356216155
7.02588457213615 7.933429051827226
7.453300783478697 7.258556713016461
7.268907550052459 7.305561528518492
7.095803033673225 7.46693252238516
7.522158236696625 7.0413746192836975
7.0401768276823615 7.809333268704413
7.57246757101725 7.031615356195429
7.044652762768302 7.605837195406566
7.085271250106707 7.481625741745389
7.650511560956099 7.024650028630175
7.450253805055146 7.268180788229678
7.471333463565276 7.218897922168743
7.982227962415294 7.010702300795893
7.806629891694949 7.018715104127603
7.101698981513528 7.3690623962220645
7.9769244815046125 7.0159013202137785
7.0979582290972045 7.395891004047704
7.055829244482805 7.52443406058761
7.114405825590791 7.335287451969894
7.231734795975739 7.3306214517933315
7.546929706122277 7.036796082623553
7.491398449030091 7.207751024426373
7.569489501775051 7.035624065825651
7.61544416334463 7.026470253845375
7.456623519776423 7.221743630472957
7.513412510890231 7.084946904584756
7.532777471433516 7.038565708327921
7.139098677345433 7.334691019643115
7.251284656812772 7.308352953656606
7.098471618193759 7.39396342106103
7.006835481412828 7.995668417373021
7.046061167803446 7.592792291079795
7.043130410782584 7.725619613039107
7.042994197615856 7.7666867968896804
7.000287191426877 7.996239080275111
7.048154251471209 7.5886117754508104
7.044343139255316 7.614052170744246
7.445158590281706 7.271105408781165
7.059916747465853 7.520514836464798
7.7961828538038 7.0190299129816704
7.815990661153396 7.017322694991419
7.233985911039021 7.3247047546095985
7.09292792071434 7.468868334294617
7.520233265447965 7.046459425057278
7.490806160218956 7.213726944771464
7.362281391890233 7.305427481748623
7.041988673275172 7.80673048266586
7.991108381141906 7.010551519539881
7.054817698244266 7.524475741856887
7.080670565211847 7.507652316846273
7.246125432306267 7.318431657257386
7.953112881705035 7.017242272129616
7.516120093795247 7.07154721857486
7.0971677118540235 7.400990863947455
7.179617676728076 7.332499618408654
7.991586358695162 7.009669784200052
7.516401064746976 7.053933802014995
7.0432729638915665 7.683406672111032
7.050980489479777 7.537982884753239
7.105455607149624 7.368519398818372
7.513241674957195 7.180855472536065
7.991647019885583 7.0062645013215805
7.0390447584647875 7.912806032839118
7.261903367299641 7.306946122943138
7.04007887730072 7.8118631070514315
7.100319579223847 7.389549121088071
7.47654841044841 7.215928624547187
7.444210315749573 7.283700623779384
7.617760247465201 7.025585087201097
7.0483433879066775 7.557714267560041
7.455052224742617 7.22584452183734
7.04882683001498 7.553162878933731
7.09609035076302 7.439826725130362
7.723462407904157 7.024026140787694
7.02519670064356 7.955448415331667
7.108024189456374 7.337371429505607
7.511113787728491 7.204537231543219
7.080901308349899 7.4969486135698205
7.033722476359405 7.927800466185415
7.521071133746538 7.041407231341127
7.613792000779024 7.0273152990763394
8.611575394842665 8.533495424605135
8.470798673916418 8.656336285793696
8.964668485242612 8.01092189734056
8.785798096485179 8.43538478326241
8.817926146068224 8.012194839645995
8.267838696979448 8.765899477237044
8.114241899644986 8.912721111874955
8.223183603528094 8.813940075241586
8.614848990471952 8.529985598639772
8.279439044515653 8.708369715303773
8.16324283844431 8.85522255775138
8.42330082440342 8.668927814470328
8.337492271706532 8.679533258633263
8.81575011199863 8.039951954462643
8.663117243982818 8.51253538260263
8.569363622616734 8.60784809688483
8.598962971259864 8.58781960370598
8.003285786079775 8.92255918371905
8.481316415099725 8.650312719613597
8.220706817780124 8.81898007863053
8.798009965110275 8.195290964760682
8.802135533266174 8.100914946177866
8.12811381082653 8.87700513282072
8.682100543222965 8.476319082732186
8.5506059367652 8.61526843566478
8.159230430857516 8.862562072649503
8.743552921200369 8.45459364885013
8.23329987714816 8.777681099578256
8.425272946672127 8.658826587592541
8.728974038387326 8.464575656982355
8.757054914941873 8.444729873536168
8.806199663040783 8.065675914904585
8.632578285075171 8.527533591019546
8.390915456781128 8.67094225695326
8.6803722854871 8.488012740721116
8.205983800850934 8.851030371088418
8.270982035070478 8.749068296218745
8.801468642330775 8.106654671864138
8.789139233184736 8.353471327980243
8.54380172482615 8.641141520401007
8.04361307202164 8.920415933223742
8.366752396289037 8.679451382715344
8.056604523962767 8.914781276432016
8.003084035510117 8.958643061459146
8.603516551609596 8.535293289115053
8.276671707429307 8.716244384962062
8.84607484200697 8.011536229294453
8.223225828119265 8.808707662923428
8.123884291031143 8.905803383024807
8.792664057845872 8.23346190315295
8.779455408461114 8.437851092353107
8.795171483856123 8.228423080099738
8.12871308130052 8.863618279929852
8.684582010202254 8.474591455610007
8.71900302151517 8.465261819979865
8.325980342150444 8.707746851216001
8.21604331074675 8.843480939042
8.797715039150596 8.199629577493628
8.671624857057697 8.496208559793835
8.333267005517879 8.70420231477449
8.235742434225996 8.77101317350433
8.593300524136327 8.594370677425957
8.816988170543814 8.01957524263955
8.770112201634662 8.44307051573497
8.632731984932159 8.52207758247686
8.304757420609507 8.70809638229467
8.549832308065776 8.617803584315931
8.804819195778746 8.095251104204582
8.218809938110331 8.843447406495834
8.49440336751406 8.642292483028625
8.81034636203932 8.043665720836891
8.975292069524455 8.001596076372136
8.714111247997346 8.473941615502385
8.790131006731514 8.327830407923427
8.062357061797275 8.91457855384022
8.269218078577708 8.752261549914913
8.274871900544467 8.748017613465986
8.586439866335658 8.602016933847464
8.790792980960433 8.292848946316663
8.228001163961396 8.796574631965163
8.231136160714284 8.785947010193325
8.115358341646989 8.910554245440006
8.335757529127408 8.68810980253003
8.788599076194014 8.37015350996087
8.651403290449242 8.515934879721723
8.799603730159038 8.155049837085171
8.662463450990805 8.513841118032168
8.586926736111298 8.595831196149163
8.276649974577863 8.726506412714981
8.187770751090893 8.851898073770748
8.735075127622776 8.457735860805231
8.544379589767082 8.621869857612175
8.244997863970994 8.766062536771255
8.208806382275919 8.850413708372718
8.08433466461026 8.912970693187093
9.220493557352933 9.665547608064301
9.462291507465727 9.536907121695084
9.63862327769435 9.232513168649797
9.153582557937193 9.781457895227657
9.550339816435583 9.405410982762552
9.478737834539492 9.490732433589024
9.770663944431243 9.208043649660866
9.127401506673493 9.985244126509011
9.575113301582057 9.400557465053371
9.497497827537112 9.432074632406508
9.302904364017547 9.627205678481989
9.774445001675083 9.071772786137634
9.436716317950907 9.567088765823915
9.217983429599737 9.737158481238058
9.579988270093835 9.284328311077847
9.142864216376328 9.818115997693605
9.956801313143835 9.031594083431715
9.988172891966341 9.02350870492407
9.482713708484678 9.453648914321567
9.521266295007173 9.421068362519094
9.313294690807751 9.577894195930392
9.24544496304898 9.633780223055455
9.879786097664445 9.034524011241503
9.159770755498709 9.755747270283676
9.167825716890311 9.750959023221169
9.607240592316398 9.25518414610191
9.722053624467613 9.227446931387448
9.140207244158807 9.91556051596899
9.634786683658708 9.237695208839789
9.804106275227568 9.071218326593831
9.860258897977156 9.056206245859547
9.219543357295402 9.674702088104624
9.75401435195475 9.216909111620806
9.410060690094713 9.574527252783277
9.224041698872396 9.638104932358365
9.239632234898112 9.63655772581844
9.46534406937425 9.52392279929886
9.118414760119105 9.988319211888653
9.456499374122783 9.560578200100402
9.215404162016105 9.74533235343864
9.99135048818656 9.01081770601608
9.13277695364639 9.982744246689883
9.052900227230483 9.993567175608353
9.15477629854201 9.769975931194537
9.970412709302604 9.026172700796268
9.222321978696701 9.660691710450305
9.52495190257785 9.407201208239785
9.89208555706958 9.032538793248696
9.132839710330463 9.968028461297747
9.4803086223153 9.471775323081314
9.814458073470465 9.059771670822967
9.700327456443363 9.228722793754438
9.99106724934312 9.020961252086318
9.494265646874254 9.442978903301423
9.150531574230198 9.781924384068821
9.754990384231771 9.211968318062317
9.61511733173691 9.240426465616475
9.141734994512221 9.819259601929724
9.164654888831844 9.752799468416622
9.136717731031831 9.919389897510015
9.513531467308171 9.42683591003125
9.004823823129682 9.995195647214329
9.576508605197766 9.303298547836732
9.580633557621423 9.255660790498533
9.575414886121894 9.38566208854527
9.313125994200144 9.582536052148907
9.8736987245367 9.048744642474714
9.078254927348402 9.991756713400823
9.771483829411975 9.175545067442041
9.32824819916216 9.577345608163787
9.455810104527023 9.566864288819852
9.297585543173803 9.627611390777504
9.474774378152421 9.492926329469533
9.307526465884566 9.626769955266317
9.460934158688618 9.539897673454327
9.845743357565265 9.059116629196403
9.22632900951757 9.637720017086773
9.49132682472308 9.452307144514842
9.498121058039578 9.430887016114301
9.102268308227238 9.9893286791943
9.966825885054726 9.029079411157705
9.735325267538233 9.219132614057179
9.773814050637412 9.132734879457646
9.648951411770648 9.230998258870402
9.609352610566921 9.246424414371004
9.467179170739781 9.49478831901584
9.25266669565965 9.63276802189057
9.571046411172903 9.40348006561651
9.709240499116598 9.227882201775731
9.218985367703155 9.678741353256116
9.129747909029492 9.98359019534452
9.311517031992446 9.603689972427148
9.997406559380195 9.007604618456213
9.25906351652915 9.629105833922178
9.77386590722883 9.083894300133087
10.314799154051014 10.446524893542824
10.870041255618277 10.436618042084634
10.166997847647032 10.787701373452778
10.193724858890837 10.767805069292796
10.989253841787393 10.31192781329178
10.88070215142284 10.412747635235613
10.01418896414108 10.789468582286986
10.011314062255298 10.830401563723616
10.879380142850197 10.428219577510704
10.969586685533208 10.365356502237661
10.299780824420472 10.76231369490592
10.455068022577011 10.44272333585451
10.934743527948324 10.40769666143717
10.992768488988226 10.064855081680651
10.301383730961776 10.749256618690376
10.989737981096258 10.086322796986197
10.783129374065387 10.441476011267168
10.988712311439208 10.358589690305596
10.302085376579157 10.489200152058801
10.007880136830648 10.95769451907243
10.95417735280183 10.376884173249312
10.051373808839282 10.788947141471523
10.014140028657778 10.793688752470102
10.179491194404786 10.777711756388406
10.88748081832516 10.408664756610962
10.86782195975405 10.438650781983469
10.314447768480727 10.456125312081937
10.965097733952003 10.365870566477202
10.20358667968117 10.763683371343493
10.301803688962977 10.709980218803754
10.01289050446677 10.824222228055781
10.98962499712219 10.170766809103322
10.00178406093749 10.968428418325823
10.840661973983629 10.439576162663803
10.963221217833343 10.375510066345639
10.196891887536434 10.765537311209973
10.99384016352794 10.063593468844367
10.751719351161148 10.441495799875392
10.009990537671648 10.90876261133929
10.312963929801992 10.458937090862266
10.303975649695765 10.4799628967452
10.944195587303792 10.391350935517206
10.936273969610593 10.399545239996986
10.878935461192627 10.42869266307895
10.417196916367642 10.445839585092743
10.939163361210305 10.399334592275649
10.301948231817311 10.57547342506248
10.563961840152382 10.441957522526831
10.99506725436667 10.01031858165928
10.98954525198439 10.182647301627568
10.484999054632668 10.442077673656787
10.481778523631503 10.442192019775781
10.693506346228537 10.441626387523431
10.951422603882063 10.37912067177968
10.01082109968572 10.83825998991311
10.003346518857755 10.967440777109479
10.451506465719005 10.443409949338644
10.419841566802916 10.445001662199324
10.420782959174876 10.444964378043132
10.25414122610884 10.76317013192427
10.877553343546044 10.43272451011125
10.104147860260188 10.78880342971237
10.909914424558954 10.408608097950818
10.300771107561523 10.753596447621401
10.178982121511632 10.785284056641247
10.192135095731636 10.768716044843472
10.945926534402219 10.387179164810105
10.97875486892535 10.359809128078593
10.972635607193386 10.360851564190524
10.010831405661884 10.832588645895182
10.518716351908052 10.441975126586597
10.006393181493184 10.963509573094367
10.303936083750196 10.484301027156643
10.308736229584508 10.465615893076901
10.306994893177961 10.475860198609576
10.307189076659553 10.472453374596045
10.97254511839374 10.363163574888683
10.181248209005629 10.77673034473512
10.51090010349017 10.442074181560686
10.300379887746733 10.756085471060162
10.301593944581196 10.73639305765753
10.823159156867472 10.441045826425484
10.29933260936984 10.762878014249612
10.941261044855137 10.39418015764168
10.008974704063137 10.93092370049154
10.044740642272103 10.789312338025761
10.988913849297342 10.312841890363215
10.013154786413045 10.795261386492573
10.99248729150969 10.06850645392981
10.461216800988382 10.44270271618453
10.989372040767476 10.274246665330175
10.879787332285822 10.41652917607872
10.949525327515909 10.38040649657584
10.203942152797978 10.763682088703458
10.345769490878808 10.446392232181386
11.370310465141264 11.39047010669946
11.82958529482619 11.332099673451093
11.241785736882523 11.805618120467342
11.826197934794935 11.33431529883026
11.923173488893774 11.124553886919545
11.265013332059763 11.767543844510087
11.923495925920824 11.004390889013822
11.395200947840932 11.345113442863283
11.0812480385054 11.99511848489215
11.282145954942335 11.565324730695888
11.17380790668566 11.830270980024945
11.887069049146453 11.222730938835403
11.25857495241345 11.791250497341672
11.127393481851268 11.974777706020319
11.340588799835544 11.461381539604364
11.146373940002201 11.874616614214103
11.822260758577336 11.335110058471722
11.311870330494422 11.49733695504576
11.862228724850953 11.312767883938083
11.912009227656053 11.155915573655763
11.373503453786016 11.374908480582876
11.267156818943162 11.684259590869639
11.44407590279638 11.342430040239787
11.817423008444772 11.335369665244198
11.766354984229013 11.341940865412894
11.877556795988307 11.263854724628773
11.240442740301786 11.815075315446197
11.891113164281224 11.182961120089905
11.294734210759131 11.563720026525372
11.280481381841609 11.574727322413247
11.299874947521209 11.513938912305058
11.346055278919863 11.394365791192996
11.082544027142276 11.990483166770764
11.418185704154372 11.344787271269853
11.231682920672439 11.829266640615385
11.167315320855192 11.852492216574717
11.148852574689654 11.861035497674516
11.16898240171837 11.838792372361773
11.272102237741342 11.629360562981743
11.844863849633889 11.326229022532129
11.873245199974802 11.31167610534161
11.876747425617362 11.29487008091019
11.914953583147994 11.13964849336241
11.275205576740287 11.60423052319942
11.134877687113349 11.944367017144957
11.884346767491316 11.256637323333589
11.13901598037031 11.914056025777965
11.272184454380168 11.620169307008881
11.379035198408868 11.374397825668295
11.890492641828345 11.218608533507744
11.092817300461757 11.987180635924856
11.268441584786974 11.635876355631849
11.776905566406587 11.338122667125097
11.92645759808467 11.00370741050325
11.139910213675543 11.913011706277597
11.171959868647843 11.836884205028799
11.435797754812933 11.34246688641234
11.803230415413104 11.335894744242825
11.118737045465943 11.986761981343289
11.32600293859908 11.490855248421202
11.168166533106861 11.840096287770676
11.338423447633133 11.461910545284173
11.133577897712696 11.94976217802314
11.301874026252134 11.504184068347215
11.13512958935489 11.914676111898364
11.384978682118426 11.368205670446342
11.15916591371712 11.859066651914317
11.010626111254052 11.99540051217383
11.387373336620735 11.350635201591142
11.940670800302886 11.002107759982115
11.492700533963461 11.342285571966169
11.264484442229069 11.77850340516545
11.26557350664675 11.745624113814836
11.906209758544435 11.169925065516422
11.124647281700694 11.979455907266075
11.146733341750783 11.867274987599382
11.334570243023663 11.487503559126253
11.372053845232973 11.387064247809919
11.30582922877365 11.499885318857562
11.90206327394373 11.179361945273664
11.901407136743515 11.179363101126105
11.143373179766673 11.885164191950558
11.119458249591904 11.982322604062595
11.886589737625867 11.243655507815527
11.923228381907867 11.055551772265277
11.907115816289258 11.16727188162928
11.249053305899217 11.797786093986527
11.382235627640691 11.373241946733746
11.170371197549525 11.837481976313013
11.845474866688924 11.321824420140228
11.831121519905727 11.32685187430058
11.133755753255652 11.948358932855685
11.89110518401424 11.206892785272013
11.272151314284681 11.621420262295574
11.273450707257526 11.610115269268363
12.799217214780215 12.638659059328308
12.954296505328259 12.45648853756806
12.066806338187616 12.64976375231794
12.981471135136465 12.422381442421274
12.591254873613348 12.64110558167722
12.878398931932384 12.590176540628327
12.427897493645386 12.649431439404976
12.90221610795096 12.505487254430943
12.005627121173326 12.900738087755874
12.05390822004993 12.691388898835198
12.998368877285992 12.35092983526024
12.951618044009061 12.461223161077095
12.007223328857972 12.851004288738933
12.902931407501086 12.496626136011542
12.920417004546643 12.464874256110816
12.975373871578975 12.426856667264426
12.883477797017308 12.534422898331204
12.967658031581104 12.427627482606612
12.820420726072708 12.59250493086158
12.816740360220397 12.628495264299428
12.959053062735764 12.429246605392931
12.051209279386295 12.736888493607857
12.46770390219222 12.642332828196063
12.015294668448387 12.749025240949642
12.06363128977993 12.683042073592066
12.002810140783877 12.954869414469407
12.035523183341725 12.740640948278823
12.880413694376658 12.552278811225188
12.708030519294232 12.639777211868754
12.931526869576425 12.463582492916748
12.910606950780211 12.480320002275636
12.81194837129221 12.630295861577414
12.889544130621875 12.508011397583083
12.87919910809614 12.564507210825479
12.008162770405734 12.81992774360345
12.989479808711147 12.417553002617245
12.99833952744515 12.402263188265358
12.998494195967213 12.163263942966065
12.014283469665507 12.8140326874945
12.46349239251577 12.643458402046996
12.809110666533075 12.63240706597712
12.06660038973069 12.651036106262566
12.06644195534438 12.681182351643509
12.99957331665326 12.056838122186168
12.993254152599036 12.413027778776005
12.884684339506505 12.53115475480704
12.761784216691016 12.639689186674175
12.998575040659745 12.085474583786576
12.039117196582009 12.739612282638513
12.917335778136023 12.477466318002255
12.460715023103727 12.643880048964158
12.024215892572471 12.746997142636323
12.878775345704728 12.589949092552374
12.611690721813826 12.640444514632533
12.005830376717205 12.863054731508676
12.05958626398757 12.69064853757391
12.8808602278318 12.54368692833546
12.447454883573348 12.644178642804121
12.96844048995574 12.427213449572038
12.879167227271372 12.583237991777011
12.884997115744348 12.514118450394887
12.864554056905877 12.59206678659745
12.805153910785396 12.634792005858234
12.051554841517701 12.709731869282104
12.44126649259622 12.648662442946772
12.956861095422736 12.43348205932168
12.88722257461129 12.510555498367903
12.00219811549005 12.998167855216264
12.920005064890864 12.46981113640978
12.705690859111089 12.639866078595574
12.957650633231392 12.429560330861875
12.998108169253484 12.409133794153988
12.95708610207439 12.431944218127848
12.012602777553912 12.814529470055113
12.003001878638877 12.937659344146581
12.014861096809968 12.752318737317799
12.00780434204817 12.837471170072984
12.775769656467341 12.639250998145245
12.00567791754166 12.88796153823933
12.610934396068313 12.640892138968628
12.657756982748317 12.640113559197221
12.817845598808098 12.609746382323769
12.418872954025641 12.64970104844955
12.027273628578252 12.745745448143177
12.064860565107285 12.682242027481943
12.060223121641629 12.683463708114841
12.813632866739669 12.630042588353849
12.97983500882805 12.4234562403683
12.44485057764646 12.647405839818756
12.00469229676633 12.90382065625371
12.897668776120156 12.507676286202138
12.954085925025536 12.458452793291679
12.904142460623921 12.482537750108598
12.893557328101911 12.507779762591705
12.462071483092759 12.643630785562346
13.48831218570078 13.109387904635856
13.153726991223767 13.57756331646818
13.551872959514549 13.024307176925534
13.399857253875856 13.330145243123761
13.100906031079505 13.61272239355199
13.46095125574707 13.254580350452873
13.159060315540227 13.384578878091004
13.059751637296383 13.987373725245813
13.09041749678152 13.783269478559717
13.525503577254993 13.053630101418667
13.443628774295199 13.255950340932184
13.067097528244746 13.800373161027899
13.490099425961958 13.066580399386158
13.09124346323196 13.61678506375126
13.062320375071861 13.950872443418357
13.355885804993926 13.331469253347185
13.40610410083133 13.298257591850076
13.702220556053623 13.006253178932761
13.199902351612481 13.369750166595265
13.485501650908489 13.202475111323922
13.066924924159323 13.835131805704927
13.344338019645337 13.356538119519188
13.663624093224604 13.015142485599956
13.065214333929733 13.872678328937653
13.0649273650127 13.903292789084313
13.81264019141044 13.006172834691947
13.556473657220575 13.015414354410085
13.666212484681445 13.011541804602098
13.473832322756415 13.22959425044191
13.140515612760023 13.59703659544689
13.426738042357071 13.27582801539507
13.328082878370552 13.361943628072536
13.51313677874325 13.054913990486115
13.526923207290038 13.042338279889675
13.190784741812672 13.379225268344973
13.233984812391078 13.364141976438704
13.06522696607574 13.8648146314439
13.833075434682552 13.003889989520097
13.090890357483314 13.617183651754143
13.145856176915915 13.578189149359968
13.531536218161952 13.040687318372226
13.475913133212039 13.221943686028027
13.141536854592058 13.582421219929824
13.472239818026262 13.233485209705641
13.546031906715314 13.025799467007346
13.090496784311181 13.635370981265089
13.155366065797867 13.54635427640406
13.141041819582213 13.58772192234543
13.6942877452447 13.010077132749146
13.401786682382562 13.319425540251329
13.43809910792458 13.257705454837646
13.155724309015397 13.47390551163769
13.423031993401992 13.288790163773413
13.243437389553398 13.363092947949996
13.157128433272927 13.413747377782926
13.00033912986902 13.99066164865103
13.538533973353276 13.03657872667137
13.487479599486962 13.121138516363827
13.471210764169387 13.24724672814692
13.108624407979145 13.600953996854294
13.05607590121189 13.987384700104805
13.48679806508598 13.14485480509052
13.853700060649214 13.001173512343238
13.483703418470437 13.218309898654434
13.353630292485375 13.352676819900735
13.071727725606529 13.788981511363168
13.828455384924462 13.005457723883165
13.956934206191535 13.00014935142435
13.696549281183746 13.006464007067025
13.497757040130187 13.058406538368027
13.148086348579534 13.577643166613464
13.2459997142173 13.36230214275324
13.090442343464991 13.776394863271015
13.160176578975957 13.381334860039791
13.402583424028021 13.31557473532587
13.415938137554106 13.297249837865229
13.324949303273277 13.362109077414612
13.032626140633788 13.990600322715023
13.492089176956611 13.065302520965632
13.470643524121634 13.254510717048566
13.55157202308661 13.025729217907433
13.540141639374417 13.025996542551875
13.34602001648282 13.355433048626494
13.3545081346498 13.348196600042215
13.435050432447627 13.271607862641572
13.085090941204985 13.788949581258338
13.485383172147372 13.213202419776756
13.156231353749806 13.429629146174163
13.066069902442235 13.856408586680125
13.472117779391034 13.24591083097727
13.337351059281183 13.357502817395781
13.13012166535864 13.599026525550146
13.425089154355565 13.287533329583235
13.43797445908021 13.258251347501727
13.331776275491508 13.360641976426756
14.687195963944966 14.333827094623038
14.045392404605085 14.371817684970296
14.812593471667695 14.202162274317079
14.76409053932603 14.271136028810925
14.028274681185364 14.372825102493659
14.458145028217135 14.352962069285327
14.003049171346246 14.635345692113468
14.96502546430537 14.070178484622078
14.834105600506186 14.12932160612332
14.019772490322445 14.611426947543466
14.694481084751066 14.3030726621256
14.6432063282515 14.338814318976183
14.771876083728005 14.247793545881809
14.014462604335678 14.611618220738867
14.013502905581692 14.623072171521347
14.904639460698595 14.077408644656046
14.022079372146585 14.469960203291912
14.357065449384303 14.357240648728865
14.821798952588276 14.193266743359244
14.459725064114398 14.341110958815056
14.969401407077006 14.06266325642576
14.781723580422883 14.210276252492418
14.056009253751746 14.371618157353224
14.979342811171108 14.058476162505979
14.621838479755246 14.339036451592513
14.277864617769026 14.36241459207576
14.838358313595164 14.094604434806135
14.001777664754341 14.638271640537416
14.193841396556017 14.36838754519297
14.010841060716887 14.62619086336896
14.725423956984072 14.294888392516313
14.226760344021425 14.366820896533635
14.994640111457551 14.039232308205385
14.250293175055914 14.365129172759948
14.831613723081688 14.192271392355117
14.027105575853131 14.386174994598035
14.794920001583629 14.207436668649315
14.000712215863002 14.741743575268407
14.450047942632407 14.354979697533818
14.704797929829134 14.298199946450612
14.71522386496737 14.297907209446345
14.780283459741984 14.222426001125656
14.062562447627256 14.370982300685128
14.991568881239823 14.049044840762226
14.725481410203518 14.281289789740642
14.000330297481204 14.919116709534935
14.839075819851844 14.092174776930575
14.997705049341198 14.021935627556706
14.947580381252997 14.074294262146609
14.362316210733256 14.35534113130928
14.003465252430818 14.62806726350782
14.000583682380956 14.85432685529906
14.094616485529528 14.370935662080674
14.949102113164962 14.073488674130978
14.511482031293378 14.34080747900443
14.346404528819374 14.358184006614032
14.584901868801673 14.340573889919964
14.688021870642913 14.319713075974379
14.026349066808129 14.4462795879825
14.742019836945587 14.271424292320516
14.000870174071185 14.655795678222255
14.858187562087583 14.090784775972159
14.772470047109067 14.227530794889415
14.890091549810018 14.08070717455546
14.143307262584687 14.368699995115296
14.02089308309379 14.49694343109072
14.419945131569957 14.355028920718006
14.833139532361685 14.138177940303496
14.45891822734145 14.352327943477599
14.78869599441486 14.20960887286323
14.338277197266272 14.359561325515513
14.84443809474543 14.092080011242837
14.135444986776784 14.370663295508557
14.961044066279873 14.073129578323169
14.203805070761154 14.367389541790816
14.020165843665596 14.50916448084131
14.771113227514443 14.269679502241278
14.90366488272562 14.078710575196615
14.688810360169917 14.303749692024569
14.813951261925567 14.200345072465746
14.740540525718224 14.271642920555488
14.73027374608155 14.279056471019228
14.87976859875205 14.090520201591476
14.306172129713953 14.359744420197082
14.014098832478345 14.622583262086913
14.938833818794109 14.077268399154498
14.832313926008517 14.171480223269663
14.826849729305298 14.193008589885638
14.471834377160778 14.340864708968109
14.023730955400493 14.454226503066918
14.88331780909946 14.085206402776043
14.837164780347496 14.124731973875758
14.027117278378395 14.380054709681286
14.019967697052062 14.570872114799037
14.780571876406167 14.21227053024605
15.55503869459304 15.858061174776592
15.978812840685697 15.721081474954167
15.679359546107792 15.815823272899848
15.10744931571572 15.858167206779154
15.671044926632185 15.844746860047437
15.828454678575634 15.80924394316812
15.02360872672855 15.957889949252866
15.79872219803714 15.814230868459383
15.998394790695157 15.711860368549653
15.045365231395667 15.880747487059635
15.076837395462581 15.873321278863825
15.888648163449187 15.783454578726312
15.044214917896195 15.909666997319
15.673891952158412 15.82538765683155
15.957684286752164 15.776044452170295
15.863118354957876 15.783816517520833
15.608704614133504 15.852339386882592
15.002849398806324 15.994127075265187
15.837928303697874 15.800801666421053
15.662176881481567 15.844968479026575
15.965298428908323 15.75207485616086
15.61150507160985 15.84585213050178
15.832347314637419 15.802848740382181
15.039703689802915 15.91861362712905
15.086918320948028 15.872770866666436
15.00697102676793 15.982886159417367
15.998989510139934 15.326792441952565
15.093884675997087 15.85979237828984
15.02915566473498 15.924672452823645
15.999183829745919 15.010141259160205
15.011232681601355 15.958847129479764
15.985366497035578 15.720517384783623
15.066912540895977 15.876708338389179
15.843534149844425 15.79541512646533
15.783305288357699 15.815621908471025
15.998888624671004 15.637043032009272
15.971708433157225 15.742757333170108
15.972073530205535 15.739654397941566
15.035828078197328 15.923874586350514
15.974642888237288 15.728900952748603
15.963099667699762 15.765313894424105
15.578853526890908 15.85444310931076
15.073242882714052 15.87568144442068
15.839180415634377 15.80062625671949
15.90451223165406 15.781508616999112
15.990972957288651 15.716902410090213
15.09211355360703 15.867218650174694
15.000054565043973 15.995985052565038
15.04461055908966 15.889086319530712
15.049136358157552 15.879210778862905
15.836062834761975 15.801061724147598
15.999577600600238 15.004439448353905
15.08988329831466 15.869978033852648
15.913708446825822 15.778730776901787
15.972697693156498 15.733514988636461
15.028248520753127 15.955285787548235
15.07608044699198 15.875133834497698
15.598922357171809 15.8541372106374
15.999055267225227 15.081885483743312
15.021718949469863 15.958312364094429
15.966711474217918 15.74392942786759
15.009699413706798 15.974795544874391
15.634740395388498 15.845238168890186
15.998901924164084 15.529543362017522
15.855440304612518 15.784322922709
15.80503978611576 15.809939919743439
15.85322741785476 15.794356940082519
15.854598678780224 15.784998851796484
15.010465449611514 15.970165236688493
15.931166425477677 15.77843962885005
15.959254804313053 15.771340379372099
15.092373092384577 15.861424417745287
15.601851530534244 15.853629370550063
15.992702115936305 15.713091256213039
15.998455830550927 15.693736594809511
15.556225462468973 15.85568911802702
15.803963026972786 15.810597659130496
15.906551257814387 15.779834116443906
15.609483969700062 15.849453111404088
15.19063891285896 15.858110926301451
15.945985134135967 15.778084887603836
15.088528834784174 15.869990762017872
15.056953090702768 15.878973643472404
15.94745700615203 15.77735584091564
15.954787250654297 15.776155610729818
15.964336194229086 15.752334160052236
15.972690083421451 15.735880656801582
15.90489353816365 15.780815502865613
15.066837362383227 15.878612432650415
15.100536757444823 15.85868112901415
15.600672251614537 15.853673103905546
15.9023906378204 15.782634862047276
15.77935419070031 15.815636062396358
15.675600186043017 15.825151663667912
15.60547013180126 15.852836545328667
16.76536033817934 16.95693972604088
16.843667026560396 16.052071920333315
16.782853469089382 16.22609888636149
16.02034766419283 16.99046060286313
16.64306994341 16.964973559456386
16.773752463504508 16.77021174954234
16.999362950212042 16.047922230883977
16.799969610488944 16.150042053493458
16.765431510357182 16.90185901551544
16.046437791657958 16.965273104671677
16.82621175140037 16.134251678397167
16.781548435302035 16.660068559588872
16.772789187646456 16.80960628818202
16.78278876987433 16.363288783818533
16.815101406297078 16.14596144771683
16.829712356928937 16.066362463489984
16.02674228441994 16.971340248547076
16.789394316908826 16.183596135469163
16.69014077961297 16.960686164167015
16.99954494668283 16.03609696490052
16.841675272972935 16.053719825667503
16.93665574075544 16.048453491463995
16.807125747542393 16.14651008649612
16.765861669228688 16.89097233272947
16.77717241975127 16.66818880612325
16.78874211663433 16.209289365268873
16.865241927219056 16.049990955233138
16.906928747825617 16.048868521326582
16.79481048003684 16.1534560169949
16.781653176992897 16.45318252139313
16.771415597406364 16.83909693322813
16.828596785235778 16.084221615050367
16.799290529759222 16.151859180797807
16.83378094170668 16.0580805045542
16.26980459945565 16.96504461168488
16.77017421843823 16.86159800616364
16.790824176966048 16.16484315188555
16.041321015324375 16.969869105484708
16.038833111841868 16.969954020486195
16.775804476081166 16.730665067649465
16.78161257000446 16.547733301529277
16.77418477881516 16.757286117947466
16.77649977914127 16.68834955901793
16.654041469777113 16.96221678750343
16.674188936945015 16.960897316561713
16.789813998418825 16.174530179956186
16.735093694982293 16.956976010873827
16.695125937184184 16.957640748239005
16.855881263401155 16.051546407782595
16.81763851331685 16.134768424982756
16.999767304079526 16.033286289435473
16.77554217844573 16.734558505630233
16.008534033182674 16.994503955157427
16.781548825932774 16.657471660207303
16.7922923567751 16.164403537235742
16.807968015658354 16.146356989027836
16.025903582874232 16.981619398132853
16.787959962727438 16.209521305151444
16.02234383524415 16.983397380348457
16.78480339345269 16.211260485144564
16.826261294858078 16.092280993693002
16.782282853530646 16.41806687886985
16.76728891061403 16.880670159033905
16.97525447225067 16.048322836889735
16.667921696795936 16.962199963735042
16.203395549504393 16.96527256920906
16.030367396413332 16.97130471693123
16.015410766844628 16.99328884713259
16.94165158661736 16.048330456504868
16.836578225034696 16.054852168877318
16.77347371712442 16.798412299454064
16.775148789927055 16.73680983719511
16.80032070300678 16.148429578089388
16.81552087188414 16.13978023784782
16.650324514155795 16.96256208818355
16.782448743848793 16.374669957729456
16.777874439333665 16.66580391010146
16.002302603959947 16.996072025666177
16.77895365545793 16.660482647210223
16.782826346712813 16.23177240955357
16.771842295513867 16.82267561594626
16.768181635851025 16.875833511067572
16.827021479757036 16.086658751342824
16.015970079735222 16.992432616574412
16.38536934792924 16.96500088460356
16.83467089085107 16.057935441579403
16.82906271467105 16.070131559742805
16.78498349245523 16.21005995518698
16.771363514282513 16.853450104542784
16.810573032963205 16.14621334283145
16.76604008726022 16.888671211564137
16.87438567356402 16.04971230623089
16.76893690392474 16.861772913665007
16.78351367306953 16.22004781224922
16.775939673580908 16.704256151303134
17.97020536768127 17.94165738369953
17.08827695612254 17.96422419385512
17.618444501407456 17.94241307232201
17.97514503583955 17.08347178860883
17.973128148164694 17.697436572874373
17.04420338560081 17.96798368928349
17.595310005100625 17.955008287266033
17.961745401357366 17.941804736612035
17.282246534207236 17.9585955734194
17.998016376281395 17.06610712726129
17.042767049882826 17.988146462897483
17.970308458369963 17.80134480497938
17.096526101749262 17.961009936913655
17.045554825685713 17.965981336015048
17.29457153139259 17.956502121391647
17.973453812616974 17.195939747186863
17.062236378988196 17.964415180183646
17.973172348039434 17.227078410554242
17.31117299176352 17.955635723322885
17.972417311071066 17.709848289460716
17.971637559854997 17.76224920643209
17.01505170166424 17.992970615181996
17.27234824759231 17.959775060425187
17.219408421634043 17.960508884550705
17.600334143674694 17.949621548531255
17.9731565151823 17.650066383900963
17.687185223759265 17.942399723368126
17.992086295828244 17.076433719428426
17.57708359922146 17.955366214983528
17.999915556901314 17.023451080175775
17.042965345384474 17.970951250613794
17.729301543908424 17.942129665139667
17.997342453003416 17.067588758511427
17.97363508144402 17.113838968873566
17.972286854429893 17.716310300099806
17.9760390381878 17.079142926522493
17.012108024257557 17.997093132647684
17.0203207770825 17.992520892576415
17.871452044529732 17.942019374546852
17.183508790545208 17.96098961014305
17.320116722527004 17.955466643221058
17.600900693361037 17.94919717910657
17.999530692663175 17.032035717826737
17.59681838288722 17.953114482959478
17.99615750850478 17.06782224645518
17.611324442226604 17.946437241446347
17.99883524413758 17.055504258285133
17.970700062820598 17.767283133087204
17.042251628576263 17.99173652605818
17.61148692786282 17.94495717448019
17.588845848061027 17.955075120121094
17.972905100580732 17.707303566359926
17.1987906943421 17.960624071786103
17.973141898457772 17.666601207652196
17.091378358330413 17.96361578175111
17.15702190171073 17.961007057709068
17.183857217743558 17.96090328079111
17.204279944923762 17.96059896536314
17.282214253647417 17.95911408307211
17.04866821795196 17.965045524876103
17.61810642539437 17.94324038913053
17.49792933113501 17.955451400595894
17.999136905984916 17.043837814361993
17.733606117618198 17.94207142819078
17.608307030552226 17.947391408785464
17.974287450566 17.113398172190756
17.97475961525057 17.096322489269344
17.002547155442965 17.997857924599714
17.60793582451896 17.948879400556432
17.193316794781605 17.960770763801477
17.616886252446708 17.94481704461435
17.995163127873912 17.072824488096156
17.042959606066166 17.981255304720857
17.264094046828962 17.959810559577015
17.256184035954032 17.96025088660028
17.29951741116592 17.956271298780347
17.985836819265128 17.07845694929135
17.052821049770756 17.965006095645318
17.995734786353825 17.071480621050146
17.939672465357955 17.941819734388314
17.05294278803872 17.964649312904644
17.9703386280483 17.776656621830625
17.293210724084272 17.95723698451549
17.99815617027275 17.061803024811997
17.975780677571844 17.081194685301778
17.971095103040316 17.764675861301786
17.99815412967714 17.064331424950353
17.09324707746088 17.96191796832809
17.970233822256322 17.89340415647947
17.999982662935725 17.00195538931245
17.227929611473527 17.96030149696584
17.87700282547374 17.94193643005501
17.00245496210109 17.999960293043973
17.026320557943837 17.99200026908249
17.599339116766757 17.951436776196477
18.443800568451515 18.80557213034669
18.615898657888444 18.24929308805677
18.03734299272584 18.884265701739956
18.989962237623228 18.22887615271681
18.03170202604159 18.943969270477712
18.704404843325655 18.241669786489883
18.941567349885272 18.238533349059264
18.46471829403593 18.538514385883257
18.504339025413387 18.535893100476038
18.12732810796584 18.847120637969024
18.57082632838444 18.46099246345799
18.505437178447522 18.508658555218943
18.227113199530976 18.84286434290747
18.010211317754106 18.987174566563333
18.990084271584898 18.089185038383903
18.57297985244525 18.393357263857556
18.54282539426375 18.47980514840785
18.38591742210435 18.81533132595654
18.299147213536674 18.824332758083248
18.98471561575199 18.230856063385406
18.588010686846882 18.29823588017022
18.446579141483188 18.63630547610242
18.593539376464502 18.297545158472666
18.426004530600466 18.806802240606718
18.385847195349573 18.821671600478478
18.02108733719332 18.9791557829739
18.447258859720296 18.55957946798955
18.52554978103332 18.498809221891793
18.04109388940745 18.857813608336546
18.245220442344284 18.83712262832109
18.573362949357556 18.390757014735915
18.248875858804972 18.82988868539895
18.603555022707635 18.27745928458782
18.574852569982934 18.37429592725441
18.230261248169626 18.83845413237503
18.552104314088005 18.461139561453084
18.005600179246347 18.98853339500467
18.970373263311796 18.233734627548902
18.10955362843679 18.850746831639317
18.53840793928878 18.49497391616694
18.03910065432894 18.872867955135266
18.022980257794305 18.946903644748872
18.597479311233094 18.28391304971055
18.691854556553448 18.245314677459742
18.92951030506174 18.241571053446943
18.034262415051913 18.884266142421282
18.445233871808 18.781447741992537
18.58273124247126 18.3030478547741
18.169419795655585 18.845548964821337
18.57613834290537 18.326373759232172
18.061676959311722 18.85427580490979
18.99684275175472 18.087744205697632
18.612909805404172 18.26009112305045
18.201652660128392 18.842865134360174
18.546585977306826 18.463073613330327
18.090207241417346 18.85171545828892
18.44677725451627 18.574549895638786
18.45968869230319 18.553160291456003
18.520397345516706 18.50547332380091
18.01596807200917 18.981212608645446
18.577071764235747 18.31292522758123
18.9900534991849 18.15163797022152
18.96137515236323 18.235504439571322
18.286776829463875 18.829381709034834
18.39768007375508 18.814215249403723
18.998088408808147 18.040672011437803
18.446548880154694 18.703888933795316
18.425123551485868 18.809770399047395
18.574930672002516 18.364794705736184
18.493880992103787 18.536809994732522
18.141751202465493 18.8461935464925
18.444378709148584 18.782458980233912
18.57482815856047 18.387142480860057
18.407246040366154 18.81174480738639
18.610586828530707 18.27642003194046
18.113680038594477 18.847411860377093
18.406089201867005 18.81266761606044
18.33463465008121 18.82170381538043
18.033220738824205 18.895259437770147
18.023372557280354 18.94584118258068
18.086277692024517 18.852136047374813
18.24616512672736 18.836729416694077
18.01913219803484 18.980831628934077
18.049144604612966 18.856807046722164
18.572182273671608 18.395234778041598
18.228260503153212 18.839878336826096
18.67985269451824 18.249241762031584
18.44563300588333 18.714062118356537
18.522668940307046 18.502948332045314
18.16510711002149 18.84567974983534
18.060822755200427 18.856080916249322
18.141001964989762 18.84667097516365
18.05922074286851 18.85676131378786
18.453855520300614 18.554580471031937
18.975166553212368 18.233394370166348
19.03104528903819 19.23853118965779
19.488923583077742 19.155005819932434
19.00036242066088 19.402142894192053
19.45880887607264 19.184217887140864
19.546045269658713 19.081332196406407
19.96762754531196 19.051316974522432
19.01109639434936 19.31535184381222
19.69699124218222 19.05601108480493
19.37563281395802 19.229369065478117
19.49819983161175 19.114745578841127
19.623984020527452 19.075097844953472
19.216901469636998 19.231688909445698
19.514988742938964 19.11114774873005
19.019733591718538 19.24915267017318
19.748180827794585 19.053534130304254
19.318029941923786 19.230470492928678
19.596760622080293 19.075253984558
19.419328883159093 19.211919712991616
19.669672374875283 19.067660336604497
19.517250699844375 19.085345447973793
19.984665631465763 19.030826885839073
19.95329565389119 19.05154307783038
19.421574332489357 19.19074956035444
19.016732958944367 19.297455496199152
19.897278420938456 19.053368949747234
19.47591581528976 19.1595341481836
19.155832557662784 19.236768520402386
19.989425051183016 19.012009450712117
19.521449976089162 19.085180392207324
19.44967995445549 19.188410811463918
19.41603447117072 19.219239295819882
19.421376965487028 19.201616245519624
19.97424081256469 19.039978452316248
19.93264717602114 19.052186236776066
19.315121189015798 19.23113637512452
19.21480593342159 19.233357140444035
19.463624816851294 19.181867789409214
19.978511267508537 19.033133017828735
19.4171672866193 19.215374545761154
19.641232843473233 19.070098784669785
19.11428927434173 19.236867325629916
19.532806113674997 19.08315784913422
19.497559059092445 19.125597395470194
19.21727628045147 19.231474620970538
19.577945677736345 19.07799581594951
19.469278723143564 19.178584055569658
19.01915272990359 19.263108158793578
19.00343774730712 19.318771744607687
19.984823743374804 19.012211589469192
19.188897923695016 19.234154445832143
19.707279933378175 19.05433613570576
19.408409116843785 19.220648487710996
19.495231303501868 19.146220170752606
19.000361415034856 19.604895549751774
19.01926682392281 19.250005291805387
19.579490453496255 19.075857401991655
19.17291656710797 19.234527512984105
19.685898050030346 19.061207224879457
19.376148536382455 19.222109965750803
19.97298208521009 19.043045918820614
19.68290975194944 19.065310675213375
19.015231764791597 19.29747978388249
19.4519080169239 19.18747814941241
19.477680557017308 19.158378704207266
19.00308491656461 19.324508780311394
19.00632267503404 19.31629533987028
19.97770056067837 19.035602144631802
19.00288702706996 19.339581784945867
19.4293785500358 19.189150946855857
19.21401728264108 19.233720898476538
19.02782282056837 19.24389162501863
19.515294736177918 19.107727263276
19.49468540850815 19.15247695897678
19.996105371557235 19.00563368305558
19.67139011294465 19.065494785562027
19.97115122124584 19.043836117312683
19.483849416825738 19.157881236390537
19.026628015024283 19.246016870575986
19.731318063055525 19.05422023090108
19.17110542006966 19.23552633395919
19.173482582700387 19.23438097950887
19.98173067245692 19.0309607352386
19.854495132801386 19.053369514121076
19.655853931695994 19.06827578730149
19.360016240857874 19.22948309538128
19.552546498710424 19.080872490758512
19.511129843708623 19.11124665946799
19.691828874550836 19.06088016127822
19.500144592225503 19.112971416552966
19.474127138424564 19.177267306435073
19.00052808604284 19.3460226998084
19.028305556529983 19.243701296620575
19.01195503511693 19.312165739498365
19.66479077767499 19.06818809854366
19.994685297765955 19.01062970858656
20.82917926596623 20.857800597503843
20.649657046803668 20.989526013636116
20.932677676747062 20.56597505245338
20.52919618218593 20.993156128056295
20.84751220739223 20.831279146892935
20.730833625383585 20.92335423440875
20.968878647958107 20.516523310562594
20.98664140254982 20.301642371903142
20.936598665951756 20.549498318305528
20.99293312983482 20.007553430561273
20.90072553890676 20.72017595487096
20.573972482622725 20.989872325024873
20.98423248714959 20.422633371070503
20.68649118885302 20.95988771571811
20.855471649455165 20.730206803330283
20.920313011647202 20.569989656382493
20.69078677811037 20.933973765188234
20.85397277351933 20.82419009305851
20.022501390429156 20.99955252603417
20.975339124590878 20.447671444220987
20.284478432517655 20.99725792889315
20.66070047768094 20.981348922629696
20.989558543138845 20.12825439952093
20.830741355272956 20.852995731699675
20.779747478453594 20.901733362216397
20.83509312101841 20.833187702775763
20.689016996646764 20.940586960961745
20.745804755097534 20.91214624665138
20.9887879586798 20.175364591995237
20.913862402861582 20.68556173358406
20.821915544699028 20.87469170082301
20.780055610716076 20.897953165147342
20.83366996376638 20.845405358136414
20.49525489065807 20.995493518516966
20.661612961574196 20.973240286614182
20.773159503374142 20.90944238527803
20.946704544734818 20.523463108717024
20.57746706776406 20.98979172804637
20.912558736747005 20.698042410319484
20.990989638466427 20.073756537398662
20.31483563734013 20.995911464496068
20.977074988462824 20.436726511715825
20.977246700637956 20.429060285036506
20.916812490821826 20.588009736978957
20.914716540361596 20.589015402408332
20.666777202962276 20.96555312928145
20.92916583205067 20.566323351513645
20.231640761653022 20.997869773744494
20.968997070250836 20.45439947508812
20.49863229537054 20.993409592438887
20.65072015055023 20.987540363449945
20.80909091924337 20.894930451023807
20.957471389820608 20.51759252607648
20.8661573853358 20.730187315242066
20.69654684327075 20.925706309312332
20.564194545248807 20.990152731367857
20.942974896090366 20.52954292051793
20.988412712531268 20.283182180701402
20.67381058021726 20.965444859235205
20.65203661985673 20.981674311824683
20.714411485818587 20.924805162465194
20.263144850107384 20.997272654045634
20.154073896068645 20.998651032164858
20.099122559943492 20.99874179549339
20.8194180330448 20.877364859333138
20.91439610296552 20.654338043760195
20.974058809321896 20.454058694477837
20.832701472710852 20.84732097387298
20.82404094981648 20.858400272591677
20.663744367300243 20.967685803460654
20.88301177549532 20.720415323979577
20.675794778409543 20.96189032591158
20.91134444159299 20.703082979121774
20.550108964920486 20.991522400890812
20.98640429298189 20.31270935147017
20.788860000204167 20.896370627868702
20.984324509657903 20.41208793350506
20.288479324874512 20.996044555010826
20.875457574354698 20.728086640327962
20.991788827210158 20.030414982902116
20.92441654777679 20.56897752752133
20.997714237922672 20.003366428927357
20.968983278236216 20.462108479880598
20.94331058682963 20.528683710046483
20.734159669535195 20.91604853719929
20.694395221560107 20.929866438006652
20.05864050907477 20.99948663564496
20.732749675372176 20.921277828148057
20.93539536836349 20.561880874100186
20.98600399571448 20.334300529814882
20.99261160635465 20.01874976534119
20.77931938011683 20.90375122432795
20.677933924621406 20.96058758970473
20.989033527694282 20.150894045563764
20.425199107859516 20.995579843455392
