0.5669775419495818 0.4466394299189087
0.7320445080728187 0.2679251359538092
0.11339789822170854 0.632625828047904
0.9112484190206673 0.20178926696165222
0.6472357096495369 0.2913181716497668
0.03096559329976778 0.8062679541043435
0.545241049346373 0.5191938512545359
0.4231612200906063 0.6294720800864751
0.059998781937309564 0.6827249143993631
0.6189395593802067 0.3140891897849819
0.5677786384162243 0.39755208309949364
0.9374741846241366 0.1981828642937521
0.7836246236853973 0.24324945623743122
0.03831461717360063 0.7219995287583709
0.18083017828142 0.6297359781390245
0.4737463409847169 0.6086294554447422
0.6973885389256312 0.2749921447404957
0.042138440826749335 0.7124636921484079
0.9430653483852047 0.03415790587964329
0.5434849635569539 0.5338373899411542
0.6142776700412265 0.39401006522698734
0.5304467291722649 0.5669875111910213
0.005332923665512301 0.9084372513621614
0.09497821893376945 0.6562303946942397
0.5412778010119013 0.5567289767375485
0.4827529675669131 0.597745268105609
0.8621594992918158 0.22742559302609244
0.9817488062151055 0.023003598826480953
0.43755333811261 0.6269711020173524
0.02260147833479864 0.8248966652843598
0.9430030176603389 0.19390993042781812
0.859934414894112 0.23851835706090674
0.5924235374839394 0.3970836393478151
0.6432924875661354 0.3115810056592565
0.5465084463761084 0.5125268389222422
0.7558543942081711 0.2504521686489194
0.16020576933120179 0.6308414993671804
0.009097622457341026 0.871425300785739
0.988549056714689 0.003960861268540339
0.9412391694839336 0.19563832207010046
0.0731025856370745 0.6659111671065382
0.9160618813086939 0.19859159844953356
0.5606499816895671 0.469987986862761
0.04330997173100659 0.6952354267711739
0.03302671727506856 0.784620051806346
0.7524515306332064 0.2562829506353623
8.098207466700202E-4 0.9903119170223292
0.6486485705372124 0.2890420449884914
0.653572519517582 0.2849909162951696
0.5217272021144795 0.5725615192346217
0.6448385328588312 0.308057355760779
0.8335895936036072 0.24284420625046466
0.013087954133163215 0.8516354961880087
0.8943876762512609 0.22521355625659234
0.5174209583333118 0.5833714524378648
0.47016447864350674 0.6254700597845227
0.7282667548050493 0.2709803197576206
0.564340288326631 0.45391294227213475
0.7451265650050956 0.266946604704987
0.6187072992167895 0.33564022021434825
0.9841199106618301 0.022087344218324367
0.7519331303220513 0.2630895996207031
0.8488371894790538 0.24100183863341107
0.0038857309642970073 0.9167438294283953
0.08908996045282525 0.6620932249768094
0.05557754564473094 0.6944183561219441
0.14244989872980907 0.6317845516345278
0.11224089689807282 0.6428901613955887
0.5479300439146668 0.47844554314247745
0.9699834608746852 0.026075492736177708
0.7677610787459802 0.24514083085091676
0.5670085080089322 0.4182615948015036
0.06865170384826635 0.6793509295857574
0.9862036955992538 0.017252551186546117
0.5207516074774352 0.5729995449007592
0.018570439706501518 0.8262659409284023
0.6466795172518851 0.29245768493632673
0.9587963759455403 0.030227976350532315
0.002008273995584675 0.9388387015154225
0.033303962376954654 0.7285656284203824
0.47504728834261745 0.6004143762146334
0.6712232738360253 0.28038834555393777
0.056351967125651714 0.6843872528301896
0.013590368977283496 0.8476742520408151
0.5032443694304711 0.5882927545219465
0.6172437197874765 0.3640361406574042
0.011443473775056723 0.8640876582609764
0.07366820341088554 0.6641316258628839
0.5344481079363999 0.5667834780751287
0.0306151138452605 0.8157936618122366
0.23265771294942106 0.629528323887007
0.6558240483082759 0.28203234556218293
0.6162460779635837 0.37255290650082473
0.5573996317031351 0.4734319735975071
0.4848335893540944 0.5894788148233998
0.6621085449914007 0.28054440072984976
0.008184793656756173 0.8873596511282159
0.6008102583869985 0.39422513848630325
0.01745411299109567 0.8389212858582598
0.977079106120119 0.025361991962143948
0.5084441006195418 0.5837380804931971
0.473256870935827 0.6207953246872591
0.43690545726553964 0.627268871609895
0.5401516989366525 0.559715053104452
0.012977219370410076 0.8566308502094973
0.8575902152524463 0.23876971688680115
0.9076075240239165 0.22481071098940208
0.0017146768016247371 0.9774313125748106
0.7240872498274952 0.2748778215708664
0.6178416239175849 0.33631510663226183
0.4569241268048374 0.6267797957756832
0.7567757822579271 0.25034595399566817
0.0244807701257993 0.8241903015851714
0.1048108672054463 0.6452837092189534
0.7567778902931931 0.2463742218421805
0.8921881341357324 0.22550558988399794
0.04311869409332636 0.7117355703471776
0.017951502523985363 0.8344538808311851
0.15684477276042574 0.6311640995615232
0.9801424952007414 0.02383181773703713
0.06939027318787783 0.6745338489350796
0.5469022430712298 0.5072354900457867
0.5609497428670593 0.4580702384162998
0.7737372756578076 0.24409880150087993
0.6376348824810725 0.3137471495384465
0.988233528728235 0.007985758856454916
0.0916686900610395 0.6613943569326464
0.013285444189286455 0.849592286491649
0.463888750111638 0.6265779001022287
0.9433393072272219 0.0322549163219501
0.12389244287774948 0.6326135919431274
0.886229661671745 0.2271847086209341
0.7292486509568854 0.27014347374380177
0.5519183632466371 0.4755126051254214
0.8617327462780414 0.22947736389048046
0.9532593607523001 0.030882976512461413
0.09897777508208949 0.6463224057287913
0.5177692959606638 0.5832687707628822
0.1408527093580969 0.6319194885325176
0.6550193486282007 0.28469884621447106
0.03553987323486185 0.7226074211841101
0.07440405673744788 0.6621739380636388
0.600642182468041 0.39623700450352595
0.5670346560361513 0.4159532985039167
0.61542533877272 0.38195641810163317
0.6605045858610539 0.2818563024204519
0.6809288509555026 0.2797111120920329
0.9235844180997679 0.19843552068503578
0.08929427488209285 0.6616504709701063
0.6935773203560068 0.2778016585362745
0.9846272298652672 0.021635244250749697
0.6175016764722164 0.35536129827472673
0.007322715031893967 0.8886349804828088
0.5637127470924354 0.45789490368015273
0.9753011709128623 0.026032723707917205
0.006639840494725879 0.9055085689091816
0.6131545405851125 0.3941497252664754
0.42641372055314697 0.6277583374943715
0.5379485950373813 0.5604816501935668
0.7666878835121541 0.24542566253772824
0.032249864846725096 0.8005442028704934
0.033234653466638564 0.7787759429577851
0.0027275636622287047 0.9267966228105264
0.9495204493815314 0.03178293740071325
0.0013515383923793367 0.9876885994565516
0.5414063338633499 0.5501402105300381
0.03300971812612741 0.7927911084525167
0.7463800654547468 0.2647585906014329
0.9078999065494178 0.2093569473506477
0.5432411663822397 0.5352300876904882
0.5221751079377731 0.5723667655106258
0.842084389679698 0.24106313908600763
0.6452007740350779 0.3076329115886941
0.4730592452878186 0.620837007911636
0.034545054278302456 0.7273533620996321
0.002946401408629007 0.9191627176837758
0.9393751155434683 0.19776791729600873
0.5675288594685383 0.4017114500626924
0.9857140576559159 0.020707610213504535
0.6905063160478765 0.2792573698493981
0.1286306371828414 0.6320914105391234
0.6892736236403827 0.27959864146281743
0.5671478627087707 0.41334411997423093
0.5262724346329992 0.5671449752185184
0.07116903769724958 0.6693296454278473
0.004793479759905961 0.9106258719128495
0.5532583217446585 0.4746534998071005
0.06928236148794287 0.6768967968846926
0.4734899898108307 0.6153852277520363
0.8612621136889346 0.23066989271881755
0.9072771979295998 0.22495243575485502
0.6380510995478157 0.3121786200976079
0.026928219475648052 0.8201663574667589
0.9865631101499557 0.013676675437578334
0.7651931572388653 0.2457414975561092
0.9859616261064362 0.020208189031821644
0.9078192338237934 0.21008519199839515
0.2558039921500852 0.6295265747970457
0.09259111576450274 0.661287144303303
0.5645764944190457 0.4487595239906781
0.09727231534732561 0.6484291918841454
0.507910328037023 0.5842019957604915
0.010783127168326967 0.8678160149249206
0.016363997262026753 0.8404280813009053
0.09624964931428348 0.6539755437707084
0.02138207264980929 0.8257919502270274
0.9979448743135132 0.002796735650929749
0.9620396101703975 0.028148279401397747
0.6170263879384421 0.36858407909532453
0.8611192547400546 0.23796915719390555
0.571693701264556 0.39726477331719934
0.7522864327773272 0.26288302173336386
0.6456100926518822 0.2939025171713525
0.8386380494449797 0.2411469495077152
0.13789521585016584 0.6319840985331256
0.6615527100530557 0.28104296544760776
0.8539981104870479 0.23958944141630867
0.9093723404313084 0.2025538544177583
0.008248785500108657 0.8739333354386466
0.9079233251621665 0.20825251724890725
0.7478875027054073 0.2640073980006836
0.16172006979527942 0.6304040990080131
0.9912293500188215 0.003534443443878099
1.655786792019489 1.0602686343947851
1.010562386084651 1.0780137749765806
1.692089854758031 1.0514346688614462
1.9008639822292852 1.047363214102669
1.0043938194010296 1.3368459974566325
1.4617824726368436 1.0612940658291832
1.8437918652112626 1.0486578964615743
1.229575816438389 1.0636722817543482
1.0035239830031557 1.9835765872910813
1.9264812623671528 1.0034003047131388
1.0043605046343442 1.7686704348750661
1.2212402801646633 1.0773069851238253
1.009686170917669 1.1340474056821317
1.9162340928483443 1.027938174026464
1.243174657927404 1.0620008034838393
1.00488159588786 1.2366715587703805
1.8167116500179121 1.0500334327294931
1.005879090741672 1.1536453222985612
1.9150600115216767 1.0330300482200183
1.003932603631612 1.7743883065118466
1.9074193932737886 1.0467299438337245
1.67453606173258 1.0531856006282998
1.5894244871477243 1.0606870151283587
1.8063262499934996 1.0509457404081086
1.9518485376367305 1.000548081847215
1.003871748282992 1.8717111700161744
1.239730834847205 1.063416350049187
1.008067300610311 1.1484839534428413
1.7019106373991084 1.0511243289578274
1.2487202003815514 1.0614587637260648
1.0104470095892952 1.124446633085931
1.222261985504891 1.065648972837918
1.6729355886474462 1.0571562703459185
1.9213962501094366 1.0230437632838332
1.9319480917572789 1.0022459836250261
1.9101470002788288 1.0376664916275131
1.0009298909078481 1.9913278583201426
1.6740577952179345 1.0559602550175362
1.0904581502184558 1.0778218526783987
1.9123401569675473 1.0348418736440266
1.003830745321187 1.8854443650047092
1.2622191079360465 1.0613812386691344
1.6899875723173636 1.052184128504265
1.0043846462730988 1.5144609489811545
1.0005538196981738 1.9975983139836528
1.0083583883393725 1.1407566067606818
1.0039092341096416 1.7770147986547422
1.0047411356906735 1.3006543345500154
1.672564748823885 1.0578537383433535
1.678543108327856 1.0529348080343537
1.9256813117466018 1.0098934053172528
1.5459303596370286 1.0612928342374368
1.8685933772053538 1.0482955186320793
1.978569478160232 1.0001127288906146
1.926212079070547 1.0081615580169487
1.919515987395826 1.0278420221548112
1.5478907382291696 1.0609428208523992
1.1987209069126237 1.0774095510121706
1.9092421517449658 1.0463735052806706
1.0053384617562977 1.2134685465462267
1.8232160017982746 1.0497169380383855
1.6581128667353888 1.0596580603555674
1.1609743474479106 1.07775828518849
1.0043624912978142 1.5535321673379656
1.2361623469704697 1.0636406457428218
1.0058436538551137 1.1695185425043968
1.869060910272419 1.0476593094013094
1.0055315766262671 1.1937314185650882
1.922312951429335 1.0110570775043697
1.0051162428716789 1.2174105839894147
1.9112554885112916 1.0367891372719515
1.149893313497401 1.0778158328616303
1.3872818504417586 1.0613707477275498
1.1643713606865185 1.0777185738555124
1.0069271092315246 1.1502230778880187
1.9094009563866654 1.0402331167528729
1.0057122278361177 1.1699207526398498
1.9299496127388953 1.0032786797696005
1.001351071199359 1.9878969588613395
1.0079194352228746 1.1500987929589606
1.0037837111754806 1.932616026938418
1.9445179865428677 1.00127271234608
1.685021007974576 1.0523234135671737
1.224085373178185 1.0650202409355947
1.221405902659614 1.067524000432798
1.553769526105304 1.0607958244008342
1.0031891456458804 1.986972809457063
1.5916829055489417 1.0605442321492307
1.0043891312231195 1.3878528154413958
1.004536596721689 1.3195282182240016
1.0050792459206106 1.233062645863865
1.9219457167255904 1.0121841155059383
1.2431186352626158 1.0622124335434635
1.9625743907555149 1.0005253482268708
1.2286653487513004 1.0638288178778659
1.0106401519835881 1.077949591358177
1.6869962440798325 1.0522935702111225
1.0102870864701843 1.131534225821682
1.2220859031852822 1.065748508629346
1.9218963470969919 1.0135032807773308
1.5995520742065652 1.0605115631079496
1.2269261442927697 1.064947380786407
1.004841725757276 1.2960951928225684
1.0063059137264245 1.1533678466541766
1.9151047588069818 1.0294379784449452
1.7744756730717501 1.050973234669141
1.2414850491000586 1.0627023070413262
1.0036055692047479 1.9478013168027253
1.0082115604413602 1.1457381491072218
1.159794585083797 1.0777660731179528
1.0047250641434031 1.306975320587985
1.0041799840336472 1.7735159977426074
1.2213989861205445 1.075197167957211
1.1655583697948821 1.0775110720900336
1.223754035010956 1.0654080560505002
1.4486077291380421 1.0613662584028885
1.8860627858681394 1.0474666718769292
1.0039006177381316 1.8461663441191667
1.9438397585512286 1.0018358446581166
1.577777526987566 1.0607270843955683
1.9217475472858558 1.0166369357811929
1.6826709704087024 1.0523779641972597
1.0090613771720451 1.1351626215028099
1.9129662374924499 1.0333911575588621
1.2441832790049632 1.0618138539099455
1.7596403990795275 1.05103456991756
1.0098534587544892 1.1340351921599634
1.659069073170114 1.0595151910530878
1.6009372417973373 1.0603275915837707
1.0101350712932908 1.1324278354188828
1.9198361506581039 1.0250466411780177
1.932679620284265 1.0018841921090842
1.8090087693257786 1.0506867327292735
1.1811054541041806 1.0774126813968155
1.9312256078824013 1.0029649798626457
1.9732178809200365 1.000114500757416
1.8102491258921813 1.050257477809977
1.8576955860925533 1.04857875125693
1.0209469587137923 1.077925519450463
1.0036473823366707 1.9331160841003587
1.2087052250240493 1.0773900638574911
1.2484082351002508 1.0617717777767481
1.6673884232745861 1.0585163276773644
1.9263604356860904 1.0052007128814089
1.0104696922028542 1.1119357092845004
1.005326027236414 1.2142291587091085
1.003885125449281 1.8527205500816981
1.659678104251119 1.059067580061178
1.004592973690713 1.3177585904131206
1.003568494990099 1.9675571672665226
1.9506350600495361 1.0007410840137052
1.0055300721852758 1.1947498039425417
1.9105435685062861 1.0371249402203802
1.0038016888235464 1.8911793777374495
1.0089775148106594 1.1380413396530618
1.0005052457434007 1.9978990908437932
1.6694699423246533 1.0584451576697322
1.0053796310123806 1.197577763135867
1.681559695220678 1.0524692677035783
1.2215672728984228 1.0667283270838275
1.916005510003202 1.028401408720229
1.7286951396625145 1.0510425299883157
1.657066578340642 1.0602237145471332
1.6703621615846829 1.0579878230001518
1.8398298460774123 1.0496085261788242
1.005692083395262 1.1741193483385564
1.9214135693823584 1.0191153607404102
1.0036426015442736 1.9424168228921377
1.0037900052616315 1.9223790505580398
1.921535441315206 1.018377939341156
1.004385400863103 1.4666611766093327
1.0836194015504685 1.0778811369734862
1.945027684329748 1.0012013331073684
1.0037858227703178 1.9248811957227379
1.2257240499514541 1.0649594098611348
1.004388726660164 1.4463738942855726
1.7134613862650823 1.05104634687191
1.9091182774760296 1.046451528333773
1.0103686796392584 1.1297881750569352
1.8414969577422324 1.0494433418909241
1.004518114211044 1.3252578639777557
1.8046052498459342 1.050964949134379
1.923002572955701 1.0105881106343375
1.5479624392552733 1.0609005270645928
1.8729022609412198 1.047558148146119
1.9502903742584121 1.000942966943683
1.5879464486964987 1.0607054692346045
1.8340540386065918 1.0496759420767028
1.6384984371985891 1.0603085117180577
1.930575371979057 1.0030105153939841
1.0037950563149154 1.901863554201488
1.000799735435852 1.9940594961264113
1.222073043703284 1.0667035446269113
1.0012929244392503 1.990904201984728
1.8684858494048284 1.0483177408314086
1.9198427240227245 1.0235800133051607
1.9273967106877352 1.0033578595696853
1.9042855950509363 1.0470180115829262
1.69008730014338 1.0518438476564482
1.9020162089365986 1.0472342196029767
1.0049702497481925 1.2355252822486058
1.7937673752453005 1.0509683558526106
1.0047111824462425 1.3094204945469303
1.5505286515512688 1.0608650746214523
1.0088419017296664 1.139882026446653
1.8187114341727586 1.0498402786916985
1.571018401379009 1.0607280660825027
1.5596544527143719 1.0607759769353962
1.0400097946319045 1.077922766442456
1.2339290481391603 1.063659786508885
1.0056906982615041 1.1930332096910057
1.0088775048380247 1.139647665513123
1.5649720239183635 1.0607289268931877
1.994577706891246 1.000083941404525
1.814597618034064 1.0500548565285497
1.810237339237205 1.0505107060500165
1.664449759233221 1.0585465044608142
1.8381670286993705 1.049654327628003
1.92151064006735 1.0186525481790392
1.676677748026645 1.0531464424716246
1.0726879602785062 1.0779167568810486
1.6578986484979001 1.059724635022193
1.5919931941478873 1.0605386809045303
2.2048229554418213 2.668681059381429
2.8045220262754436 2.5740030284633564
2.8761314468915686 2.103922503582396
2.0534169005764236 2.908467660829022
2.1425700140664103 2.6967574969960655
2.446538927293155 2.641902410689094
2.499910871933589 2.584759674857927
2.807760085783759 2.355778457497552
2.828565529061008 2.3003427847515097
2.0995252074735293 2.900812723008681
2.4558187828992377 2.594479933619183
2.1065259596714285 2.7845263760175136
2.8769234364964458 2.103896889960851
2.8448841722064846 2.261432486133866
2.9568678289302843 2.033662099665292
2.2628192408872034 2.6581880539291087
2.9838783827292357 2.0335011607651934
2.889434835411805 2.039267988792633
2.104009287129272 2.8832151202031504
2.652286513826029 2.576755698184958
2.4497377665750317 2.618500853037725
2.0216795503524314 2.947821341613479
2.137209632200081 2.727806440374134
2.8403674310897578 2.273089064987673
2.875401495675691 2.1999025343858722
2.165735192057429 2.6935098084058064
2.9961736590464514 2.0033934072053303
2.045949431654024 2.9167647445586344
2.2078773874271027 2.667342162267615
2.6795917759264185 2.5764406805513094
2.8071202001990705 2.4766012006287914
2.1700684180793295 2.6824423314040646
2.024219738520006 2.927693238411412
2.1115686261592668 2.746155618703818
2.8781336253892755 2.0989828934486927
2.108937228503041 2.759193091519548
2.3837837924376126 2.6522387030114105
2.9190122018002262 2.0345575281496555
2.431378453092192 2.6518489989058267
2.8560585072295193 2.25642709724574
2.1051303695597143 2.8070435647610785
2.1319679477383064 2.7305054874234944
2.177825653518508 2.673346827613082
2.8836113509043715 2.08856783523602
2.0113275077694994 2.948009625419095
2.2101704564777194 2.6638747968324648
2.1743301544763214 2.677747081924002
2.8874216050964465 2.0474512085424883
2.4772900055404605 2.587153146628216
2.5995531014842403 2.5819838028960476
2.059600881448737 2.9066057158207315
2.807826150239732 2.332716661761034
2.994401281381422 2.01533458976364
2.0371637862003213 2.927649669621718
2.1317941806189173 2.7453352420582116
2.8254792556430144 2.3145333767948526
2.81835595823311 2.323764736299946
2.4506844343553427 2.604156368481095
2.805937821254032 2.5064695133639914
2.887160191088828 2.0615864253118192
2.616020180649472 2.5769245433512182
2.874267354682767 2.254896348000811
2.000090587985669 2.979991193145773
2.1422993816888924 2.727118694182955
2.2986414187838538 2.6552043126931353
2.4395823449761536 2.6485719792441853
2.16730880640002 2.6908504005790626
2.235803585974654 2.6605177671637765
2.830006252978701 2.2961404697050374
2.9439142351399044 2.0342390140579205
2.8869180997965564 2.084550864866539
2.04094263182714 2.9196061355765304
2.1085424683777885 2.778872843171282
2.090859036598685 2.9030234939697976
2.2052052015413097 2.6679661533900307
2.847537773992072 2.2610628432291233
2.8220320169669644 2.3167339371018407
2.910350819637835 2.0357565463899148
2.4494349649692544 2.6250010011255465
2.779333510304502 2.575795354468782
2.0048440522349367 2.9580589189783817
2.439382439992032 2.6515463996423296
2.8314978940256808 2.2817041889449405
2.0096976404509603 2.95544487297491
2.805788578708829 2.56322796113481
2.1089687871924365 2.7523439211037024
2.4905206835398555 2.5865976032239497
2.8322440075248996 2.281070878072814
2.040415543204552 2.9257626856959353
2.8928095951997856 2.0382873741903555
2.4572258837065353 2.5935427928647403
2.1691339042545468 2.6837315129793646
2.096107019103778 2.9016498543919362
2.821937096314186 2.3229584068348736
2.308940943297776 2.6538353034639117
2.517114574934195 2.5831795579483217
2.2993235809819903 2.6545401017023593
2.105216669815256 2.7922797191631386
2.8522777409282836 2.259998377240948
2.2187449825172796 2.6616187255970014
2.8750684454435924 2.2048103649210575
2.8232260588483995 2.315357990607842
2.386692512301662 2.652138590897468
2.626787866363016 2.5769212770550856
2.0025376222298368 2.9778056049918984
2.563384379818794 2.582031219515354
2.4480084697485602 2.639786135528622
2.4491378546078257 2.626015996671342
2.402872312366335 2.6519747826055386
2.887788364269583 2.0461423486298616
2.812895085247333 2.3256356058064696
2.1472692737955836 2.6953256272256243
2.2684274556279354 2.656028055010725
2.071971483700344 2.9046235768965953
2.2931929823502446 2.6555094554299985
2.332720789492842 2.6527381632600555
2.8261617565519352 2.3051624501977694
2.1994684184791486 2.6708757965265097
2.104583502667776 2.8674689032385126
2.3490999580019354 2.652654117022926
2.7273396717844167 2.575854447493417
2.1036285567719717 2.8935027678643177
2.9132943328645995 2.0354786934810214
2.908373988364114 2.035931690030634
2.1054233689792308 2.7886288571379603
2.4629282728525066 2.5879667751336903
2.8072678561319977 2.3781690940262927
2.992447537341163 2.0216210146626294
2.090660568738555 2.904393952338272
2.0597037135438576 2.9050019252683352
2.231415835444258 2.6612773628465747
2.470008815647092 2.587887930364034
2.1759655657023385 2.6775835226725064
2.9986389480637428 2.00048971288466
2.0217450127227847 2.9477774947105826
2.807366858299347 2.3712498894912506
2.1005188322041026 2.894256064369652
2.611736962122269 2.5793816936995895
2.9950791198960105 2.013291920636868
2.1434905237900295 2.696702040902982
2.0045420745545615 2.9755622463236553
2.9893485879798396 2.0292941754179887
2.1049965263828594 2.8583583083789352
2.8827616802276435 2.090102232521659
2.105031986614449 2.832211211649785
2.8748175557973585 2.2078962124068044
2.451701722189583 2.6029908247634266
2.0227728100189837 2.9373134136031247
2.198178821334299 2.6721993153712424
2.9867374812912875 2.0315541413033875
2.8819100760730643 2.0969206312132638
2.826161220654901 2.306518463096338
2.835529270962497 2.274320833485606
2.0462746202024045 2.91609735368037
2.0474324652148783 2.9108351324891877
2.8411058403852487 2.263570728711673
2.0111445557041012 2.9526916699473227
2.8861074169226897 2.0845848750237193
2.0004831198613173 2.9789045856197083
2.790356380635039 2.5755951243745185
2.865756025266543 2.254956489144937
2.138962401411859 2.7276474261635197
2.17658640040018 2.675650519530268
2.457840072087851 2.5906018015387664
2.2936561604867287 2.655206678517613
2.682087438121462 2.5759326529578126
2.1069741742694865 2.7792392804315464
2.204254721160194 2.6704341914946115
2.2618145644666017 2.6582460144599307
2.048267891246647 2.909710060995517
2.211729926917582 2.6626439181082544
2.874467893393445 2.209700049933636
2.554466142081609 2.583028795443595
2.5140626731674267 2.5831800016271567
2.242385703637451 2.6598540815771043
2.453472492935088 2.5998254205315736
2.878214804139568 2.0986644773450536
2.1425604619427254 2.726698884976832
2.4481314918762953 2.6385325118388447
2.875781080707782 2.1603860166058126
2.8304662156138107 2.2931542457594354
2.8407339100019633 2.27072196423598
2.064499446083464 2.9047159630576234
2.0041444701905067 2.9756076848247717
2.3594495065086 2.6523483551590945
2.099906329622933 2.9000826922415923
2.8760333247590184 2.1386780011330453
2.1004358410276343 2.894460906677189
2.192207282986615 2.673048874488246
2.3249060032718294 2.652744526163612
2.889195427933883 2.0416803224943627
2.8332108594675933 2.2777977668196296
2.4462146019956053 2.642302344463647
2.851054691261864 2.2608289608092713
2.134528169720816 2.728443090992275
2.807110878862326 2.5010215952963306
2.8755877187729406 2.179225512767378
2.858029721992882 2.2561665967221654
2.8104943211517197 2.3303333536945807
2.1610921691799954 2.6945766407100225
2.8744167790784996 2.2465129977965788
2.533637289177558 2.5830957751135983
2.2669258169073245 2.6564905580917473
2.852996480221259 2.2590759047253117
2.8759523405774727 2.149226124422031
2.2090792960161947 2.6660807752917175
2.1575984531196952 2.6951103698739214
2.307636187497128 2.654084215339239
2.440339482201745 2.6458924932142844
2.8026858154631555 2.574830916911255
2.8257628328186026 2.3079690441399214
2.0224846143768125 2.944428030982678
2.897792146984629 2.0364287630408424
2.493949799752788 2.5861583168268565
2.1041870897885513 2.8817097060064265
2.808612782359437 2.332020232276787
2.083959902532705 2.9044073831900317
2.643934042260262 2.576890547001378
2.992931073761137 2.0162961420968513
2.876086447489522 2.115300610088072
2.614272392551991 2.5791865214105307
2.104290247279082 2.871999242978692
3.421094281282639 3.9943309891754324
3.659005633903504 3.281787611891148
3.4413207030594295 3.6312672301029547
3.509431055891661 3.317390622354451
3.869570777161765 3.0700600763235717
3.834283990787164 3.263446950881239
3.8596034873540033 3.1713583875278117
3.484778131470895 3.540701087952617
3.6179099353902915 3.3093735109211178
3.978323273587065 3.0507306124523184
3.7944410239966926 3.2730559513157766
3.506299890918056 3.392292463700072
3.426392212716265 3.7664767613183563
3.860332049910503 3.0804856023301808
3.43365423471655 3.6991219496005594
3.447715703632085 3.542054181192767
3.922691598256858 3.0517665941541647
3.8546200413245826 3.19767421592191
3.743233269473252 3.2735781678613867
3.9918626029077147 3.026106355157929
3.4256366599955963 3.8834844994627806
3.908548025076556 3.059227407307948
3.648326544695731 3.3040932054670455
3.490637377572069 3.4246748050811364
3.8601851074621556 3.1001191160771144
3.604880758770369 3.310513992714541
3.6277288850587657 3.3072145326167126
3.4303551641480414 3.7592918777058344
3.334756624514272 3.9944732849111872
3.9846785050029987 3.049561808301098
3.624063036931325 3.3089591574212003
3.8445480911732695 3.2246256015969283
3.442860764017166 3.573027942370626
3.064958940371602 3.995748082445901
3.541028285173538 3.3147965105698924
3.4235135141233175 3.8964119143281724
3.5043101429989223 3.4136325937120136
3.4377349386862552 3.633037703604804
3.8157267264790073 3.266472626561966
3.4861946445633767 3.4636677385348142
3.485483678212554 3.4970397098046186
3.6463117593751733 3.3066366113654144
3.989105255092891 3.048537715182468
3.8355409789474186 3.2560315712938155
3.8442686849389416 3.2376639236441567
3.8484022953371664 3.204779334820919
3.7272019978398294 3.2775573504927054
3.721901598249227 3.2806392979869967
3.992283582529169 3.0024862140769084
3.654822534463611 3.2943625181307676
3.4251909351913588 3.8852568111786034
3.021573363333138 3.9993276668790307
3.847452571243212 3.2196675096947294
3.4228556761642137 3.9015038850151695
3.919145226992926 3.0549753409694955
3.9905407774472135 3.0392956738511288
3.435114558258954 3.653549062364032
3.676676087476424 3.2809777494841197
3.3239706513057743 3.9946333315906597
3.8597823028864653 3.1408333416516188
3.4306463245685803 3.7386009691106117
3.801609100497344 3.2669768095058425
3.4217996797120938 3.9074196113545105
3.089887102823827 3.9950245456287665
3.5619094477100113 3.312304534922666
3.4458205995528273 3.547100948554122
3.353755784715214 3.9944391765844496
3.829186772798539 3.2661792107456344
3.076939286120786 3.995193211655019
3.891947311707927 3.0677553597332947
3.5372940223292617 3.3149921997723486
3.4457874079929307 3.5542049464991745
3.520064455333742 3.315290297017147
3.4359690436779786 3.641810091418478
3.913295537394554 3.0570605003391615
3.5805987954648097 3.3107132885788255
3.442517094496813 3.6091655502486515
3.837755990685303 3.2442490098279455
3.653669782542552 3.301901225167075
3.4879289174191546 3.444605223211687
3.4331554869450507 3.7365046718314474
3.9004932523787086 3.0653166127937466
3.4936348369205117 3.420080537110385
3.7270110218155366 3.280250450184666
3.0735205869234075 3.9953959174049056
3.200194881244554 3.9949788917609004
3.519535576672675 3.317149705069263
3.4830419686154928 3.54177565146352
3.0467373631813492 3.9969248839193345
3.854688529008483 3.1751735172799425
3.652750122819095 3.303623027354525
3.773265948966488 3.273376142314578
3.859829024473738 3.1158487852827395
3.5773210894171465 3.311314801332208
3.056616775597812 3.9962068496318954
3.0226504107318637 3.9988922200213053
3.6686130381560114 3.2817452793090314
3.421680196940655 3.963799023166441
3.4240348563685847 3.8920763945838623
3.8514983086677828 3.2031367591842335
3.9034382669994647 3.0648491698501665
3.4261288132405614 3.768586065269712
3.8451354602698546 3.2216328385757045
3.8618879239519797 3.072181946280937
3.4341068591740767 3.668261708469419
3.48837109505941 3.43156131461802
3.655699135571793 3.2908328904407087
3.0222306428822527 3.9991778860343805
3.96935436580018 3.0507328908265348
3.872625397557035 3.0686156614441025
3.44394617147025 3.55610717609857
3.4951240925908547 3.419778129017592
3.5197746340064695 3.3159112369888124
3.543355625114148 3.314528627128929
3.498894590835602 3.4140452472981337
3.5090880780683205 3.323698650440351
3.7407952968234484 3.275717863704481
3.9174105638347396 3.056933474223933
3.5063165528454863 3.370008489467783
3.488413393508263 3.426158584598928
3.442936181163028 3.5675422060737825
3.4422447372399207 3.6150591598846598
3.858356359895568 3.1747804713797367
3.4417161175030944 3.6238975354839824
3.525819913892611 3.315168583125138
3.8753089703076458 3.0684810342504316
3.505498038877792 3.399362067812142
3.99151834186919 3.035670770404803
3.899985604257213 3.067308807427393
3.5626644709360646 3.3118767232507706
3.6287851823349304 3.306682017771896
3.053038962463903 3.9966525506937978
3.0285148046240473 3.9976903693394865
3.5073091881445917 3.351244845006387
3.4349171709072355 3.6632630945053797
3.435540849309692 3.6430020152391243
3.5087994676338847 3.3391202567134206
3.4258622053748664 3.8362952031967517
3.8480216146692623 3.2159102956892105
3.426082393766637 3.795320768761043
3.883974633416997 3.0679530152437726
3.213407716208949 3.9947029526895186
3.0319790343422284 3.9973045923001056
3.8417312140426496 3.2384413080655303
3.99090064282701 3.037496329149767
3.426036744624094 3.8260808242281623
3.8686262644214353 3.071842959356089
3.5315536649782198 3.315105329253432
3.736985598840548 3.276326838748375
3.8386010777258126 3.239031029283978
3.8600980268802108 3.101530267807842
3.4428469007967784 3.6027403872305057
3.556948934370981 3.3135566651924657
3.5076383953269783 3.3470544886039537
3.693371944185955 3.280875838573721
3.622553386068322 3.309363652390373
3.9263048125342284 3.051673065117356
3.8000025804639614 3.27120632114896
3.4849249583060136 3.5050222056174505
3.433352980470543 3.726372575072564
3.5633676889258954 3.311840207640796
3.4336646731255063 3.684112767467213
3.838526148722163 3.239612460839953
3.9628425940676926 3.0516126699127692
3.4869318363431416 3.4459645516611443
3.716782510967839 3.280811335465791
3.658183718647801 3.2824963031605305
3.4419004514967266 3.6166713326559696
3.98297112821536 3.050492917817092
3.8481010551044923 3.2130837829135834
3.84267507433107 3.238126017044587
3.0885132257292884 3.9951599644991593
3.421593664957472 3.982105020811084
3.9070501038953402 3.0648154622136285
3.833980146120027 3.2642742998087395
3.844501099658724 3.2273649173964643
3.7748417085782267 3.2731641705372763
3.907261990683197 3.064491135208578
3.4216989473980552 3.950311018735475
3.538174952676425 3.3148640596663808
3.9092674634433644 3.0584631544156275
3.4229619650027003 3.898027746379746
3.445844947958225 3.546457331773715
3.859736944206734 3.1591367277381113
3.4248381243916355 3.890462003808608
3.5483854294826034 3.3138752982324613
3.5044138770023245 3.4015037947929923
3.358214043786921 3.9943477864389987
3.4300916132292825 3.7607571406917883
3.8609391989756467 3.0791495637658968
3.4379335784238263 3.63253718684103
3.4859662889501797 3.4797161503079734
3.5150846646817127 3.317251482186883
3.493561492646094 3.4212659677391652
3.4423232907137615 3.6128300110796805
3.485945900045689 3.4928210418742176
3.9893182532181233 3.039473246963355
3.486551803167229 3.4540382163907286
3.0150600493086057 3.9994968308250654
3.507165262031142 3.3598324988435486
3.4292011026521667 3.7641759660378975
3.9207504721266866 3.0549021081633705
3.8014621301845497 3.2687501766647857
3.4888355079882785 3.42546694380061
3.9941637702124906 3.001332315506028
3.9636573012177276 3.050902847892257
3.8005647842930976 3.27071413637005
3.9892352995043416 3.0417564626642886
3.5511816505366065 3.313859437012486
3.7694267740582923 3.273526476059827
3.573440787441292 3.311455388890286
3.834776739109792 3.263399056763529
3.422380435575671 3.905808709155732
3.509080949915937 3.331972555288877
3.3534512848735125 3.994448274744981
3.505861409898667 3.3963933449282218
3.444727719846188 3.555168902383867
3.4258481902429008 3.8672784751891496
3.442973205675303 3.5608207544827164
3.437426662101281 3.6364437216977468
3.8535621518366208 3.2015496641087546
3.655100262845264 3.293777229703319
4.236305439119522 4.305817928270644
4.626177436636676 4.208050272906265
4.539933029708647 4.270628877239825
4.243551651199421 4.296284412950952
4.073645301744893 4.5895617828491675
4.1401340827889825 4.446912061690011
4.15648134474167 4.424056270467099
4.879603490594303 4.156743062038185
4.068606194959965 4.808986332757171
4.861684207090571 4.188293270686389
4.046947668348208 4.992999858778232
4.884572974761344 4.133834912032652
4.124655184346032 4.5014533342321785
4.332283779078656 4.275472741043355
4.167719935477082 4.338018030491991
4.794128476436285 4.194143687503619
4.5506513516342135 4.210141167429285
4.939110951873605 4.073249939820958
4.0861414417361885 4.539142683129806
4.04886166589794 4.85333125094731
4.627880309388385 4.202286363714539
4.950531767676688 4.052118329332339
4.980557142046288 4.002358736698577
4.398053869725812 4.273065191489142
4.086746572550918 4.53661486007554
4.40839306841549 4.271989776803848
4.1898626527978085 4.314951969724402
4.036295146275566 4.997875037253767
4.5474007172651225 4.237386476838018
4.085434384134352 4.558049028833439
4.938411802255433 4.082316641275585
4.162445062155503 4.400375203676326
4.0718432865257785 4.751396093155174
4.636295940995818 4.201467874619411
4.2122560262205395 4.311036387289522
4.389678306165123 4.273877541515842
4.909910650359082 4.08437319744025
4.862655406261852 4.18394716076175
4.906516187969685 4.13133444383599
4.315408436213639 4.289548896861691
4.144319048310676 4.443874450354904
4.451211910360758 4.271437573909927
4.818325348069754 4.189935971355914
4.54097436330564 4.240404919147086
4.656913259081959 4.1975320383512384
4.131056960038099 4.458843629926192
4.1052483801537285 4.5135989438459525
4.9651522261978345 4.0042630418185325
4.1102186079400616 4.502651517221562
4.0521477472239145 4.833685817735784
4.070976160712363 4.78241107187498
4.70467699216479 4.195104760241057
4.157435512575041 4.422125015629461
4.951792703130194 4.050649491716031
4.411286516673722 4.271633308193351
4.101454663898427 4.529744740906665
4.322231140025919 4.277169859813629
4.03809406296997 4.994793693681411
4.059048890783283 4.820594628107079
4.078840316439626 4.574331439789652
4.235268391622066 4.307498851077875
4.058439873412647 4.833141453393139
4.543888762514461 4.237873215719806
4.908427142505985 4.091163042138837
4.566710682948756 4.208109816879267
4.90778963179263 4.127101153603087
4.903059792442928 4.1326122494888615
4.217239357921157 4.310423628702418
4.007333447378302 4.9987003433738115
4.957000097564666 4.021761804801034
4.082568017340607 4.562527173886899
4.93968495001114 4.067579527916742
4.952555345928383 4.033624727097397
4.776328605612385 4.194944909791175
4.170203198386239 4.328481220139785
4.882801402557645 4.148688552327204
4.979772473021317 4.002523999341021
4.132582833937395 4.455800484930353
4.103277080836049 4.517239991866206
4.1291663179893145 4.4688924799095595
4.181619943015457 4.315178813239253
4.163171572918017 4.343953241315125
4.125729611629614 4.48930639479705
4.872552898951419 4.170915385999742
4.231307976943592 4.308768321893535
4.261859844638053 4.29146418422847
4.072467314432614 4.728240315091087
4.410551744128057 4.271960571589526
4.19680633103051 4.314638950081702
4.6394538807717165 4.198086519095114
4.080873439437684 4.572676243548249
4.048312231604558 4.960680056918891
4.9586809659261135 4.017127029628449
4.051269470978586 4.842644080574212
4.871093049031083 4.172608437257553
4.27226985087137 4.290870637399015
4.8827503217430905 4.151753751882719
4.101438084541247 4.534154131874533
4.073278640957133 4.712552179772934
4.961251786451533 4.004468667339989
4.547761414544801 4.237355909373557
4.63637484821951 4.199646925148152
4.661435169102881 4.195982061095518
4.170299028176484 4.3206681448754765
4.317801545473679 4.278811985841985
4.237636773342098 4.304811350506037
4.512869847654952 4.27137434712506
4.047038985368392 4.967820597075884
4.158713956871533 4.412628527267914
4.070412188107832 4.806310740667902
4.885424743958488 4.133080799812815
4.245023527161186 4.293430406778453
4.3559118911248165 4.274351249651321
4.513487148149309 4.271096739628082
4.126957183528297 4.4743439995312855
4.063711088364351 4.816112404592428
4.941871693672633 4.054949878851776
4.794516501534295 4.193688215623112
4.14799903568535 4.442871294000634
4.072440985507674 4.742428453752439
4.039699578925629 4.9945881365263975
4.13498237625331 4.454285418030208
4.171289470307547 4.31602709873664
4.223374537594826 4.31033731772582
4.883048962315348 4.140362195365087
4.203359074612756 4.3142717394287855
4.874560386943598 4.168787879213126
4.158643344736345 4.421260563920411
4.048537316090627 4.942696211560792
4.062363299037992 4.818654666975057
4.213065452019055 4.3108695185468875
4.728548345863299 4.195019397735608
4.949811884248022 4.052243697391686
4.695587157658014 4.195760559249033
4.958735375616535 4.015031579255726
4.07825777330693 4.586196917938878
4.344999444399275 4.27470084348926
4.540220881737511 4.260347876481828
4.954560952715806 4.027613125690133
4.956561672881506 4.02363820383981
4.0708663627216675 4.804836439591626
4.042682394506432 4.993871030864415
4.151901423407531 4.439198879466749
4.8678462103055 4.173626142085846
4.392179758508579 4.273710063807117
4.790368825041156 4.194721983315519
4.065417584916905 4.812576873606865
4.165700118861417 4.339164329296312
4.99925668235821 4.001567639057326
4.379214114827306 4.2741396435385175
4.879417638243268 4.165947055888671
4.881511510788271 4.152749839289449
4.085508143785385 4.545607310943997
4.796374140306547 4.192903420145165
4.072040462739832 4.749678201292295
4.9197629623311805 4.083841314760032
4.274332000718101 4.289696058273292
4.159636806960517 4.412495929277746
4.565891823471917 4.209411933137452
4.156908242011865 4.423907824560502
4.8641515225480285 4.179963194685793
4.106684095254712 4.504403322581346
4.162551189884096 4.39192847559526
4.061240248025193 4.82052676687831
4.32535939102783 4.275881820392898
4.239222024980885 4.298956732323571
4.001005208387166 4.999335662749054
4.073282996582925 4.642919213536352
4.941045228945753 4.06203954464115
4.125514400130206 4.501006114272535
4.643272555172102 4.197942912862753
4.126879318659775 4.477032278321926
4.542515055432833 4.239817713387398
4.0320838572408855 4.998142653233165
4.0984489861075755 4.534159543913146
4.976379294752604 4.003608952136679
4.138546463396954 4.453913527300508
4.153126584108144 4.424164829014088
4.120637831285044 4.502323315903809
4.1323298348342075 4.456583466561977
4.547782634138053 4.213370548154953
4.27386063804903 4.2896982904149406
4.866308984860246 4.173815932642626
4.627474711306248 4.205101997763324
4.168991457316701 4.333774617459014
4.055454701963413 4.833419654969939
4.126256000686403 4.4776201135964255
4.530058261762484 4.27070238338173
4.07257053958433 4.728137648257146
4.880900241582321 4.153194320812078
4.047270401634561 4.964665728777469
4.128468691010939 4.468954566898325
4.097688070551005 4.535578205879403
4.807244412445663 4.19280595265978
4.0712439566111644 4.77811958863348
4.143640041026507 4.444629526201599
4.1742852937884285 4.315318083025089
4.444519496754365 4.271509377758008
4.938482286966518 4.076233677910796
4.877065446229588 4.16714275748391
4.954654822781663 4.023864472498403
4.985047900005268 4.002040364241671
4.883044991115922 4.141959238596054
4.146585900584275 4.443131623537671
4.150879791983931 4.439847142116607
4.159970214292338 4.411483271293218
4.130396887255166 4.459447935645413
4.9539855038334295 4.028545504002851
4.948938708471521 4.05436671110774
4.908392499257996 4.099582965504022
4.246877442863607 4.292227298000274
4.824538489176014 4.18883771702723
4.16567250045186 4.341901545252304
4.007907553791809 4.9983930675984185
4.142594137992751 4.446039413716372
4.928984773530075 4.083136829966562
4.102806546872762 4.522059029295061
4.07337117373945 4.611135472845625
4.8726520093727155 4.169869027953696
4.549131216357818 4.213193651892921
4.1957256437860195 4.31481593217878
4.066275450809641 4.809044549033035
5.996450638942843 5.037060056134462
5.938665432452919 5.100337867540057
5.362988667170518 5.445145695735704
5.598938078380132 5.151857378114099
5.013217039531955 5.902417829481802
5.30132296071968 5.491762792533868
5.458087243670067 5.175591105047666
5.135757772610309 5.854052984663357
5.749773292279539 5.101263164307678
5.962821736041813 5.065406676703186
5.1805222647870295 5.525882022430512
5.849758876756275 5.100851438315871
5.158337663104785 5.806144586453853
5.437058417230934 5.2487203029511
5.362995336308799 5.404684080037992
5.9837349997975195 5.062337156957295
5.124759904787531 5.900096054768659
5.527755930089363 5.17431820873798
5.39236710353908 5.250954011380645
5.7217505526590156 5.103738505996566
5.275097684738242 5.49568373340883
5.167845753841292 5.601962776353834
5.607412232884038 5.149426126483999
5.3643611918636624 5.263900603617288
5.133079274516929 5.866401517066336
5.149111589752605 5.827065736466757
5.000844997362656 5.985989926441559
5.318320808490351 5.473459840541684
5.455315151848083 5.194361765704412
5.440495655817685 5.2096370757202735
5.549489238364529 5.166354977838552
5.633766154489959 5.122289275651982
5.009038231988629 5.940976662670295
5.206328853052563 5.515630536563574
5.117186310339444 5.902090686455604
5.176622603537011 5.565091635658077
5.165946975977241 5.733471055485281
5.010159458963058 5.922250585512397
5.939348855054385 5.095451012113706
5.16135464321792 5.740212531144456
5.3875962110617905 5.252732020801344
5.231675009757031 5.499533753153006
5.941210699518488 5.086735653144235
5.140328989366049 5.849267398953222
5.4466171496761495 5.195131568583429
5.651784116877243 5.11568949025386
5.131499023808601 5.8760928303498225
5.439320276153691 5.2138549349890395
5.378467149430904 5.253391364233271
5.18990438309136 5.518880212335041
5.874293542047014 5.10059413360011
5.00593850182503 5.971615043633092
5.154803431348765 5.8232143559676235
5.515604322178828 5.174582215619696
5.95935130487285 5.076375417777861
5.208585010731702 5.510213936172692
5.248009504407268 5.49907043286254
5.287579610985887 5.492175202638506
5.693042593773741 5.109361646080843
5.298799871780584 5.49199350022169
5.363341697101255 5.339624019989753
5.6559220155274685 5.113478694727385
5.549529996581721 5.165054756593493
5.992991792956556 5.041643112242384
5.539417700582858 5.171437046063417
5.419909321795082 5.249975086465247
5.809602425270518 5.101147807059162
5.32457386317193 5.449517600107773
5.301419040988692 5.4910995428481515
5.956047634858254 5.082246427741216
5.632847479805085 5.141179641358826
5.458005322295329 5.181458512404795
5.310901523256093 5.48620094143427
5.328700357624299 5.447250539141932
5.126838917289698 5.893464029594925
5.582800034158211 5.160686886899659
5.996663223311328 5.013930016900048
5.171517533644653 5.591741380662054
5.438731667127043 5.242033285417303
5.180128519293614 5.557889878935204
5.217720022334826 5.509034505887801
5.1657856346856015 5.738281801701708
5.992157292478961 5.057588496971602
5.376359409059499 5.258990751374833
5.13250657649502 5.867444353043833
5.010433415825662 5.904185374448667
5.019398893665081 5.90236314009115
5.464475292320637 5.175031384567096
5.285966337366965 5.492790169126364
5.148931116357367 5.840371444773991
5.2029188942359035 5.518386367539481
5.597269806139693 5.156846061834056
5.943571401078557 5.082779700027508
5.266000338152757 5.4961661196722025
5.622618586969529 5.149362732414728
5.149290089682422 5.824489775365368
5.186406872080303 5.522042856544981
5.166159978344554 5.632167360202571
5.005506827575126 5.981122122511881
5.127904566688428 5.880331282453158
5.171212103497915 5.596530882895452
5.940587302950233 5.0917853359720935
5.174373128341139 5.580528994466414
5.226831897230366 5.50351674679048
5.714905649007947 5.1089154978147775
5.144838918931541 5.8412539471712925
5.633507502170776 5.1400500604989405
5.981055468847816 5.0650449166912095
5.138609139650853 5.853183859455376
5.3171340599360635 5.480226917363833
5.364563162084544 5.259846371259876
5.444444583069527 5.199160591292209
5.623243645423947 5.146863520362262
5.331490232643415 5.447175134537365
5.584036816096438 5.159736682289296
5.970950894027519 5.065202355574863
5.135393624462572 5.858839405851861
5.332297068865817 5.446039823195777
5.986396537880266 5.060550043474473
5.158484697491397 5.749399361536798
5.282229260827624 5.493085464987783
5.175862542439429 5.570038061934651
5.528124049659058 5.171509079524453
5.441524439216952 5.20046266014188
5.573821989079194 5.161654173536738
5.221617129836467 5.503769794171797
5.957030130273399 5.079818493156417
5.584216403155136 5.158569137640549
5.449974638332293 5.1949136162477885
5.437871188995353 5.245469393176288
5.78382509364115 5.101176428500481
5.322364728533298 5.451250757398367
5.7157777078675105 5.107654602278037
5.132077136058516 5.87518083904435
5.390508757186101 5.251612465114688
5.432666324635545 5.249423635841602
5.3630344765969005 5.348483558662038
5.629278536834048 5.145505746448109
5.456634875036399 5.1842116071655555
5.54580777142886 5.171375611063499
5.6549231601297665 5.114229244723443
5.3160373333552435 5.4813123062272915
5.4273715356350785 5.249851461702922
5.167708572639287 5.620983541861947
5.3637849873149115 5.299551485641644
5.155264505945731 5.818415007849732
5.641141028310514 5.120963614168739
5.118320415268804 5.90156139776742
5.719856784618936 5.10724289206688
5.937048360151393 5.100526869394068
5.320139575557521 5.462657061075912
5.563510401249382 5.1622861135903
5.1724539400334155 5.582553509852606
5.363577787514184 5.317647525031612
5.665930410681041 5.111695470616897
5.67695317436978 5.110089799088341
5.3639278615257195 5.282546265422376
5.99233425597225 5.055707624277569
5.729633986590417 5.101478553191031
5.134481035596384 5.861158115808624
5.36418898800927 5.2759861644909085
5.00758224192313 5.968670856157021
5.996593582379598 5.023295637300631
5.450170227503667 5.19461664882353
5.180361769052361 5.529905310207362
5.013141149147407 5.9024681714677465
5.122494884540313 5.901501411258648
5.998583496662553 5.001770481376259
5.318528676380856 5.464639288920914
5.585379120258168 5.157239166740378
5.650866354562223 5.116750579854233
5.008281303379475 5.948992719978528
5.56557382780095 5.16224172302065
5.266226245773097 5.49596580658574
5.671187891114851 5.111430067099782
5.328291471924114 5.447767362133484
5.639072159723243 5.121174127236593
5.561350900697812 5.162428240397671
5.928091432797363 5.10058168103731
5.717801583607447 5.107370911453943
5.598635703431509 5.155339125596383
5.378117106347173 5.2574798528874975
5.165949094742397 5.653471582731343
5.84714712782327 5.100930409024082
5.134356027921328 5.863485771067184
5.309784273758425 5.490554875967001
5.433902306352156 5.248793849272076
5.630211811660001 5.142740153611198
5.675247827881149 5.110997629825498
5.6239434391761 5.145769034271811
5.988414902936198 5.060204957460378
5.174728117685174 5.573184014610917
5.127755040705055 5.887297065788717
5.01016449783994 5.910385561375408
5.321093179631383 5.458938428983365
5.3409060103107455 5.445869576495364
5.20456934694115 5.5174151611958315
5.604079361355282 5.151758435356297
5.547527811095098 5.1704045720231395
5.341367145938698 5.445676670449113
5.399866849098172 5.250674348542134
5.5599720661455585 5.163256776727048
5.004722298564575 5.983389505570475
5.166613166785963 5.629737804367254
5.322749544372266 5.449724221135115
5.985138517181327 5.0611726092370635
5.253945410656428 5.498641889801885
5.818393730150886 5.101138704454645
5.642775651228575 5.1180305475877335
5.959688208045214 5.073481191973708
5.004293114600406 5.984094286269919
5.997577604766374 5.011376283244716
5.1562699511743455 5.814444632719688
5.039446301001647 5.90222874099763
5.00043056197478 5.991975141895175
5.227353834475102 5.500605528166173
5.377578256583778 5.258743232885786
5.010424661316913 5.905783951775901
5.076861985988108 5.902140521440344
5.25789738886512 5.496283996472035
5.21814082655573 5.508725252782263
5.475838207700376 5.174827000679525
6.103025407715296 6.642767988995314
6.1769771481182705 6.636996353003919
6.674674683979173 6.364504002893593
6.349201509021295 6.514004444168677
6.877690973411401 6.143778454284978
6.720580730984429 6.189419417105146
6.81226594868911 6.149806088393187
6.516720276306102 6.49684627420715
6.015029871567903 6.935065698836332
6.989517976701109 6.002398474023908
6.940069009130163 6.050387865834282
6.31723999219384 6.553692268126737
6.561835188490101 6.418854642480559
6.265072162484262 6.615288702963922
6.690405716104842 6.308058101811103
6.100719939278424 6.838079426701415
6.3977519694810425 6.512724806936624
6.334572558192536 6.522429792773095
6.077176882779608 6.910500807692371
6.695693586794238 6.2832196363755575
6.558769781518516 6.496038302033199
6.302861235641953 6.581887748644533
6.174088160104403 6.639977684510635
6.583652924913056 6.40143553182169
6.085883603359609 6.840911224997514
6.682104291735753 6.3191478853896275
6.90349526623205 6.081291921588677
6.737889009339332 6.172268879921018
6.618963005384632 6.36605074619089
6.009498823172997 6.958227195975701
6.226218964101643 6.627547275571473
6.742870988246138 6.1562021970701934
6.933811953184909 6.0717040790775885
6.940195746007053 6.008038963150659
6.017363736144122 6.9146264065365175
6.285317234434364 6.61442334852536
6.016436513708941 6.916771644236644
6.263731603285478 6.620408856860582
6.203786693630387 6.6339653329027435
6.930306864687591 6.073024599375343
6.682231965368803 6.311525696310783
6.676986337724774 6.351988079071923
6.69619489775357 6.228355475641199
6.880735742071798 6.108263030731326
6.587590359914649 6.379174241003346
6.005320364182753 6.979100569161134
6.148101708245329 6.641220176766079
6.078848971577929 6.891282910170696
6.448010351074723 6.506443609925174
6.332227067196976 6.549198713057615
6.333778576844842 6.525830818459816
6.965709632288479 6.005359201726721
6.094529094554681 6.839657593086527
6.276523603208277 6.614657289069523
6.691500771103879 6.295908945448296
6.578096174443997 6.412324007152903
6.860688726094277 6.147764348930848
6.7236818923017125 6.176338085774553
6.005104727264319 6.981894819241638
6.2880643865271715 6.613699454307744
6.807248561573756 6.150909641506926
6.304726526866918 6.578842335405559
6.8998169720348566 6.095080191886654
6.081869442379121 6.890351380567588
6.880368092030596 6.108329166668467
6.100882605698834 6.675046702407482
6.890651244965571 6.106606785012047
6.9641586663315405 6.007178236433447
6.698906035924724 6.217909717432504
6.718656323438619 6.215802530481063
6.707067505646369 6.2163654589457735
6.296806540955107 6.600544210118844
6.185421593887165 6.635156361775485
6.697993551471511 6.218118227502061
6.907804174066657 6.077568387487585
6.313234695222396 6.561955155575315
6.614738038547477 6.375492307464898
6.032047308561119 6.914138926617501
6.4972536689681295 6.497372332328527
6.939258494454169 6.070369121285241
6.163411767066049 6.639981399417365
6.55890123167929 6.442427969588559
6.4143406440049375 6.506761893184937
6.293207741622844 6.606945661939743
6.678346617717613 6.322134335250046
6.699485953351893 6.21735613566259
6.902435113022399 6.091556747569593
6.465030559926408 6.499561884517577
6.7825937841977755 6.154243998692523
6.002593738870894 6.9978705718613785
6.289645870710282 6.610274451866955
6.872238643362873 6.145619575521667
6.010299079291272 6.946322122717212
6.921021496040731 6.07597834920943
6.294975448031102 6.60097311828877
6.748388293184211 6.155818799335985
6.408460978750625 6.509896618620816
6.335054404057108 6.518783843314109
6.8934550160287555 6.097700306342342
6.211992347587989 6.631610401765972
6.0055339273507755 6.972721505611941
6.586163924651358 6.39041767308044
6.0855975871652905 6.845228663650001
6.2970025603409185 6.584794199911061
6.7699218508930326 6.154398603254804
6.101347643799621 6.667993420663377
6.681703795448591 6.320176756338908
6.727777053360031 6.173834494231706
6.458675046603574 6.5044226156891725
6.226587455325117 6.623030087196792
6.68777403801262 6.30828618607964
6.357448753589988 6.513195169254406
6.477169394028077 6.498831210485818
6.00494821858043 6.985270447252231
6.1449052641973365 6.642348176609211
6.154137373528328 6.640397640862373
6.611073145047581 6.378533935633197
6.309954640657089 6.565842966042748
6.740454675350382 6.157927425797439
6.006603396914899 6.959351497086677
6.213152290846289 6.630737879078996
6.803841698336538 6.154122023313417
6.699940588740906 6.216707389443266
6.891035941398281 6.0988069448694215
6.72094894760874 6.185862059773243
6.753318794150697 6.155253662843498
6.939438258593744 6.055193606977378
6.413780668566652 6.509629654460448
6.659486966234031 6.3652379937336825
6.59471194998112 6.379115895278756
6.459294112517788 6.5027454626693135
6.584146814935473 6.392195450738898
6.209957169304776 6.632601686336334
6.14920934603355 6.640400990571557
6.292607979828258 6.608681219136227
6.078523482317229 6.894121526443182
6.179770114213954 6.636535501734331
6.262569523683623 6.62208341881034
6.308210043094257 6.566965235033955
6.921780937071174 6.073348877337424
6.3214528897588265 6.551979244529015
6.333482295709633 6.547266137016638
6.990699119128242 6.002217140363294
6.0065840205575505 6.971809581539507
6.912748968407193 6.076287493823884
6.697422331300659 6.227787544792182
6.561728299147258 6.439264772220732
6.082976257932827 6.873634805229822
6.237644970128478 6.6224090338388795
6.035595450031549 6.911779078161518
6.344317646555843 6.517551303057968
6.56243952733891 6.416852082111357
6.87875520478662 6.130207358583757
6.399667753425382 6.510320252559112
6.085229024113672 6.871186889590171
6.0882061913664725 6.840725186243306
6.307595391754097 6.578386972300492
6.927310134149546 6.073260974928888
6.2151357606973825 6.628194894698521
6.011724653796715 6.941097332132105
6.565704919131887 6.416725833199323
6.735873957224469 6.17300500225675
6.991293918618104 6.001969539158039
6.7193287023946855 6.214734799918648
6.911569916971073 6.077282296719429
6.694848982210966 6.287194829985191
6.618113151786591 6.372674371652737
6.834854367216531 6.149000261673782
6.2969202728258376 6.591117750074022
6.077286788436415 6.9097458838133905
6.538777809930559 6.496275777743892
6.902963911672417 6.087091856524729
6.34648989117364 6.516264006559979
6.000677963652324 6.99800903590538
6.930340635557766 6.073013166508325
6.994170414172702 6.000214828197972
6.694001255630856 6.290472034407093
6.86125480351055 6.1471947662091875
6.1916770024728045 6.633997922183345
6.856645780012393 6.1479463954925
6.738124987431431 6.16702849250631
6.6752816459661295 6.359177048981204
6.805280123471585 6.1524738315879555
6.49372507055071 6.497898456193958
6.571074362476107 6.415105906593215
6.878643902666575 6.1313598943745005
6.323942027180119 6.549561786313625
6.044055493575169 6.910854285955944
6.988585387842997 6.004717485555853
6.070735628466321 6.910509081083837
6.85284701562012 6.148613044742568
6.911807052510637 6.0770894636382655
6.294280998189793 6.606355430888659
6.684186754638324 6.310550327789569
6.077673164572116 6.896942363993636
6.722842029960406 6.1798335993082905
6.399079661007022 6.511995547937508
6.580142989917387 6.402097256474352
6.102685742875522 6.649003654858842
6.82570111734994 6.1495566108166475
6.69573038277059 6.230652706658288
6.31652426602348 6.555242110280217
6.878248248215813 6.140825774862326
6.303949614451968 6.578848572534159
6.487330585608905 6.498236950291665
6.0102020238999625 6.948505780616617
6.034670839023848 6.912402372375215
6.981114906066681 6.00495679570629
6.09627596813117 6.839165357404087
6.452219808081471 6.5060695460539995
6.887179785975521 6.1073202641884565
6.3076448289487885 6.5710520615189765
6.313316310283282 6.561549746309581
6.126544232498772 6.642398718587215
6.671411404408802 6.365017202645696
6.00422625375574 6.994614811305455
6.681229938889928 6.320797926605204
6.3129832939953765 6.564039575741511
6.085375820975664 6.847145159097186
6.896704860821782 6.096942423655901
6.0117504512890205 6.939992917813882
6.333540338525603 6.53840893785801
7.268246207801771 7.79466465044333
7.980787705707583 7.057261164972255
7.704811764071501 7.643046552676996
7.121944974413951 7.927585033369722
7.859806140327892 7.259592852733524
7.870823310342786 7.085255875409666
7.8607454498418825 7.18794654400701
7.084272799468542 7.947009990878368
7.642421011362838 7.723442647456364
7.81288683821013 7.472664356450569
7.6032041388116225 7.727113502770938
7.744794662569373 7.496038875766377
7.270648036904689 7.755831945210614
7.169263486281339 7.814651131824597
7.736198556498339 7.563946755429194
7.7100378091882575 7.6161569316813145
7.86685299678106 7.112785378824158
7.065615551603686 7.990107556662929
7.847990213440775 7.393112500459919
7.506444546901399 7.749647879482578
7.083979218088608 7.965258905992803
7.158762859963801 7.907299143322726
7.106865332874294 7.935145005392743
7.542490379628031 7.749123288061152
7.761781114790903 7.475866959266179
7.670823408830411 7.713354001310586
7.9853569328168525 7.011790911262303
7.158864191671704 7.906334638089863
7.165132064060298 7.8836422041839755
7.826564524460065 7.4417406094422605
7.712665244522449 7.606915209717666
7.848864350182103 7.288166021041188
7.675152086243823 7.672556263857101
7.925632379787142 7.072189575155797
7.56035793137966 7.743684624371582
7.916343056829886 7.072340891688352
7.225702269379169 7.805345445703651
7.424422652970829 7.752952272811407
7.192047596764826 7.811301523009092
7.744349257434031 7.5323728690582055
7.83292603370519 7.420224186147759
7.819354460091724 7.448246757276497
7.890864173062706 7.072997095366325
7.85496843546616 7.260358498209119
7.671720966956818 7.702124096787508
7.996346764175874 7.000462806786371
7.107563701765955 7.932441886168883
7.125848529664244 7.925270231730709
7.866136839737278 7.133510309910831
7.016306621031451 7.991592941432332
7.827336242297404 7.4267375040219
7.7305339157991035 7.579753624104267
7.632886308287745 7.726759897292403
7.829241372758376 7.425163174253384
7.305056715245652 7.754077026319762
7.101939391249802 7.941241440100344
7.84312445997552 7.412114746293515
7.861070304451408 7.137331928859862
7.10969688976949 7.930625295490614
7.869820338183668 7.102016095512206
7.709376777934298 7.6425230062772185
7.843900986810682 7.394487305732888
7.983574395936212 7.05679053364183
7.101195237970909 7.9429451299956355
7.260465421737503 7.802884629866629
7.756534837167698 7.4797884448785155
7.983975591221903 7.041774142705409
7.082468412438194 7.967932514077402
7.668011124658609 7.715498579307915
7.466727206776805 7.752190027360908
7.1588678744857805 7.899540779113606
7.14402356920892 7.918470210709375
7.815971080428547 7.466394517328456
7.673383474003789 7.692975933970121
7.724484676760579 7.581434324809909
7.7382904580018215 7.534510560129894
7.288795733878389 7.755033700714944
7.827322971919773 7.431948423043574
7.5908001826432345 7.732091832150095
7.072363292286668 7.9688941137069875
7.983834231140212 7.052350235474001
7.949588498658544 7.064088352654098
7.16839000907848 7.852281351022736
7.006175736514134 7.991847046593724
7.12317287751019 7.9266273496364175
7.172194773860824 7.812520340776265
7.650601929670599 7.721223888075633
7.125999845859557 7.924249749480957
7.754980694511552 7.493136955105937
7.269661745543032 7.788523887513125
7.699871947353315 7.648108326192414
7.722302450171094 7.592915229323427
7.680143006187336 7.662918304523577
7.7787718720873364 7.472839449942496
7.7382139399631535 7.544887477168896
7.852623746554643 7.279503233819283
7.875480456360378 7.077533805051273
7.712935637008619 7.5966269953968055
7.680087831400093 7.669627808783312
7.836992796135489 7.4172030882124025
7.561088843242252 7.732159364759682
7.81689887729648 7.466199103101099
7.941402323204025 7.069904172351205
7.848966607820895 7.285678199157173
7.673454621587963 7.684949109036621
7.017452620549493 7.991209071758763
7.153761303065812 7.9109832606302035
7.945699640752543 7.068345373690207
7.167570967690205 7.858010256982339
7.6026715752957 7.730124593908407
7.375150016878793 7.753621949917526
7.670927782100312 7.7099459295706625
7.4875484128061 7.752158640192428
7.974519551551322 7.062888456846572
7.229811636914306 7.804776295130113
7.189660388260436 7.812478242189913
7.990492854383968 7.00285273979166
7.8133436499828095 7.4711957098470805
7.857309123909763 7.25980946459054
7.860955275044896 7.149609071933124
7.102824012478011 7.938082325410212
7.699846833919457 7.6605083790927875
7.559544120715226 7.746367793998479
7.26159895259543 7.797620243381172
7.134870017234185 7.922528923312333
7.534782114647382 7.749533078135645
7.8430707023292205 7.416227958083013
7.119037092541548 7.92978379978518
7.934535733014121 7.071911503470272
7.166364471609577 7.864345677155834
7.736332072819531 7.560711005164695
7.1596114283377785 7.885014410648236
7.696594307549858 7.661033921864272
7.700130783068829 7.644744232168004
7.749045492055058 7.4957504608588605
7.7149490304784365 7.5965129616500455
7.142800433550362 7.92073751913567
7.777781041638615 7.47343868930541
7.067837172435863 7.988908087089981
7.867666173952306 7.108647092015142
7.545670851518657 7.748726528393563
7.712084856799731 7.612188001289573
7.0723528507405105 7.9804063478862535
7.0941851684395365 7.943841955276311
7.168903876151606 7.850066142217241
7.194812324182071 7.806321575589241
7.665052042693937 7.716281412642059
7.269388385775413 7.790086929474089
7.720891022592488 7.595516982425929
7.1519703649540025 7.916427921101757
7.852084877408736 7.283153280111543
7.646249513953833 7.7230288263928255
7.862005775410065 7.133826990701698
7.85459530888831 7.275314653884465
7.8767186234016995 7.076434263614717
7.753989324434133 7.494344181757662
7.859841339670911 7.202791484312296
7.587531023326588 7.732119127019236
7.1532866250728615 7.91295373112702
7.132873387226935 7.923357668454357
7.77270792794855 7.474964338171431
7.135177791527891 7.921211904376511
7.854775517291672 7.260554990243936
7.730439304264539 7.580680406224775
7.12165641177226 7.928748506314136
7.8332307417554885 7.418377972025643
7.879994428029465 7.074102340694516
7.672964501724955 7.693443008657976
7.984532283049027 7.021655681400775
7.62265972377568 7.726890441986835
7.870691090834922 7.093518419870665
7.710123654804858 7.615150825786184
7.491939004112964 7.75076445676824
7.167265906065751 7.85910890343446
7.7354302313739 7.5757821091049
7.8666727363215765 7.114071172996038
7.004504142045896 7.998287391777935
7.9231935509186044 7.0722916786888375
7.270283208535872 7.762156237399069
7.652247060449251 7.719643712663613
7.84344086206193 7.409952338454765
7.82168007113273 7.447727104690331
7.46048423480562 7.752797143732838
7.987695817884762 7.010361387841189
7.722779756531545 7.5910072605636785
7.934061412953838 7.071964870335686
7.049760341052391 7.990592656888951
7.848244287337959 7.298879805661974
7.826193884219645 7.447393126427808
7.1363221922915345 7.9208690870272305
7.662462993402161 7.717792433446177
7.86813448401527 7.104081626917261
7.85120596022768 7.283161502848106
7.355361084264859 7.754049971302265
7.205189242213989 7.805482989691931
7.709515612357194 7.616923347766558
7.232332148630989 7.80469032277943
7.0882222946193965 7.946242566752565
7.165539210860464 7.865986830997317
7.7571272945740795 7.479769365431441
7.928538798994154 7.0719983987111155
7.0708615757505635 7.986405029450582
7.556118607655215 7.747944124203263
7.633163830993309 7.726059487634629
7.650477707638975 7.722979437924319
7.7446774355603045 7.528739016800713
7.639984158435202 7.725759899391848
7.674782904663777 7.6845517996452255
7.194754002711743 7.808721630833732
7.242013400935891 7.802936675365093
7.848176034580095 7.365187671898103
7.8170184114485295 7.456402852663831
7.736901850955176 7.548368339318471
7.425924351949297 7.7529444794464455
7.681815324555862 7.661684119175744
7.12570547706858 7.926023135463446
7.023436812876548 7.990937499531225
7.733102638343778 7.5764756449499275
7.267527236282114 7.795106518262597
7.0711737892937885 7.9833252358766345
7.159373843263185 7.899447603512603
7.385784939097893 7.753063385529362
8.452586835167706 8.176080553984347
8.169114214629383 8.603986073767757
8.3955514553329 8.442522704622233
8.413064297391527 8.434785550997528
8.479344704316205 8.020577833488394
8.164269674294538 8.838279799657235
8.659797754287501 8.001526364515263
8.543224346030328 8.006350012293895
8.01284831082979 8.988697023129074
8.146270906940961 8.940100172701376
8.262155871583683 8.469528923105699
8.176234918807811 8.526678033026075
8.470443284350079 8.140913341536722
8.074111708174124 8.96971487186073
8.364992170902802 8.46144615601685
8.117204881740722 8.9451979346647
8.196370825352016 8.493032570580487
8.146866666762266 8.938090480452862
8.413934707107314 8.352663497582384
8.431426647586559 8.265147032477682
8.21236627552915 8.48894989482412
8.166204726684297 8.679834343355822
8.464895892831427 8.16236505746077
8.164597784219033 8.730313799700285
8.439911053191654 8.211819849841511
8.055051925022417 8.987499830149728
8.473283476644879 8.120664297183142
8.475544388030123 8.022154936337001
8.38726665925623 8.457156157053328
8.421434671574282 8.303942528475199
8.524562436047557 8.019556138474446
8.00320292666904 8.999002986117484
8.225367511201657 8.475804943300075
8.479058797834075 8.022099227317643
8.384186554198429 8.45972273547351
8.326389811365463 8.468774837838922
8.6001500260579 8.001843091711406
8.213897228301262 8.483395412283748
8.081474925815474 8.947246421479642
8.169570930491759 8.535187204016811
8.420586526407877 8.332775519897812
8.838052049224261 8.000842959989996
8.425915703875793 8.280920503483769
8.451368276937025 8.189858336745921
8.43286616257597 8.22610602334451
8.177581257862006 8.519553087167806
8.446574810271297 8.20299676216209
8.439195523495648 8.214400773527835
8.159445386547189 8.906000805590407
8.158040415461741 8.90758188816108
8.05757682057622 8.98495760179243
8.189322576610106 8.504063411495734
8.229759530931004 8.4725756355636
8.43167792935801 8.241897177901647
8.533385435829663 8.01120404885941
8.164334923016192 8.767724689402545
8.150051338470803 8.924016745603947
8.345588548105646 8.46372337974622
8.415897034336554 8.343137106779299
8.33289695687261 8.465898596332812
8.530540365974865 8.01709429788869
8.015907232119645 8.988030522148307
8.162918147862122 8.858984242883988
8.180831691006063 8.513184297407097
8.520395157485705 8.020467411149253
8.474035081053753 8.119326712179658
8.192355804363773 8.503950272384586
8.119830187679012 8.942300621453121
8.462226713812885 8.16522272188331
8.405130099549407 8.437488750664537
8.446647498622463 8.196651009469411
8.471694582055012 8.125838146937278
8.16625951970361 8.608665905545536
8.439115615552046 8.223259229979814
8.424702869955293 8.296489765353575
8.153035186662269 8.916034395123578
8.572935732392345 8.003325828581254
8.873714372019416 8.000471534951995
8.428643890669878 8.268882907880036
8.076155636419294 8.958950306194382
8.953074476390377 8.000108938415007
8.08077749690468 8.952204631261132
8.164467862688971 8.747452690839859
8.074156991418565 8.963474338666407
8.237107082591708 8.472498140660788
8.415473142710749 8.352236897220154
8.161743191501794 8.877897184107619
8.381943895024913 8.46093216362336
8.136436832390892 8.940620077504514
8.543525145214522 8.003855577493043
8.440645237257007 8.206083742083766
8.031225837372164 8.98771032091685
8.121118996588736 8.941374937703412
8.077772064457113 8.954166767259531
8.175349666166403 8.532366042867006
8.378389975460186 8.460943651486097
8.177652685081998 8.517748031878323
8.257162674953827 8.470559064397573
8.226924718650412 8.474919517700096
8.389945285312702 8.453850694938698
8.3634246061442 8.463001571512605
8.538387015180422 8.009283935796244
8.82073214021784 8.00109725692522
8.465921232051096 8.153539908070757
8.18449994029182 8.5046348670934
8.47448710170703 8.058694902520939
8.001477820240684 8.999977834011718
8.150027430756772 8.934364912101406
8.165754135151143 8.726330122673762
8.16056449978085 8.884202551402296
8.448196657896334 8.19000114300153
8.169110814005972 8.608494452110264
8.390900399081167 8.450003305231663
8.195512731741179 8.49844045418867
8.183492843580536 8.510465299436154
8.010038304518673 8.997726208462684
8.418819423899187 8.340429871652434
8.06445948308392 8.978154731897376
8.46904232924229 8.148122439067205
8.3641361833586 8.461838934480147
8.47448339241506 8.076642792152658
8.423014769900456 8.301731306748232
8.424230535742785 8.299465467988764
8.182914559280773 8.51204149738834
8.414688444198491 8.352623848514394
8.012727061049592 8.990308799720507
8.425269358759666 8.293297481619444
8.06827719085048 8.975158888252398
8.087022028938271 8.945454058680728
8.406568235139211 8.436944417107043
8.46940120041476 8.146986513175884
8.42051413194992 8.333199863850687
8.471126284467845 8.129396854954464
8.823697118180172 8.00104466310717
8.382563866264091 8.45991536496194
8.011154365175114 8.99686958070091
8.43176026115694 8.23710778815158
8.420121724063877 8.333790989705031
8.175185670797925 8.535076993928138
8.54537001388513 8.003542464515002
8.461738185539298 8.169811345265368
8.753057947458954 8.001148667440528
8.417258705064143 8.340837303959006
8.07497911292745 8.958973400707228
8.426145084905245 8.277996368448175
8.458035023697924 8.170823747480199
8.474218448525878 8.077703174444833
8.288385231032873 8.468855920412896
8.35333611229097 8.463471483773624
8.421331377952932 8.31071836212316
8.369202224325315 8.46121156701597
8.524396041266309 8.019620266311724
8.53094804224695 8.014508689479014
8.114831098979513 8.945362376191001
8.161273306617836 8.879702886747754
8.461573959552632 8.17070054902479
8.392058495131447 8.448256571499282
8.437200389224829 8.22575113053653
8.36449928842853 8.461755732621267
8.194105727669859 8.503258171181164
8.420684445539015 8.328455878415262
8.076737305712278 8.958353617492033
8.256475778408602 8.470954715184389
8.209051720487933 8.49125812470792
8.424628003309778 8.299249376704562
8.245833003399124 8.471314722905749
8.160586364414463 8.883124178977123
8.15445531230911 8.909769108123383
8.203916132661757 8.492006428998236
8.22075393816675 8.480728348737632
8.01004676856214 8.99760587352783
8.16327303613958 8.853734727641557
8.165898159197939 8.711913390610777
8.251435712904948 8.471121435020999
8.397225016155225 8.440757635835023
8.242031922230076 8.472326010674854
8.738806354795527 8.001197201503379
8.16552754175758 8.727240027424896
8.162611105066782 8.866571376598973
8.53156228749809 8.013375950183566
8.440302294471863 8.207509169710768
8.44214909756431 8.205085691409584
8.475204281789413 8.048046992762917
8.425610620270746 8.284148840154863
8.634754961376563 8.001614929152023
8.857760946400209 8.000622385246903
8.069459153592218 8.970794001515877
8.329124823874409 8.468484675027085
8.413910514891404 8.365334511067905
8.39333225110384 8.446841326523735
8.39091962179721 8.449982189100032
8.068599749336821 8.973514628060496
8.58613381625141 8.003223400438682
8.012342120315743 8.991237362362098
8.224592507416133 8.476648034541569
8.60561857321908 8.00178120391174
8.529351172889594 8.017696517735509
8.078524344867274 8.953287280226736
8.465335993340737 8.161013931411217
8.264357356145338 8.469045863614156
8.159979454648727 8.888773669379699
8.393875754069011 8.444181494281521
8.24420962439545 8.47179068503757
8.265836976430732 8.468879743855908
8.34212516448182 8.46481083833131
8.074825236664834 8.962032400594644
8.453119001940655 8.175290128644187
8.151039873327687 8.921728806695441
8.465469178283824 8.159824072783167
8.446276737648322 8.204503757775573
8.462876640422635 8.16476898427857
8.427270015505812 8.274902200372065
8.213794061520163 8.486833111762557
8.164304900974717 8.814399776630644
8.195252660432233 8.500133040212805
8.187198074085044 8.504485955992129
8.227929544711456 8.47284537113172
8.150030755447352 8.926681567063396
8.537581026772044 8.010413511744948
8.41559678310301 8.346006121925178
8.465356939980833 8.16024725171449
8.590827242131489 8.002137341726991
