0.1534445315057431 0.31302792319796113
0.06477136949973561 0.3612972385937413
0.6000847095435773 0.12394198458431505
0.25778198267468366 0.17862531645762914
0.553602213685671 0.1471442995153719
0.35303778230618477 0.17003946117064772
0.0187057361681483 0.38903099934784413
0.8970165399942404 0.08623286040243128
0.7205264178264216 0.10322847194766105
0.0030960855794647246 0.7471419255747684
0.0043878014899180195 0.5783922552146016
0.22359969420517334 0.2840362017732533
0.11969167312681006 0.3416360419700769
0.24046056023386697 0.24945608658828788
0.7461048837919485 0.0931173047927849
0.4613096289017692 0.16726173913963982
0.9446800421167976 0.0861558701579005
0.9460026204737739 0.07345493458885599
0.8746785982460549 0.09289117666753455
0.5016386446629149 0.16038207601789634
0.9845447570999556 0.024467714573102484
0.28926971906754373 0.17716302013913054
0.041086005742981935 0.367206359772958
0.994522810012625 0.002644054500114068
0.2522635888388042 0.2471038887590704
0.9918798496249417 0.024387298307886773
0.19183497562098772 0.29586555472425935
0.9924936066210399 0.006763064025202548
0.01522987862745162 0.4314806182168548
5.626965911060822E-4 0.8525203162031486
0.6370176143251575 0.11798880380077525
0.563128494232707 0.14246432087741068
0.1093679563060923 0.35278181166526934
0.5557969357601368 0.1433452547647408
0.12121118347927573 0.31909981323376213
0.10247406981897866 0.35363117706198977
0.012174713484672806 0.44287042642067254
0.1649094976949984 0.310558658242607
0.598239198809288 0.13533941632841462
0.0931995763892105 0.3567265711883105
0.0031606353821398425 0.6714290881947772
0.11793492902575642 0.3436122102386705
0.5106536442798092 0.1580764045492623
0.003948441996294627 0.6652691101511136
0.0020697452937920024 0.8066039180097264
0.7128862949424366 0.10703642685866921
0.009865996266768762 0.45767291819282596
0.034578729745812 0.3728580912135626
0.3253141709353168 0.1746014725330689
0.22416608926852555 0.26696825782773326
0.952024550277668 0.060361857646357486
0.9688233678456808 0.03892568514189465
0.1890966622296123 0.3004408713658262
0.39818760725016245 0.16846368051938265
0.6079405248904104 0.12332712579374883
0.0014892051506333326 0.8325494585642054
0.9771563830148986 0.03236615859627945
0.6185390546485792 0.11857896233279652
0.23960174684232605 0.26445383320863824
0.1257062234155656 0.31883634315415055
0.22850231900799844 0.26477684410214053
0.25266674422207736 0.19751869670403377
0.16503822405929602 0.3011646423764218
0.6949527777968164 0.10824200361719716
0.4960984818466265 0.16397635119018783
0.11590569132382023 0.3522957821561977
0.6379481632502425 0.10962565324929463
0.34139720555792163 0.1745756898776777
0.2626179385222993 0.17824241778580863
0.05455013262999442 0.36415669193027067
0.9662390653487374 0.05425969342121362
0.0316305999218337 0.37338580468989735
0.13164401952310434 0.31542700148112723
0.020750110264941446 0.37498790135139404
0.20745740274579016 0.2902964251215985
0.007235089390336014 0.5610591279371661
0.4565540046806106 0.1681160604158941
0.15564830537508845 0.31165311867057477
0.8864477933886719 0.08746051613731098
0.5117234693148724 0.15220326833512154
0.63761428143882 0.1121936477597193
0.008577946842692752 0.5560361024582764
0.07369667431897575 0.3574296211979736
0.018483243017940465 0.4064931153046355
0.36734357446078136 0.16919894496659382
0.5941882393366537 0.13918915768377615
0.6343284201942883 0.1184672145076916
0.0021563998474956048 0.7841541108781843
0.7420721855069945 0.09402027560679671
0.5265070295544212 0.15035431319666248
0.0021092676111577058 0.7851557157488368
0.6090098374873004 0.12245517738346778
0.004264469813933247 0.6326519771367536
0.591320608689394 0.13987689933968772
0.1976035006219098 0.2943705228073684
0.25380369873309516 0.1832956396243216
0.02024934718867677 0.3862916394896593
0.21931450988055456 0.2885233770519573
0.9820701953001447 0.02569113067611717
0.3154754333624624 0.17575931322574379
0.5650310233241376 0.1406631937941193
0.9581074596044487 0.0545195303187791
0.1833128222189897 0.30055372740820285
0.6723957095647547 0.10878858064418062
0.004265484656561513 0.5948921011778946
0.34522013410068886 0.17004116787162682
0.00301942935324917 0.7555796965844487
0.11655792473703319 0.34770556709954115
0.00515029359907615 0.5619658896153877
0.5436272363551421 0.14981163787382668
0.7381561096388443 0.09479902748548774
0.017561007705245824 0.419794095823251
0.9674733930435435 0.04439360075776755
0.8905576793248874 0.08647315650534304
0.7342470502698568 0.09841311431477073
0.20359645768756218 0.2929558583497276
0.009376962215409623 0.4842469067594476
0.018344261902852765 0.41184803044264195
0.5456623446470881 0.1493066301397502
0.2569644692512818 0.1822695288911398
0.8775696708584049 0.09244229821245586
0.0346843759842318 0.3715003830594116
0.010501640567128767 0.44597683667351673
0.2512147061754735 0.24854173410762537
0.0030891042557201764 0.7499703804814415
0.5207605165345809 0.15082606668189924
0.010013478650526264 0.4498626023481157
0.008778355252480052 0.5416800853646592
4.8682648854769806E-4 0.885124426285416
0.9760668709484656 0.03806200439700791
0.5279913705926019 0.15028903361971602
0.9516828152260828 0.06294165841142763
0.3039520854006069 0.17657957668496838
0.5988177030597692 0.13124574869318828
0.019915394270458853 0.38858184640243687
0.5876203483336797 0.13994299372792318
0.16040352403730118 0.3109597953271306
0.46573166447153036 0.1664716730125746
0.0035151722920565565 0.6671504432892471
0.12005931698375871 0.32824272765451756
0.4756760165923759 0.16596103859823896
0.20720210584452092 0.29228606674796087
7.897552899005511E-4 0.8473616935563562
0.11665933771997661 0.3450284258335493
0.04553584528784693 0.36419201940820733
0.32329827141924206 0.1748036333457499
0.6431753200003963 0.10897637612972044
0.6122723685828635 0.1206787501527381
0.009275960344241607 0.4861598689529355
0.5960637413040173 0.13591475432380473
0.25246512088245754 0.23771115731523096
0.5118963867198384 0.15183043003181895
0.714646825070573 0.10323959889921819
0.0010208735814883907 0.8411507809895492
1.163438491936845 1.4159805487907886
1.0980234181641335 1.5201196591372783
1.036778008406119 1.8673018652092126
1.0750903427469733 1.5244110453818287
1.8563020400827634 1.063653462745684
1.0642670227430493 1.5468248622717258
1.2964451347823869 1.1337474270732284
1.2731956951743795 1.1831926277055462
1.2183424798917972 1.3563301728860042
1.3928292127445365 1.0865091325307326
1.908596353943141 1.0367423668866178
1.6924161429373474 1.0700633623277707
1.0389115909050592 1.6587157478354053
1.2537326406007496 1.326577879947846
1.017601973328115 1.9239699778990467
1.3069433792809906 1.131100718421067
1.3985033999902754 1.0792224847650664
1.4653379458102282 1.0725304663103616
1.9046723277150068 1.0406857374186478
1.2218367295986545 1.356048312310599
1.1235237535899367 1.4335371588362795
1.9334553099612037 1.0321321644364425
1.0591151888138435 1.6463731915500501
1.6978133079304392 1.0638877552077002
1.1788611217033358 1.406523121373453
1.0268284252920497 1.8797201301748832
1.0375583687661254 1.6720889929991116
1.0608198243497606 1.6046937121065812
1.1187123413341364 1.435077635880337
1.1846208414486625 1.3933044636124694
1.2534794608375086 1.3459610418820926
1.0601172428818015 1.6223338929478717
1.206480425174473 1.3750857281371256
1.3183273719452973 1.0907318713168437
1.0894019399762715 1.522289234942737
1.0258528247915848 1.9062348466528392
1.0672679344622096 1.5324002260915779
1.115190594288872 1.4402222271276468
1.2818221754917651 1.1498919209936491
1.952055022444519 1.0216362586131738
1.2233318333774004 1.347314630541483
1.2615648343157233 1.2326816142603145
1.8718785228683357 1.0607671519557105
1.3088965551191805 1.108482580787662
1.3173986144758554 1.102982731281061
1.0018476166528285 1.9942688138246654
1.461663732031998 1.0779856124723652
1.9956580514001796 1.0126409907409022
1.2123075958605822 1.367031387120403
1.2614155449995796 1.285975752436374
1.0099402008061547 1.925387844460372
1.1048921612289049 1.5108456233415293
1.8771597090899377 1.0421612550209347
1.0027524228242695 1.976543511660568
1.1130630327930842 1.4411118771330722
1.9056584496779123 1.0402747264989425
1.1300388584891792 1.4330476704929345
1.0064955239978228 1.957206659825983
1.0300231360162977 1.8681367785527725
1.2052786072130925 1.3796147772069778
1.1591391091949337 1.4190311991656843
1.2735564446837342 1.1629228986927378
1.044254460398165 1.6505649839281618
1.9472770298849695 1.0318759168851548
1.2045008170969869 1.3828604306889312
1.0629884293105973 1.5805787285371622
1.1099522545429978 1.4794801929657213
1.393782196577614 1.0811523970506207
1.2371689864693975 1.3463490496052413
1.2731134419152783 1.2131340889392903
1.3491128506931682 1.0889391257006993
1.2578665237193147 1.3210722858735604
1.862123191363593 1.0627547347668882
1.1178230902127595 1.4359506588151123
1.1555427565966112 1.4275073536052814
1.6208888195049873 1.0709030605317211
1.1546031014248683 1.4278572393268767
1.3137303388747006 1.106908633782807
1.103667952857287 1.5193816192569811
1.0630683672998416 1.569295675986249
1.0370799265854918 1.7364699424514842
1.9555814724427432 1.0206913060282605
1.3515353125484202 1.0866017213392523
1.171914400004895 1.4118769784713763
1.0209100048956823 1.914888108964483
1.9226602189077915 1.0322043429542376
1.110172119838408 1.4506691147566237
1.4651038634982827 1.0769734667487096
1.26005918909388 1.3173381186240998
1.0545059672314698 1.6502978475592909
1.104651262476534 1.5141447150046483
1.188022948742225 1.3872267368590196
1.209804185723025 1.3748402766508903
1.9583921912310331 1.0175336274432831
1.1316231173740947 1.429207877638901
1.1810452956040083 1.3937833226632166
1.1739805197481643 1.4090363806763473
1.3133972851414786 1.1084785204959795
1.1795993175641637 1.3966498005950814
1.916707262961985 1.0344287507092846
1.4024497940907499 1.078787057422315
1.0040320648465046 1.9750586504979726
1.0610644506953113 1.6027012579566224
1.0644317723378847 1.5364481454547432
1.0641921537044812 1.560095588677156
1.283060121370565 1.1400920777270083
1.1050503757878345 1.4797564785013055
1.0230941510107354 1.91259463753489
1.2045343908444346 1.382001934509489
1.2606638824875107 1.3170788808104112
1.3260720600507425 1.0905792834055044
1.7195758117142321 1.0636958019937217
1.288721357355695 1.1395024090273045
1.4651257634956727 1.0733870766880331
1.0093313439224814 1.9354222199739661
1.0801548718362315 1.5234351190588655
1.6564502093472089 1.0707309025764649
1.0374687045628836 1.7022901615609154
1.0041283968051813 1.964878556167955
1.6922955634887278 1.070588496325399
1.2039787321391242 1.3841247424591543
1.2821482534903106 1.141649091650971
1.4341164401548738 1.078307757126695
1.0952588232258325 1.521106962261228
1.585751198604142 1.0712113388650093
1.9900175115850574 1.0140683583377434
1.157575630431754 1.4212435579128835
1.1047546707199203 1.5117130978714926
1.8736470190735601 1.051448796033449
1.2718163712723547 1.2174459744832475
1.9881816970694302 1.0163876076973708
1.2410128081049447 1.3463358958599918
1.0822378871968512 1.5227381103569606
1.008786828630965 1.9405523775429052
1.5672716604342378 1.071220110854916
1.0629314337006444 1.5976238798177405
1.6952095544799697 1.0686972281991136
1.1800795780317102 1.3957198657374752
1.4745961150959968 1.0717696048131908
1.0009704850071914 1.9954253121616221
1.0669636341198374 1.5331213059011963
1.30083205577542 1.1311203664341731
1.8745197870642132 1.050028869596116
1.906986695609179 1.036908613507471
1.2541622637247918 1.3258063745388273
1.169738811195708 1.4132903044834875
1.2962779630475532 1.1349705283611553
1.0383614870416602 1.6632681954366917
1.2268794287651805 1.3471427581378825
1.215784949967091 1.3611505854804475
1.0387496236936815 1.6610187719802374
1.1976855702668667 1.3851574108894704
1.2807626980351894 1.1517416277359565
1.0244151794234806 1.9095972917544541
2.112525152688065 2.7917520397446447
2.626566338687779 2.23109755208327
2.7636666538595036 2.2273079525317256
2.445075497005334 2.3829857337117697
2.4038890716697447 2.655836614643326
2.2144475905311802 2.7218468031378036
2.0934957025422705 2.9763401392445274
2.814787037013963 2.1057075031074377
2.421457765594262 2.444714820534736
2.3755351473038684 2.7146055832026605
2.880490670094443 2.063309536400563
2.769891916419537 2.1158098105480025
2.6075931056025983 2.3742969946391503
2.953778776194813 2.0231842685512316
2.430559720134859 2.4021646317013867
2.1531905881278606 2.7670500152576163
2.162945303633583 2.7502596090597975
2.888731193646202 2.0448792852725766
2.1053037941688255 2.8594755615344263
2.190538143034946 2.7365243814970923
2.401874730175389 2.6819211874622733
2.8421969438709365 2.0642830045337535
2.767629799922578 2.1416336468223744
2.404166805065268 2.4673272801843007
2.1178714413945405 2.7756904942991127
2.3815719909461945 2.692841547084433
2.9055028261199807 2.042133632854063
2.6184807680006865 2.2469270460295387
2.4001819869347187 2.6835354944962355
2.886869494403295 2.0526726441754635
2.403950074303099 2.6449810458387573
2.6184269097855886 2.3543687156028175
2.1009054396237654 2.954432477396564
2.2088992810712 2.728074321251296
2.9134752736976313 2.0244907032391217
2.534180401997841 2.3823841262257313
2.2426913406375726 2.720221290030794
2.3954062403639718 2.690830806167556
2.030088208881512 2.9907036767284954
2.4204778373276405 2.455384419824958
2.7671604297312546 2.19327290078612
2.9936374312014147 2.0216355105978705
2.992331872921415 2.022854607744636
2.0292206725659456 2.993209587370084
2.838890073049715 2.0759154345593185
2.1099576877712973 2.8268069938376974
2.922742900206262 2.0238815413710194
2.1084175419202267 2.857648116670294
2.764539922122356 2.2236923987083954
2.416658571298684 2.464557691390093
2.1048631038560934 2.924947751880673
2.277447715133328 2.7148452056986456
2.592344971340106 2.3789842287038345
2.200573310207422 2.729376080957797
2.0412932302809654 2.980239255897469
2.379784916795999 2.698588741917192
2.223733207807543 2.7217758322095857
2.793616266007234 2.1061621195314695
2.5650889199466644 2.381046247252202
2.883260563775751 2.0542451684274723
2.6205615703695537 2.234035795130105
2.1045400532899645 2.9354547990505253
2.10136235646525 2.937584633144092
2.7840367898899774 2.1085519026571085
2.444509057719868 2.3926132393741675
2.1593756610372985 2.763633744449241
2.6779053303671545 2.229294226174174
2.093990092161768 2.9729572671954707
2.7669932486788444 2.212796355414903
2.995987704757849 2.003488939263193
2.4278290432959926 2.4309196433384606
2.834636174173178 2.080329531802935
2.104741358706602 2.928892030016324
2.907919482226425 2.025303618276454
2.40402124657206 2.605760587379396
2.499210702558467 2.382508521434072
2.188885181797455 2.749494973267639
2.8327532894910954 2.104747092216818
2.1185726485323966 2.77231748226982
2.18942924581493 2.743437390410184
2.2128711692706364 2.725081055165675
2.379497786074862 2.713026164095752
2.154921986161034 2.7660812487045225
2.4327563383584234 2.40035482255242
2.4040179367358445 2.636539232312566
2.1587376628346666 2.76495589768884
2.043569308413341 2.978417449274391
2.9063781366953796 2.0410081187548412
2.619163366507812 2.2360728382858985
2.617629667977421 2.3699571121578145
2.2589090382211547 2.7162316587776325
2.25533507869307 2.7173584782511737
2.8404442038077033 2.073416605278901
2.44090338048291 2.393757725447969
2.2538443624763502 2.719687411414901
2.9953878332117325 2.0180308765378774
2.030578743549117 2.9884655549472834
2.7674937192657203 2.143239318456841
2.0951114001190154 2.9716737758540326
2.5698943055437393 2.3802222330268483
2.57732819943441 2.3793623365588434
2.352105192642643 2.7147135404040483
2.111941387926371 2.799730502968396
2.4201432722963427 2.4613698781715323
2.2397238478959562 2.7216699869918157
2.1093427076356797 2.827080906237016
2.1112247347589017 2.8169317278695605
2.1354665403715085 2.7672153338081733
2.8082741092066277 2.1058881198779913
2.766036114644736 2.223460778836734
2.265553174173786 2.714910261049087
2.200106974370161 2.73288907158829
2.3986839654315903 2.685138710302322
2.769070647011592 2.1199622054319134
2.0217915395500663 2.994337814470789
2.0290869478215674 2.9942347274682275
2.9975080014284052 2.003075146284397
2.0085856242609426 2.9979142673701746
2.3978332897142307 2.686921047297262
2.423305102114335 2.4341183975090384
2.162896414446439 2.7514241092807947
2.409392400350066 2.464842356089119
2.3765768871193833 2.714428280785663
2.864937522029391 2.0636378144784926
2.7717890817643567 2.1088162074819436
2.429490532351564 2.421028939149655
2.8931611256495735 2.043225679651178
2.120042392052445 2.7714668753697573
2.5947324442146784 2.377267616780582
2.5390349813798982 2.3814496676935875
2.760227839877677 2.228758637161973
2.4034158518966144 2.6800353524563034
2.036789549987704 2.986609556023244
2.6682622186160203 2.229739918939556
2.114737239823011 2.783666575450383
2.0109620397214845 2.9973255076745264
2.833542294592973 2.0910178574681404
2.9071817709093963 2.040307724283684
2.6142479789946647 2.3740573860873493
2.0154044041611483 2.9957777705655517
2.976609524790968 2.0231657401071135
2.995592172194864 2.0112919497813255
2.9566244967659023 2.0231715185914894
2.9042490020284073 2.0425032997778967
2.6147212227946106 2.371589613773049
2.1086466844419536 2.85055084330074
2.6819094889858937 2.228777315040405
2.561292213393397 2.3813463210962023
2.425855200958549 2.433008817325418
2.937673560802499 2.023502654621774
2.1334658413073044 2.7695276179997443
2.4219105968072197 2.434291037033766
2.8065283550962694 2.106155891338821
2.058286993372304 2.9767865113221537
3.6643651942320363 3.89206418072788
3.7924892436485926 3.4725355480004914
3.6165318024595914 3.9005717977560503
3.9162017456464624 3.409482394127134
3.5923766815246587 3.9574586664076667
3.7031171757387122 3.834150940559863
3.0454473372271367 3.9685204457502254
3.6057788145837635 3.9426939329640387
3.1528522564379324 3.9588935782256653
3.963110590722876 3.3556534055635385
3.116665591933721 3.962167764488609
3.7717640925750917 3.755824023355913
3.9956944914975896 3.2025135988242304
3.888283882964025 3.4612063897268497
3.781860073492404 3.6879290706528187
3.74506163304431 3.7608104587116555
3.735099575931111 3.809791764643562
3.971805990075837 3.290698539719787
3.971187017149079 3.3472907248167614
3.7837066668378423 3.6408978234755836
3.722261920228259 3.8296848788548585
3.079303308809556 3.9651409826291504
3.314333329262204 3.9578253334529667
3.7912511270788443 3.4919981069171095
3.0264722007066327 3.9859829069584087
3.9448525956376788 3.356221526004324
3.8768280063612033 3.471747616136216
3.999168997698706 3.18219807564288
3.9028529869946915 3.453557703636415
3.6881253954658817 3.835274985661716
3.9103074497495283 3.4390195428325763
3.6802624856320745 3.889305144323641
3.7370674659976766 3.762759545700581
3.7862328212080456 3.519653292232687
3.7847360475772045 3.5521772811163927
3.7142114617981346 3.8302823876003194
3.780856128672993 3.7367706659057776
3.9929115983406525 3.2044319659750196
3.935164723935527 3.3768235303648164
3.7300480200284474 3.81715752590061
3.727461754238498 3.826951113199662
3.985969705634416 3.2301933185052367
3.6308773862468087 3.8998119127565216
3.762596420308058 3.7587621376484104
3.9701771351568027 3.3494647879209323
3.653315933854688 3.8989518245899824
3.087331666306691 3.9649179927767535
3.041109859637361 3.985301591840646
3.4181862289793674 3.9574921490431487
3.6114726960652455 3.94009751984126
3.981661121741317 3.238856158628292
3.986685435593467 3.21449432445783
3.6160458700859737 3.9033127855119254
3.790872606307528 3.5100612810660823
3.9157811563308496 3.4266995925282164
3.6552511381065047 3.897765248068958
3.9727201561457353 3.2511122287348346
3.783965091610887 3.6378758493284193
3.92565182844199 3.4022129676885373
3.734066970343227 3.8170265951627993
3.910019718879911 3.449387187063476
3.783327660724784 3.645255036335407
3.6143519200023606 3.927652021049722
3.006020012817829 3.994415065237532
3.2405137015948853 3.958738137208543
3.599384741701877 3.9475120873846796
3.771779216488755 3.7507414404671207
3.7348106844164617 3.8146582337047947
3.681148759106116 3.8635352240897896
3.6159725991731677 3.907545209436357
3.7364929817158425 3.77482600943103
3.915336122979843 3.4318142385333297
3.748206223544638 3.7604792024290754
3.877986050576393 3.471316500392698
3.999790012311662 3.127770223229099
3.6142227201147437 3.9293287430185835
3.0026465328802634 3.9984723306766687
3.941103448375869 3.3724408748334307
3.7865174694524604 3.513321271841834
3.687368061876794 3.843602403650043
3.926287825753758 3.378431203630705
3.980441084795747 3.2392683585745643
3.691543083960177 3.83473362311542
3.9809676263717773 3.239000503127074
3.68430739706702 3.8488426293066436
3.0263069760486605 3.9910806264964838
3.785515827646309 3.526711392614001
3.066684383562881 3.9655197129303943
3.942251645397995 3.370176860714089
3.8882445130260233 3.4702413165640102
3.1381353457985504 3.9619615101253776
3.7093773948491444 3.83345542449308
3.7816201313872 3.6995524753283036
3.983615398313841 3.237546758828568
3.0430647221364255 3.9714203260155214
3.7913306553271937 3.4840768084639304
3.902901984091097 3.452982204512585
3.7790335851364025 3.7381334312769074
3.063443905774897 3.9660409240657835
3.0185530772874207 3.9934456107999576
3.986425345949363 3.214502172651689
3.297061812354648 3.958523603076193
3.9220357005448703 3.409132979453882
3.055492743022723 3.9663203546120434
3.778575823204681 3.7414439784078155
3.997667674757947 3.199836274535624
3.998175941763429 3.1968482739249744
3.7825247435803337 3.658426138822623
3.7750919069458613 3.7415347853493053
3.0753440979619366 3.9654880729780686
3.8468530456396195 3.472318858129184
3.9760256931428857 3.249187953208372
3.998803854700475 3.1930844444443895
3.080383100762764 3.965052157988553
3.7861741406509957 3.5234330897576593
3.9679745741889505 3.355241836011186
3.986314129949133 3.215134761231851
3.005370092641058 3.9969808615111235
3.7841535889837434 3.568175309308935
3.6141971353965645 3.9350662399675027
3.0992779384092115 3.964276265468651
3.999927255747767 3.059140180860086
3.7691196873115618 3.75661883598898
3.59419431267349 3.948597199184136
3.9085650945193215 3.4529020928985963
3.9725035060304585 3.284609273239982
3.7829337386201063 3.6465180858686055
3.0495483036597415 3.967856548616905
3.6103166737460866 3.9402128609968003
3.9774566021036364 3.246777357062942
3.9999099969913408 3.0665515687248432
3.9726957653127486 3.272151144721998
3.9689241057815368 3.3525994610108674
3.601062693868201 3.9475056629316465
3.774038439660748 3.748113273966462
3.5928249181910923 3.954048267381915
3.1478923044074256 3.959456862066677
3.9603710764983915 3.3560892174668795
3.916127708968305 3.412421320320632
3.10350057322001 3.963098117323568
3.9976347563757106 3.202012742203901
3.781569345723548 3.7299635003648004
3.9940771731608566 3.202620377180821
3.922102587018903 3.404522141832364
3.785375581297188 3.5514098917948105
3.0222051643386965 3.991868240044552
3.727711234468491 3.8252599238997522
3.68170014404416 3.8524787755366328
3.999465193788368 3.167999343515804
3.9155430812638583 3.430235534691503
3.8986977258574393 3.4581953498504197
3.7673697655879748 3.7567161557047504
3.6698492568449983 3.891780880491095
3.3382708094433866 3.9576697553147473
4.448721001430324 4.169699108876156
4.44057845342181 4.462068698191086
4.990863275578258 4.045417333207384
4.142965619344412 4.966857887336381
4.160615641012527 4.832103994195203
4.8013976213397 4.062477683035765
4.2897913123956055 4.80839154042651
4.3075476243403035 4.7120802592667115
4.423987907518505 4.4692831506639035
4.5305299351192465 4.151822334855817
4.580438864348691 4.085370858537327
4.99847638849986 4.044419473952818
4.327911274597007 4.569417402789828
4.479246679114004 4.162714981989439
4.999847517534901 4.021824987040203
4.723809592100521 4.067387453698835
4.39818055423749 4.477413375472115
4.691272342920435 4.069183411243454
4.350122593609011 4.497843179161334
4.442783693974858 4.430412754619837
4.568693688157358 4.133366151820598
4.142673641842209 4.982412374753155
4.4041941952894375 4.473869697404125
4.44511432865279 4.3435360484712655
4.299899513253828 4.734430193281675
4.926291161993671 4.0471069170133775
4.903171469773687 4.0531784823892805
4.026286902350624 4.98505697325664
4.498418589103524 4.153489520196507
4.1451973551150205 4.898094217126405
4.448804879254698 4.168119176868678
4.3198945510450635 4.651816363207199
4.286257271923613 4.819140463663591
4.447950849339184 4.180067089807391
4.330989896844743 4.511489831623585
4.351297363512899 4.487592226234752
4.246345095716502 4.824718514705996
4.149731078423759 4.844776313240004
4.816103677859884 4.062455947292131
4.630342574378983 4.074674107912475
4.010586505276293 4.985778655769452
4.467437304834816 4.163653807683375
4.550179503246467 4.140290411205295
4.293386930147557 4.783557017792279
4.202886701014793 4.830845682756189
4.320096362992445 4.621328346802164
4.894468782020231 4.057441001829323
4.644194619550483 4.069866214531427
4.009133219781454 4.989712634502357
4.312486305723174 4.662853264378362
4.445359642044961 4.2247891475821415
4.764967659858339 4.06572173214805
4.6018387723503125 4.077675758963426
4.303455562047937 4.733429465223528
4.993120488736111 4.044938192512416
4.009010987840289 4.992760279088647
4.443449884307338 4.3583836498315565
4.3549708593123 4.485159619696901
4.333394817447557 4.503555115113857
4.164922349071231 4.8309467359121445
4.276594862289478 4.8196259239642165
4.243080312970184 4.825114302980767
4.579317026019731 4.115718627973685
4.050525148174942 4.983007749027287
4.447694607970897 4.208558567769833
4.42450461783385 4.467441723381762
4.3518574740349685 4.485685240441063
4.205568537424495 4.828453584442275
4.719357998478388 4.068087705250324
4.571448780078612 4.119536565569248
4.320860162496447 4.5766512474632925
4.820153725874161 4.058954736850557
4.328026607360072 4.560571234019179
4.416027160335823 4.469406385897047
4.386724121723199 4.481505265903334
4.299399626052438 4.776261225536816
4.794442333862688 4.064139773162504
4.2470856880890135 4.8212714591149135
4.144502602142122 4.960618548321652
4.329636527611312 4.553331140304788
4.1520832657786055 4.833896758811789
4.218005866754439 4.827634359817985
4.549334689620916 4.142687401864118
4.534803871345608 4.148935244820329
4.309693684823665 4.67049951508597
4.498193467642528 4.162037274539394
4.765508229169905 4.065219029211423
4.32008310787039 4.643759607756892
4.145738759046008 4.846078936988169
4.636196994614805 4.071599817480325
4.30468459727794 4.719740821017144
4.535500740665311 4.1459459620815045
4.539971499957965 4.143755680901814
4.616581778627439 4.075581345839966
4.224445607685507 4.825987427513226
4.299884025922845 4.746868529499746
4.990839032124087 4.046315328384513
4.5771344350623115 4.118333034333958
4.035760853839362 4.984776617135244
4.397676231325587 4.479529652875575
4.733502847202768 4.067182316267232
4.30811607548081 4.689771312276687
4.320120548595973 4.590416995051115
4.9891064288002145 4.046772378026976
4.896574498420138 4.0548573629015
4.142828739382878 4.969521696744587
4.320699288930372 4.582104031422579
4.346899905589873 4.502153010115559
4.437492575584242 4.467053942786194
4.307592811039914 4.6987205113076165
4.552166188765452 4.135075660597892
4.363105030934493 4.484410951130934
4.298834139348716 4.778597931962028
4.7133733801540325 4.06853105533121
4.570014582115587 4.126314719967166
4.308807958494653 4.671837902033767
4.634615484658518 4.07252913022861
4.744859143198551 4.065903334124922
4.29220828755697 4.794340081117353
4.104828352317878 4.982413246054805
4.024471448138609 4.9856431071651635
4.053871485790547 4.982529594562655
4.311171051397604 4.670184905380891
4.401429166317383 4.4772034890280015
4.446566592319453 4.213897235359579
4.371514807417691 4.481645838060015
4.613688629778139 4.07743598776765
4.010047269702989 4.9872835738623
4.908841566395557 4.049840760571356
4.026029613787194 4.985118157576253
4.090061711951194 4.982477879639
4.99950967310575 4.043842260662387
4.456309626123255 4.164004092557963
4.1498824882851055 4.837440463766661
4.931405415532858 4.047003524808181
4.590533161753441 4.077988843844517
4.145296289820601 4.855459951256377
4.330452580572595 4.541559120364385
4.156959100918658 4.83294316119027
4.1452107952521295 4.896916626780364
4.5692155455409305 4.130563371560892
4.876759851214306 4.058232809889222
4.442125040577547 4.460659925083316
4.144908526717328 4.95304023480541
4.455964238281711 4.167724522213103
4.004646593645033 4.993285537397419
4.291769194791711 4.803171974661207
4.286808536668291 4.819013409452514
4.30414270891108 4.720044016073189
4.699234792732608 4.06915817286444
4.84778430167143 4.0586529657566475
4.255459465191137 4.820797366373031
4.550067811302819 4.141280889691493
4.391393750169536 4.481354999894322
5.508687371314361 5.185078521903543
5.12556170622556 5.490885602770872
5.185699085322565 5.3038943870393815
5.862338948474485 5.094175852947125
5.674203066822619 5.160006132361375
5.461872077176275 5.25852889159574
5.142350566443914 5.348473843478226
5.028850772462287 5.9574533237667024
5.959618609734434 5.043720815765008
5.043015361304618 5.6287845660436595
5.442785502975926 5.264173927512424
5.8922839431650615 5.0603445449581965
5.042560498862485 5.725755205634092
5.741186931032862 5.122733264390707
5.076763921319923 5.5980023630607505
5.1727936178742215 5.311802179654504
5.80245132693541 5.094851111207234
5.939046302471388 5.056257632216253
5.563580690004647 5.180222372368931
5.272327750767962 5.278420759503281
5.037101577821979 5.945024400197112
5.218164517753513 5.282598663374158
5.242794338088695 5.279654723767795
5.718235763512749 5.146671354016877
5.9806373377537465 5.012514618606141
5.20611790203004 5.29768172824064
5.036722060581025 5.947057718858621
5.171691343672536 5.333910786619186
5.583817203611355 5.160883933582454
5.469786470858383 5.214841957364451
5.041684465173234 5.762582593522505
5.110568608852088 5.587237222405214
5.259701828927436 5.278841351935497
5.0447657072367935 5.623511993457475
5.505487040267671 5.214098314748007
5.146315627054953 5.348313313313226
5.131985674345724 5.351019397680529
5.350570767822708 5.270154959733702
5.7503330175898375 5.116161858544116
5.008482221879925 5.971086871520421
5.436282955708126 5.267056741455962
5.574699422443574 5.167666893965352
5.959636127769925 5.01910233402628
5.073948025852966 5.6081103362898626
5.088125418510631 5.595238110475535
5.124284668526837 5.528529739642877
5.274737578113769 5.272511306091521
5.698744210804803 5.1595340741642755
5.127435520880468 5.45885235354266
5.119622687600984 5.571854340540134
5.038495214403065 5.922519436037101
5.672180685168753 5.160525460157089
5.780859147768686 5.101636638916823
5.163027491450279 5.346218241332495
5.540038733637472 5.180520590208585
5.452902402729674 5.262910923565626
5.466281691172476 5.233794705487194
5.721763728281205 5.1381551266032455
5.508616795681922 5.19925295510797
5.1076034663252585 5.588940274322352
5.302422817116497 5.271975321915499
5.985570231946514 5.003256654313883
5.704090832268942 5.152778431181141
5.466199892215809 5.257187130146182
5.186073249072253 5.300116075623137
5.702581983282203 5.156866529521332
5.067244155129299 5.613183518113721
5.006229998924509 5.971799903774844
5.040133262191689 5.896350618271543
5.028277294953232 5.958425063116829
5.7124522660174595 5.152651888254339
5.03942470552539 5.898431814461268
5.622079303528697 5.1607462164981985
5.169032278874822 5.334399697135841
5.863847753920803 5.076984084437838
5.575684649630686 5.160990719150614
5.424963096283478 5.270104440192984
5.890721024834095 5.067268308605199
5.023209445095837 5.9599798793101275
5.3443829066081685 5.271109354782406
5.118837214434558 5.582070731682362
5.91021654617235 5.059045201268002
5.175296989994392 5.30992640164012
5.160208509404054 5.347687305888979
5.2124390695160345 5.292895174969078
5.92602780537112 5.058116814890033
5.119706179598172 5.533996355719384
5.228788681772528 5.2797893166238525
5.506179396652215 5.206894148747282
5.466303583341931 5.230302833122174
5.219819159219268 5.280866682290266
5.872484141769303 5.071414494033029
5.731760208157225 5.135042495645026
5.565704486442464 5.16958311181825
5.188141408336921 5.298689464237693
5.062456988794973 5.614278317266733
5.9413460670350915 5.048394648217742
5.040392559353001 5.8494050036921665
5.890095526595191 5.07125938512128
5.006170043060864 5.973437731195531
5.013301901100512 5.967559560607579
5.057757147382758 5.6168681798584545
5.99360379997127 5.002743991278591
5.983296020238652 5.005182829897628
5.902150484046777 5.059726391723364
5.862484792435465 5.094144242092155
5.04046859403335 5.795227450507595
5.766494060110998 5.1079080590318355
5.127701685201861 5.375609819983685
5.054410743145546 5.622797356667444
5.466965323518701 5.218823874919639
5.536540050000781 5.181925692302243
5.119694369421049 5.537066724001858
5.213707624013523 5.289015130012879
5.979052663575422 5.014274058873079
5.942614474059355 5.047600521892686
5.119344923882233 5.572769780306942
5.033635857560482 5.9471736770465595
5.535880331587659 5.1831812284382766
5.092283082398927 5.591399029458469
5.454064367793989 5.259703737063955
5.73554570169293 5.130996567645978
5.0419346331557735 5.738675975057156
5.954132295790775 5.0457907924077245
5.112651908762107 5.586699594881331
5.1247963257834375 5.521128937462994
5.7528681473223235 5.110624814109284
5.461697142698711 5.259488443194766
5.518776959181288 5.183624310615325
5.928143230279607 5.057768860611304
5.789822479099407 5.101494748594387
5.1621163843990345 5.346413256719106
5.739547245597971 5.126666124282365
5.1794011451853965 5.309329930359473
5.965139357424105 5.017619680412908
5.474891391098924 5.214189084266329
5.798786777297231 5.0958892610666116
5.717287079343215 5.14703108140646
5.3223996827165605 5.2718875167614545
5.129011121434336 5.37065417519465
5.079240359731599 5.597802184658383
5.118763298941826 5.586656809202365
5.977116620434993 5.01640897712792
5.747549041359028 5.121781915227886
5.0130772338954825 5.970258327677234
5.77350385259601 5.102951306480273
5.0418653463123215 5.745298792528489
5.1679360462482355 5.33992658694601
5.102224663779489 5.590892708626369
5.123111418478856 5.529658139045536
5.005235603096603 5.99014881960537
5.812768843141945 5.094284636629961
5.086184104224771 5.597130330670601
5.863587372874423 5.092958951888181
6.2847103023822415 6.375393268911575
6.484720115937085 6.014723554900061
6.010617939427528 6.698786169951763
6.043989601216655 6.65446044857208
6.319687384208442 6.156691858528363
6.059114554995339 6.55280995871291
6.363801382558852 6.082246918030563
6.125577179923452 6.4952105483036195
6.260059079922373 6.45252658886097
6.349108871886117 6.152871850362428
6.582183237950348 6.003868939133447
6.310879951442074 6.329996738588964
6.368444721026267 6.061063455009197
6.702630179501743 6.001072406303971
6.481744438211043 6.020376511041361
6.027635581906054 6.685826984839529
6.318596898112768 6.2526085213948965
6.0051480287634975 6.966819767809396
6.311825732295592 6.270239394578349
6.398319955749904 6.039475670857039
6.006234550521722 6.880400790127272
6.288031624170466 6.362963244685128
6.009982493092318 6.863866384049818
6.07819298989258 6.515654932507033
6.288310369801367 6.334158982725063
6.315969942207867 6.253686488568307
6.358823974164535 6.095620199693054
6.243525449839781 6.491116448346322
6.005563976120214 6.960339049689015
6.075065915204141 6.549783877486301
6.247076302582772 6.488993956976192
6.004129001440088 6.980166335200002
6.355357711734111 6.130119009057373
6.559702816923171 6.0055452367504465
6.168971259073077 6.492992929452822
6.279132774278856 6.383794024805804
6.2709278563737225 6.412210899612895
6.631379372937978 6.002987432287603
6.535368896902409 6.008344731184372
6.087728316380713 6.5137443671420385
6.432679416951255 6.027816419459254
6.037122474339636 6.667786452873831
6.417710406401991 6.035087464119698
6.2697649776167985 6.4507118119556415
6.015380933374216 6.697343009861584
6.036872115274906 6.672226038794658
6.4705722029657124 6.02780664803379
6.049272641221503 6.579303589335498
6.512863367537792 6.008979633182637
6.307338055558862 6.331572274152285
6.25777359024686 6.465058743969107
6.116513772269292 6.501343997429002
6.204662880435953 6.492229685018736
6.278387974836855 6.387877595358132
6.088326061813176 6.511118994895534
6.319194038872534 6.244149623590326
6.1124131229856316 6.509371277936052
6.3499926827028865 6.138135857984905
6.355519900864047 6.106455282260502
6.285464068058531 6.3729264166445745
6.269772117759829 6.444585512572754
6.283118557557769 6.377101863749552
6.325260792801026 6.153533800293436
6.053430760803588 6.57155935858507
6.373022909148388 6.043019931119314
6.377611078842641 6.041419771632722
6.043154470674663 6.665382973169233
6.502386466811677 6.011471930734949
6.047808154038028 6.591087281934365
6.385792401469614 6.040860880728929
6.006108409140278 6.883288594125184
6.671450328310831 6.0022339609189075
6.05790789541959 6.556214692698748
6.004522283445507 6.978301733443378
6.270344696202518 6.431882824646456
6.358517889015141 6.101795647255497
6.360039151970629 6.086220987415448
6.75671490478431 6.000341077134545
6.131774353851684 6.493297287527328
6.36718809448648 6.070636061167772
6.1213609755965726 6.496255031678602
6.031224667365136 6.677973378812276
6.542548945705844 6.007324451972709
6.24801451238223 6.466299168430412
6.379855013943393 6.041163869294115
6.009349602308587 6.8642150737786345
6.1308991245671445 6.494424648246718
6.0064501547970615 6.867683614223979
6.119534096538091 6.497125041125426
6.282910844367202 6.380794502388603
6.704163992651763 6.000921483041244
6.366994618951773 6.072022680537184
6.277529059855885 6.389047902547749
6.035721811823405 6.6744943573685545
6.021987655933668 6.689606380889412
6.42470788124497 6.03052801254549
6.010218174119585 6.779659118809356
6.365404230132894 6.081250344241016
6.697586068616272 6.001507342547727
6.278232571144645 6.388145799315908
6.753184649071201 6.000858215725764
6.277363854874472 6.412022609941704
6.062111411284286 6.550031892409886
6.015729318282976 6.691405704620914
6.3714386183817675 6.060455433728373
6.313866578897153 6.254922921686116
6.357513168479497 6.103635762327916
6.359106646617932 6.089786952257105
6.639099960067504 6.002785598566878
6.563740764398089 6.005392839897693
6.269785403382939 6.440044671198004
6.047534860420114 6.623280549966945
6.231888238035932 6.491123758723261
6.0033739264255965 6.983516599431686
6.114057260216125 6.507039359056859
6.052467484566071 6.576344172145102
6.582030551731217 6.005018761291939
6.010607210615349 6.76000137466059
6.293637464643046 6.332643694416926
6.39865905312592 6.037754330927152
6.247993624292103 6.475870089898097
6.1665893960411875 6.493202554489717
6.415796356590212 6.036280175013281
6.478975992761622 6.02464301244944
6.424354479500919 6.031066838344138
6.044626613183152 6.643372502404512
6.115581200870162 6.5023958413240015
6.065215807640915 6.549827586206818
6.109710309937159 6.510516183890871
6.07723834089183 6.522116621128934
6.0055922495377265 6.92610722385217
6.125614560955069 6.495096872169357
6.925096996052259 6.000110143469605
6.489051054282734 6.014231419133234
6.365895178850703 6.079411747866738
6.046171417628253 6.630367050224276
6.350854286305742 6.133981083559665
6.258968163439195 6.46416243096391
6.840890761890462 6.000201107087279
6.541808240381394 6.007532012468072
6.54799125657151 6.007316584812312
6.288161893775134 6.361830582128193
6.007558934503318 6.867528529753518
6.003256718167931 6.993854426829415
6.029957880454907 6.683830494711637
6.177155674877578 6.492340571685664
6.478281934584503 6.0257002397553
6.045569579338261 6.632786979160546
6.0577334721370475 6.561151329586663
6.057460636882928 6.564979324649393
6.289481084742697 6.332764323081368
6.203490983298495 6.492303039044255
6.005609442981549 6.884323551947514
6.36733592210699 6.065490045351986
7.971718525617772 7.123701161766021
7.472482986731214 7.790080474433388
7.9998860333381785 7.0981880744754955
7.665759949361895 7.707265726115545
7.275841327211557 7.998165442755291
7.471183621365201 7.995128352127911
7.726361817595479 7.321312717520934
7.726178785723404 7.521976577743759
7.594433357206429 7.773353464965652
7.623045105860269 7.750062652376223
7.80351756262672 7.132031364918742
7.678269652428254 7.608847670416145
7.7914473911205695 7.302215774036276
7.795765113752881 7.134477927466536
7.678697014332361 7.593609786029898
7.693592026307125 7.541886808804397
7.723070676226892 7.525142369824846
7.0882665713642075 7.999216016808957
7.801317144136315 7.132259114324236
7.735597070207955 7.3049731705242795
7.604793748540156 7.756428418849088
7.518270398290031 7.775937548915768
7.638970671444966 7.7487636475174995
7.700369531004674 7.5416153616273665
7.919342829805036 7.128955324950994
7.231003484314572 7.998489057262213
7.794068917095074 7.291237006215415
7.4852170650187615 7.785842372395169
7.643821958887465 7.71885414509166
7.674805874602245 7.644014217265371
7.394430195243869 7.997350422254676
7.949683186511182 7.126624000733136
7.978416600500187 7.103411066816036
7.092466074297613 7.998666907360756
7.050689224466557 7.999351235524438
7.471351426239295 7.844693146426096
7.67244180947732 7.663850882811037
7.603320638492511 7.763834186041867
7.681514617176518 7.554452155635551
7.535251076538084 7.773702530516735
7.795762395887055 7.248618044900275
7.509024868750134 7.782308540424031
7.668235700541092 7.667241477815212
7.999425932596544 7.098545095468237
7.727599836067468 7.319399049728983
7.675394552400531 7.612603030284153
7.749059396231678 7.303658216714727
7.689213516029118 7.547447355110868
7.615620954792184 7.754402263464407
7.70258010048817 7.527347218754637
7.667157424854477 7.6922698663884
7.533303997924139 7.775618336039552
7.614197876469124 7.754629981823664
7.639266089460254 7.71904828805749
7.9035582278819 7.129999387166371
7.471705049374067 7.830934120461216
7.795148126834839 7.251800190886852
7.972449436132243 7.118296196962011
7.976228704560715 7.1136849948947605
7.655817344157493 7.708296428740749
7.679376971313899 7.56226300592672
7.99672727856631 7.101931172488219
7.689603175367457 7.5461523085552935
7.679916075945658 7.561993078993699
7.100930264204817 7.998612085293117
7.734252005951939 7.319244623321197
7.616473972593025 7.752391389810126
7.726231888139967 7.395632432473428
7.9027592596322 7.130113461171275
7.756251799156634 7.302803507591946
7.79497089059357 7.262965686864953
7.735312401976521 7.310549570836725
7.667812114237814 7.667530319590543
7.515853878306044 7.7809027008761715
7.686878702329559 7.549662857000576
7.4718874152127865 7.828782301696468
7.639242784793424 7.74002647468978
7.821035642665237 7.130313850669505
7.597214076336145 7.766028331796164
7.464434966170366 7.996118364046053
7.68922583916256 7.546307818336042
7.701270993682038 7.534110403740213
7.456014862630794 7.996480108635544
7.742355567665219 7.304674756751116
7.700477304750021 7.535042705953836
7.758308550561325 7.302545167666774
7.812280856744153 7.13082375665304
7.683265756840435 7.553292097245223
7.685567752067859 7.5503009103444665
7.644311629381776 7.7169385230220735
7.472106864917728 7.816407379714546
7.97206399297703 7.120077654397996
7.792448237679973 7.291574879391382
7.913141637348765 7.1297727663356545
7.596722501586056 7.767588416283211
7.340834069879253 7.997566924596269
7.647151170971803 7.715158363603404
7.9999875764445285 7.052600133108999
7.471193152091408 7.885848930715429
7.070234397778669 7.999228333075223
7.691308867732904 7.543584323199089
7.514967065425613 7.781539071196108
7.638987301194945 7.745069885532809
7.675179753879481 7.61830502226739
7.4818019801259315 7.789014054719261
7.450058403466795 7.996731879735835
7.836616879594456 7.130258928015969
7.791892835945907 7.299040865776538
7.4713086190152955 7.8817569243819445
7.919956351304407 7.128193312829946
7.989465163808372 7.1025534537233534
7.944860426052039 7.127839937595124
7.495865733364662 7.784065771365653
7.726328580313374 7.374697307465594
7.963885541022336 7.125522480772384
7.606560070472037 7.7555447017112895
7.999898759564724 7.058211126397473
7.479123781627053 7.7897557839806115
7.679387501407149 7.562124937552892
7.715408205665419 7.525549269149034
7.66749892803786 7.670832006770467
7.0087989854245425 7.999825173260952
7.9863582195180305 7.102654461910733
7.246724537862249 7.998417589017365
7.710690556062835 7.5264554325249655
7.5066531523634215 7.783954422838438
7.666479310248796 7.704806673988515
7.794249377955877 7.290561854169706
7.674481939300945 7.6560079995349355
7.7012886038325545 7.5319024211370635
7.393963402400571 7.9973768583838725
7.543679208050061 7.773426442290162
7.423523880291889 7.99683794356042
7.697774884221997 7.541688801685366
7.9783270433369315 7.111243655145583
7.636135219109164 7.74948651200674
7.680524309287432 7.554805135591038
7.647235183788208 7.710769500858397
7.293555104712002 7.9977394036226945
7.794635364338386 7.280444218248796
7.9315886398989734 7.127913951517328
7.701764411818282 7.528350776293125
7.9567558089447745 7.125678373749279
7.285119041518283 7.998045705035103
7.6791944182054 7.578059977589261
7.726346268810692 7.350802103303977
7.631585279991882 7.749904077664793
7.803814118844236 7.130955627268355
7.726231053803353 7.410008003459701
7.671876836478736 7.664108350146173
7.918877136787587 7.1289910960435945
7.996984672845604 7.099828793522063
7.720109504169224 7.525247045158657
7.5965029034149625 7.7695972580278925
8.970803901021704 8.996340422639218
8.983744997620244 8.740196476782117
8.700155380673658 8.998727699671406
8.995981764194328 8.696131653308862
8.993243598265671 8.722477175486228
8.06653938652377 8.998901535595477
8.996100678292223 8.239628883051747
8.9744574853494 8.948473994533634
8.57397873766029 8.998813605535792
8.977032751545615 8.909511648399002
8.982193559784125 8.836187627113796
8.999301360926514 8.129204923749244
8.972770324953139 8.954790853379988
8.958403454182509 8.998178431115008
8.979439517332898 8.84964026824102
8.728256873479523 8.998463545535746
8.982913247878372 8.808595854873325
8.988854326121357 8.735600313685845
8.999724082785697 8.057275122044691
8.971788701008704 8.98132723011728
8.996053803390918 8.327196038261635
8.983660766699428 8.800809074416433
8.927764266703116 8.998331826384453
8.987211983453873 8.737947849319372
8.94291467163563 8.998195748807925
8.996138255307226 8.154668794551768
8.975212028038907 8.932577291307059
8.981592176028714 8.839571589952664
8.976147985822504 8.913830732364433
8.97909708192187 8.888512494654588
8.478403618711647 8.998894720283086
8.043529327266537 8.999717786434744
8.995580710782695 8.701013229061868
8.974759251337227 8.944671348899233
8.999510570661093 8.118877510571576
8.978617845946012 8.89625708961433
8.982879434401704 8.809135963002996
8.01646943467718 8.999789061211434
8.975516208611781 8.924310436373998
8.991339451147505 8.734816495154021
8.997169339982438 8.142646152216116
8.974672626599139 8.94719818592872
8.870095124208715 8.998367877861298
8.97964918559633 8.84381647981882
8.931558930774717 8.998270655884054
8.999734217179522 8.001150578601845
8.971659984573302 8.990918693188302
8.99701441300454 8.148695725978225
8.992101073836201 8.728564703228393
8.995984244193412 8.658057670902418
8.97841718975977 8.897350625493601
8.981089833048332 8.841634058951398
8.993409853095653 8.722200798883211
8.972071799716991 8.975168173163325
8.998324413961985 8.14127067294475
8.055706147584907 8.99946574443259
8.999700245511942 8.103719299294905
8.982610997871152 8.82263455244285
8.533408891739745 8.998858854166638
8.972161094487687 8.971627826520185
8.705704304947902 8.99852114978135
8.99599739825911 8.44318225729787
8.999426532396592 8.126883640597221
8.987877105756398 8.736053303609143
8.644470592746968 8.998745450519312
8.96642835677463 8.997328189003019
8.996136098517374 8.228984208995922
8.980213524937259 8.843164682433303
8.467363644277102 8.99889613748966
8.983670973426712 8.792380339375692
8.023990927162693 8.999756105405952
8.964661824881295 8.99788352571306
8.993841023056376 8.713290927372695
8.77519714378252 8.998373349779033
8.979294383379003 8.85015788469133
8.99523081419233 8.712354206748161
8.99894742804626 8.136401496022312
8.065957989445405 8.99914683603806
8.972044183339719 8.977100259611376
8.977298806470037 8.904622951427514
8.983458402628717 8.803777906628556
8.975372618943188 8.928698570985846
8.96366101959945 8.998014149711029
8.973281384079145 8.948596736106042
8.982812751351547 8.813718971448107
8.999873013123505 8.001061312652135
8.49980552675917 8.998863423348974
8.97827715027214 8.902505592452105
8.979206108695552 8.887148300931804
8.968115533104505 8.996759862741381
8.993556001784382 8.72215244953156
8.992606314785668 8.72511729747498
8.932187740411768 8.99822100136418
8.983422647157443 8.80604950959471
8.43974773659424 8.998900930897676
8.999620297849969 8.106854738356844
8.982271755213757 8.830628058726248
8.9709340028421 8.994607394030645
8.996067592229442 8.3116029761497
8.994554409606586 8.712658619724477
8.980526149572839 8.842456690339457
8.057253712848023 8.999307117062658
8.98723874470765 8.737002777249167
8.991804136183106 8.728931790325236
8.976110661836408 8.915413307094108
8.820988941506158 8.9983697570456
8.99540397389303 8.703436815359867
8.005408932051518 8.999816185734538
8.997111012100657 8.14616279768017
8.999321212628717 8.127726738892674
8.974864498619116 8.936812496256834
8.757863122480355 8.99842196179018
8.975389956614924 8.924606433575685
8.97992777937314 8.843667738942782
8.986984244987386 8.739583501937604
8.998533698265641 8.14083092248963
8.998595361543682 8.139788703911506
8.623621438037915 8.998752097910476
8.97519353400924 8.933132329737617
8.55034436718161 8.998848503072558
8.972606997452091 8.965509811074503
8.982499409616972 8.826210000996856
8.979256816352065 8.880762701234348
8.037069378330067 8.999726802288551
8.992765595343608 8.724535244585878
8.99171361699642 8.729579301843316
8.99972857649174 8.02407204094288
8.999241809505973 8.13596296172655
8.975809149453637 8.923096049443517
8.972164849527374 8.967070599490645
8.989928791750748 8.73548705519232
8.990917949915204 8.735486211520909
8.972276989657802 8.966312212824947
8.694133384274851 8.998743940090684
8.967555514430774 8.99720435184852
8.053217469244066 8.999487461352425
8.983427897870039 8.805510240135366
8.0370254448636 8.999747186215679
8.765010248269451 8.998375456884778
8.996929270598308 8.150541666804363
8.979240968768153 8.881787550421933
8.996076907284 8.242639636864352
8.976813460822507 8.913470223006726
8.997070894558451 8.147020124178477
8.993174206126305 8.723561798971334
8.999722220048707 8.094299344746156
8.899470826391257 8.998356287736549
8.97483334953413 8.938981117353235
8.973049035555627 8.953464743989473
8.979604897824759 8.844519423198566
8.973197141441943 8.952818361091113
8.978853344795812 8.893871615150525
8.617127710575058 8.998764406352842
8.983715527385515 8.741695877388828
9.935888527704657 9.090193685341953
9.090151763902318 9.536697308355734
9.272466263360398 9.135015548446397
9.073288659396262 9.53910044063821
9.118784815790073 9.413468427993259
9.270389802844905 9.151155359046365
9.142017724663276 9.160779652017705
9.028661238751095 9.65496794146479
9.026930190373157 9.750978714156052
9.022043803106454 9.911534982466979
9.107729639194087 9.428617507353792
9.889279792590225 9.112704955740089
9.01187808229577 9.91791707038322
9.180053099278629 9.159247511526603
9.948874776015586 9.06396450642852
9.49821315282833 9.117735865038668
9.068254146073796 9.592490894326813
9.10034227199418 9.477564404311877
9.02511355593894 9.79420751482947
9.9387046364345 9.069884343723384
9.139961295559843 9.228920903431446
9.004504497041891 9.93743268313842
9.099021003010314 9.510355695511725
9.610772034198723 9.117700030507494
9.041078704131326 9.60618160691501
9.959127886117722 9.042824483432794
9.072670597858671 9.541306088289504
9.95908628621021 9.058194061694659
9.120662365939335 9.271378943907047
9.982760376598556 9.038825449480278
9.868868812483662 9.11527250217937
9.493970605717863 9.12825831031079
9.033665713729894 9.644331217388771
9.13712244449368 9.254104100708359
9.119685318646725 9.30869309515729
9.090894006057198 9.518302591269663
9.210356316911517 9.154818634792074
9.133117609647085 9.25651616642502
9.93651948968056 9.078525250309
9.988749536838087 9.015200948078272
9.680103519947721 9.116183955487266
9.092897714603922 9.517332518156563
9.81313914097309 9.115813715540334
9.411430214004689 9.129234962254323
9.893545246819702 9.094855444731412
9.306766452609772 9.132463737736789
9.037637130545761 9.616981650335164
9.119225243369268 9.363472266973382
9.045076119237233 9.598833600109304
9.474962909528507 9.128694716673088
9.303077280395478 9.1339732223831
9.13772411096134 9.23185933689746
9.382069139577618 9.131289341397373
9.024574407227366 9.81118806117389
9.001629767406058 9.95016273231217
9.391995018722957 9.129495763461215
9.96607092352245 9.041352526235649
9.230768014145726 9.153006970838582
9.664346318794639 9.116970875273061
9.147221037233376 9.159718373134828
9.955589357654274 9.061168138168966
9.070280019252769 9.56954172965736
9.011039124273887 9.927112449034095
9.989478737110407 9.012408769768754
9.823804420666553 9.115357580401092
9.12459212110573 9.260007370835675
9.141616699930667 9.184027415801499
9.113885975144909 9.420548479660106
9.938413834061603 9.070398317350225
9.190835469423355 9.159093871967517
9.986774829966398 9.025011693648583
9.120661239549916 9.284881882260935
9.145327622125969 9.160498691607112
9.069291852836514 9.580919385752527
9.069997442779904 9.570217008529383
9.004969351837838 9.936456715481583
9.90951137374497 9.09391774308348
9.140326646418883 9.212025662332678
9.105109640451404 9.432577124033637
9.936839495449464 9.07111023058709
9.137165441111275 9.250073048693976
9.192702766181108 9.156286114117986
9.100198033166153 9.497190424504046
9.99840952237823 9.011402786732889
9.108071209486374 9.425118255554489
9.10317665432614 9.45699192561616
9.913022224637166 9.09241566534088
9.132285171590604 9.259837013955854
9.09924199616359 9.497241192863807
9.113706434902069 9.425036321679585
9.095530838933403 9.512009600152785
9.254534275004326 9.151192782111245
9.947638965836438 9.069171288844373
9.00259975348904 9.949030119437614
9.072219662746793 9.554975238474643
9.49779306211253 9.122981171518871
9.12035176418426 9.305784828517512
9.140587735351465 9.203119145576052
9.113887556527557 9.418860330134597
9.028309704792575 9.72765357584276
9.767290010542194 9.116164611124546
9.103170075928254 9.473789843856213
9.302373042077905 9.134926421996939
9.966475102195613 9.03927572179475
9.618036497604583 9.117334499398133
9.026829502772687 9.753741159154583
9.927462653018258 9.091442614559679
9.337130531450555 9.132273579084382
9.21086842006626 9.15409829164883
9.937104642698 9.070995098220367
9.023854257674527 9.898545964822798
9.890947170568126 9.097085343930699
9.076090173104479 9.537917675441818
9.030861581477474 9.654881540318282
9.049321656769502 9.596958149662985
9.017740260023313 9.916842927365954
9.104506345440187 9.443292111961421
9.026996349103564 9.743518354472563
9.000344425950535 9.95396729491591
9.0315542825442 9.650000987559007
9.987363787802623 9.021831760085293
9.883898690464234 9.113250164654374
9.244731354084799 9.152229533740867
9.042261593790622 9.605310554740926
9.007040318488983 9.932540391797092
9.11956322792375 9.360895138124562
9.343616158956664 9.131808842164176
9.173055172921023 9.159578187703202
9.9848969249108 9.036127740118127
9.066399838172037 9.5945424359601
9.06870716451998 9.583365432346735
9.115844877409177 9.417202852763843
9.124073154122632 9.263116532265498
9.103306452170207 9.453891820197816
9.035051143029428 9.63915363642546
9.141958077007402 9.177782829387318
9.00010144742097 9.994660458596737
9.070724041531378 9.556688006730587
9.896176829054543 9.09401810581435
9.942582918119715 9.0698304772041
9.120748298318231 9.265847807572184
9.036360174175266 9.629900542137865
9.028454678431048 9.727238852417187
9.028475972082633 9.682465129301159
9.871154761570097 9.114016942302657
9.389507383788109 9.129815099166095
9.02761515150864 9.742187071435248
9.058092986253993 9.596235094966639
9.185370549470656 9.159201484077567
9.02440208357798 9.812735893496653
9.040228931117088 9.607126230462091
9.138177944300129 9.229617172636026
9.465637325910174 9.1289532770142
9.103786255375311 9.444459498076524
10.5550597201814 10.16946247777056
10.134139780685308 10.74712123963881
10.089294676080057 10.97211749060165
10.436965674325485 10.601715065053837
10.504422491313798 10.391677670285192
10.992971805982783 10.070757512248267
10.22511533909878 10.606277637487137
10.515004904082444 10.2570933485978
10.901135606921072 10.112590692158571
10.119277778064033 10.764368875503921
10.51371687308465 10.373001537660764
10.205720594453016 10.722213949025456
10.781341902987327 10.142175599728715
10.4001422434296 10.603557878865676
10.495950764233575 10.424487204866322
10.6834406733231 10.151769979012476
10.37099241715079 10.60381356248285
10.860262796319248 10.131021205045801
10.93905662360571 10.08953182071893
10.02893676412636 10.98268457182817
10.476081781454653 10.482018613005977
10.53122787954995 10.21638026722046
10.455115468974547 10.54923326824104
10.89540304116122 10.122559358269434
10.536366435589992 10.192525316897829
10.13968602415098 10.726570359241586
10.948418627895935 10.08299655289335
10.220717312338603 10.657797020695373
10.51991421198292 10.238231472297464
10.823941131487922 10.137343982016182
10.214798132641434 10.702903447830332
10.715548609719221 10.146206841823906
10.104287385907593 10.924758963101855
10.762162972464107 10.143501977105078
10.112073038426505 10.79635036284568
10.550729960880648 10.178474361110245
10.6698648926205 10.154249128542915
10.100999393841175 10.95373427174776
10.447754122690267 10.57700514828337
10.258055921012398 10.605055843249737
10.786389122016878 10.141549496213726
10.819908856235847 10.137657846516257
10.459493117307293 10.527624227204972
10.487702618030282 10.477356926718597
10.048918562906916 10.980296042002823
10.58297696806951 10.1615224306171
10.65500224550164 10.15763832495604
10.215306992462388 10.660012050688515
10.57793432289506 10.161983947200746
10.009456733512378 10.993027366784803
10.534117249782403 10.205493695599163
10.113901026559184 10.76917152939097
10.095284797702588 10.95538873801302
10.511204025854692 10.37338656727301
10.86582478437344 10.126419110711458
10.067660446790057 10.979690451406569
10.21938477589522 10.657828769441565
10.491048222713395 10.42845319649584
10.957908784602033 10.081267067756787
10.125150450732615 10.751813329270666
10.504355734862688 10.403223990887291
10.994722612071175 10.058590744938765
10.105099233433142 10.829279065559414
10.489461016730825 10.441610117537376
10.196143006785283 10.726172757917347
10.093119229384541 10.962597179842176
10.527611813436975 10.228273737644788
10.480481714789903 10.478671139581365
10.104371068904898 10.830846526338076
10.90263690110444 10.090561687920436
10.439026713635112 10.580507070910997
10.998100287234628 10.03887108569694
10.750657190840414 10.14590528228884
10.704580557126196 10.149263094965594
10.499060836607496 10.422468436221195
10.474586473274591 10.501437873231207
10.106606802009743 10.82718015968061
10.45415724191967 10.574333989558454
10.781366589357479 10.14176850690577
10.240961486916607 10.606140157279116
10.49104243773744 10.438044517895708
10.463338070394045 10.51966789167282
10.10909627633742 10.800985886293896
10.681386599844526 10.153129475092925
10.473494870149835 10.502360189735137
10.085848839020912 10.97489775988856
10.47326948361352 10.50982470405177
10.547239416019007 10.19021400906443
10.998108205317546 10.031989166529764
10.107842056044278 10.815487704207595
10.644575433801352 10.16086873570528
10.209304957853687 10.719916413981942
10.303864909577396 10.60465471625304
10.914350605927858 10.089583266366239
10.092053196813694 10.970831933248087
10.222708959574755 10.633837605282348
10.137722329320308 10.736822419463524
10.883321752006472 10.122667684266057
10.800070235026862 10.139201374405829
10.223453177096047 10.624191689612442
10.113357368720244 10.770697347851481
10.397153249042747 10.60359966720743
10.457312577864892 10.54104030808129
10.103806591137715 10.949365067801011
10.167707432691374 10.726351694474555
10.517847776402087 10.240224982457105
10.913586325038823 10.089834961516129
10.457196209395041 10.54539528525624
10.753643965977785 10.145615239562442
10.083228218642988 10.975687475395603
10.968945390808182 10.07847156580924
10.698320626961703 10.150964977074576
10.500432853542877 10.415854557479776
10.475637211115401 10.48869418039509
10.586447340635814 10.161023667756735
10.489388100725895 10.446551451388935
10.123884454907973 10.752123043902802
10.71350320014805 10.146567505110383
10.22215193284254 10.645058263426776
10.700736674568786 10.149597973335517
10.992120263199668 10.074736924620135
10.516456438264484 10.254099215563462
10.427838854160422 10.603155550120562
10.51416522412329 10.298279892780027
10.835172097729439 10.134501739272764
10.561978156327966 10.164245663631004
10.10025565581456 10.955118732219562
10.502063205034535 10.409012640680999
10.14010876017777 10.726473693311856
10.212434059682447 10.706047611719882
10.506023808168374 10.376746247387368
10.55066699515151 10.186678774585525
10.535686982795914 10.194602702726794
10.943195629025599 10.084757283211493
10.09461390041437 10.95655200671282
10.513831403565217 10.363401052067628
10.197151374752673 10.72405820545426
10.989163555206126 10.076175602315748
10.513989576187143 10.304262397272288
10.111305516179344 10.800145823175024
10.438495145773384 10.598166582497974
10.251502626237883 10.605614273441844
10.505902493587051 10.383889314949844
10.986032288055075 10.077711438862211
10.46312900845083 10.526018985814986
10.10681242039524 10.825479078576162
10.015854116442007 10.989599430755948
10.138609156093707 10.727940263942747
10.442269400679661 10.577271386808686
10.79587985439788 10.140268309756681
10.22494537057366 10.610606273655673
10.002413405188737 10.994902063426553
10.52525631019916 10.234096842780854
10.404320695481474 10.603476047550194
11.009570384346551 11.909220999497698
11.698971599396307 11.137244453506817
11.061555560474222 11.281765534419902
11.669313471461146 11.198518329419912
11.97884772414245 11.05809160294623
11.016003220259089 11.530740258621114
11.18739404963533 11.206273775085423
11.934785542675053 11.10287541251486
11.14388385334704 11.221707040228008
11.02991677417676 11.52410682420718
11.947066590375517 11.098287448086506
11.71725621879007 11.13459754855151
11.011083192633677 11.8568308143017
11.69244593003557 11.156458296920311
11.540684946566522 11.205046523245205
11.09310210768284 11.24010127032236
11.98390974276698 11.021505398754314
11.967940446983008 11.061406749501662
11.045034500647445 11.477206703315877
11.094367696141035 11.225994528213011
11.871226112731186 11.118223146261048
11.008284733690251 11.97624867469169
11.041137209628161 11.496910905355593
11.675409215987074 11.169587965380929
11.060275296139128 11.379854391015845
11.062889505675086 11.240347826806213
11.053064864458218 11.45158379317435
11.973419129250923 11.060742492308917
11.060966079364047 11.351581968938062
11.113104000330184 11.223271576021633
11.848927660633104 11.133675660966567
11.035146343598992 11.505915723144977
11.32389567725045 11.205332730035238
11.14979569222276 11.220767457701381
11.014319769498679 11.73691445995505
11.906107173471343 11.108751341561542
11.889992598707856 11.115869552547453
11.603818456060372 11.201095045154222
11.167903831484194 11.220408086173167
11.89094288606667 11.113782155841132
11.865369275338413 11.127065192671623
11.012385382741757 11.757970584052922
11.00975538682368 11.891471287679597
11.008878502379138 11.911548496847143
11.015601295616989 11.696588721668743
11.014815281756196 11.728461877418315
11.015360088727997 11.696597969878454
11.982958477627289 11.03625166680961
11.798150523792607 11.13439113029534
11.036735210974074 11.498845940393078
11.94844433095168 11.086682043635573
11.687695079369167 11.159637204410295
11.059353393681977 11.423017939963337
11.697426182511494 11.148388281928685
11.05342266849486 11.4289140163526
11.849650674078188 11.12717670701934
11.039336190170474 11.498535321021867
11.963276673432153 11.07850343026078
11.178145617644445 11.20949571802498
11.308329080321466 11.205922351720467
11.87244540248678 11.116889738975985
11.011343458958681 11.854179115750892
11.542191365825783 11.203552774371875
11.013330622146238 11.747068058379506
11.963428632377862 11.063681024069089
11.676859981213452 11.16580476843135
11.09398386636332 11.22784260846972
11.959478946680372 11.080080883975054
11.869513933123168 11.119750284924736
11.995085331115963 11.010112629521181
11.905073952249781 11.108820419576903
11.98282963973032 11.048361414168868
11.044668917663667 11.478580194694047
11.021015372399239 11.525558493600958
11.048908736341073 11.458367170877064
11.300872151245647 11.206266040722712
11.01530188291705 11.720388587530692
11.538369612702532 11.20519500520535
11.001221035865418 11.982842665300835
11.877910667759492 11.116768827715369
11.008742467679014 11.920726249081957
11.056556310282419 11.424394668876923
11.993435593376718 11.020636308787962
11.697983421760064 11.139647824404836
11.00831826551591 11.931475429122482
11.047364426772669 11.47575912609958
11.590707451715243 11.2015045300017
11.030219746695703 11.517563538796365
11.011695371489063 11.761254452398106
11.580224201820329 11.201635131031637
11.999595157859286 11.007755017665195
11.911343551660657 11.103503487961026
11.64542148592802 11.199082694417664
11.034375509205915 11.512962124444607
11.034704033617844 11.50736508631081
11.04361902749482 11.480133033884638
11.701824802772173 11.136185339929032
11.565665853066399 11.20285779746478
11.994205233843209 11.012593220031134
11.042165746487276 11.496160437099409
11.904893117294758 11.11088033107399
11.999698142938149 11.005232409758424
11.835913094248754 11.134248730212356
11.900631338951126 11.113257618163354
11.680610667531266 11.160728098052953
11.059591996997142 11.38371475394281
11.304616490954768 11.206232019498467
11.948000788019787 11.092618150476625
11.626654632586723 11.200814042057557
11.17013793995184 11.213097304502082
11.00986868584606 11.864732677583232
11.674340359065788 11.175179965555158
11.687296157562468 11.160212180836945
11.747756579142102 11.134396762483334
11.125068412608602 11.221990954835483
11.096863363290971 11.224130607838879
11.868813638406394 11.124243882045432
11.673211028013897 11.19448646667966
11.679271098122612 11.161984637685618
11.70565583635531 11.134846408735182
11.312928496335491 11.20591678416739
11.060902824653413 11.366246757391492
11.04885920384983 11.473868346551166
11.11317354700055 11.222094851593809
11.702241266793482 11.135756110236175
11.94691186143692 11.101307977544394
11.06116494944937 11.285553537382375
11.576421183906817 11.201765877612603
11.042323212448665 11.484848170911985
11.952608377351066 11.082270641857683
11.015806422939475 11.683082328106414
11.885627221988393 11.116558267211659
11.047289097334458 11.477030487484923
11.052227379950983 11.452549431516156
11.182840775208703 11.207347892140419
11.011371248997177 11.819813644080162
11.860442938294437 11.127145453437544
11.061736243156163 11.281454810705062
11.013703459654312 11.738304250151709
11.672080664551816 11.198133254751285
11.061135471664675 11.322400955674086
11.632388528468185 11.199848827000524
11.06104055453231 11.337179530571179
11.009746943417213 11.90226622806321
11.665051882771207 11.198732536872875
11.002288199743711 11.980737813201282
11.906977331209726 11.108005571302748
11.679776186433525 11.161001535429824
11.171501036480437 11.212078092209271
11.552498334890478 11.203532452569462
11.015329725992947 11.696954667581396
11.060656135286209 11.37748479670878
11.849026629324968 11.129566473309312
12.34464862063055 12.305670795650753
12.704000331599605 12.176172099289898
12.33244721445972 12.972961670340538
12.346965139670953 12.262955199718887
12.770213771979002 12.074757174228976
12.613763291522403 12.256192540751535
12.337425983039678 12.654411773684862
12.637122166745062 12.254507606867575
12.61669755665116 12.256095052459864
12.7496075678818 12.13126358179506
12.403246372888987 12.261947669321458
12.867814004822357 12.01592816443445
12.973948944137973 12.009390467521007
12.795356953568778 12.020768402199487
12.674762211516075 12.221459441041546
12.067663608555758 12.995833738988921
12.18954856581542 12.983437933513127
12.762497424329652 12.093436661925518
12.277567397708188 12.974419991869238
12.684537622196643 12.194042277128434
12.340340395727868 12.551258141871118
12.491205883999871 12.261555854575072
12.871741196901494 12.009859850495753
12.76209016078273 12.105214702360934
12.776500124468834 12.031861067880527
12.337189326498867 12.770916841084222
12.745324440703303 12.167335042899072
12.337115044784504 12.793353461727545
12.702813991557958 12.178735713694614
12.670212218058243 12.227580763329131
12.25886710941361 12.981626257362219
12.34380891401794 12.349998552226582
12.342174834567455 12.483650524164839
12.152213588662377 12.990546866437942
12.694005031819804 12.18349637823573
12.759188371070513 12.129159123256231
12.338700974789967 12.554692433467935
12.768067931586776 12.087893589753493
12.342638144666473 12.474173915538838
12.333152309699312 12.822891762160747
12.337600400702673 12.607018738392997
12.583997987578904 12.26124994855105
12.343408186791807 12.466519300733339
12.747867157876033 12.135206766727558
12.155124768982477 12.985253797816934
12.776607289102131 12.025116558350962
12.341562285474723 12.498268728042905
12.602800918832191 12.260659553154946
12.770033475087233 12.084007568621741
12.790766282950917 12.021234788754763
12.772158020090284 12.035243961817528
12.332467690455466 12.92353993593874
12.847883945311247 12.017584171079953
12.337875270704792 12.571774260186139
12.16042283991633 12.984740983192538
12.080819919891743 12.99169177780675
12.076859983278306 12.995248578910125
12.65256555220271 12.23559952318383
12.759497994342361 12.110722131290942
12.345150744918133 12.29567971352684
12.670039829283704 12.231729296524367
12.41670377151974 12.261810529242712
12.034040091753575 12.9972948033529
12.643254633874 12.246009494409956
12.738451859903666 12.176048306672381
12.346514948497374 12.288570051574805
12.276824990590162 12.975957347068073
12.005857388952803 12.999908590761919
12.01948546748751 12.999401803631523
12.739968938095208 12.173445525738918
12.462954547871911 12.261798126249337
12.282985716622541 12.973409030755782
12.97669256734438 12.007056180537507
12.701986280493125 12.18026807556615
12.268323238492878 12.978612767686284
12.870290352390546 12.013582447336072
12.341524065231738 12.528898350392176
12.675704743831549 12.217221820609284
12.268623128881503 12.978057644644814
12.648245498152049 12.24251605643012
12.65894973223754 12.234044315142533
12.337342922816074 12.70660362858658
12.68458754466261 12.18690631596209
12.61016139521277 12.257103980169022
12.258430117113768 12.98268857533732
12.745946821723201 12.164492388602007
12.688179934640548 12.184594129773554
12.768005566198447 12.091759293123827
12.06125306885645 12.996749960344681
12.987399002540728 12.001468681930238
12.747095092550781 12.15058491408103
12.872138571571561 12.00968848378113
12.687253310980365 12.18558534490716
12.171510366943405 12.983901307068733
12.648863159707098 12.23880244833195
12.639238657058687 12.248316162303672
12.681399639830486 12.20611377949118
12.336479267194832 12.821265419883161
12.77649858619222 12.03330493963787
12.079434108919148 12.991747313754754
12.87043726043057 12.013317930643645
12.982683414292357 12.005309864481614
12.345765050278114 12.293163171086421
12.334633298699245 12.822444636196437
12.847025364071953 12.019792176381372
12.371677359981241 12.262214719354482
12.215293956992316 12.983117548245628
12.698341812378999 12.183177615401146
12.337196473323049 12.748766799240943
12.742809313106697 12.168961992866617
12.332908965153935 12.91209016605473
12.651178603537762 12.236816023643545
12.145959113918321 12.991148246653534
12.987062899957191 12.005078265476623
12.262319253369702 12.98112896673314
12.309673243996048 12.973384910347878
12.344612913665427 12.34546802048479
12.750433395215941 12.130188937226224
12.606809496195835 12.257612909412815
12.34122189945654 12.538376727359088
12.344620179927215 12.309395297519654
12.853812176739918 12.016725444447996
12.664947788703696 12.233557868020352
12.154366427133665 12.990146841086542
12.762275802360023 12.103847814854527
12.629797343332909 12.255387151981887
12.028848342668827 12.999244893123208
12.337209770801818 12.73383969036436
12.746214025391659 12.160362353014039
12.337450064631573 12.611383521964257
12.679919857365007 12.2156741160648
12.766197298019936 12.093013425655554
12.03196418480014 12.997752798577023
12.341758385258764 12.489944677478011
12.772111622581557 12.073407315750922
12.745628114158741 12.16661214991993
12.642708333666837 12.24792749378682
12.34362520591672 12.463380086179331
12.267444713831033 12.978632974156014
12.823973684481647 12.019804189450735
12.682457881439332 12.203941391229552
12.336921337416506 12.796855760037259
12.139738015890554 12.991506859921834
12.759711390118133 12.109201950980214
12.174084224722986 12.983493288957451
12.342306712442056 12.476293301787031
12.808446382913816 12.020601444238654
12.224173297812438 12.982995600824234
12.705505835159375 12.176101100186195
12.773685696531963 12.034279800160217
12.055513575505426 12.997199329869234
12.700896417079939 12.1809358603989
12.671144044480034 12.222795043413992
