0.36289112702614024 0.667459203654073
0.7962099593708595 0.5364558834300338
0.842602624402645 0.3792801659689663
0.06562694536606117 0.8883313045477792
0.4516453353137274 0.5580330345031952
0.22109791292714243 0.8368104732053192
0.8248965951350276 0.47890088125962016
0.5201860077918341 0.5434095746765926
0.9979485664058996 0.33081817422693627
0.9799029209758736 0.34812737301026486
0.31731412242586754 0.7540187369967639
0.022264501244030233 0.9560992289722241
0.3383347706805808 0.6859347190507556
0.3251956824837725 0.7334177756847269
0.11859178529668735 0.8831090668056468
0.36580179276460845 0.6673386968757965
0.429122116381363 0.5839619776798912
0.8172445327036313 0.5020480028024099
0.8164163462174979 0.5106335933316517
0.04010479276526169 0.9422530852524694
0.3686515276217752 0.6226003459634244
0.2336723273115816 0.7852018232441151
0.9602312304766085 0.36572286397188924
0.1989096078381647 0.8467105711848807
0.37402815876906925 0.5967335971894514
0.9761143101826375 0.3535484412125014
0.005015595806052708 0.9710428074617815
0.543063956624255 0.5428010070727683
0.5871856004756193 0.5421711508214633
0.8558693803603121 0.3768585969310281
0.09702646821611949 0.8836354432853378
0.1441893164522997 0.8830639386328718
0.8386712262576858 0.46057602825223076
0.2888505092925433 0.7719153465548848
0.8408474376789994 0.44475417271353546
0.052732231473274105 0.9180855796625621
0.3317659946087683 0.7109762029569809
0.35505701269451495 0.6781843987412356
0.22274419243731136 0.8191193085707091
0.9965544281924772 0.341031006022653
0.1854251408424309 0.8786092902219931
0.29989853907800945 0.7636071364827994
0.6113167567210036 0.5384179542341603
0.35798658507900305 0.6757278757407896
0.3807245516609088 0.5910778415015024
0.0013122948458962336 0.9967780623159407
0.5882444389286744 0.5390061392950433
0.337337206073985 0.6933546741822888
0.3340948436391058 0.7028234630807649
0.5570421865422389 0.5425030603746563
0.43774950741039154 0.5606874251917886
0.22369563312227014 0.8055325965544331
0.1691516347874027 0.8827398051848389
0.9982761225789266 0.24352346006634729
0.014735041437411445 0.9697565475346275
0.5051065221037511 0.5460595938476728
0.3119654813558862 0.7540857502742401
0.3678795622755373 0.6490893893890454
0.4373817735491612 0.5745577722840752
0.2072164696840535 0.8420330819155727
0.9983858894585748 0.2278671223732187
0.6184061640779268 0.538033552790721
0.8163076583374755 0.522921044634718
0.23517073176424186 0.7742632103985123
0.2336051453089305 0.786287198669685
0.4991790438334812 0.5516297889265184
0.9999648040257026 0.03771251785148377
1.7236496695881285 1.4972710360757189
1.5313264787175527 1.9432294403498536
1.532629214021299 1.5646934690404195
1.772928430706572 1.4197155208552323
1.0154279391369232 1.9857273735349736
1.820625572402791 1.3967210506496168
1.6749536447729247 1.5281823609790797
1.5988857623418644 1.5543908038814331
1.8675552550571295 1.3088201818791037
1.1630690576670148 1.955421399474524
1.952204855576416 1.1213510664947939
1.0930624029765597 1.9732494740231505
1.9264719121835647 1.1580402215437742
1.6361358032957036 1.53999035637228
1.3266096460112682 1.9543416874571298
1.8436159420678493 1.3330753975268221
1.8391140346639911 1.3939972072020022
1.9418056692857508 1.1411667020539653
1.7363721006472446 1.484176831901498
1.9066353334509478 1.189453510641553
1.858193137470463 1.3091390079907494
1.5250047383570458 1.947968671079443
1.87879179269417 1.2683789117513329
1.5324674367252078 1.8805389986239731
1.7673643078365857 1.4480935637818622
1.9213059323085133 1.1610150712073461
1.8966246787117205 1.202046146707036
1.9908250121992404 1.0801198105585743
1.8920885428034597 1.2360981995755342
1.8849969383279002 1.2414323902210926
1.8061671044327943 1.416087886244465
1.9976127588334953 1.0701727142552153
1.8142653762998253 1.3979987411214472
1.9902466292975076 1.116978695351831
1.9513082699139885 1.1254947570513303
1.7062414718642278 1.5240996828012805
1.1021880406616746 1.9584221813821974
1.9277236132436708 1.1566777708366172
1.8930257184135584 1.2023698803320686
1.53153020369867 1.89529502535833
1.7394748830659141 1.4797441808838228
1.7574865453723882 1.4673715920384343
1.4242285707405804 1.9536800573816915
1.674548344257765 1.539846276597057
1.8735318753620493 1.2905624239524314
1.735551500990129 1.48534144915517
1.8102377115368808 1.399756714782435
1.9157261613648213 1.1708876183509334
1.906600723506904 1.1974729887778408
1.59481880050157 1.5601502549682347
1.856560110262457 1.3261451284509331
1.1285724348707138 1.9559856557266102
1.7725020419115312 1.4264883782382216
1.8679892578352377 1.2949517839867148
1.9973271455011465 1.0773421792985416
1.8420623084889463 1.3558712192830344
1.342469501314211 1.9542991638557
1.0608314105480883 1.9854398103893494
1.5612136769004596 1.5638267956290572
1.4363295318739162 1.949284253646178
1.9449981979022772 1.1273707753847244
1.0740099180050446 1.9747495950460539
1.939136524944087 1.141927070144431
1.7484080077795578 1.4752970809266976
1.7117544654001224 1.5165453478975328
1.6029753215951321 1.546049624151319
1.8687679650503122 1.2947608052304682
2.7865799688219233 2.647339746368404
2.789091999844372 2.5463651698009944
2.154555450786547 2.793363559307659
2.394071332208778 2.6861554302925965
2.8019950354197025 2.359129779737081
2.9890486159363916 2.0760266866751413
2.0934412966417435 2.899591870676132
2.785917699459289 2.653826944197535
2.183595908893147 2.7488374458930416
2.897648874347202 2.293914936085222
2.291373116306987 2.7277576518499096
2.595649555525619 2.67744195016334
2.160495373654061 2.782148060514443
2.3872028339048987 2.726992831552197
2.9854624456742593 2.1065676632356927
2.1091686949286914 2.884119121864886
2.285292125755905 2.743615190490367
2.7342845518577885 2.6730464977776665
2.9187111757637973 2.2717802347504845
2.944911872889982 2.244065614326115
2.4970387047236597 2.679277444241597
2.901667867591083 2.288389860069654
2.8403589247209755 2.3291975525537407
2.964308649783869 2.2406758166308007
2.139947203082352 2.861192579280945
2.081913562887444 2.9385813035194017
2.8003223451737216 2.3906765420033866
2.1713696706224948 2.773919363136045
2.9131438402805054 2.280564112224101
2.6374807558156204 2.6738280456144046
2.152355896227575 2.8304985282561566
2.965277912990195 2.1099750385158953
2.799593339079271 2.439089604089526
2.737319554266865 2.6614002650258164
2.078488235741059 2.968467311888311
2.863214751436835 2.32813389115534
2.9914087556224556 2.0656521716785807
2.1870916179189956 2.7465627604233207
2.875248553294512 2.3183643008075574
2.794695033225671 2.5066201330184277
2.4862456257038237 2.6819209929274805
2.0332339292189934 2.987408619556751
2.8877489815010704 2.3112555700300303
2.7884599923163216 2.5906423097331768
2.6153119787218486 2.6744840241410186
2.836504259800087 2.3395930778766494
2.580057690500077 2.679184587935842
2.89753066773947 2.3064587450976077
2.387673998710828 2.6989328679890465
2.823892211831574 2.3425961979127843
2.9284002756822813 2.255916170632082
2.0755101624761574 2.9857134278371253
2.172194085846668 2.7514381924556135
2.1328527883308275 2.8781311107293526
2.0909935011639345 2.9161717177043363
2.492080499782188 2.681133546815679
2.11421179401534 2.884059251583086
2.8154376691728418 2.350666270686128
2.0782851567937315 2.975993091349582
2.752757730198995 2.661249653613735
2.0838967790700123 2.936313638598031
2.007588089384251 2.9906149412107466
2.1277322085982275 2.8805937454560837
2.9377111330242904 2.2528462760558496
2.3875438771258137 2.7118367685209694
2.127346846137675 2.8833751548639266
2.869038077316773 2.323481976186768
3.645467666605788 3.4306990342185557
3.53406327320456 3.613416909480563
3.2559406978447947 3.698991787672992
3.8877832724804238 3.129054588408636
3.089659987765439 3.9030807946003883
3.1577024802047133 3.813502694025164
3.4527200594734677 3.6390700831122738
3.8469658921008985 3.257065121825907
3.5513490163859016 3.5758094458002465
3.848167331275683 3.2204002908290215
3.7904973186213855 3.428331536962232
3.8718299858226315 3.217553086719411
3.168970771143761 3.7731156262717755
3.836398234062532 3.2579066425023857
3.2158077953783804 3.752458193256811
3.5070255632735723 3.6181113329281294
3.257648626074703 3.6461233291491637
3.2545659515319567 3.734147899844444
3.9541656775292493 3.0346476910229745
3.100908240296935 3.88174212093657
3.1224765469473477 3.8574045628607925
3.8924454577493672 3.038432105108142
3.47780693216168 3.6205384221739845
3.6122520703908187 3.471770593567749
3.961729421353562 3.0303301732427443
3.79633588022297 3.364820247698119
3.804026553677696 3.3442148021425773
3.8281103061259416 3.2868198112497007
3.9938262495049965 3.0083296177714245
3.0271114647462745 3.982520024646892
3.073359204756647 3.953651955681133
3.567402416103393 3.491511890062376
3.151087991644096 3.8273038090365348
3.5562492193577677 3.522478985104289
3.1558374450932365 3.823280088374653
3.5403402299973092 3.612289214534853
3.8352442238021296 3.2696306099791155
3.5409879137561022 3.58983627777018
3.0796596618550325 3.9357631616256006
3.22497880820924 3.7506285787278157
3.035004728063864 3.957870315083081
3.5962199306043963 3.485107909535528
3.457075206680485 3.6273160320501114
3.817559026357089 3.2899727164564108
3.2469791680431968 3.736041435423318
3.986781273370903 3.0273901437158584
3.890950681945704 3.0916546090032346
3.8775346508252886 3.154562708986046
3.905729135101164 3.0357993367487683
3.7935199484917974 3.3769815559093153
3.8005097966530847 3.3601546969758687
3.5848004386704417 3.4864212685719504
3.1425221429491366 3.852065735324255
3.819681781305672 3.289569842628885
3.633149980281785 3.4700733711108898
3.159831619968971 3.799441487880479
3.8031302766535333 3.3582973034833836
3.7233185862942872 3.4285686968248257
3.020314537756168 3.990906154367142
3.8746274785735215 3.1616545696388334
3.563246703052589 3.5064672321543524
3.6370057169680385 3.4337678891842107
3.89217686948522 3.061533666657712
3.2632348602881667 3.6394437082644986
3.1098462813944927 3.865382055815906
3.8131020583405193 3.307321241402251
3.0995075139216466 3.8930972516200733
4.541101689107217 4.5741615495176156
4.595164165392594 4.277704061878763
4.59080924659552 4.382157920720798
4.976916750551253 4.167080394446646
4.4620046136365215 4.674950220104903
4.123883461922358 4.821422384293004
4.36753882978563 4.708003910288935
4.0067794935353565 4.912159662432867
4.174030736613023 4.78867135303042
4.4853998681061285 4.5830638529384755
4.572111446331819 4.423812868336725
4.791569481805907 4.191591125127024
4.401592572342169 4.695859671691169
4.111597442956481 4.873997471678227
4.582060396118166 4.40140196565886
4.982352743119975 4.049078027605491
4.92625374097708 4.171496627835631
4.668892884546283 4.234959866957195
4.270741566333589 4.732274217751244
4.129804098039945 4.816089989751629
4.108848120692965 4.912066420168543
4.32601093593515 4.725978866384121
4.258164231312058 4.734867333668392
4.5649818934090085 4.526866305050018
4.633144806190356 4.2487649682892705
4.3311614107779945 4.712646170910922
4.7458268726639465 4.198010013120507
4.708434372831182 4.220610304585908
4.557595689341265 4.537224310557018
4.585650355913581 4.385982955508984
4.4257690449841895 4.6893528853241575
4.566946071931574 4.499945879402154
4.80685451373298 4.1802555904126715
4.977449434659284 4.136286568720228
4.209927669784883 4.778218330264933
4.709275945582895 4.21089765299365
4.163145355962419 4.812590901681022
4.200128440798829 4.785757370564502
4.795060054936997 4.189293116267596
4.979397252248808 4.083114335304125
4.5575447994097615 4.552809531437507
4.592344296110128 4.300084202534768
4.681157145323399 4.221954270659716
4.623311438322993 4.249275888700552
4.493203032535511 4.5755536388248235
4.116161840769213 4.842028124566387
4.934218744940671 4.171070480488193
4.549762577919883 4.571663346505346
4.004771754166757 4.984645049193517
4.463212228669788 4.659790160462318
4.465529923161752 4.649234069451397
4.476535132282364 4.648676357125407
4.296202786531927 4.7265087861573205
4.167190393716773 4.794593153026449
4.217475188975781 4.753899934149567
4.817165750042078 4.176685804522363
4.658472781079864 4.244295754756887
4.424958951043707 4.695780186638919
4.6186493024158946 4.250621096907944
4.858561198385079 4.173311339806337
4.35257249312863 4.7098809011637055
4.226881046878068 4.7521492240688294
4.1146196459771325 4.867128670545355
4.732344036893705 4.199918320750978
4.577889447079806 4.414551005911437
4.604800145107009 4.277137232534562
4.91037599936535 4.171929070557034
5.314929685022811 5.277285118543546
5.244741322853803 5.361617133513578
5.072674836519895 5.919862587790116
5.569705096038615 5.159709315155123
5.920670126945925 5.145520686783331
5.345267972072807 5.228800692580855
5.173471630654442 5.432033620408622
5.692227326015388 5.147105864694382
5.089809053019438 5.517554391709976
5.568234982531637 5.189186941058827
5.264703664485244 5.31333736008759
5.922746790940126 5.070423210857769
5.078884876337005 5.825505395325109
5.206286633805378 5.398676713201953
5.167458163565315 5.447990661770389
5.452102035792512 5.217725292167596
5.923070503880802 5.050211201028705
5.112115566225711 5.470030294370475
5.3180997496034585 5.253861415759339
5.0777209626359605 5.842502741890895
5.972158881098501 5.005939717703509
5.02310523631816 5.922316077193916
5.520666759154377 5.208738730180535
5.123851359448329 5.452867431371224
5.073422148102337 5.916340153556462
5.0802725704727045 5.811520134127085
5.103149207894488 5.470277532518235
5.293840586255242 5.293324639520681
5.93340028535524 5.028311814515134
5.689699814918729 5.149103257670444
5.08108896127283 5.625090015778207
5.087405488057518 5.56995986153044
5.653009231687761 5.15515419581322
5.416699447565333 5.22098435535212
5.01020705488878 5.952744510932799
5.981755761517777 5.002760978995807
5.177167149039072 5.412370204329569
5.215475366995158 5.363923625783895
5.276530071080964 5.2941560655999
5.53064357370106 5.207165167884688
5.496267279603179 5.213210755105267
5.084366259360225 5.584999948880744
5.269219574002542 5.303908401137764
5.09789997909006 5.503535239003211
5.043551949016701 5.920902797050152
5.313340802870773 5.281769955550601
5.959359408195274 5.025350015852725
5.100190876834505 5.486843946737136
5.245567598137057 5.354054257727543
5.074934565538705 5.900959948060554
5.925945517809683 5.043283770741176
5.56277727660191 5.19545416516676
5.080749566356448 5.76450489591888
5.20155931765494 5.3996288348813115
5.329408065543253 5.233064454884849
5.277750605991676 5.29365585263804
5.5563787014646815 5.198609457274797
5.26156775315489 5.3475525384561795
5.964710079568235 5.025023028335415
5.331249603985166 5.22891098789845
5.364200385206472 5.2227902894061335
5.543798131129268 5.202593987269931
5.661573542458288 5.15104402547185
5.195343275562927 5.406571562275981
5.175203867077688 5.422355440833535
5.876701062456988 5.14559278153379
5.965945677486695 5.01312429786808
6.3496899023485955 6.558976408302539
6.940062190375628 6.312117366973026
6.978455851657454 6.2874453685445575
6.998460897462924 6.131592454556381
6.911221548050437 6.544258567604706
6.614234494799163 6.546739438563236
6.284349398638438 6.570210202138255
6.188954078148395 6.921421957459941
6.198401104268712 6.701777831467946
6.0191167700093615 6.975751591491891
6.092099374472039 6.953216655134934
6.937827921526417 6.542809139670132
6.029191352958257 6.9735464107658744
6.231916758852302 6.67485585852566
6.255067217003986 6.624651998006677
6.001356456172486 6.979058234169724
6.548044736363066 6.54776293253125
6.722514406269564 6.54427090816711
6.16051465237415 6.9508670706579165
6.203122900104416 6.6958917363199975
6.029546549731 6.955516123989328
6.979360533084029 6.263483887122655
6.1870467418910895 6.939615106152171
6.992439148977567 6.199130913337497
6.996125140234207 6.146696439315542
6.171150040346898 6.948712376204916
6.262928219138416 6.62132207023025
6.438345261306949 6.549254253567608
6.939446464414616 6.424682234446603
6.998857613701806 6.046641287992607
6.431510320221849 6.55230389335264
6.1966325628297625 6.7025673258857585
6.938673556431112 6.447408097327987
6.233189243377757 6.666918114174968
6.315655048566601 6.5645462372088135
6.122170682849852 6.951596517048574
6.426345377441781 6.552866869841192
6.970012886032906 6.2897953328346645
6.273227105244649 6.613025823515674
6.24778912749649 6.629569563647605
6.196151506671781 6.89897256065736
6.998706229087311 6.110077463665902
6.241220506729125 6.652625435845651
6.283160946553405 6.5862082018224815
6.240613924934541 6.656980213131421
6.524059827990218 6.54827761317538
6.1632814300430505 6.9489163709332615
6.413747096812922 6.555929954918743
6.943874565076628 6.298848212138994
6.988175471408316 6.259962680773279
6.23172961775007 6.682157214635257
6.3926047970220115 6.557228843853815
6.281581620531764 6.600172149376475
6.944725331912247 6.297908943878756
6.204819668073091 6.68909684327401
6.223519379298177 6.688262638112086
6.187645418420089 6.930042759464681
6.990425009629156 6.204839990780325
6.233016117658227 6.6737468831579765
6.588737769703872 6.546802447917533
6.993894446063232 6.169620864838437
6.259944345935125 6.623318378059713
6.196477984563877 6.707013362721839
6.310502289920639 6.566457703119948
6.99024334470646 6.212765860358263
6.326293974173728 6.563533033601628
6.085662373740727 6.955331316525931
7.031575367358714 7.732928025387418
7.647667520023134 7.275435421296155
7.230676620448494 7.701693913206551
7.805975822983455 7.1762954020812515
7.287633549970105 7.5853916079376384
7.637320093723561 7.55906960021889
7.190214925781815 7.731656771258434
7.869282231328313 7.153509347945546
7.770503215941463 7.2588263696100945
7.417797259202798 7.576659608916174
7.197980414827724 7.719330931796549
7.0305223835421335 7.745397393412605
7.556657253131984 7.569423042931647
7.933514362843842 7.149950657979075
7.0178906077681775 7.861480682890408
7.948658014822742 7.083362801375655
7.644604363634889 7.316618364055125
7.9381452998457664 7.093446842401162
7.640280916338992 7.514546912656128
7.2728872284185 7.642014448953538
7.030477091973002 7.829410479717625
7.495434083723186 7.5721679095727925
7.280509951402989 7.608302324363148
7.233267174558661 7.681389386860984
7.262734150263649 7.644938350193233
7.015335258664175 7.953847497259847
7.830586552583312 7.1555735751979155
7.018955564567999 7.842917709731651
7.599903107998044 7.560040656128729
7.773797980437905 7.258030293554866
7.782570722374342 7.187024009790656
7.779541828998847 7.216608791906681
7.480516010975076 7.5738443283241565
7.971022820015709 7.0394688851035
7.707464799517134 7.26297019022544
7.005301238474751 7.957755410238221
7.643648863714628 7.4500651358453025
7.829104565384748 7.160384552155573
7.103630698764345 7.7328677912474095
7.645622966653617 7.300300211427031
7.974625785520224 7.021747140579166
7.5603198534400375 7.561185002244298
7.7135578888136935 7.26051687073509
7.2450810031279484 7.660237616250592
7.277433626122034 7.6349182846037
7.800741549509554 7.183760564203247
7.209594419398127 7.718915553720742
7.934331928284617 7.130691086083911
7.415303713645821 7.579003965811059
7.707119601458878 7.2695020336578136
7.969209445735439 7.0603859986889
7.780347560520241 7.199981719845817
7.213942902270913 7.7050097920117
7.2784075283292315 7.622854909020854
7.946086026210618 7.0839004591698576
7.639200181985593 7.556692429074287
7.015811681260989 7.882268163038161
7.534618506902564 7.571657564908029
7.960341040490143 7.066707514189558
7.231130318239946 7.692692427603042
7.99915994529713 7.016394841903753
7.945969506658348 7.086257596431039
7.671920399737002 7.272988610535578
7.306767936887378 7.581110795153102
7.957721558068603 7.076923994849803
7.015513398276399 7.892504028554761
7.195788110513167 7.721060588722114
8.547541108243685 8.311488575012039
8.187151262259345 8.610417175598213
8.624305301807205 8.044356287933457
8.399149923463359 8.455407513090615
8.371629259826483 8.591929779365765
8.901228280238355 8.007022949955568
8.166639359615658 8.937594555374512
8.955412271610772 8.005407515871138
8.094274683274726 8.94104413480931
8.874246435598371 8.032978377831546
8.624282445584189 8.058491912906558
8.458275628003369 8.406388808755919
8.373848529161945 8.457006471156216
8.614477142004118 8.276296530003796
8.496539394685545 8.381765451089056
8.053346068574974 8.96844897493007
8.312460258546725 8.59400444637009
8.66994237435686 8.038028239054887
8.800765860247537 8.034516734265758
8.710023179260485 8.034585504835624
8.175695305735108 8.848166018283356
8.293800221157047 8.594225502770344
8.523247408127137 8.324489248215452
8.26845567262033 8.606172946843548
8.449965079959345 8.41897703365727
8.179742728738017 8.783494833230645
8.480281788288288 8.404117184752508
8.530805342735192 8.317825723047829
8.615817437635263 8.194934984362138
8.954691937892129 8.006996339663123
8.238038077592249 8.610287604814808
8.024323750304386 8.980682088475074
8.563855497134776 8.30246904654124
8.95789839747166 8.004028493487702
8.00998690325369 8.993298762595739
8.611920147742433 8.278849213926659
8.894999634025044 8.0258994754182
8.543060646403806 8.316582202266725
8.175540956965992 8.849848672978482
8.638481891844311 8.038494545106838
8.492693431648 8.388874723014666
8.182357573501006 8.682367693932006
8.415904612553684 8.435589535174108
8.448555590217023 8.432641326417649
8.027201797343771 8.976013071301274
8.516070919485788 8.33794696458047
8.169288648402723 8.870621766625614
8.621847320204106 8.094426927693512
8.166965697230145 8.90954968187355
8.60469449992709 8.294156123021684
8.514737600841201 8.363387205359606
8.372192319060831 8.523122233484042
8.622843786757631 8.082288794186722
8.040977047151129 8.974447520662261
8.615545213017796 8.212361805899457
8.183458829990036 8.65797739507476
8.065233874809133 8.94272142993685
8.115089370660563 8.939206491000538
8.700880864319979 8.036911657632105
8.412066899945774 8.439061162408857
8.515525536445825 8.358414162810648
8.958072468590322 8.001590554467166
8.064962936988632 8.954925923862119
8.108682122180687 8.939626486282304
8.042565117414933 8.971066101230134
8.180238833345639 8.746600673872774
8.02038463050658 8.984915198595663
9.980246091738028 9.822975396780322
9.833427288252022 9.896099471311429
9.838272119237784 9.860619321794548
9.984734266804114 9.422903937264314
9.105006380429904 9.930935388399607
9.392653270708278 9.921363034171135
9.08561735204329 9.981583378941824
9.283634148923879 9.928277450093736
9.996205516147587 9.32331865459254
9.925908050330044 9.852528823789585
9.998597503647233 9.225699962269067
9.301406081056232 9.921423330648135
9.998747729894497 9.124536355027061
9.48725188089831 9.905204871843845
9.409998582525544 9.911209207533917
9.95384593768472 9.846615137236086
9.772346795751124 9.901656440235854
9.856342876307473 9.853708360871973
9.984124110148644 9.64471203545218
9.991523687515135 9.341789091910748
9.078352103259393 9.990245794373704
9.988528926602 9.36559453043628
9.018682981636584 9.990970713871008
9.228141896301064 9.930379404680622
9.396905173937373 9.914189834918155
9.997449046545087 9.275376101869693
9.803021011145708 9.897993744617466
9.99350719472116 9.333533378376247
9.281682092178983 9.929109998924424
9.094043520691113 9.933228293739857
9.77862352029188 9.899363115742291
9.984497619586495 9.484954758551131
9.557029189692102 9.904780262626739
9.998821007076355 9.000688937908532
9.982567559111727 9.763324938835499
9.003207273387975 9.997445303335688
9.948203267850083 9.848335349743024
9.093647220583831 9.973679861290917
9.958971341085078 9.845549560957478
9.510689461204251 9.904931773655978
9.962264165666353 9.843548310651972
9.23141859670861 9.929829157073092
9.990675818970212 9.343954656997218
9.083734764594189 9.987016165040904
9.96234709208017 9.837989030465362
9.989429066318024 9.343959445776848
9.988394233617495 9.409141293977294
9.766207900341909 9.904766647335453
9.439546695485427 9.906716567507237
9.24535990382251 9.929276735429834
9.296903706028292 9.924380071199874
9.977930591468086 9.828386070941812
9.926175224726487 9.851236712704056
9.402006812757966 9.911563070261163
9.284657256247407 9.928018554742767
9.980769286488886 9.78171620631491
9.983047466547841 9.687007681037596
9.394248801347848 9.916412338607955
9.98636058132432 9.409228705043635
9.817899511771122 9.896638548951401
9.435433825801159 9.906777180260317
9.837485647904167 9.892671637935699
9.996625859171404 9.298696530960358
9.013283606465647 9.99474598704003
9.982916515875118 9.706185880685304
9.418111567010312 9.909702739870582
9.947045380542681 9.850846211456423
10.606710281732925 10.944933673190548
10.652972101885602 10.643631350444098
10.903696814898368 10.602435667821126
10.30785284536548 10.95406599691104
10.946574682398868 10.204046704456365
10.944350370495068 10.340952144039147
10.913697863069574 10.544431159117524
10.923191785592127 10.346980945048251
10.130182082311926 10.969981706287555
10.064923256577538 10.970682374515805
10.670648338881223 10.607264288979117
10.949071396328696 10.044445656139242
10.652365588642292 10.93396958497462
10.568935053057144 10.946447743538544
10.956726215329716 10.034261478907295
10.607781391082751 10.94320587349072
10.977725310143406 10.00209605087854
10.913765782956366 10.543200441149365
10.944596123433243 10.223776687820658
10.91471395009377 10.485119451100502
10.652572626325513 10.6608198819997
10.027740789573176 10.996907727688455
10.959270577999412 10.032992497845981
10.55740039868665 10.950841919076293
10.918622768314716 10.387805100673484
10.67110805567661 10.60533429019444
10.249456838806433 10.957520603250277
10.847953392305234 10.604675402107764
10.953043118373326 10.035818833964221
10.14940569486415 10.963245518573613
10.185092418918911 10.959577358015737
10.059562349208937 10.988084613939822
10.945453292121332 10.2174788653962
10.933508731695326 10.343658470574134
10.919886317401394 10.374998293511899
10.966859604109732 10.023509241577194
10.652564262669953 10.755436371460032
10.048498446964034 10.990443556799004
10.665550319038594 10.618769159653041
10.414366508413393 10.951877513568176
10.973423405893117 10.004811480475222
10.567789024052683 10.947928710360225
10.204659089586741 10.958577901675744
10.484114255105013 10.951505539075901
10.05874272206282 10.988383619542784
10.645779248747969 10.934229022370896
10.564864792920037 10.950538684789906
10.91657173292275 10.472370258138799
10.623534553715938 10.939928756496089
10.345403608889226 10.95262534903571
10.904679988837946 10.591190850317624
10.31520809861304 10.953662015845309
10.947933483418904 10.110347366331675
10.163953143816604 10.962239785559413
10.94879119895057 10.083098361779781
10.911221474050182 10.55333210397186
10.062550402518946 10.973535548159246
10.143047709907274 10.967599911562028
10.247332085145539 10.958573098985156
10.858980420298764 10.6035263966366
10.963181014618746 10.02490016308261
10.589094624367892 10.9453490513178
10.492890587745812 10.950894738161251
10.303179746766412 10.95490647526949
10.661810814640644 10.625096784776213
10.298910575551874 10.955005151996785
10.926723240481964 10.344848442988447
11.338650428389482 11.35240264723381
11.227029813447952 11.70902398468676
11.620225697104942 11.02896448662917
11.590158121630694 11.310355029677448
11.18627580696731 11.904781933325033
11.252542042438387 11.585617602306538
11.211680753282584 11.8197228158956
11.259312813038559 11.580771416786677
11.415121919565063 11.328498779956934
11.311982149336808 11.439887083703587
11.079203764089312 11.976620480557104
11.32592194525271 11.435310368868038
11.686249584480187 11.022333610575227
11.592414497007418 11.217714296088728
11.096781721023753 11.956165891661755
11.593889487634154 11.212435441099547
11.550546390579367 11.316876480978879
11.24964953920353 11.645252013170488
11.151420771263822 11.942679896915347
11.250838746047148 11.628483902900259
11.203585401654536 11.891590319265143
11.73407018950411 11.005092458138458
11.230185432406689 11.651082267206496
11.814551406173223 11.001489854793853
11.28936409468663 11.49809983957156
11.286594554291227 11.52683033140556
11.273086201081016 11.551992714410643
11.262666401200953 11.552942063206242
11.229988795710934 11.687795014843328
11.02003871040878 11.987845339233772
11.226188690966243 11.713488479679308
11.262221038101494 11.557376309583654
11.324904987744198 11.435555843066897
11.603015941630725 11.122144615310539
11.025306512322008 11.984731551355768
11.289703703756118 11.470448612113096
11.223329079330476 11.731445112650464
11.33232995535784 11.394332503412798
11.322155804340088 11.436646053316997
11.466349716686551 11.3228337741251
11.334608542540792 11.389750214546783
11.70874633020625 11.012618223995513
11.215549742492943 11.752376955044543
11.09051957032134 11.962128007155645
11.086321239081915 11.975823834074447
11.407211379897396 11.343247884230452
11.72974442706994 11.008962702384894
11.150298258002714 11.955022454850074
11.848382661942438 11.000026606497304
11.689103351762657 11.020842641544814
11.153350752908299 11.919480724818259
11.30440857621075 11.458746924437879
11.588650402336832 11.315786267751635
11.414509224411377 11.334495686305686
11.207577842072128 11.866589009233826
11.38681839729473 11.346736190815973
11.277682513278956 11.543576003085246
11.13953215959204 11.956077035235362
11.724061245799218 11.011474291767517
11.609877852507067 11.04685293099225
11.076665122818602 11.983260021568427
11.283797847633226 11.531312381706128
11.647053274026623 11.024662898851666
11.300952148134073 11.461667600403308
11.07794979776094 11.982114147072862
11.3283949207704 11.412130903383684
11.212008608885935 11.818536329778746
12.307663851752892 12.340757566739935
12.113078744524106 12.764338623665395
12.913513298117516 12.281159703516003
12.167369598993236 12.699687106955496
12.217684897533722 12.349231769888439
12.77763211645131 12.318345143224334
12.211254562612828 12.612325403537131
12.195639374983852 12.614201265992323
12.117584624528972 12.71266180979444
12.787329080872258 12.308673290533134
12.049126662777175 12.80634780471089
12.988481112946456 12.109199054649896
12.924108450237815 12.239820987859348
12.351821249521274 12.319367007966212
12.928251430838191 12.16487152156947
12.940517267238675 12.132216760939578
12.041333433095888 12.887517771478379
12.87361694622994 12.290682912522213
12.84537300445444 12.300173439597952
12.997902143350753 12.004322986486782
12.189255231461555 12.643894452498524
12.017188890330766 12.942073955284723
12.000134449938514 12.948692623312471
12.837311619595564 12.305689602009561
12.169791521141645 12.668219755539253
12.351102654727962 12.338779436607108
12.08660215479021 12.776752328285461
12.281242779999609 12.340857635947012
12.042499449577903 12.867090540372272
12.026196532171241 12.908482374902789
12.978202656215242 12.117957192075108
12.066658606795915 12.798992562960567
12.251226544915257 12.344485038565338
12.16591376039675 12.700269932149075
12.928905067774652 12.160889970033523
12.979573737241951 12.113049860662706
12.097383620598508 12.774354160679504
12.927613697781489 12.229111026184373
12.955564020228383 12.125850170203826
12.138267726776572 12.706789449306706
12.212525127916454 12.600391388257371
12.918055921883454 12.264102733453425
12.244092501396858 12.346048824449198
12.866092308392016 12.298138876392843
12.153223290627942 12.706019330373035
12.10637641144096 12.772055722721207
12.05058857083226 12.79929367555444
12.117377087494123 12.735136396521888
12.881262978923397 12.288401640546969
12.994293990864023 12.09752602377843
12.994374673740392 12.028971832578762
12.257025728989214 12.341412272199385
12.787120067756343 12.312879413372382
12.17107778346491 12.660195055568485
12.077213167251847 12.795185990471417
12.800259975342149 12.308400151129192
12.118963568468887 12.709844982890681
12.38504299872224 12.318581588505143
12.202902656472512 12.61328214771493
12.018094098011534 12.926636988360674
12.176212853748947 12.653306263432208
12.12084381413651 12.708081063712006
12.170084017327879 12.663437197227267
12.997484904935519 12.02771295012483
12.21494841908596 12.403038670242468
12.381786797619563 12.31896844003273
12.026442366034026 12.901845735869163
13.961805289333846 13.820783597027035
13.99570066340197 13.576305826719679
13.11168978087433 13.953733351844557
13.920007432567191 13.879561278122758
13.591063153578947 13.880625929803106
13.459191521209425 13.916931088443565
13.393278349414429 13.928775711387017
13.248087818600984 13.932889740804713
13.276195973833683 13.931566020604052
13.951883898663477 13.84091563805938
13.063350697306374 13.978026236218225
13.943279974086959 13.855048244334078
13.52136934030495 13.895779347811347
13.983957355588014 13.634393434871146
13.211542895860138 13.946603221290184
13.515769576442695 13.897394572331121
13.006963290249344 13.979738072072475
13.21755975463881 13.945756923085835
13.485832820421226 13.90757785883464
13.494090247962282 13.905734449390271
13.579738648207703 13.893260077798232
13.981631229903694 13.729680172177375
13.99822733824475 13.090063324953672
13.973829565878033 13.809863387093298
13.997924773630704 13.244783590610124
13.920891593655949 13.866875081643796
13.141460146000938 13.947714823378416
13.21804819430828 13.9446912815997
13.996990558895881 13.563682264512593
13.129789853114017 13.949734498932742
13.982495262473549 13.654267590499996
13.997618855445904 13.413177401817713
13.375381862038351 13.929958026878648
13.979564432601357 13.772442087229596
13.075296026079837 13.962734266163409
13.238359053679696 13.943357486931793
13.953134346561813 13.821254800455346
13.400172558232452 13.927842194978899
13.108851635860818 13.962114239558069
13.493663881999884 13.907474617841823
13.978439432804915 13.792630463776954
13.419697388695779 13.926115022130066
13.98796817303787 13.610117097996701
13.939322936666025 13.857423089065996
13.355847833397819 13.930994352934729
13.968364343245803 13.818894896818684
13.461749149990123 13.908533468690159
13.577928822772334 13.89565215729374
13.997870207468985 13.264511902193574
13.662109191539002 13.880574169322637
13.446821978621085 13.923276215992287
13.222019973483977 13.943527272154071
13.998659511840039 13.017359258036205
13.828934236642551 13.880370691224662
13.983786367889026 13.637869202719692
13.968767059612658 13.818027905576528
13.152950231761837 13.946872748103793
13.580843473798865 13.889134124812132
13.07484023665657 13.966019142085504
13.586134956333186 13.88304327113666
13.303990070927986 13.93123704929146
13.997231761889926 13.485786723960143
13.503867709225029 13.905677925268762
13.998545755387699 13.048427412626204
13.997930805144748 13.174383446842084
13.986859880682749 13.622807301211068
13.926899402914847 13.864113221561402
14.92639295973022 14.31847220837192
14.511115167931843 14.705622960984037
14.702740627537754 14.472968094285964
14.939993364906499 14.139419895001707
14.880029116857084 14.39042155709818
14.131209914593425 14.712185409412248
14.032575444698109 14.71695561008573
14.938032392044757 14.309461864387702
14.673600533189655 14.69447895275696
14.698720289852085 14.484356838429497
14.748670198236317 14.391741483037762
14.238185330634433 14.70755444833096
14.978241805573655 14.016447326082401
14.89096719359069 14.37709074181577
14.685527397889077 14.675298595411693
14.020333516617885 14.97656334497453
14.692007546287137 14.614259771915068
14.020426708431952 14.787576713315083
14.032218629675363 14.732722159146382
14.956581077558662 14.038696226084454
14.062639026207671 14.716230925857559
14.973801818813893 14.019033205224135
14.542223362866393 14.70528142314652
14.952660733786441 14.048177963576842
14.957378940083945 14.030709845594082
14.0240725308182 14.759875732164293
14.179273397107895 14.711723356578778
14.736782330403218 14.394776795365958
14.750840592217985 14.391716257969339
14.948566157826571 14.101239949683713
14.708811835629444 14.39745917675938
14.685976066090838 14.645572028769832
14.465018158667483 14.706861548898525
14.687645908604294 14.64033823836359
14.887891281106953 14.379829877974764
14.000201329594264 14.987227211743148
14.693966663722371 14.602492548162768
14.42634031150974 14.707194943996843
14.907665288718034 14.329396244810388
14.23350782268129 14.711064441893456
14.925330957957302 14.324672891766529
14.6939700967209 14.494856574264467
14.987094930767343 14.016085585039935
14.682897188555431 14.681645086492388
14.897894336918538 14.335403604960797
14.676351636002718 14.683723984998453
14.964627013895573 14.0291665910132
14.098225986195095 14.715322079265729
14.964930483176031 14.023810099395876
14.939712053021028 14.268744908227458
14.237245785027099 14.708758997312989
14.916805233159936 14.327872282399705
14.667747295258216 14.70292727720496
14.88629190087699 14.386253927122686
14.94179507519462 14.125302617610801
14.940934776725308 14.133715921972588
14.930998747827896 14.30993575686152
14.939516334368323 14.276324806439627
14.706315211808946 14.467400679374752
14.707030435387491 14.426275380230704
14.951417594159778 14.073641956362493
14.65906013159558 14.703878214365114
14.940117443715522 14.138646616928835
14.270893574534492 14.707254045800704
14.828371185046905 14.391525850749417
14.895253111199194 14.34732114167916
14.680893665742692 14.68183066343454
15.944819157486936 15.34621577487354
15.880444751011474 15.894161941570067
15.921046248028295 15.812879812824464
15.954840421076423 15.235602617823913
15.938036966591554 15.790691262036585
15.729638077152487 15.963068314228563
15.432924935614547 15.987786935285587
15.929600531322421 15.809193279622034
15.83238984485254 15.961053749555708
15.837923988731928 15.91437308984603
15.988526095579338 15.095258421549131
15.941074269667244 15.540007780629587
15.985267537515464 15.10316017439072
15.404496460126603 15.988446173906405
15.377392524880026 15.999460661758947
15.590588227409803 15.966693226871941
15.998320301283279 15.020181882778743
15.480097403942809 15.975574709492077
15.840819919935221 15.901689452576294
15.97782624127976 15.150299507784238
15.97499601554311 15.222275432888535
15.953364544727437 15.27875748985577
15.935205645544082 15.802726483491968
15.906577834414795 15.832493116227736
15.895494258440053 15.847077014224915
15.885824851300569 15.865085096750356
15.457481646470793 15.986317603183084
15.621444139407453 15.963558471493211
15.366665501252388 15.999732315717962
15.94147876036226 15.374762592953415
15.904487686570826 15.842826287983222
15.377684693199521 15.991910083626626
15.76813028410258 15.961210175618339
15.906748157310409 15.827384220198718
15.620123227135721 15.963801642707807
15.839866446071271 15.907034681106603
15.939298574720368 15.706053309573
15.290496696968058 15.999794517078406
15.383551422184535 15.989139054786452
15.948906419216895 15.337778770275694
15.908585184274587 15.820130640612456
15.526379912172644 15.969178662203898
15.939491659489708 15.569634949047062
15.94113561445543 15.381963063890339
15.967800604924216 15.235143547844565
15.996328636009226 15.08292620679172
15.835678655827682 15.939684735248695
15.969389874513764 15.231985262903725
15.46865073848496 15.984341882001166
15.948935867754706 15.302147462168936
15.60074408996308 15.96439108364346
15.978509242860527 15.149764055290305
15.977647301771407 15.176669873643267
15.440037004081137 15.987599010483976
15.938966512205958 15.727696578075557
15.003858625221454 15.99987262540494
15.837213631396878 15.937463222793838
15.942357126861648 15.357294484898624
15.83764557239617 15.929907424800552
15.9712657480246 15.227244468311008
15.940456132739335 15.56479132451845
15.853458405627814 15.89973897602923
15.91030081315048 15.819329242158778
15.83258933941092 15.957557378430321
15.954335181252949 15.260978164745774
15.510843227985033 15.97280122084593
15.520408419800063 15.971281999197553
16.511458767266014 16.3703166358746
16.823859611488622 16.336040407717434
16.08228589452317 16.553974483652315
16.945487311923117 16.318137872074967
16.18219908936185 16.410388785648585
16.00812720358368 16.957966605376196
16.497015497600405 16.38154259387762
16.11282977360333 16.548275318411125
16.967133360639195 16.009668856945474
16.05617634454323 16.6967064913003
16.14662069580727 16.475305687569637
16.341144942043563 16.403866519620284
16.16836257290984 16.436595099959227
16.03484608522793 16.711862491975776
16.45740747877239 16.38897866691768
16.94904163994215 16.053254796856777
16.136755305982355 16.47608903915154
16.7363490465332 16.36424388362987
16.028635771777996 16.933506673796053
16.406597872042596 16.39761322930891
16.95204286107298 16.019866412554574
16.050903853509013 16.702508683576262
16.063249193719127 16.66862582744879
16.54935504631578 16.36738559255549
16.017586652360475 16.953466164073124
16.8098624435839 16.348908742270968
16.165002443108754 16.445760385291415
16.219590362062828 16.408624400923483
16.072648728486612 16.657390773416914
16.460431086515445 16.385418762304862
16.251442209445347 16.406363910476582
16.00743452954109 16.964243370411367
16.124232152774173 16.508400571357065
16.95784890374507 16.010142524125474
16.025033458099223 16.951742062744998
16.308724537232195 16.405707404954008
16.06191974823008 16.685573831709313
16.949465580336305 16.052849437245793
16.91937898050469 16.335830857760666
16.073139238317218 16.647951832152202
16.74715016164428 16.355958243182197
16.04171261172616 16.71002258228166
16.96165814504683 16.009853022977488
16.17733171434195 16.417451080105444
16.073303538542714 16.599564622658182
16.92864177289902 16.32295681167951
16.98667622726666 16.003538076847175
16.60204287085692 16.36600520278767
16.895625422178668 16.335949071560886
16.436975532058316 16.390728161393966
16.795974529801825 16.353443802715724
16.93587507962957 16.320915671929317
16.311079396235456 16.404090308528044
16.069995055420822 16.666493540176077
16.004656107023187 16.989145073641268
16.81930069202931 16.33673243029061
16.22225387990382 16.407442203889868
16.11655805161835 16.525341197307224
16.034411335408834 16.902376916706228
16.174430167528055 16.431935518521882
16.375006576201276 16.401538166810656
16.493363499913162 16.384660472829495
16.026702017198673 16.936772390257982
16.196298356848096 16.409758593220666
16.79988976682144 16.352830622608018
16.649663950920893 16.36502970125588
16.02904524308019 16.9212257241268
17.520256017870814 17.83897898311695
17.74391640632653 17.270445480903735
17.392274886976622 17.911594751844177
17.969059760263566 17.139202769498862
17.667507161335624 17.729804778082595
17.71751227488673 17.453150683265306
17.9637587803433 17.153233951356192
17.669541291025716 17.68469068272715
17.695049516434057 17.568396625527082
17.593771959949564 17.81018349550558
17.516071002468944 17.84902571731888
17.969201110293113 17.09652840863224
17.91089097030449 17.195312294978958
17.549494050509352 17.811356651990504
17.07364849908191 17.94103980860868
17.282342961254596 17.91388895813653
17.87374693287944 17.21274991270532
17.91216513462812 17.162633252421863
17.632539021993438 17.753111596770278
17.81367835222192 17.266397849138215
17.661782670831876 17.742696005205325
17.730269150055534 17.331485055698685
17.461336627363682 17.90935315270452
17.699460584099356 17.511932452822002
17.701043200228238 17.508562080046968
17.685824355996427 17.584594764541208
17.597291949678866 17.799871627499464
17.12520512139545 17.9278282400621
17.062909245219174 17.950202379590095
17.04114735138979 17.96273573954728
17.87902905485399 17.196561537644875
17.72066859038291 17.43522416216691
17.933150025835648 17.15648445013198
17.9835147489209 17.065730926917208
17.068401738315618 17.94979712462987
17.997815881332894 17.018715627832837
17.075758608174116 17.936401417980754
17.021306841777985 17.974976116909794
17.18435625059595 17.921348044517124
17.509354878880334 17.88077807887733
17.721362031417183 17.35399566817613
17.83712149028727 17.227389941612373
17.73606543477175 17.2944184343041
17.011327084341588 17.981919690110534
17.27928536661172 17.915736231081677
17.628920083068746 17.770712895673633
17.59683299092828 17.80636697651325
17.604231076811516 17.7718732678339
17.465677741250893 17.880965041364448
17.462236358622224 17.883625707663178
17.709760313997553 17.4884273684173
17.732547035773745 17.297600061001038
17.67382237002664 17.66210288402124
17.085149610772138 17.934061433621974
17.91556210677716 17.160318221596977
17.645478092635937 17.748644748535337
17.001896625633528 17.98234143561868
17.975598204659228 17.077264613107282
17.99526622506697 17.032694677925743
17.986874887578033 17.05784255438785
17.598727914858046 17.775260281159717
17.66753665919512 17.697719396450804
17.878236349839952 17.2002936715656
17.687100954784146 17.584129362146605
17.04000353590994 17.971216057889617
17.99718417801609 17.02012678284382
17.631032011142526 17.7533053043026
18.693049956760163 18.563304950804
18.630431821841658 18.61148478980384
18.28174744678378 18.830715778120513
18.749575582716144 18.18921906471607
18.398205169837805 18.628005637370855
18.773007795013726 18.06342503396656
18.23583662752989 18.994080507281602
18.7078253058434 18.331259949943203
18.902697346736495 18.01826686828467
18.490835140372265 18.626980462785497
18.355586789345587 18.804683161217152
18.887675111783487 18.030844752516845
18.347272037233342 18.827006690528314
18.3899245540268 18.77587674553991
18.38209930520336 18.782868710035256
18.584637811371746 18.613893273954744
18.704514297425455 18.46120532164936
18.953450239607463 18.016450528886406
18.869544487653968 18.049738266504573
18.703423970163318 18.499415418200748
18.258810330248142 18.909027599372134
18.770636164178967 18.084133237583803
18.762122147904996 18.10072381671778
18.732553165177507 18.310692361886492
18.51594392316151 18.62285627962286
18.37345825517549 18.804428051783223
18.74758050639983 18.219599349040706
18.865693319923295 18.05157587722131
18.754248461217305 18.155447229741394
18.260111852427386 18.85869962390772
18.39298326776679 18.630650824712493
18.690382781400928 18.591639450194442
18.802666899388786 18.061602109035537
18.57858257010192 18.614566737828877
18.121378429266404 18.999027661155726
18.690536840369635 18.591534026948437
18.61802705697411 18.611572867096367
18.702924175136083 18.55512447603461
18.73781514086211 18.2400631632536
18.237139869607695 18.9513112205058
18.541853620443824 18.62138422056668
18.392323939826213 18.695484352724378
18.244129550349868 18.93921421233335
18.746443612317897 18.23791280220979
18.233493049525016 18.99694571630164
18.71805250814905 18.327747720520346
18.707816865572187 18.444193594788153
18.045279029902904 18.999417794208203
18.259237737344712 18.908271136374402
18.259596177300086 18.89719977275816
18.864933059302437 18.05226230154156
18.734916371361038 18.286532291054552
18.655750294963894 18.598243695055654
18.275445975572072 18.84782228418182
18.977036228939948 18.013163434278734
18.978585401896403 18.006949300462953
18.254942582434676 18.913605096867244
18.290139139469307 18.829640097047488
18.851015164817593 18.053126230741363
18.50787690096432 18.62315801700319
18.895874110904522 18.02273456161288
18.182268702865166 18.99847727108551
18.391445588214822 18.724523259184252
18.544972096584615 18.620494897545946
18.70737483167281 18.45483507922054
18.279907110632088 18.846168748727052
18.632934053884565 18.606764606635792
19.66260187982212 19.41942094670142
19.628972880596066 19.5796570798279
19.859139829885834 19.16040667211998
19.118414839459955 19.761517344448894
19.771134040651372 19.29030856814737
19.41967429615189 19.760589408465655
19.5909912888237 19.747117286314715
19.09814634960069 19.838695547877702
19.880568699955337 19.037413473533896
19.057799026768578 19.991405530570773
19.65087600837362 19.514932670962168
19.742109495032764 19.36243990455052
19.069071118544237 19.880396683640477
19.807802027235095 19.241705891973112
19.061519575702203 19.919238575179463
19.508287488034167 19.758836018717464
19.850341275591894 19.183644196025508
19.72333208560685 19.36261639775202
19.623594307576912 19.642894503580134
19.923069574580293 19.000749541468004
19.620976077862743 19.70029692323438
19.669028203174673 19.367769694593818
19.058862109252154 19.92635410897127
19.101563782681783 19.77572732277989
19.8717043671495 19.041690640209037
19.828530742021915 19.211709288639447
19.017475239540296 19.992928618133757
19.88694202800935 19.025128375527963
19.859517359172244 19.05929755617423
19.087518811632563 19.84753215503914
19.59449148607273 19.72948807180544
19.8277747242986 19.240627269185605
19.6440928374988 19.556047564440753
19.614441536947094 19.714417936254073
19.100139942696913 19.831456385731308
19.785829740655036 19.255179923591992
19.45725150138568 19.759600573405876
19.60882542996251 19.722119484375686
19.83198190834399 19.208685697209926
19.093249937481115 19.84620688878056
19.750415149130603 19.325021575497875
19.88794160314197 19.01405655134629
19.07182176085813 19.873002897107252
19.657375857130532 19.438718003974135
19.542376839768806 19.747297051314437
19.908218890862695 19.001143988678596
19.76019892378588 19.32432926403262
19.653164127629307 19.44152693365706
19.663783203529764 19.397144089671528
19.516430920042996 19.753072561152546
19.998634091459248 19.000528875448502
19.804806073956797 19.246293827649687
19.66031248290805 19.42221396042565
19.742406283884524 19.329043501056002
19.892152113866086 19.010007130481682
19.62153303264133 19.68060400911704
19.62619421696811 19.633419655371743
19.11595207227457 19.771425223796097
19.630063591250668 19.56256591004369
19.76903104517833 19.296936380100806
19.070596080574784 19.8785611676955
19.62246621636529 19.66431243028187
19.627935977335202 19.627783756203243
19.70809461259337 19.36536447106144
19.052317032908267 19.992479123152506
19.835078112888038 19.195567420418392
19.65100893352306 19.49215840535214
20.88326910796792 20.531199793979106
20.514122358116836 20.746712862034475
20.269299820776297 20.99403232114056
20.849724835256495 20.703461205840718
20.911448543128756 20.070176939634692
20.765418500873633 20.73419368933285
20.273529240208408 20.872854461342094
20.486741067646886 20.847628226940603
20.509595016033895 20.756834568466182
20.85842226656361 20.63874869357907
20.909951172730175 20.345077479259118
20.92901025581459 20.00132440913087
20.910511475269132 20.136739451474526
20.894453856105844 20.38987809449387
20.866446107665805 20.532979900054617
20.2724455375126 20.93631443764886
20.65913993538841 20.74132798600233
20.54870428252392 20.74176755156161
20.91708322448325 20.045699963121326
20.050222164948288 20.997192175460096
20.380598361945022 20.861774577585287
20.785779477465653 20.71680340620293
20.913753009961805 20.068119110418305
20.49990050933945 20.8357125393037
20.659966730725653 20.735600120478246
20.888811717101632 20.51375231511198
20.52900499918251 20.744600276848995
20.90995423958915 20.330813518070528
20.6903088814774 20.735579973896506
20.750495848239208 20.7349683896066
20.453966334901622 20.854548207338734
20.797600331116428 20.704248690379522
20.864930268937826 20.610717007824057
20.054360181287837 20.99623624395053
20.853070065858514 20.690391622664553
20.407116695554784 20.857120044823354
20.98537356833023 20.00111931925627
20.88932795346808 20.418218444329572
20.501206388261156 20.75736604321454
20.166851000979904 20.995660763198153
20.86435421669624 20.618696770856914
20.86167660507959 20.63669356785491
20.334541854382838 20.866901119523863
20.006807922893234 20.999256057539302
20.344812892496197 20.865588260368266
20.92132649245179 20.031192160296563
20.891380309765303 20.39336760761115
20.768274270385305 20.726446439498645
20.857368586180986 20.682352234992287
20.512299209227777 20.751963079302083
20.476485953630643 20.84837858579681
20.844143000767247 20.703474111936742
20.91623168492567 20.064103391646142
20.271599185834255 20.959877896883942
20.370184484269764 20.864024980212417
20.883400013398646 20.52636134454026
20.896374947203977 20.3875677667525
20.534071243465895 20.74307465908067
20.27770297208285 20.86701354532791
20.773056142709986 20.721021728908696
20.897246708124776 20.35907978723655
20.210244702788852 20.994754945944152
20.862904474501704 20.627860530531255
20.866408487954327 20.570429573689072
20.072432058773533 20.99609549009558
20.11266094157716 20.996061711215386
21.391008003767222 21.854209406522735
21.961620843973364 21.770122536993224
21.966695602880506 21.760144967481814
21.58704190462048 21.822578971930724
21.998779582284076 21.064926467928107
21.933241023603564 21.771872996302616
21.978569763821426 21.087268028645443
21.161464607216754 21.943650530094608
21.205826735767868 21.93900270025559
21.434925872301424 21.845926260600315
21.217812953562017 21.863733458477306
21.750976291286587 21.816900622503653
21.029281390255885 21.94851415974651
21.279393715409636 21.863029285585455
21.97570336414669 21.553962004011982
21.97267605516539 21.68284388285661
21.453232875202186 21.8373243416312
21.094174851979037 21.948099712102128
21.788061072555077 21.78157908300001
21.978301061801833 21.218397131323602
21.214776981734225 21.879886263057973
21.008426080935852 21.965972073949775
21.339803427281105 21.858199632559273
21.01415227958203 21.9556653014756
21.926909703918195 21.778689438989794
21.759292849466334 21.81420105152621
21.58386723276732 21.837262438092633
21.75930009290124 21.795334194593575
21.969446028172516 21.736143671971707
21.762360112122394 21.78594016677797
21.171109313903894 21.941591724589404
21.978639931262833 21.07990830634052
21.978176078222017 21.462994929537587
21.82986959840459 21.781268044932986
21.986795075230937 21.066269517237878
21.41252805413845 21.850915303588852
21.624595770992013 21.81821402879159
21.968706439772497 21.749413138183776
21.301716302462186 21.859261101761877
21.206910935534005 21.89552536217669
21.10266348427773 21.944253191590057
21.975604991874167 21.656059690508297
21.007949530150984 21.96793533008398
21.452793028275224 21.844496765033227
21.980715538978878 21.07554255124916
21.422537002303034 21.847270311573222
21.971722295346026 21.70817176422183
21.287325338607136 21.86298832468339
21.610043308056518 21.82108158875363
21.96846141177294 21.751655861220044
21.262315615601146 21.86371735644601
21.94654736991275 21.770819988982872
21.97826992487438 21.295001206116204
21.91689033328809 21.779667496932678
21.977396934700188 21.471388377691905
21.298759948922765 21.861855703063583
21.38885285272195 21.85641346829512
21.758446985705014 21.816000545052617
21.976598130796148 21.499095209489198
21.999861758028686 21.0570244536124
21.80289998675457 21.781297807159028
21.971638806751216 21.72793554389599
21.911462575763228 21.781228412606016
21.729601995546247 21.81740282454409
21.405983640437846 21.853884735366925
21.97222136301796 21.695284057055193
22.796717350744466 22.941707012770337
22.1582906126823 22.94442730560703
22.845937394099703 22.297662344891396
22.804881992675043 22.779591325731662
22.93551047099207 22.217336553195643
22.82466298201892 22.552604354058822
22.008394937463233 22.990627796630747
22.95545783685526 22.182769602909936
22.986416836615835 22.103355344415128
22.809427383836468 22.772647780951754
22.07415705072435 22.98593092278657
22.85970552852837 22.251884227898127
22.489592539834245 22.94249924426538
22.826722419197388 22.41446292340642
22.877169586255434 22.223021714866388
22.81161638284907 22.736322535848792
22.976654026833003 22.119131465443
22.82657125221532 22.549797059112777
22.81607749569872 22.572887467702717
22.95603527027617 22.13858767826705
22.831181819005238 22.31914651718263
22.80173171636512 22.804176488710866
22.134255210399207 22.975411554049085
22.039781064717435 22.98618278549129
22.9851079320714 22.107719816120596
22.87304828200219 22.239165614558313
22.830285495590967 22.361511527959536
22.022712139067565 22.98898235663639
22.95334680715829 22.199033523497548
22.990596806305355 22.076438279459033
22.841795858683884 22.318008756411505
22.848793116777333 22.295219984282607
22.76402269641276 22.942325351947535
22.871655377617746 22.243549241622276
22.820110763787426 22.571619537943306
22.892770830983853 22.22051871764875
22.134255888035312 22.95138685299963
22.842257804264893 22.301837674436396
22.951555391348837 22.205533528238067
22.8506935472081 22.264193073409427
22.798963806919577 22.933052151017584
22.992631914345697 22.04454717836283
22.85358412425859 22.261519274911613
22.79936274778489 22.918807716699096
22.851978286161117 22.262864755778548
22.927923516611486 22.220194991113477
22.79952036208557 22.834131901689577
22.317826763697248 22.94252087633868
22.143743516281962 22.95093710977276
22.814057441990165 22.606799927809995
22.120532928204252 22.97871694742432
22.805648675495522 22.776686542526978
22.849747684430287 22.268292406706387
22.12753735900806 22.976326439711997
22.97321482237745 22.135203256765603
22.002654489383534 22.995037705446087
22.813444985026578 22.670801299921685
22.111977827466273 22.979176910375326
22.224698459597494 22.94414996789893
22.014399579368785 22.989020166220495
22.080410904026046 22.98067184966641
22.82977570722596 22.413182333415175
22.586878647127975 22.94236050764027
22.849613393106456 22.278617330760493
22.088097959845992 22.979790420681596
22.812436254546462 22.68279652148241
23.71805591658239 23.769222657095344
23.98296903345326 23.224011453776082
23.21518504932012 23.99588606324053
23.809093605358363 23.75882952699965
23.292569176656396 23.81189050295349
23.964156154819374 23.57585480548086
23.62875522599483 23.781119330250995
23.836350436296836 23.613108360360407
23.979247175247806 23.521895380013746
23.275829764826028 23.90144026138819
23.868500074840373 23.61218372536363
23.273328829047415 23.966733075897654
23.897237476440118 23.596223242725063
23.975223164587714 23.57449318434697
23.994848756999428 23.138308210921704
23.81095781399639 23.705232401768264
23.834374071998177 23.69987308505966
23.388835776209117 23.79113294516865
23.51262254972524 23.788010559147093
23.750738401646412 23.764938967146282
23.995289795759867 23.020669811105257
23.923114252673383 23.584914510383143
23.980497558725798 23.45582436270103
23.791154982343706 23.764461538971894
23.217259217981017 23.988671886834496
23.700590308278013 23.773096356138545
23.992450828842873 23.163454862937712
23.29679296815853 23.808152824814947
23.280268787265097 23.900022494245775
23.345019345470728 23.798084865128885
23.290199241537106 23.815629817544337
23.271229114909328 23.976261561596818
23.991476414579203 23.213141624049268
23.960862351722934 23.580091278378035
23.83600523329118 23.634920150271757
23.333846650561597 23.80338329348452
23.512816504911267 23.785772894343133
23.89883976602289 23.587100204496906
23.157167081424546 23.99679504229157
23.994921667223725 23.057804855677556
23.124555422514597 23.998204523618014
23.929430783966797 23.58046761954117
23.687830543361983 23.77586083250501
23.98216036306583 23.327993884199575
23.869980242576826 23.601448747787657
23.977584663570152 23.537636969187435
23.361017132326666 23.795339923316423
23.74309052910019 23.76609617516577
23.982672603037926 23.32518363668429
23.2443709354689 23.987465791549536
23.99941216066323 23.01621292022279
23.87687325676468 23.597339374076157
23.799564374279623 23.760482825524253
23.28516815363621 23.877984658577983
23.280396062953415 23.88929446777246
23.071664613533418 23.999123485869003
23.263691022439737 23.98657959700986
23.63688869464619 23.779649824889695
23.436115639557876 23.79098527527639
23.6596558181353 23.778637409634584
23.991817423902077 23.20574874103965
23.31063799239375 23.80418374083055
23.994854978533784 23.10588029768327
23.275427145536327 23.953990211374094
23.10326878477056 23.998514257762107
23.67155652040717 23.77819794808972
24.42077733989091 24.390589025921958
24.97216213136849 24.242703552410713
24.68792997437016 24.321471179323517
24.12778224696113 24.677512818941967
24.650762650644605 24.339068852638764
24.81450178583288 24.30336696810912
24.049983309994385 24.83859934755829
24.354096728694238 24.50236308705957
24.35414629095105 24.442819245460818
24.307644511659426 24.662644830864235
24.97977754033974 24.004611724069576
24.304675293108435 24.671777144986567
24.503985341655316 24.37418378132208
24.87051284843394 24.265735793082943
24.3232467805114 24.654386253899922
24.547304228838858 24.354696329354034
24.01173914402532 24.985249991568992
24.48779831406362 24.383005071360902
24.04533206182035 24.942164370696762
24.107973900073638 24.774762768450465
24.331478417002085 24.631459230353187
24.67600872159094 24.33215015002826
24.317668197997495 24.658438255337376
24.46578001468644 24.38646817048309
24.680418555038486 24.323271032790714
24.961611288988337 24.260601579910468
24.41356399410628 24.40092984475853
24.826245185709727 24.29388482010282
24.8889086582874 24.263735321083733
24.084461047635802 24.797828087234805
24.81375300731687 24.307535279918305
24.973083938817645 24.053033918827165
24.847835253589786 24.269041242517968
24.566788736784634 24.340298366688536
24.018930869929775 24.947606626219326
24.76219281144279 24.313893922593277
24.432757093787757 24.39000024941204
24.35915484179929 24.421400580083457
24.120017956522716 24.71066851410096
24.34827212967905 24.61071244010357
24.353317693769437 24.511810253306265
24.319901176641853 24.654593487591768
24.461209540986378 24.38950579106721
24.523223862540846 24.36416895741296
24.341151679653787 24.6248202763496
24.35071028029618 24.559694661163245
24.80200866113543 24.30922627369746
24.003905845637437 24.9962435009171
24.56066361279279 24.346637399474222
24.080323636114716 24.83227029558687
24.12176047568535 24.709645610330092
24.124792172096118 24.691852927239985
24.136429109916687 24.6719670484099
24.10253134830099 24.783332820245974
24.11100454329551 24.740414453625903
24.00824069068334 24.992466902483148
24.97864486190126 24.013250905017987
24.330830241490464 24.645936593595497
24.395918209044552 24.413963931084048
24.014842921587757 24.95874443365517
24.10594979661405 24.77747808518873
24.352783143510244 24.533401135293552
24.533521928997164 24.357848383859743
24.97241863576213 24.147958007386546
24.38943714476472 24.41769601168193
24.844409731744374 24.28515452566403
25.844832167336932 25.111392658865363
25.453111089158746 25.758750357996313
25.46841901153889 25.173778079881295
25.65997524775999 25.17159810804264
25.210034798600883 25.93345331937868
25.919544563962347 25.09434413224899
25.424908627428188 25.90113630007141
25.776269170136306 25.13794874590232
25.16554531162917 25.951733954736873
25.970083746290538 25.083449906614604
25.23478958837604 25.931179169155747
25.0940932091504 25.956371505173397
25.427164770540205 25.804503335423068
25.494563333530472 25.172579141120078
25.464165473789116 25.535343528743116
25.25297400105426 25.911835792904064
25.981467786576047 25.031232482929454
25.254563592934954 25.903330853991296
25.457421040183203 25.751832753629824
25.6857615491081 25.157584250086455
25.778547725573812 25.11896505980205
25.848172829180687 25.100319052316927
25.240491030614145 25.92015891686872
25.468085175057862 25.386330172704355
25.445496208629134 25.790779095951134
25.434296354539043 25.79738208843076
25.19321464789052 25.938089980953432
25.76614873161328 25.151101260493725
25.048865040386367 25.982559366702077
25.4580351819133 25.690138320104108
25.4608658491394 25.684769220452225
25.46545467414977 25.496173049579465
25.041209586672394 25.996893994028728
25.426581783843837 25.887659688203552
25.978891611643526 25.055249480668472
25.93992672523335 25.088320433876426
25.0574902500002 25.97718686666145
25.9711607004641 25.067399320444686
25.30869363856817 25.90186141198541
25.172561172826697 25.938590067315623
25.973153426300637 25.060662718137056
25.770280646383686 25.147544104271887
25.46105462175286 25.663600730262928
25.596938843062215 25.17192737165724
25.93073340987163 25.089839962365403
25.250739299664843 25.91303475757343
25.682647555126877 25.1590664461923
25.063974125141637 25.975049408506543
25.46713472463654 25.44310425977259
25.986599192976946 25.01655137383485
25.832856479812783 25.116337537062318
25.679014345128866 25.15940988524222
25.462986318685918 25.61088666799791
25.45879967267687 25.687084042000265
25.098467128440774 25.955492719656085
25.250265724805118 25.918964875189953
25.4460195756405 25.78014913876649
25.46288465875714 25.631837769257803
25.865524519221992 25.098287854495922
25.845125620137527 25.100325290312437
25.457748298336416 25.74070051448939
25.017818880774342 25.999131822807474
25.1395992430976 25.955464221225434
25.924146296990948 25.09236206261644
25.705590156924668 25.15333207750291
25.317297845166465 25.90113822248771
26.373793675001 26.270438411621384
26.759400063961788 26.116816701526293
26.238345634852987 26.277852259580634
26.122866639231 26.80941466391866
26.558352895966507 26.117253962228393
26.04656959311586 26.980873194827907
26.38811497330524 26.22809825005509
26.786194974272185 26.01475113211644
26.06482767793956 26.837780974538482
26.522848522152724 26.19093280359315
26.061258341332426 26.9739025026273
26.220935666224776 26.443534520714934
26.145905260609084 26.803375077444926
26.21409745916755 26.545462554426784
26.189920789325182 26.777062994915585
26.203047760937345 26.730284852867563
26.48900707528697 26.202257580757774
26.209496155246512 26.642681208189
26.88941347002634 26.00118143273797
26.035948117041375 26.990738393413633
26.778176935665297 26.106618124387285
26.440240321392547 26.222375273440825
26.37680659468365 26.248400238583223
26.379952302246775 26.23949841046909
26.217166399570818 26.505629061725976
26.77996530029906 26.04821352520003
26.879575678135833 26.001215898162386
26.068929154683016 26.827956547875914
26.06186426698712 26.964634103278097
26.160441757587364 26.797269236127228
26.37520302128311 26.261695108267386
26.508284782789712 26.195922833142443
26.020628548716388 26.99685313073234
26.55322966873116 26.149049767689085
26.53446290713347 26.15942660960177
26.322293087807576 26.275555626141237
26.776998136416015 26.108720134481302
26.177089912486792 26.789023289400948
26.824846813837762 26.00981723011831
26.08308278467278 26.812759370586654
26.233076241789437 26.307210201070976
26.82927112921992 26.00139929882627
26.06037719887638 26.97411033180538
26.22826512214956 26.40009957774316
26.209554242967105 26.62581755345325
26.221123667545182 26.420053869814588
26.389755748485832 26.22412626261344
26.77494561616342 26.109686556297838
26.545811919066313 26.155161883855342
26.781123517219562 26.029235407500796
26.21370861583991 26.60305144912999
26.45650196955484 26.216108656459006
26.229076829267388 26.337589379858187
26.458559943935597 26.21043471448033
26.552813456254707 26.150852898758654
26.82241095475924 26.013144263413263
26.333302404278538 26.271768029134154
26.06262494919735 26.85720111149658
26.091381576862418 26.810776741481618
26.136718522471323 26.80509273661471
26.14983265441966 26.80272916639195
26.485085631902756 26.206550159023728
26.96627036163138 26.00056655320678
26.224069603005894 26.403702822763094
26.474574388017356 26.209239590705028
26.506278126009647 26.199354415071912
27.3312288945698 27.32960697786427
27.948375468396613 27.038775590517215
27.01139281877429 27.367616663810157
27.587476466818437 27.108543202352553
27.941971810368127 27.08106792603869
27.351393388063993 27.279401162923307
27.36904712032729 27.250431603079754
27.82103250465996 27.092478728319325
27.052536210112567 27.359503116467547
27.898363076267657 27.08987012265897
27.506601715838304 27.133706640728064
27.007137109296778 27.510696875932176
27.382561494317674 27.174454270798353
27.501120153909323 27.170365861092517
27.351816810823024 27.26359640320347
27.225592336951056 27.349754452998123
27.555546017920054 27.131585443025298
27.504411940892734 27.158638280785304
27.802366578349506 27.097872640361505
27.772359547399372 27.102952803509282
27.003359465608 27.510832014507336
27.002335643999697 27.961768344780882
27.347987951104116 27.289858018132016
27.74916975657464 27.108439816286705
27.322707937781857 27.34965818954921
27.364761559113337 27.25546419485747
27.023426207419416 27.360626156605676
27.132673802894942 27.35153475949296
27.999571997647813 27.021772169784846
27.94064600992828 27.083396483796044
27.002867859706086 27.826812571383574
27.372998389019305 27.19683601112024
27.079047159479348 27.35675622048093
27.393131978677847 27.171572989741577
27.32525914480385 27.332207447911554
27.377314092102772 27.183241123360467
27.85153884663787 27.091730505744824
27.998798533260373 27.036415544478764
27.369701780096904 27.230486173329847
27.568954723875812 27.12418961632525
27.575440475985907 27.113606120686644
27.50494911944074 27.157130526341525
27.562292522550315 27.12629027556146
27.332742410267755 27.316864727990374
27.81510561821325 27.093896080873492
27.341829189368728 27.293463296644536
27.01138299237955 27.495559137652446
27.51600494314067 27.133228265695827
27.370229197861278 27.204844081257637
27.18986502805368 27.3513109944589
27.383788520114837 27.171736483754934
27.78703221684816 27.102120943387234
27.76764708726231 27.105880651675534
27.50562505949365 27.155998983423153
27.946055720284015 27.03990619804757
27.00086275528004 27.969336908174835
27.584027977243796 27.110014058556487
27.420075134166442 27.170881036877375
27.13085126165895 27.356398171537865
27.002698640929918 27.92832491470506
27.799461406116727 27.10184026031067
27.211301216918173 27.350618910957564
27.37197685000227 27.20217107113571
27.571255466717066 27.11803015716796
27.75113972480909 27.108167549145627
27.91528888801368 27.084200111717458
28.23339461229927 28.363265325694012
28.225462202740246 28.635549982343534
28.214859186714847 28.969965743623284
28.89666132971513 28.040224924717222
28.744312818589055 28.359855958846012
28.87323595435108 28.2002627095798
28.755698404411106 28.277355329347373
28.006488527317682 28.98520178238188
28.865005553603343 28.222961364936932
28.849656447910686 28.244450020068516
28.232009331304564 28.62182473322745
28.836180835975973 28.27383816899096
28.005410913080862 28.991908722689132
28.8825698822384 28.14337219666768
28.023810100482216 28.97845969785629
28.752786335108997 28.28369518568881
28.948502850241663 28.004075833059254
28.885563309094227 28.09157051655543
28.1336726829572 28.970393690494518
28.072524395287463 28.972629498400337
28.718644835146154 28.36286835044497
28.752610466892122 28.320804650088842
28.83696969928705 28.267566135345046
28.90111748752704 28.007468482338115
28.7559376784375 28.273882184190942
28.22130129853708 28.85018798652466
28.892442873793666 28.080795484310617
28.88172730940237 28.1597729851046
28.947723417086443 28.004952940153963
28.900041816617914 28.02449577120926
28.860051369636057 28.22775075284754
28.847225611481473 28.2475678716964
28.02084847498192 28.97943016606027
28.84670629589722 28.25895956864236
28.223138132027255 28.83946766568954
28.878219617027263 28.160321722465685
28.22504560783063 28.697889898771788
28.215399547543083 28.926582440609256
28.882903442494186 28.10538448426147
28.233289234569856 28.373436314430382
28.22255246946876 28.848456244178433
28.85972227844814 28.23832683391019
28.874623285590708 28.199453117065246
28.857656654181735 28.244319119033648
28.22104454743271 28.92128129878305
28.23285074972422 28.48713578951064
28.224992987662013 28.788834866428036
28.22543186633664 28.671560637426197
28.233253487996127 28.45702741409601
28.75038785837535 28.34350275525555
28.22109262426703 28.895889385336524
28.229498565459885 28.62488095157088
28.89948413443426 28.029836034008166
28.86921187910778 28.217614110025686
28.90669056176233 28.00740679699452
28.981029529034586 28.00004625734105
28.894317263957827 28.055441170419545
28.748494253139835 28.344539941552263
28.2326570693817 28.591870851419802
28.008311660748777 28.981598405681588
28.215155617147552 28.942981255333198
28.029673338043516 28.976156664544792
28.35202385857633 28.36307037029195
28.226433022211936 28.62776392833147
28.87634515438164 28.18534428286965
28.030462957017956 28.97394629015136
29.19800420744897 29.838249434849043
29.326169996353418 29.137302138156006
29.660874210888956 29.040225548822423
29.45414425023019 29.071454914542503
29.76946496458407 29.030880204875842
29.29548326689332 29.211346418043924
29.05191473116775 29.951294774576027
29.200643965346973 29.4565741258929
29.941978677602236 29.026418522287464
29.16060514402864 29.901762380071162
29.24907798423854 29.25522485255508
29.556547516043317 29.071214846976176
29.210017118882565 29.45090384622343
29.320612163987843 29.184418148590712
29.390966548176195 29.07722201010332
29.764372276448047 29.033000822166127
29.32237941201329 29.1685404402068
29.11098537829176 29.92178990939292
29.277613323020745 29.245052825210777
29.559086027745046 29.0594996782766
29.639511108546422 29.055412786489672
29.986351004178253 29.012235386628774
29.335956856272965 29.086903631458895
29.239030792155216 29.432513796218828
29.968197021175143 29.01883532480195
29.17143874560401 29.87345973307724
29.19944897645482 29.585721009401446
29.24430733054124 29.2949153191628
29.017132348284267 29.989834778070673
29.74241296679352 29.038220806211555
29.214801742301045 29.447932799348568
29.356782910859206 29.079934231683037
29.234663158552912 29.434160878151364
29.023809436607376 29.98289949085025
29.44657471117818 29.07706583709099
29.22880017256178 29.438522882394537
29.035204140968748 29.970679348181406
29.294661317062957 29.23908621840157
29.142346284026353 29.909608667729067
29.244511153706068 29.267048728165197
29.16469901824242 29.89133981750369
29.099730408613134 29.948336427230043
29.15648267786495 29.90892708899982
29.30738728246337 29.195783474515313
29.24554497481729 29.26571425371861
29.20583808042745 29.452979818438866
29.10549672147764 29.932938964120616
29.000439166199367 29.990908583087617
29.185190184310443 29.85883590182777
29.97568675977995 29.012552560753765
29.333419189535846 29.10694492330656
29.609352771694976 29.056382040335247
29.94286356165684 29.025394477131993
29.96624300978204 29.02321048971299
29.122801759283785 29.914585708075037
29.198989143967534 29.721334800719855
29.239469047622897 29.384462552517363
29.833731282712968 29.029180071707998
29.95091332262733 29.02481174259067
29.322903517028795 29.14245095075384
29.24364290114365 29.31610276635835
29.989713248515073 29.00747738664743
29.192750828566062 29.85346788397534
29.09153587865301 29.94895296952393
29.173362607590395 29.869801282443575
29.646601567603874 29.04925887246913
