1 1 1 1 1 1 1 1 1 1 1 1 1 900 0
1 1 1 1 1 1 1 1 1 1 1 1 1 899 1
1 1 1 1 1 1 1 1 1 1 1 1 1 898 2
1 1 1 1 1 1 1 1 1 1 1 1 1 897 3
1 1 1 1 1 1 1 1 1 1 1 1 1 896 4
1 1 1 1 1 1 1 1 1 1 1 1 1 895 5
1 1 1 1 1 1 1 1 1 1 1 1 1 894 6
1 1 1 1 1 1 1 1 1 1 1 1 1 893 7
1 1 1 1 1 1 1 1 1 1 1 1 1 892 8
1 1 1 1 1 1 1 1 1 1 1 1 1 891 9
1 1 1 1 1 1 1 1 1 1 1 1 1 890 10
1 1 1 1 1 1 1 1 1 1 1 1 1 889 11
1 1 1 1 1 1 1 1 1 1 1 1 1 888 12
1 1 1 1 1 1 1 1 1 1 1 1 1 887 13
1 1 1 1 1 1 1 1 1 1 1 1 1 886 14
1 1 1 1 1 1 1 1 1 1 1 1 1 885 15
1 1 1 1 1 1 1 1 1 1 1 1 1 884 16
1 1 1 1 1 1 1 1 1 1 1 1 1 883 17
1 1 1 1 1 1 1 1 1 1 1 1 1 882 18
1 1 1 1 1 1 1 1 1 1 1 1 1 881 19
1 1 1 1 1 1 1 1 1 1 1 1 1 880 20
1 1 1 1 1 1 1 1 1 1 1 1 1 879 21
1 1 1 1 1 1 1 1 1 1 1 1 1 878 22
1 1 1 1 1 1 1 1 1 1 1 1 1 877 23
1 1 1 1 1 1 1 1 1 1 1 1 1 876 24
1 1 1 1 1 1 1 1 1 1 1 1 1 875 25
1 1 1 1 1 1 1 1 1 1 1 1 1 874 26
1 1 1 1 1 1 1 1 1 1 1 1 1 873 27
1 1 1 1 1 1 1 1 1 1 1 1 1 872 28
1 1 1 1 1 1 1 1 1 1 1 1 1 871 29
1 1 1 1 1 1 1 1 1 1 1 1 1 870 30
1 1 1 1 1 1 1 1 1 1 1 1 1 869 31
1 1 1 1 1 1 1 1 1 1 1 1 1 868 32
1 1 1 1 1 1 1 1 1 1 1 1 1 867 33
1 1 1 1 1 1 1 1 1 1 1 1 1 866 34
1 1 1 1 1 1 1 1 1 1 1 1 1 865 35
1 1 1 1 1 1 1 1 1 1 1 1 1 864 36
1 1 1 1 1 1 1 1 1 1 1 1 1 863 37
1 1 1 1 1 1 1 1 1 1 1 1 1 862 38
1 1 1 1 1 1 1 1 1 1 1 1 1 861 39
1 1 1 1 1 1 1 1 1 1 1 1 1 860 40
1 1 1 1 1 1 1 1 1 1 1 1 1 859 41
1 1 1 1 1 1 1 1 1 1 1 1 1 858 42
1 1 1 1 1 1 1 1 1 1 1 1 1 857 43
1 1 1 1 1 1 1 1 1 1 1 1 1 856 44
1 1 1 1 1 1 1 1 1 1 1 1 1 855 45
1 1 1 1 1 1 1 1 1 1 1 1 1 854 46
1 1 1 1 1 1 1 1 1 1 1 1 1 853 47
1 1 1 1 1 1 1 1 1 1 1 1 1 852 48
1 1 1 1 1 1 1 1 1 1 1 1 1 851 49
1 1 1 1 1 1 1 1 1 1 1 1 1 850 50
1 1 1 1 1 1 1 1 1 1 1 1 1 849 51
1 1 1 1 1 1 1 1 1 1 1 1 1 848 52
1 1 1 1 1 1 1 1 1 1 1 1 1 847 53
1 1 1 1 1 1 1 1 1 1 1 1 1 846 54
1 1 1 1 1 1 1 1 1 1 1 1 1 845 55
1 1 1 1 1 1 1 1 1 1 1 1 1 844 56
1 1 1 1 1 1 1 1 1 1 1 1 1 843 57
1 1 1 1 1 1 1 1 1 1 1 1 1 842 58
1 1 1 1 1 1 1 1 1 1 1 1 1 841 59
1 1 1 1 1 1 1 1 1 1 1 1 1 840 60
1 1 1 1 1 1 1 1 1 1 1 1 1 839 61
1 1 1 1 1 1 1 1 1 1 1 1 1 838 62
1 1 1 1 1 1 1 1 1 1 1 1 1 837 63
1 1 1 1 1 1 1 1 1 1 1 1 1 836 64
1 1 1 1 1 1 1 1 1 1 1 1 1 835 65
1 1 1 1 1 1 1 1 1 1 1 1 1 834 66
1 1 1 1 1 1 1 1 1 1 1 1 1 833 67
1 1 1 1 1 1 1 1 1 1 1 1 1 832 68
1 1 1 1 1 1 1 1 1 1 1 1 1 831 69
1 1 1 1 1 1 1 1 1 1 1 1 1 830 70
1 1 1 1 1 1 1 1 1 1 1 1 1 829 71
1 1 1 1 1 1 1 1 1 1 1 1 1 828 72
1 1 1 1 1 1 1 1 1 1 1 1 1 827 73
1 1 1 1 1 1 1 1 1 1 1 1 1 826 74
1 1 1 1 1 1 1 1 1 1 1 1 1 825 75
1 1 1 1 1 1 1 1 1 1 1 1 1 824 76
1 1 1 1 1 1 1 1 1 1 1 1 1 823 77
1 1 1 1 1 1 1 1 1 1 1 1 1 822 78
1 1 1 1 1 1 1 1 1 1 1 1 1 821 79
1 1 1 1 1 1 1 1 1 1 1 1 1 820 80
1 1 1 1 1 1 1 1 1 1 1 1 1 819 81
1 1 1 1 1 1 1 1 1 1 1 1 1 818 82
1 1 1 1 1 1 1 1 1 1 1 1 1 817 83
1 1 1 1 1 1 1 1 1 1 1 1 1 816 84
1 1 1 1 1 1 1 1 1 1 1 1 1 815 85
1 1 1 1 1 1 1 1 1 1 1 1 1 814 86
1 1 1 1 1 1 1 1 1 1 1 1 1 813 87
1 1 1 1 1 1 1 1 1 1 1 1 1 812 88
1 1 1 1 1 1 1 1 1 1 1 1 1 811 89
1 1 1 1 1 1 1 1 1 1 1 1 1 810 90
1 1 1 1 1 1 1 1 1 1 1 1 1 809 91
1 1 1 1 1 1 1 1 1 1 1 1 1 808 92
1 1 1 1 1 1 1 1 1 1 1 1 1 807 93
1 1 1 1 1 1 1 1 1 1 1 1 1 806 94
1 1 1 1 1 1 1 1 1 1 1 1 1 805 95
1 1 1 1 1 1 1 1 1 1 1 1 1 804 96
1 1 1 1 1 1 1 1 1 1 1 1 1 803 97
1 1 1 1 1 1 1 1 1 1 1 1 1 802 98
1 1 1 1 1 1 1 1 1 1 1 1 1 801 99
1 1 1 1 1 1 1 1 1 1 1 1 1 800 100
1 1 1 1 1 1 1 1 1 1 1 1 1 799 101
1 1 1 1 1 1 1 1 1 1 1 1 1 798 102
1 1 1 1 1 1 1 1 1 1 1 1 1 797 103
1 1 1 1 1 1 1 1 1 1 1 1 1 796 104
1 1 1 1 1 1 1 1 1 1 1 1 1 795 105
1 1 1 1 1 1 1 1 1 1 1 1 1 794 106
1 1 1 1 1 1 1 1 1 1 1 1 1 793 107
1 1 1 1 1 1 1 1 1 1 1 1 1 792 108
1 1 1 1 1 1 1 1 1 1 1 1 1 791 109
1 1 1 1 1 1 1 1 1 1 1 1 1 790 110
1 1 1 1 1 1 1 1 1 1 1 1 1 789 111
1 1 1 1 1 1 1 1 1 1 1 1 1 788 112
1 1 1 1 1 1 1 1 1 1 1 1 1 787 113
1 1 1 1 1 1 1 1 1 1 1 1 1 786 114
1 1 1 1 1 1 1 1 1 1 1 1 1 785 115
1 1 1 1 1 1 1 1 1 1 1 1 1 784 116
1 1 1 1 1 1 1 1 1 1 1 1 1 783 117
1 1 1 1 1 1 1 1 1 1 1 1 1 782 118
1 1 1 1 1 1 1 1 1 1 1 1 1 781 119
1 1 1 1 1 1 1 1 1 1 1 1 1 780 120
1 1 1 1 1 1 1 1 1 1 1 1 1 779 121
1 1 1 1 1 1 1 1 1 1 1 1 1 778 122
1 1 1 1 1 1 1 1 1 1 1 1 1 777 123
1 1 1 1 1 1 1 1 1 1 1 1 1 776 124
1 1 1 1 1 1 1 1 1 1 1 1 1 775 125
1 1 1 1 1 1 1 1 1 1 1 1 1 774 126
1 1 1 1 1 1 1 1 1 1 1 1 1 773 127
1 1 1 1 1 1 1 1 1 1 1 1 1 772 128
1 1 1 1 1 1 1 1 1 1 1 1 1 771 129
1 1 1 1 1 1 1 1 1 1 1 1 1 770 130
1 1 1 1 1 1 1 1 1 1 1 1 1 769 131
1 1 1 1 1 1 1 1 1 1 1 1 1 768 132
1 1 1 1 1 1 1 1 1 1 1 1 1 767 133
1 1 1 1 1 1 1 1 1 1 1 1 1 766 134
1 1 1 1 1 1 1 1 1 1 1 1 1 765 135
1 1 1 1 1 1 1 1 1 1 1 1 1 764 136
1 1 1 1 1 1 1 1 1 1 1 1 1 763 137
1 1 1 1 1 1 1 1 1 1 1 1 1 762 138
1 1 1 1 1 1 1 1 1 1 1 1 1 761 139
1 1 1 1 1 1 1 1 1 1 1 1 1 760 140
1 1 1 1 1 1 1 1 1 1 1 1 1 759 141
1 1 1 1 1 1 1 1 1 1 1 1 1 758 142
1 1 1 1 1 1 1 1 1 1 1 1 1 757 143
1 1 1 1 1 1 1 1 1 1 1 1 1 756 144
1 1 1 1 1 1 1 1 1 1 1 1 1 755 145
1 1 1 1 1 1 1 1 1 1 1 1 1 754 146
1 1 1 1 1 1 1 1 1 1 1 1 1 753 147
1 1 1 1 1 1 1 1 1 1 1 1 1 752 148
1 1 1 1 1 1 1 1 1 1 1 1 1 751 149
1 1 1 1 1 1 1 1 1 1 1 1 1 750 150
1 1 1 1 1 1 1 1 1 1 1 1 1 749 151
1 1 1 1 1 1 1 1 1 1 1 1 1 748 152
1 1 1 1 1 1 1 1 1 1 1 1 1 747 153
1 1 1 1 1 1 1 1 1 1 1 1 1 746 154
1 1 1 1 1 1 1 1 1 1 1 1 1 745 155
1 1 1 1 1 1 1 1 1 1 1 1 1 744 156
1 1 1 1 1 1 1 1 1 1 1 1 1 743 157
1 1 1 1 1 1 1 1 1 1 1 1 1 742 158
1 1 1 1 1 1 1 1 1 1 1 1 1 741 159
1 1 1 1 1 1 1 1 1 1 1 1 1 740 160
1 1 1 1 1 1 1 1 1 1 1 1 1 739 161
1 1 1 1 1 1 1 1 1 1 1 1 1 738 162
1 1 1 1 1 1 1 1 1 1 1 1 1 737 163
1 1 1 1 1 1 1 1 1 1 1 1 1 736 164
1 1 1 1 1 1 1 1 1 1 1 1 1 735 165
1 1 1 1 1 1 1 1 1 1 1 1 1 734 166
1 1 1 1 1 1 1 1 1 1 1 1 1 733 167
1 1 1 1 1 1 1 1 1 1 1 1 1 732 168
1 1 1 1 1 1 1 1 1 1 1 1 1 731 169
1 1 1 1 1 1 1 1 1 1 1 1 1 730 170
1 1 1 1 1 1 1 1 1 1 1 1 1 729 171
1 1 1 1 1 1 1 1 1 1 1 1 1 728 172
1 1 1 1 1 1 1 1 1 1 1 1 1 727 173
1 1 1 1 1 1 1 1 1 1 1 1 1 726 174
1 1 1 1 1 1 1 1 1 1 1 1 1 725 175
1 1 1 1 1 1 1 1 1 1 1 1 1 724 176
1 1 1 1 1 1 1 1 1 1 1 1 1 723 177
1 1 1 1 1 1 1 1 1 1 1 1 1 722 178
1 1 1 1 1 1 1 1 1 1 1 1 1 721 179
1 1 1 1 1 1 1 1 1 1 1 1 1 720 180
1 1 1 1 1 1 1 1 1 1 1 1 1 719 181
1 1 1 1 1 1 1 1 1 1 1 1 1 718 182
1 1 1 1 1 1 1 1 1 1 1 1 1 717 183
1 1 1 1 1 1 1 1 1 1 1 1 1 716 184
1 1 1 1 1 1 1 1 1 1 1 1 1 715 185
1 1 1 1 1 1 1 1 1 1 1 1 1 714 186
1 1 1 1 1 1 1 1 1 1 1 1 1 713 187
1 1 1 1 1 1 1 1 1 1 1 1 1 712 188
1 1 1 1 1 1 1 1 1 1 1 1 1 711 189
1 1 1 1 1 1 1 1 1 1 1 1 1 710 190
1 1 1 1 1 1 1 1 1 1 1 1 1 709 191
1 1 1 1 1 1 1 1 1 1 1 1 1 708 192
1 1 1 1 1 1 1 1 1 1 1 1 1 707 193
1 1 1 1 1 1 1 1 1 1 1 1 1 706 194
1 1 1 1 1 1 1 1 1 1 1 1 1 705 195
1 1 1 1 1 1 1 1 1 1 1 1 1 704 196
1 1 1 1 1 1 1 1 1 1 1 1 1 703 197
1 1 1 1 1 1 1 1 1 1 1 1 1 702 198
1 1 1 1 1 1 1 1 1 1 1 1 1 701 199
1 1 1 1 1 1 1 1 1 1 1 1 1 700 200
1 1 1 1 1 1 1 1 1 1 1 1 1 699 201
1 1 1 1 1 1 1 1 1 1 1 1 1 698 202
1 1 1 1 1 1 1 1 1 1 1 1 1 697 203
1 1 1 1 1 1 1 1 1 1 1 1 1 696 204
1 1 1 1 1 1 1 1 1 1 1 1 1 695 205
1 1 1 1 1 1 1 1 1 1 1 1 1 694 206
1 1 1 1 1 1 1 1 1 1 1 1 1 693 207
1 1 1 1 1 1 1 1 1 1 1 1 1 692 208
1 1 1 1 1 1 1 1 1 1 1 1 1 691 209
1 1 1 1 1 1 1 1 1 1 1 1 1 690 210
1 1 1 1 1 1 1 1 1 1 1 1 1 689 211
1 1 1 1 1 1 1 1 1 1 1 1 1 688 212
1 1 1 1 1 1 1 1 1 1 1 1 1 687 213
1 1 1 1 1 1 1 1 1 1 1 1 1 686 214
1 1 1 1 1 1 1 1 1 1 1 1 1 685 215
1 1 1 1 1 1 1 1 1 1 1 1 1 684 216
1 1 1 1 1 1 1 1 1 1 1 1 1 683 217
1 1 1 1 1 1 1 1 1 1 1 1 1 682 218
1 1 1 1 1 1 1 1 1 1 1 1 1 681 219
1 1 1 1 1 1 1 1 1 1 1 1 1 680 220
1 1 1 1 1 1 1 1 1 1 1 1 1 679 221
1 1 1 1 1 1 1 1 1 1 1 1 1 678 222
1 1 1 1 1 1 1 1 1 1 1 1 1 677 223
1 1 1 1 1 1 1 1 1 1 1 1 1 676 224
1 1 1 1 1 1 1 1 1 1 1 1 1 675 225
1 1 1 1 1 1 1 1 1 1 1 1 1 674 226
1 1 1 1 1 1 1 1 1 1 1 1 1 673 227
1 1 1 1 1 1 1 1 1 1 1 1 1 672 228
1 1 1 1 1 1 1 1 1 1 1 1 1 671 229
1 1 1 1 1 1 1 1 1 1 1 1 1 670 230
1 1 1 1 1 1 1 1 1 1 1 1 1 669 231
1 1 1 1 1 1 1 1 1 1 1 1 1 668 232
1 1 1 1 1 1 1 1 1 1 1 1 1 667 233
1 1 1 1 1 1 1 1 1 1 1 1 1 666 234
1 1 1 1 1 1 1 1 1 1 1 1 1 665 235
1 1 1 1 1 1 1 1 1 1 1 1 1 664 236
1 1 1 1 1 1 1 1 1 1 1 1 1 663 237
1 1 1 1 1 1 1 1 1 1 1 1 1 662 238
1 1 1 1 1 1 1 1 1 1 1 1 1 661 239
1 1 1 1 1 1 1 1 1 1 1 1 1 660 240
1 1 1 1 1 1 1 1 1 1 1 1 1 659 241
1 1 1 1 1 1 1 1 1 1 1 1 1 658 242
1 1 1 1 1 1 1 1 1 1 1 1 1 657 243
1 1 1 1 1 1 1 1 1 1 1 1 1 656 244
1 1 1 1 1 1 1 1 1 1 1 1 1 655 245
1 1 1 1 1 1 1 1 1 1 1 1 1 654 246
1 1 1 1 1 1 1 1 1 1 1 1 1 653 247
1 1 1 1 1 1 1 1 1 1 1 1 1 652 248
1 1 1 1 1 1 1 1 1 1 1 1 1 651 249
1 1 1 1 1 1 1 1 1 1 1 1 1 650 250
1 1 1 1 1 1 1 1 1 1 1 1 1 649 251
1 1 1 1 1 1 1 1 1 1 1 1 1 648 252
1 1 1 1 1 1 1 1 1 1 1 1 1 647 253
1 1 1 1 1 1 1 1 1 1 1 1 1 646 254
1 1 1 1 1 1 1 1 1 1 1 1 1 645 255
1 1 1 1 1 1 1 1 1 1 1 1 1 644 256
1 1 1 1 1 1 1 1 1 1 1 1 1 643 257
1 1 1 1 1 1 1 1 1 1 1 1 1 642 258
1 1 1 1 1 1 1 1 1 1 1 1 1 641 259
1 1 1 1 1 1 1 1 1 1 1 1 1 640 260
1 1 1 1 1 1 1 1 1 1 1 1 1 639 261
1 1 1 1 1 1 1 1 1 1 1 1 1 638 262
1 1 1 1 1 1 1 1 1 1 1 1 1 637 263
1 1 1 1 1 1 1 1 1 1 1 1 1 636 264
1 1 1 1 1 1 1 1 1 1 1 1 1 635 265
1 1 1 1 1 1 1 1 1 1 1 1 1 634 266
1 1 1 1 1 1 1 1 1 1 1 1 1 633 267
1 1 1 1 1 1 1 1 1 1 1 1 1 632 268
1 1 1 1 1 1 1 1 1 1 1 1 1 631 269
1 1 1 1 1 1 1 1 1 1 1 1 1 630 270
1 1 1 1 1 1 1 1 1 1 1 1 1 629 271
1 1 1 1 1 1 1 1 1 1 1 1 1 628 272
1 1 1 1 1 1 1 1 1 1 1 1 1 627 273
1 1 1 1 1 1 1 1 1 1 1 1 1 626 274
1 1 1 1 1 1 1 1 1 1 1 1 1 625 275
1 1 1 1 1 1 1 1 1 1 1 1 1 624 276
1 1 1 1 1 1 1 1 1 1 1 1 1 623 277
1 1 1 1 1 1 1 1 1 1 1 1 1 622 278
1 1 1 1 1 1 1 1 1 1 1 1 1 621 279
1 1 1 1 1 1 1 1 1 1 1 1 1 620 280
1 1 1 1 1 1 1 1 1 1 1 1 1 619 281
1 1 1 1 1 1 1 1 1 1 1 1 1 618 282
1 1 1 1 1 1 1 1 1 1 1 1 1 617 283
1 1 1 1 1 1 1 1 1 1 1 1 1 616 284
1 1 1 1 1 1 1 1 1 1 1 1 1 615 285
1 1 1 1 1 1 1 1 1 1 1 1 1 614 286
1 1 1 1 1 1 1 1 1 1 1 1 1 613 287
1 1 1 1 1 1 1 1 1 1 1 1 1 612 288
1 1 1 1 1 1 1 1 1 1 1 1 1 611 289
1 1 1 1 1 1 1 1 1 1 1 1 1 610 290
1 1 1 1 1 1 1 1 1 1 1 1 1 609 291
1 1 1 1 1 1 1 1 1 1 1 1 1 608 292
1 1 1 1 1 1 1 1 1 1 1 1 1 607 293
1 1 1 1 1 1 1 1 1 1 1 1 1 606 294
1 1 1 1 1 1 1 1 1 1 1 1 1 605 295
1 1 1 1 1 1 1 1 1 1 1 1 1 604 296
1 1 1 1 1 1 1 1 1 1 1 1 1 603 297
1 1 1 1 1 1 1 1 1 1 1 1 1 602 298
1 1 1 1 1 1 1 1 1 1 1 1 1 601 299
1 1 1 1 1 1 1 1 1 1 1 1 1 600 300
1 1 1 1 1 1 1 1 1 1 1 1 1 599 301
1 1 1 1 1 1 1 1 1 1 1 1 1 598 302
1 1 1 1 1 1 1 1 1 1 1 1 1 597 303
1 1 1 1 1 1 1 1 1 1 1 1 1 596 304
1 1 1 1 1 1 1 1 1 1 1 1 1 595 305
1 1 1 1 1 1 1 1 1 1 1 1 1 594 306
1 1 1 1 1 1 1 1 1 1 1 1 1 593 307
1 1 1 1 1 1 1 1 1 1 1 1 1 592 308
1 1 1 1 1 1 1 1 1 1 1 1 1 591 309
1 1 1 1 1 1 1 1 1 1 1 1 1 590 310
1 1 1 1 1 1 1 1 1 1 1 1 1 589 311
1 1 1 1 1 1 1 1 1 1 1 1 1 588 312
1 1 1 1 1 1 1 1 1 1 1 1 1 587 313
1 1 1 1 1 1 1 1 1 1 1 1 1 586 314
1 1 1 1 1 1 1 1 1 1 1 1 1 585 315
1 1 1 1 1 1 1 1 1 1 1 1 1 584 316
1 1 1 1 1 1 1 1 1 1 1 1 1 583 317
1 1 1 1 1 1 1 1 1 1 1 1 1 582 318
1 1 1 1 1 1 1 1 1 1 1 1 1 581 319
1 1 1 1 1 1 1 1 1 1 1 1 1 580 320
1 1 1 1 1 1 1 1 1 1 1 1 1 579 321
1 1 1 1 1 1 1 1 1 1 1 1 1 578 322
1 1 1 1 1 1 1 1 1 1 1 1 1 577 323
1 1 1 1 1 1 1 1 1 1 1 1 1 576 324
1 1 1 1 1 1 1 1 1 1 1 1 1 575 325
1 1 1 1 1 1 1 1 1 1 1 1 1 574 326
1 1 1 1 1 1 1 1 1 1 1 1 1 573 327
1 1 1 1 1 1 1 1 1 1 1 1 1 572 328
1 1 1 1 1 1 1 1 1 1 1 1 1 571 329
1 1 1 1 1 1 1 1 1 1 1 1 1 570 330
1 1 1 1 1 1 1 1 1 1 1 1 1 569 331
1 1 1 1 1 1 1 1 1 1 1 1 1 568 332
1 1 1 1 1 1 1 1 1 1 1 1 1 567 333
1 1 1 1 1 1 1 1 1 1 1 1 1 566 334
1 1 1 1 1 1 1 1 1 1 1 1 1 565 335
1 1 1 1 1 1 1 1 1 1 1 1 1 564 336
1 1 1 1 1 1 1 1 1 1 1 1 1 563 337
1 1 1 1 1 1 1 1 1 1 1 1 1 562 338
1 1 1 1 1 1 1 1 1 1 1 1 1 561 339
1 1 1 1 1 1 1 1 1 1 1 1 1 560 340
1 1 1 1 1 1 1 1 1 1 1 1 1 559 341
1 1 1 1 1 1 1 1 1 1 1 1 1 558 342
1 1 1 1 1 1 1 1 1 1 1 1 1 557 343
1 1 1 1 1 1 1 1 1 1 1 1 1 556 344
1 1 1 1 1 1 1 1 1 1 1 1 1 555 345
1 1 1 1 1 1 1 1 1 1 1 1 1 554 346
1 1 1 1 1 1 1 1 1 1 1 1 1 553 347
1 1 1 1 1 1 1 1 1 1 1 1 1 552 348
1 1 1 1 1 1 1 1 1 1 1 1 1 551 349
1 1 1 1 1 1 1 1 1 1 1 1 1 550 350
1 1 1 1 1 1 1 1 1 1 1 1 1 549 351
1 1 1 1 1 1 1 1 1 1 1 1 1 548 352
1 1 1 1 1 1 1 1 1 1 1 1 1 547 353
1 1 1 1 1 1 1 1 1 1 1 1 1 546 354
1 1 1 1 1 1 1 1 1 1 1 1 1 545 355
1 1 1 1 1 1 1 1 1 1 1 1 1 544 356
1 1 1 1 1 1 1 1 1 1 1 1 1 543 357
1 1 1 1 1 1 1 1 1 1 1 1 1 542 358
1 1 1 1 1 1 1 1 1 1 1 1 1 541 359
1 1 1 1 1 1 1 1 1 1 1 1 1 540 360
1 1 1 1 1 1 1 1 1 1 1 1 1 539 361
1 1 1 1 1 1 1 1 1 1 1 1 1 538 362
1 1 1 1 1 1 1 1 1 1 1 1 1 537 363
1 1 1 1 1 1 1 1 1 1 1 1 1 536 364
1 1 1 1 1 1 1 1 1 1 1 1 1 535 365
1 1 1 1 1 1 1 1 1 1 1 1 1 534 366
1 1 1 1 1 1 1 1 1 1 1 1 1 533 367
1 1 1 1 1 1 1 1 1 1 1 1 1 532 368
1 1 1 1 1 1 1 1 1 1 1 1 1 531 369
1 1 1 1 1 1 1 1 1 1 1 1 1 530 370
1 1 1 1 1 1 1 1 1 1 1 1 1 529 371
1 1 1 1 1 1 1 1 1 1 1 1 1 528 372
1 1 1 1 1 1 1 1 1 1 1 1 1 527 373
1 1 1 1 1 1 1 1 1 1 1 1 1 526 374
1 1 1 1 1 1 1 1 1 1 1 1 1 525 375
1 1 1 1 1 1 1 1 1 1 1 1 1 524 376
1 1 1 1 1 1 1 1 1 1 1 1 1 523 377
1 1 1 1 1 1 1 1 1 1 1 1 1 522 378
1 1 1 1 1 1 1 1 1 1 1 1 1 521 379
1 1 1 1 1 1 1 1 1 1 1 1 1 520 380
1 1 1 1 1 1 1 1 1 1 1 1 1 519 381
1 1 1 1 1 1 1 1 1 1 1 1 1 518 382
1 1 1 1 1 1 1 1 1 1 1 1 1 517 383
1 1 1 1 1 1 1 1 1 1 1 1 1 516 384
1 1 1 1 1 1 1 1 1 1 1 1 1 515 385
1 1 1 1 1 1 1 1 1 1 1 1 1 514 386
1 1 1 1 1 1 1 1 1 1 1 1 1 513 387
1 1 1 1 1 1 1 1 1 1 1 1 1 512 388
1 1 1 1 1 1 1 1 1 1 1 1 1 511 389
1 1 1 1 1 1 1 1 1 1 1 1 1 510 390
1 1 1 1 1 1 1 1 1 1 1 1 1 509 391
1 1 1 1 1 1 1 1 1 1 1 1 1 508 392
1 1 1 1 1 1 1 1 1 1 1 1 1 507 393
1 1 1 1 1 1 1 1 1 1 1 1 1 506 394
1 1 1 1 1 1 1 1 1 1 1 1 1 505 395
1 1 1 1 1 1 1 1 1 1 1 1 1 504 396
1 1 1 1 1 1 1 1 1 1 1 1 1 503 397
1 1 1 1 1 1 1 1 1 1 1 1 1 502 398
1 1 1 1 1 1 1 1 1 1 1 1 1 501 399
1 1 1 1 1 1 1 1 1 1 1 1 1 500 400
1 1 1 1 1 1 1 1 1 1 1 1 1 499 401
1 1 1 1 1 1 1 1 1 1 1 1 1 498 402
1 1 1 1 1 1 1 1 1 1 1 1 1 497 403
1 1 1 1 1 1 1 1 1 1 1 1 1 496 404
1 1 1 1 1 1 1 1 1 1 1 1 1 495 405
1 1 1 1 1 1 1 1 1 1 1 1 1 494 406
1 1 1 1 1 1 1 1 1 1 1 1 1 493 407
1 1 1 1 1 1 1 1 1 1 1 1 1 492 408
1 1 1 1 1 1 1 1 1 1 1 1 1 491 409
1 1 1 1 1 1 1 1 1 1 1 1 1 490 410
1 1 1 1 1 1 1 1 1 1 1 1 1 489 411
1 1 1 1 1 1 1 1 1 1 1 1 1 488 412
1 1 1 1 1 1 1 1 1 1 1 1 1 487 413
1 1 1 1 1 1 1 1 1 1 1 1 1 486 414
1 1 1 1 1 1 1 1 1 1 1 1 1 485 415
1 1 1 1 1 1 1 1 1 1 1 1 1 484 416
1 1 1 1 1 1 1 1 1 1 1 1 1 483 417
1 1 1 1 1 1 1 1 1 1 1 1 1 482 418
1 1 1 1 1 1 1 1 1 1 1 1 1 481 419
1 1 1 1 1 1 1 1 1 1 1 1 1 480 420
1 1 1 1 1 1 1 1 1 1 1 1 1 479 421
1 1 1 1 1 1 1 1 1 1 1 1 1 478 422
1 1 1 1 1 1 1 1 1 1 1 1 1 477 423
1 1 1 1 1 1 1 1 1 1 1 1 1 476 424
1 1 1 1 1 1 1 1 1 1 1 1 1 475 425
1 1 1 1 1 1 1 1 1 1 1 1 1 474 426
1 1 1 1 1 1 1 1 1 1 1 1 1 473 427
1 1 1 1 1 1 1 1 1 1 1 1 1 472 428
1 1 1 1 1 1 1 1 1 1 1 1 1 471 429
1 1 1 1 1 1 1 1 1 1 1 1 1 470 430
1 1 1 1 1 1 1 1 1 1 1 1 1 469 431
1 1 1 1 1 1 1 1 1 1 1 1 1 468 432
1 1 1 1 1 1 1 1 1 1 1 1 1 467 433
1 1 1 1 1 1 1 1 1 1 1 1 1 466 434
1 1 1 1 1 1 1 1 1 1 1 1 1 465 435
1 1 1 1 1 1 1 1 1 1 1 1 1 464 436
1 1 1 1 1 1 1 1 1 1 1 1 1 463 437
1 1 1 1 1 1 1 1 1 1 1 1 1 462 438
1 1 1 1 1 1 1 1 1 1 1 1 1 461 439
1 1 1 1 1 1 1 1 1 1 1 1 1 460 440
1 1 1 1 1 1 1 1 1 1 1 1 1 459 441
1 1 1 1 1 1 1 1 1 1 1 1 1 458 442
1 1 1 1 1 1 1 1 1 1 1 1 1 457 443
1 1 1 1 1 1 1 1 1 1 1 1 1 456 444
1 1 1 1 1 1 1 1 1 1 1 1 1 455 445
1 1 1 1 1 1 1 1 1 1 1 1 1 454 446
1 1 1 1 1 1 1 1 1 1 1 1 1 453 447
1 1 1 1 1 1 1 1 1 1 1 1 1 452 448
1 1 1 1 1 1 1 1 1 1 1 1 1 451 449
1 1 1 1 1 1 1 1 1 1 1 1 1 450 450
1 1 1 1 1 1 1 1 1 1 1 1 1 449 451
1 1 1 1 1 1 1 1 1 1 1 1 1 448 452
1 1 1 1 1 1 1 1 1 1 1 1 1 447 453
1 1 1 1 1 1 1 1 1 1 1 1 1 446 454
1 1 1 1 1 1 1 1 1 1 1 1 1 445 455
1 1 1 1 1 1 1 1 1 1 1 1 1 444 456
1 1 1 1 1 1 1 1 1 1 1 1 1 443 457
1 1 1 1 1 1 1 1 1 1 1 1 1 442 458
1 1 1 1 1 1 1 1 1 1 1 1 1 441 459
1 1 1 1 1 1 1 1 1 1 1 1 1 440 460
1 1 1 1 1 1 1 1 1 1 1 1 1 439 461
1 1 1 1 1 1 1 1 1 1 1 1 1 438 462
1 1 1 1 1 1 1 1 1 1 1 1 1 437 463
1 1 1 1 1 1 1 1 1 1 1 1 1 436 464
1 1 1 1 1 1 1 1 1 1 1 1 1 435 465
1 1 1 1 1 1 1 1 1 1 1 1 1 434 466
1 1 1 1 1 1 1 1 1 1 1 1 1 433 467
1 1 1 1 1 1 1 1 1 1 1 1 1 432 468
1 1 1 1 1 1 1 1 1 1 1 1 1 431 469
1 1 1 1 1 1 1 1 1 1 1 1 1 430 470
1 1 1 1 1 1 1 1 1 1 1 1 1 429 471
1 1 1 1 1 1 1 1 1 1 1 1 1 428 472
1 1 1 1 1 1 1 1 1 1 1 1 1 427 473
1 1 1 1 1 1 1 1 1 1 1 1 1 426 474
1 1 1 1 1 1 1 1 1 1 1 1 1 425 475
1 1 1 1 1 1 1 1 1 1 1 1 1 424 476
1 1 1 1 1 1 1 1 1 1 1 1 1 423 477
1 1 1 1 1 1 1 1 1 1 1 1 1 422 478
1 1 1 1 1 1 1 1 1 1 1 1 1 421 479
1 1 1 1 1 1 1 1 1 1 1 1 1 420 480
1 1 1 1 1 1 1 1 1 1 1 1 1 419 481
1 1 1 1 1 1 1 1 1 1 1 1 1 418 482
1 1 1 1 1 1 1 1 1 1 1 1 1 417 483
1 1 1 1 1 1 1 1 1 1 1 1 1 416 484
1 1 1 1 1 1 1 1 1 1 1 1 1 415 485
1 1 1 1 1 1 1 1 1 1 1 1 1 414 486
1 1 1 1 1 1 1 1 1 1 1 1 1 413 487
1 1 1 1 1 1 1 1 1 1 1 1 1 412 488
1 1 1 1 1 1 1 1 1 1 1 1 1 411 489
1 1 1 1 1 1 1 1 1 1 1 1 1 410 490
1 1 1 1 1 1 1 1 1 1 1 1 1 409 491
1 1 1 1 1 1 1 1 1 1 1 1 1 408 492
1 1 1 1 1 1 1 1 1 1 1 1 1 407 493
1 1 1 1 1 1 1 1 1 1 1 1 1 406 494
1 1 1 1 1 1 1 1 1 1 1 1 1 405 495
1 1 1 1 1 1 1 1 1 1 1 1 1 404 496
1 1 1 1 1 1 1 1 1 1 1 1 1 403 497
1 1 1 1 1 1 1 1 1 1 1 1 1 402 498
1 1 1 1 1 1 1 1 1 1 1 1 1 401 499
1 1 1 1 1 1 1 1 1 1 1 1 1 400 500
1 1 1 1 1 1 1 1 1 1 1 1 1 399 501
1 1 1 1 1 1 1 1 1 1 1 1 1 398 502
1 1 1 1 1 1 1 1 1 1 1 1 1 397 503
1 1 1 1 1 1 1 1 1 1 1 1 1 396 504
1 1 1 1 1 1 1 1 1 1 1 1 1 395 505
1 1 1 1 1 1 1 1 1 1 1 1 1 394 506
1 1 1 1 1 1 1 1 1 1 1 1 1 393 507
1 1 1 1 1 1 1 1 1 1 1 1 1 392 508
1 1 1 1 1 1 1 1 1 1 1 1 1 391 509
1 1 1 1 1 1 1 1 1 1 1 1 1 390 510
1 1 1 1 1 1 1 1 1 1 1 1 1 389 511
1 1 1 1 1 1 1 1 1 1 1 1 1 388 512
1 1 1 1 1 1 1 1 1 1 1 1 1 387 513
1 1 1 1 1 1 1 1 1 1 1 1 1 386 514
1 1 1 1 1 1 1 1 1 1 1 1 1 385 515
1 1 1 1 1 1 1 1 1 1 1 1 1 384 516
1 1 1 1 1 1 1 1 1 1 1 1 1 383 517
1 1 1 1 1 1 1 1 1 1 1 1 1 382 518
1 1 1 1 1 1 1 1 1 1 1 1 1 381 519
1 1 1 1 1 1 1 1 1 1 1 1 1 380 520
1 1 1 1 1 1 1 1 1 1 1 1 1 379 521
1 1 1 1 1 1 1 1 1 1 1 1 1 378 522
1 1 1 1 1 1 1 1 1 1 1 1 1 377 523
1 1 1 1 1 1 1 1 1 1 1 1 1 376 524
1 1 1 1 1 1 1 1 1 1 1 1 1 375 525
1 1 1 1 1 1 1 1 1 1 1 1 1 374 526
1 1 1 1 1 1 1 1 1 1 1 1 1 373 527
1 1 1 1 1 1 1 1 1 1 1 1 1 372 528
1 1 1 1 1 1 1 1 1 1 1 1 1 371 529
1 1 1 1 1 1 1 1 1 1 1 1 1 370 530
1 1 1 1 1 1 1 1 1 1 1 1 1 369 531
1 1 1 1 1 1 1 1 1 1 1 1 1 368 532
1 1 1 1 1 1 1 1 1 1 1 1 1 367 533
1 1 1 1 1 1 1 1 1 1 1 1 1 366 534
1 1 1 1 1 1 1 1 1 1 1 1 1 365 535
1 1 1 1 1 1 1 1 1 1 1 1 1 364 536
1 1 1 1 1 1 1 1 1 1 1 1 1 363 537
1 1 1 1 1 1 1 1 1 1 1 1 1 362 538
1 1 1 1 1 1 1 1 1 1 1 1 1 361 539
1 1 1 1 1 1 1 1 1 1 1 1 1 360 540
1 1 1 1 1 1 1 1 1 1 1 1 1 359 541
1 1 1 1 1 1 1 1 1 1 1 1 1 358 542
1 1 1 1 1 1 1 1 1 1 1 1 1 357 543
1 1 1 1 1 1 1 1 1 1 1 1 1 356 544
1 1 1 1 1 1 1 1 1 1 1 1 1 355 545
1 1 1 1 1 1 1 1 1 1 1 1 1 354 546
1 1 1 1 1 1 1 1 1 1 1 1 1 353 547
1 1 1 1 1 1 1 1 1 1 1 1 1 352 548
1 1 1 1 1 1 1 1 1 1 1 1 1 351 549
1 1 1 1 1 1 1 1 1 1 1 1 1 350 550
1 1 1 1 1 1 1 1 1 1 1 1 1 349 551
1 1 1 1 1 1 1 1 1 1 1 1 1 348 552
1 1 1 1 1 1 1 1 1 1 1 1 1 347 553
1 1 1 1 1 1 1 1 1 1 1 1 1 346 554
1 1 1 1 1 1 1 1 1 1 1 1 1 345 555
1 1 1 1 1 1 1 1 1 1 1 1 1 344 556
1 1 1 1 1 1 1 1 1 1 1 1 1 343 557
1 1 1 1 1 1 1 1 1 1 1 1 1 342 558
1 1 1 1 1 1 1 1 1 1 1 1 1 341 559
1 1 1 1 1 1 1 1 1 1 1 1 1 340 560
1 1 1 1 1 1 1 1 1 1 1 1 1 339 561
1 1 1 1 1 1 1 1 1 1 1 1 1 338 562
1 1 1 1 1 1 1 1 1 1 1 1 1 337 563
1 1 1 1 1 1 1 1 1 1 1 1 1 336 564
1 1 1 1 1 1 1 1 1 1 1 1 1 335 565
1 1 1 1 1 1 1 1 1 1 1 1 1 334 566
1 1 1 1 1 1 1 1 1 1 1 1 1 333 567
1 1 1 1 1 1 1 1 1 1 1 1 1 332 568
1 1 1 1 1 1 1 1 1 1 1 1 1 331 569
1 1 1 1 1 1 1 1 1 1 1 1 1 330 570
1 1 1 1 1 1 1 1 1 1 1 1 1 329 571
1 1 1 1 1 1 1 1 1 1 1 1 1 328 572
1 1 1 1 1 1 1 1 1 1 1 1 1 327 573
1 1 1 1 1 1 1 1 1 1 1 1 1 326 574
1 1 1 1 1 1 1 1 1 1 1 1 1 325 575
1 1 1 1 1 1 1 1 1 1 1 1 1 324 576
1 1 1 1 1 1 1 1 1 1 1 1 1 323 577
1 1 1 1 1 1 1 1 1 1 1 1 1 322 578
1 1 1 1 1 1 1 1 1 1 1 1 1 321 579
1 1 1 1 1 1 1 1 1 1 1 1 1 320 580
1 1 1 1 1 1 1 1 1 1 1 1 1 319 581
1 1 1 1 1 1 1 1 1 1 1 1 1 318 582
1 1 1 1 1 1 1 1 1 1 1 1 1 317 583
1 1 1 1 1 1 1 1 1 1 1 1 1 316 584
1 1 1 1 1 1 1 1 1 1 1 1 1 315 585
1 1 1 1 1 1 1 1 1 1 1 1 1 314 586
1 1 1 1 1 1 1 1 1 1 1 1 1 313 587
1 1 1 1 1 1 1 1 1 1 1 1 1 312 588
1 1 1 1 1 1 1 1 1 1 1 1 1 311 589
1 1 1 1 1 1 1 1 1 1 1 1 1 310 590
1 1 1 1 1 1 1 1 1 1 1 1 1 309 591
1 1 1 1 1 1 1 1 1 1 1 1 1 308 592
1 1 1 1 1 1 1 1 1 1 1 1 1 307 593
1 1 1 1 1 1 1 1 1 1 1 1 1 306 594
1 1 1 1 1 1 1 1 1 1 1 1 1 305 595
1 1 1 1 1 1 1 1 1 1 1 1 1 304 596
1 1 1 1 1 1 1 1 1 1 1 1 1 303 597
1 1 1 1 1 1 1 1 1 1 1 1 1 302 598
1 1 1 1 1 1 1 1 1 1 1 1 1 301 599
1 1 1 1 1 1 1 1 1 1 1 1 1 300 600
1 1 1 1 1 1 1 1 1 1 1 1 1 299 601
1 1 1 1 1 1 1 1 1 1 1 1 1 298 602
1 1 1 1 1 1 1 1 1 1 1 1 1 297 603
1 1 1 1 1 1 1 1 1 1 1 1 1 296 604
1 1 1 1 1 1 1 1 1 1 1 1 1 295 605
1 1 1 1 1 1 1 1 1 1 1 1 1 294 606
1 1 1 1 1 1 1 1 1 1 1 1 1 293 607
1 1 1 1 1 1 1 1 1 1 1 1 1 292 608
1 1 1 1 1 1 1 1 1 1 1 1 1 291 609
1 1 1 1 1 1 1 1 1 1 1 1 1 290 610
1 1 1 1 1 1 1 1 1 1 1 1 1 289 611
1 1 1 1 1 1 1 1 1 1 1 1 1 288 612
1 1 1 1 1 1 1 1 1 1 1 1 1 287 613
1 1 1 1 1 1 1 1 1 1 1 1 1 286 614
1 1 1 1 1 1 1 1 1 1 1 1 1 285 615
1 1 1 1 1 1 1 1 1 1 1 1 1 284 616
1 1 1 1 1 1 1 1 1 1 1 1 1 283 617
1 1 1 1 1 1 1 1 1 1 1 1 1 282 618
1 1 1 1 1 1 1 1 1 1 1 1 1 281 619
1 1 1 1 1 1 1 1 1 1 1 1 1 280 620
1 1 1 1 1 1 1 1 1 1 1 1 1 279 621
1 1 1 1 1 1 1 1 1 1 1 1 1 278 622
1 1 1 1 1 1 1 1 1 1 1 1 1 277 623
1 1 1 1 1 1 1 1 1 1 1 1 1 276 624
1 1 1 1 1 1 1 1 1 1 1 1 1 275 625
1 1 1 1 1 1 1 1 1 1 1 1 1 274 626
1 1 1 1 1 1 1 1 1 1 1 1 1 273 627
1 1 1 1 1 1 1 1 1 1 1 1 1 272 628
1 1 1 1 1 1 1 1 1 1 1 1 1 271 629
1 1 1 1 1 1 1 1 1 1 1 1 1 270 630
1 1 1 1 1 1 1 1 1 1 1 1 1 269 631
1 1 1 1 1 1 1 1 1 1 1 1 1 268 632
1 1 1 1 1 1 1 1 1 1 1 1 1 267 633
1 1 1 1 1 1 1 1 1 1 1 1 1 266 634
1 1 1 1 1 1 1 1 1 1 1 1 1 265 635
1 1 1 1 1 1 1 1 1 1 1 1 1 264 636
1 1 1 1 1 1 1 1 1 1 1 1 1 263 637
1 1 1 1 1 1 1 1 1 1 1 1 1 262 638
1 1 1 1 1 1 1 1 1 1 1 1 1 261 639
1 1 1 1 1 1 1 1 1 1 1 1 1 260 640
1 1 1 1 1 1 1 1 1 1 1 1 1 259 641
1 1 1 1 1 1 1 1 1 1 1 1 1 258 642
1 1 1 1 1 1 1 1 1 1 1 1 1 257 643
1 1 1 1 1 1 1 1 1 1 1 1 1 256 644
1 1 1 1 1 1 1 1 1 1 1 1 1 255 645
1 1 1 1 1 1 1 1 1 1 1 1 1 254 646
1 1 1 1 1 1 1 1 1 1 1 1 1 253 647
1 1 1 1 1 1 1 1 1 1 1 1 1 252 648
1 1 1 1 1 1 1 1 1 1 1 1 1 251 649
1 1 1 1 1 1 1 1 1 1 1 1 1 250 650
1 1 1 1 1 1 1 1 1 1 1 1 1 249 651
1 1 1 1 1 1 1 1 1 1 1 1 1 248 652
1 1 1 1 1 1 1 1 1 1 1 1 1 247 653
1 1 1 1 1 1 1 1 1 1 1 1 1 246 654
1 1 1 1 1 1 1 1 1 1 1 1 1 245 655
1 1 1 1 1 1 1 1 1 1 1 1 1 244 656
1 1 1 1 1 1 1 1 1 1 1 1 1 243 657
1 1 1 1 1 1 1 1 1 1 1 1 1 242 658
1 1 1 1 1 1 1 1 1 1 1 1 1 241 659
1 1 1 1 1 1 1 1 1 1 1 1 1 240 660
1 1 1 1 1 1 1 1 1 1 1 1 1 239 661
1 1 1 1 1 1 1 1 1 1 1 1 1 238 662
1 1 1 1 1 1 1 1 1 1 1 1 1 237 663
1 1 1 1 1 1 1 1 1 1 1 1 1 236 664
1 1 1 1 1 1 1 1 1 1 1 1 1 235 665
1 1 1 1 1 1 1 1 1 1 1 1 1 234 666
1 1 1 1 1 1 1 1 1 1 1 1 1 233 667
1 1 1 1 1 1 1 1 1 1 1 1 1 232 668
1 1 1 1 1 1 1 1 1 1 1 1 1 231 669
1 1 1 1 1 1 1 1 1 1 1 1 1 230 670
1 1 1 1 1 1 1 1 1 1 1 1 1 229 671
1 1 1 1 1 1 1 1 1 1 1 1 1 228 672
1 1 1 1 1 1 1 1 1 1 1 1 1 227 673
1 1 1 1 1 1 1 1 1 1 1 1 1 226 674
1 1 1 1 1 1 1 1 1 1 1 1 1 225 675
1 1 1 1 1 1 1 1 1 1 1 1 1 224 676
1 1 1 1 1 1 1 1 1 1 1 1 1 223 677
1 1 1 1 1 1 1 1 1 1 1 1 1 222 678
1 1 1 1 1 1 1 1 1 1 1 1 1 221 679
1 1 1 1 1 1 1 1 1 1 1 1 1 220 680
1 1 1 1 1 1 1 1 1 1 1 1 1 219 681
1 1 1 1 1 1 1 1 1 1 1 1 1 218 682
1 1 1 1 1 1 1 1 1 1 1 1 1 217 683
1 1 1 1 1 1 1 1 1 1 1 1 1 216 684
1 1 1 1 1 1 1 1 1 1 1 1 1 215 685
1 1 1 1 1 1 1 1 1 1 1 1 1 214 686
1 1 1 1 1 1 1 1 1 1 1 1 1 213 687
1 1 1 1 1 1 1 1 1 1 1 1 1 212 688
1 1 1 1 1 1 1 1 1 1 1 1 1 211 689
1 1 1 1 1 1 1 1 1 1 1 1 1 210 690
1 1 1 1 1 1 1 1 1 1 1 1 1 209 691
1 1 1 1 1 1 1 1 1 1 1 1 1 208 692
1 1 1 1 1 1 1 1 1 1 1 1 1 207 693
1 1 1 1 1 1 1 1 1 1 1 1 1 206 694
1 1 1 1 1 1 1 1 1 1 1 1 1 205 695
1 1 1 1 1 1 1 1 1 1 1 1 1 204 696
1 1 1 1 1 1 1 1 1 1 1 1 1 203 697
1 1 1 1 1 1 1 1 1 1 1 1 1 202 698
1 1 1 1 1 1 1 1 1 1 1 1 1 201 699
1 1 1 1 1 1 1 1 1 1 1 1 1 200 700
1 1 1 1 1 1 1 1 1 1 1 1 1 199 701
1 1 1 1 1 1 1 1 1 1 1 1 1 198 702
1 1 1 1 1 1 1 1 1 1 1 1 1 197 703
1 1 1 1 1 1 1 1 1 1 1 1 1 196 704
1 1 1 1 1 1 1 1 1 1 1 1 1 195 705
1 1 1 1 1 1 1 1 1 1 1 1 1 194 706
1 1 1 1 1 1 1 1 1 1 1 1 1 193 707
1 1 1 1 1 1 1 1 1 1 1 1 1 192 708
1 1 1 1 1 1 1 1 1 1 1 1 1 191 709
1 1 1 1 1 1 1 1 1 1 1 1 1 190 710
1 1 1 1 1 1 1 1 1 1 1 1 1 189 711
1 1 1 1 1 1 1 1 1 1 1 1 1 188 712
1 1 1 1 1 1 1 1 1 1 1 1 1 187 713
1 1 1 1 1 1 1 1 1 1 1 1 1 186 714
1 1 1 1 1 1 1 1 1 1 1 1 1 185 715
1 1 1 1 1 1 1 1 1 1 1 1 1 184 716
1 1 1 1 1 1 1 1 1 1 1 1 1 183 717
1 1 1 1 1 1 1 1 1 1 1 1 1 182 718
1 1 1 1 1 1 1 1 1 1 1 1 1 181 719
1 1 1 1 1 1 1 1 1 1 1 1 1 180 720
1 1 1 1 1 1 1 1 1 1 1 1 1 179 721
1 1 1 1 1 1 1 1 1 1 1 1 1 178 722
1 1 1 1 1 1 1 1 1 1 1 1 1 177 723
1 1 1 1 1 1 1 1 1 1 1 1 1 176 724
1 1 1 1 1 1 1 1 1 1 1 1 1 175 725
1 1 1 1 1 1 1 1 1 1 1 1 1 174 726
1 1 1 1 1 1 1 1 1 1 1 1 1 173 727
1 1 1 1 1 1 1 1 1 1 1 1 1 172 728
1 1 1 1 1 1 1 1 1 1 1 1 1 171 729
1 1 1 1 1 1 1 1 1 1 1 1 1 170 730
1 1 1 1 1 1 1 1 1 1 1 1 1 169 731
1 1 1 1 1 1 1 1 1 1 1 1 1 168 732
1 1 1 1 1 1 1 1 1 1 1 1 1 167 733
1 1 1 1 1 1 1 1 1 1 1 1 1 166 734
1 1 1 1 1 1 1 1 1 1 1 1 1 165 735
1 1 1 1 1 1 1 1 1 1 1 1 1 164 736
1 1 1 1 1 1 1 1 1 1 1 1 1 163 737
1 1 1 1 1 1 1 1 1 1 1 1 1 162 738
1 1 1 1 1 1 1 1 1 1 1 1 1 161 739
1 1 1 1 1 1 1 1 1 1 1 1 1 160 740
1 1 1 1 1 1 1 1 1 1 1 1 1 159 741
1 1 1 1 1 1 1 1 1 1 1 1 1 158 742
1 1 1 1 1 1 1 1 1 1 1 1 1 157 743
1 1 1 1 1 1 1 1 1 1 1 1 1 156 744
1 1 1 1 1 1 1 1 1 1 1 1 1 155 745
1 1 1 1 1 1 1 1 1 1 1 1 1 154 746
1 1 1 1 1 1 1 1 1 1 1 1 1 153 747
1 1 1 1 1 1 1 1 1 1 1 1 1 152 748
1 1 1 1 1 1 1 1 1 1 1 1 1 151 749
1 1 1 1 1 1 1 1 1 1 1 1 1 150 750
1 1 1 1 1 1 1 1 1 1 1 1 1 149 751
1 1 1 1 1 1 1 1 1 1 1 1 1 148 752
1 1 1 1 1 1 1 1 1 1 1 1 1 147 753
1 1 1 1 1 1 1 1 1 1 1 1 1 146 754
1 1 1 1 1 1 1 1 1 1 1 1 1 145 755
1 1 1 1 1 1 1 1 1 1 1 1 1 144 756
1 1 1 1 1 1 1 1 1 1 1 1 1 143 757
1 1 1 1 1 1 1 1 1 1 1 1 1 142 758
1 1 1 1 1 1 1 1 1 1 1 1 1 141 759
1 1 1 1 1 1 1 1 1 1 1 1 1 140 760
1 1 1 1 1 1 1 1 1 1 1 1 1 139 761
1 1 1 1 1 1 1 1 1 1 1 1 1 138 762
1 1 1 1 1 1 1 1 1 1 1 1 1 137 763
1 1 1 1 1 1 1 1 1 1 1 1 1 136 764
1 1 1 1 1 1 1 1 1 1 1 1 1 135 765
1 1 1 1 1 1 1 1 1 1 1 1 1 134 766
1 1 1 1 1 1 1 1 1 1 1 1 1 133 767
1 1 1 1 1 1 1 1 1 1 1 1 1 132 768
1 1 1 1 1 1 1 1 1 1 1 1 1 131 769
1 1 1 1 1 1 1 1 1 1 1 1 1 130 770
1 1 1 1 1 1 1 1 1 1 1 1 1 129 771
1 1 1 1 1 1 1 1 1 1 1 1 1 128 772
1 1 1 1 1 1 1 1 1 1 1 1 1 127 773
1 1 1 1 1 1 1 1 1 1 1 1 1 126 774
1 1 1 1 1 1 1 1 1 1 1 1 1 125 775
1 1 1 1 1 1 1 1 1 1 1 1 1 124 776
1 1 1 1 1 1 1 1 1 1 1 1 1 123 777
1 1 1 1 1 1 1 1 1 1 1 1 1 122 778
1 1 1 1 1 1 1 1 1 1 1 1 1 121 779
1 1 1 1 1 1 1 1 1 1 1 1 1 120 780
1 1 1 1 1 1 1 1 1 1 1 1 1 119 781
1 1 1 1 1 1 1 1 1 1 1 1 1 118 782
1 1 1 1 1 1 1 1 1 1 1 1 1 117 783
1 1 1 1 1 1 1 1 1 1 1 1 1 116 784
1 1 1 1 1 1 1 1 1 1 1 1 1 115 785
1 1 1 1 1 1 1 1 1 1 1 1 1 114 786
1 1 1 1 1 1 1 1 1 1 1 1 1 113 787
1 1 1 1 1 1 1 1 1 1 1 1 1 112 788
1 1 1 1 1 1 1 1 1 1 1 1 1 111 789
1 1 1 1 1 1 1 1 1 1 1 1 1 110 790
1 1 1 1 1 1 1 1 1 1 1 1 1 109 791
1 1 1 1 1 1 1 1 1 1 1 1 1 108 792
1 1 1 1 1 1 1 1 1 1 1 1 1 107 793
1 1 1 1 1 1 1 1 1 1 1 1 1 106 794
1 1 1 1 1 1 1 1 1 1 1 1 1 105 795
1 1 1 1 1 1 1 1 1 1 1 1 1 104 796
1 1 1 1 1 1 1 1 1 1 1 1 1 103 797
1 1 1 1 1 1 1 1 1 1 1 1 1 102 798
1 1 1 1 1 1 1 1 1 1 1 1 1 101 799
1 1 1 1 1 1 1 1 1 1 1 1 1 100 800
1 1 1 1 1 1 1 1 1 1 1 1 1 99 801
1 1 1 1 1 1 1 1 1 1 1 1 1 98 802
1 1 1 1 1 1 1 1 1 1 1 1 1 97 803
1 1 1 1 1 1 1 1 1 1 1 1 1 96 804
1 1 1 1 1 1 1 1 1 1 1 1 1 95 805
1 1 1 1 1 1 1 1 1 1 1 1 1 94 806
1 1 1 1 1 1 1 1 1 1 1 1 1 93 807
1 1 1 1 1 1 1 1 1 1 1 1 1 92 808
1 1 1 1 1 1 1 1 1 1 1 1 1 91 809
1 1 1 1 1 1 1 1 1 1 1 1 1 90 810
1 1 1 1 1 1 1 1 1 1 1 1 1 89 811
1 1 1 1 1 1 1 1 1 1 1 1 1 88 812
1 1 1 1 1 1 1 1 1 1 1 1 1 87 813
1 1 1 1 1 1 1 1 1 1 1 1 1 86 814
1 1 1 1 1 1 1 1 1 1 1 1 1 85 815
1 1 1 1 1 1 1 1 1 1 1 1 1 84 816
1 1 1 1 1 1 1 1 1 1 1 1 1 83 817
1 1 1 1 1 1 1 1 1 1 1 1 1 82 818
1 1 1 1 1 1 1 1 1 1 1 1 1 81 819
1 1 1 1 1 1 1 1 1 1 1 1 1 80 820
1 1 1 1 1 1 1 1 1 1 1 1 1 79 821
1 1 1 1 1 1 1 1 1 1 1 1 1 78 822
1 1 1 1 1 1 1 1 1 1 1 1 1 77 823
1 1 1 1 1 1 1 1 1 1 1 1 1 76 824
1 1 1 1 1 1 1 1 1 1 1 1 1 75 825
1 1 1 1 1 1 1 1 1 1 1 1 1 74 826
1 1 1 1 1 1 1 1 1 1 1 1 1 73 827
1 1 1 1 1 1 1 1 1 1 1 1 1 72 828
1 1 1 1 1 1 1 1 1 1 1 1 1 71 829
1 1 1 1 1 1 1 1 1 1 1 1 1 70 830
1 1 1 1 1 1 1 1 1 1 1 1 1 69 831
1 1 1 1 1 1 1 1 1 1 1 1 1 68 832
1 1 1 1 1 1 1 1 1 1 1 1 1 67 833
1 1 1 1 1 1 1 1 1 1 1 1 1 66 834
1 1 1 1 1 1 1 1 1 1 1 1 1 65 835
1 1 1 1 1 1 1 1 1 1 1 1 1 64 836
1 1 1 1 1 1 1 1 1 1 1 1 1 63 837
1 1 1 1 1 1 1 1 1 1 1 1 1 62 838
1 1 1 1 1 1 1 1 1 1 1 1 1 61 839
1 1 1 1 1 1 1 1 1 1 1 1 1 60 840
1 1 1 1 1 1 1 1 1 1 1 1 1 59 841
1 1 1 1 1 1 1 1 1 1 1 1 1 58 842
1 1 1 1 1 1 1 1 1 1 1 1 1 57 843
1 1 1 1 1 1 1 1 1 1 1 1 1 56 844
1 1 1 1 1 1 1 1 1 1 1 1 1 55 845
1 1 1 1 1 1 1 1 1 1 1 1 1 54 846
1 1 1 1 1 1 1 1 1 1 1 1 1 53 847
1 1 1 1 1 1 1 1 1 1 1 1 1 52 848
1 1 1 1 1 1 1 1 1 1 1 1 1 51 849
1 1 1 1 1 1 1 1 1 1 1 1 1 50 850
1 1 1 1 1 1 1 1 1 1 1 1 1 49 851
1 1 1 1 1 1 1 1 1 1 1 1 1 48 852
1 1 1 1 1 1 1 1 1 1 1 1 1 47 853
1 1 1 1 1 1 1 1 1 1 1 1 1 46 854
1 1 1 1 1 1 1 1 1 1 1 1 1 45 855
1 1 1 1 1 1 1 1 1 1 1 1 1 44 856
1 1 1 1 1 1 1 1 1 1 1 1 1 43 857
1 1 1 1 1 1 1 1 1 1 1 1 1 42 858
1 1 1 1 1 1 1 1 1 1 1 1 1 41 859
1 1 1 1 1 1 1 1 1 1 1 1 1 40 860
1 1 1 1 1 1 1 1 1 1 1 1 1 39 861
1 1 1 1 1 1 1 1 1 1 1 1 1 38 862
1 1 1 1 1 1 1 1 1 1 1 1 1 37 863
1 1 1 1 1 1 1 1 1 1 1 1 1 36 864
1 1 1 1 1 1 1 1 1 1 1 1 1 35 865
1 1 1 1 1 1 1 1 1 1 1 1 1 34 866
1 1 1 1 1 1 1 1 1 1 1 1 1 33 867
1 1 1 1 1 1 1 1 1 1 1 1 1 32 868
1 1 1 1 1 1 1 1 1 1 1 1 1 31 869
1 1 1 1 1 1 1 1 1 1 1 1 1 30 870
1 1 1 1 1 1 1 1 1 1 1 1 1 29 871
1 1 1 1 1 1 1 1 1 1 1 1 1 28 872
1 1 1 1 1 1 1 1 1 1 1 1 1 27 873
1 1 1 1 1 1 1 1 1 1 1 1 1 26 874
1 1 1 1 1 1 1 1 1 1 1 1 1 25 875
1 1 1 1 1 1 1 1 1 1 1 1 1 24 876
1 1 1 1 1 1 1 1 1 1 1 1 1 23 877
1 1 1 1 1 1 1 1 1 1 1 1 1 22 878
1 1 1 1 1 1 1 1 1 1 1 1 1 21 879
1 1 1 1 1 1 1 1 1 1 1 1 1 20 880
1 1 1 1 1 1 1 1 1 1 1 1 1 19 881
1 1 1 1 1 1 1 1 1 1 1 1 1 18 882
1 1 1 1 1 1 1 1 1 1 1 1 1 17 883
1 1 1 1 1 1 1 1 1 1 1 1 1 16 884
1 1 1 1 1 1 1 1 1 1 1 1 1 15 885
1 1 1 1 1 1 1 1 1 1 1 1 1 14 886
1 1 1 1 1 1 1 1 1 1 1 1 1 13 887
1 1 1 1 1 1 1 1 1 1 1 1 1 12 888
1 1 1 1 1 1 1 1 1 1 1 1 1 11 889
1 1 1 1 1 1 1 1 1 1 1 1 1 10 890
1 1 1 1 1 1 1 1 1 1 1 1 1 9 891
1 1 1 1 1 1 1 1 1 1 1 1 1 8 892
1 1 1 1 1 1 1 1 1 1 1 1 1 7 893
1 1 1 1 1 1 1 1 1 1 1 1 1 6 894
1 1 1 1 1 1 1 1 1 1 1 1 1 5 895
1 1 1 1 1 1 1 1 1 1 1 1 1 4 896
1 1 1 1 1 1 1 1 1 1 1 1 1 3 897
1 1 1 1 1 1 1 1 1 1 1 1 1 2 898
1 1 1 1 1 1 1 1 1 1 1 1 1 1 899
1 1 1 1 1 1 1 1 1 1 1 1 1 0 900
1 1 1 1 1 1 1 1 1 1 1 1 1 0 899
1 1 1 1 1 1 1 1 1 1 1 1 1 0 898
1 1 1 1 1 1 1 1 1 1 1 1 1 0 897
1 1 1 1 1 1 1 1 1 1 1 1 1 0 896
1 1 1 1 1 1 1 1 1 1 1 1 1 0 895
1 1 1 1 1 1 1 1 1 1 1 1 1 0 894
1 1 1 1 1 1 1 1 1 1 1 1 1 0 893
1 1 1 1 1 1 1 1 1 1 1 1 1 0 892
1 1 1 1 1 1 1 1 1 1 1 1 1 0 891
1 1 1 1 1 1 1 1 1 1 1 1 1 0 890
1 1 1 1 1 1 1 1 1 1 1 1 1 0 889
1 1 1 1 1 1 1 1 1 1 1 1 1 0 888
1 1 1 1 1 1 1 1 1 1 1 1 1 0 887
1 1 1 1 1 1 1 1 1 1 1 1 1 0 886
1 1 1 1 1 1 1 1 1 1 1 1 1 0 885
1 1 1 1 1 1 1 1 1 1 1 1 1 0 884
1 1 1 1 1 1 1 1 1 1 1 1 1 0 883
1 1 1 1 1 1 1 1 1 1 1 1 1 0 882
1 1 1 1 1 1 1 1 1 1 1 1 1 0 881
1 1 1 1 1 1 1 1 1 1 1 1 1 0 880
1 1 1 1 1 1 1 1 1 1 1 1 1 0 879
1 1 1 1 1 1 1 1 1 1 1 1 1 0 878
1 1 1 1 1 1 1 1 1 1 1 1 1 0 877
1 1 1 1 1 1 1 1 1 1 1 1 1 0 876
1 1 1 1 1 1 1 1 1 1 1 1 1 0 875
1 1 1 1 1 1 1 1 1 1 1 1 1 0 874
1 1 1 1 1 1 1 1 1 1 1 1 1 0 873
1 1 1 1 1 1 1 1 1 1 1 1 1 0 872
1 1 1 1 1 1 1 1 1 1 1 1 1 0 871
1 1 1 1 1 1 1 1 1 1 1 1 1 0 870
1 1 1 1 1 1 1 1 1 1 1 1 1 0 869
1 1 1 1 1 1 1 1 1 1 1 1 1 0 868
1 1 1 1 1 1 1 1 1 1 1 1 1 0 867
1 1 1 1 1 1 1 1 1 1 1 1 1 0 866
1 1 1 1 1 1 1 1 1 1 1 1 1 0 865
1 1 1 1 1 1 1 1 1 1 1 1 1 0 864
1 1 1 1 1 1 1 1 1 1 1 1 1 0 863
1 1 1 1 1 1 1 1 1 1 1 1 1 0 862
1 1 1 1 1 1 1 1 1 1 1 1 1 0 861
1 1 1 1 1 1 1 1 1 1 1 1 1 0 860
1 1 1 1 1 1 1 1 1 1 1 1 1 0 859
1 1 1 1 1 1 1 1 1 1 1 1 1 0 858
1 1 1 1 1 1 1 1 1 1 1 1 1 0 857
1 1 1 1 1 1 1 1 1 1 1 1 1 0 856
1 1 1 1 1 1 1 1 1 1 1 1 1 0 855
1 1 1 1 1 1 1 1 1 1 1 1 1 0 854
1 1 1 1 1 1 1 1 1 1 1 1 1 0 853
1 1 1 1 1 1 1 1 1 1 1 1 1 0 852
1 1 1 1 1 1 1 1 1 1 1 1 1 0 851
1 1 1 1 1 1 1 1 1 1 1 1 1 0 850
1 1 1 1 1 1 1 1 1 1 1 1 1 0 849
1 1 1 1 1 1 1 1 1 1 1 1 1 0 848
1 1 1 1 1 1 1 1 1 1 1 1 1 0 847
1 1 1 1 1 1 1 1 1 1 1 1 1 0 846
1 1 1 1 1 1 1 1 1 1 1 1 1 0 845
1 1 1 1 1 1 1 1 1 1 1 1 1 0 844
1 1 1 1 1 1 1 1 1 1 1 1 1 0 843
1 1 1 1 1 1 1 1 1 1 1 1 1 0 842
1 1 1 1 1 1 1 1 1 1 1 1 1 0 841
1 1 1 1 1 1 1 1 1 1 1 1 1 0 840
1 1 1 1 1 1 1 1 1 1 1 1 1 0 839
1 1 1 1 1 1 1 1 1 1 1 1 1 0 838
1 1 1 1 1 1 1 1 1 1 1 1 1 0 837
1 1 1 1 1 1 1 1 1 1 1 1 1 0 836
1 1 1 1 1 1 1 1 1 1 1 1 1 0 835
1 1 1 1 1 1 1 1 1 1 1 1 1 0 834
1 1 1 1 1 1 1 1 1 1 1 1 1 0 833
1 1 1 1 1 1 1 1 1 1 1 1 1 0 832
1 1 1 1 1 1 1 1 1 1 1 1 1 0 831
1 1 1 1 1 1 1 1 1 1 1 1 1 0 830
1 1 1 1 1 1 1 1 1 1 1 1 1 0 829
1 1 1 1 1 1 1 1 1 1 1 1 1 0 828
1 1 1 1 1 1 1 1 1 1 1 1 1 0 827
1 1 1 1 1 1 1 1 1 1 1 1 1 0 826
1 1 1 1 1 1 1 1 1 1 1 1 1 0 825
1 1 1 1 1 1 1 1 1 1 1 1 1 0 824
1 1 1 1 1 1 1 1 1 1 1 1 1 0 823
1 1 1 1 1 1 1 1 1 1 1 1 1 0 822
1 1 1 1 1 1 1 1 1 1 1 1 1 0 821
1 1 1 1 1 1 1 1 1 1 1 1 1 0 820
1 1 1 1 1 1 1 1 1 1 1 1 1 0 819
1 1 1 1 1 1 1 1 1 1 1 1 1 0 818
1 1 1 1 1 1 1 1 1 1 1 1 1 0 817
1 1 1 1 1 1 1 1 1 1 1 1 1 0 816
1 1 1 1 1 1 1 1 1 1 1 1 1 0 815
1 1 1 1 1 1 1 1 1 1 1 1 1 0 814
1 1 1 1 1 1 1 1 1 1 1 1 1 0 813
1 1 1 1 1 1 1 1 1 1 1 1 1 0 812
1 1 1 1 1 1 1 1 1 1 1 1 1 0 811
1 1 1 1 1 1 1 1 1 1 1 1 1 0 810
1 1 1 1 1 1 1 1 1 1 1 1 1 0 809
1 1 1 1 1 1 1 1 1 1 1 1 1 0 808
1 1 1 1 1 1 1 1 1 1 1 1 1 0 807
1 1 1 1 1 1 1 1 1 1 1 1 1 0 806
1 1 1 1 1 1 1 1 1 1 1 1 1 0 805
1 1 1 1 1 1 1 1 1 1 1 1 1 0 804
1 1 1 1 1 1 1 1 1 1 1 1 1 0 803
1 1 1 1 1 1 1 1 1 1 1 1 1 0 802
1 1 1 1 1 1 1 1 1 1 1 1 1 0 801
1 1 1 1 1 1 1 1 1 1 1 1 1 0 800
1 1 1 1 1 1 1 1 1 1 1 1 1 0 799
1 1 1 1 1 1 1 1 1 1 1 1 1 0 798
1 1 1 1 1 1 1 1 1 1 1 1 1 0 797
1 1 1 1 1 1 1 1 1 1 1 1 1 0 796
1 1 1 1 1 1 1 1 1 1 1 1 1 0 795
1 1 1 1 1 1 1 1 1 1 1 1 1 0 794
1 1 1 1 1 1 1 1 1 1 1 1 1 0 793
1 1 1 1 1 1 1 1 1 1 1 1 1 0 792
1 1 1 1 1 1 1 1 1 1 1 1 1 0 791
1 1 1 1 1 1 1 1 1 1 1 1 1 0 790
1 1 1 1 1 1 1 1 1 1 1 1 1 0 789
1 1 1 1 1 1 1 1 1 1 1 1 1 0 788
1 1 1 1 1 1 1 1 1 1 1 1 1 0 787
1 1 1 1 1 1 1 1 1 1 1 1 1 0 786
1 1 1 1 1 1 1 1 1 1 1 1 1 0 785
1 1 1 1 1 1 1 1 1 1 1 1 1 0 784
1 1 1 1 1 1 1 1 1 1 1 1 1 0 783
1 1 1 1 1 1 1 1 1 1 1 1 1 0 782
1 1 1 1 1 1 1 1 1 1 1 1 1 0 781
1 1 1 1 1 1 1 1 1 1 1 1 1 0 780
1 1 1 1 1 1 1 1 1 1 1 1 1 0 779
1 1 1 1 1 1 1 1 1 1 1 1 1 0 778
1 1 1 1 1 1 1 1 1 1 1 1 1 0 777
1 1 1 1 1 1 1 1 1 1 1 1 1 0 776
1 1 1 1 1 1 1 1 1 1 1 1 1 0 775
1 1 1 1 1 1 1 1 1 1 1 1 1 0 774
1 1 1 1 1 1 1 1 1 1 1 1 1 0 773
1 1 1 1 1 1 1 1 1 1 1 1 1 0 772
1 1 1 1 1 1 1 1 1 1 1 1 1 0 771
1 1 1 1 1 1 1 1 1 1 1 1 1 0 770
1 1 1 1 1 1 1 1 1 1 1 1 1 0 769
1 1 1 1 1 1 1 1 1 1 1 1 1 0 768
1 1 1 1 1 1 1 1 1 1 1 1 1 0 767
1 1 1 1 1 1 1 1 1 1 1 1 1 0 766
1 1 1 1 1 1 1 1 1 1 1 1 1 0 765
1 1 1 1 1 1 1 1 1 1 1 1 1 0 764
1 1 1 1 1 1 1 1 1 1 1 1 1 0 763
1 1 1 1 1 1 1 1 1 1 1 1 1 0 762
1 1 1 1 1 1 1 1 1 1 1 1 1 0 761
1 1 1 1 1 1 1 1 1 1 1 1 1 0 760
1 1 1 1 1 1 1 1 1 1 1 1 1 0 759
1 1 1 1 1 1 1 1 1 1 1 1 1 0 758
1 1 1 1 1 1 1 1 1 1 1 1 1 0 757
1 1 1 1 1 1 1 1 1 1 1 1 1 0 756
1 1 1 1 1 1 1 1 1 1 1 1 1 0 755
1 1 1 1 1 1 1 1 1 1 1 1 1 0 754
1 1 1 1 1 1 1 1 1 1 1 1 1 0 753
1 1 1 1 1 1 1 1 1 1 1 1 1 0 752
1 1 1 1 1 1 1 1 1 1 1 1 1 0 751
1 1 1 1 1 1 1 1 1 1 1 1 1 0 750
1 1 1 1 1 1 1 1 1 1 1 1 1 0 749
1 1 1 1 1 1 1 1 1 1 1 1 1 0 748
1 1 1 1 1 1 1 1 1 1 1 1 1 0 747
1 1 1 1 1 1 1 1 1 1 1 1 1 0 746
1 1 1 1 1 1 1 1 1 1 1 1 1 0 745
1 1 1 1 1 1 1 1 1 1 1 1 1 0 744
1 1 1 1 1 1 1 1 1 1 1 1 1 0 743
1 1 1 1 1 1 1 1 1 1 1 1 1 0 742
1 1 1 1 1 1 1 1 1 1 1 1 1 0 741
1 1 1 1 1 1 1 1 1 1 1 1 1 0 740
1 1 1 1 1 1 1 1 1 1 1 1 1 0 739
1 1 1 1 1 1 1 1 1 1 1 1 1 0 738
1 1 1 1 1 1 1 1 1 1 1 1 1 0 737
1 1 1 1 1 1 1 1 1 1 1 1 1 0 736
1 1 1 1 1 1 1 1 1 1 1 1 1 0 735
1 1 1 1 1 1 1 1 1 1 1 1 1 0 734
1 1 1 1 1 1 1 1 1 1 1 1 1 0 733
1 1 1 1 1 1 1 1 1 1 1 1 1 0 732
1 1 1 1 1 1 1 1 1 1 1 1 1 0 731
1 1 1 1 1 1 1 1 1 1 1 1 1 0 730
1 1 1 1 1 1 1 1 1 1 1 1 1 0 729
1 1 1 1 1 1 1 1 1 1 1 1 1 0 728
1 1 1 1 1 1 1 1 1 1 1 1 1 0 727
1 1 1 1 1 1 1 1 1 1 1 1 1 0 726
1 1 1 1 1 1 1 1 1 1 1 1 1 0 725
1 1 1 1 1 1 1 1 1 1 1 1 1 0 724
1 1 1 1 1 1 1 1 1 1 1 1 1 0 723
1 1 1 1 1 1 1 1 1 1 1 1 1 0 722
1 1 1 1 1 1 1 1 1 1 1 1 1 0 721
1 1 1 1 1 1 1 1 1 1 1 1 1 0 720
1 1 1 1 1 1 1 1 1 1 1 1 1 0 719
1 1 1 1 1 1 1 1 1 1 1 1 1 0 718
1 1 1 1 1 1 1 1 1 1 1 1 1 0 717
1 1 1 1 1 1 1 1 1 1 1 1 1 0 716
1 1 1 1 1 1 1 1 1 1 1 1 1 0 715
1 1 1 1 1 1 1 1 1 1 1 1 1 0 714
1 1 1 1 1 1 1 1 1 1 1 1 1 0 713
1 1 1 1 1 1 1 1 1 1 1 1 1 0 712
1 1 1 1 1 1 1 1 1 1 1 1 1 0 711
1 1 1 1 1 1 1 1 1 1 1 1 1 0 710
1 1 1 1 1 1 1 1 1 1 1 1 1 0 709
1 1 1 1 1 1 1 1 1 1 1 1 1 0 708
1 1 1 1 1 1 1 1 1 1 1 1 1 0 707
1 1 1 1 1 1 1 1 1 1 1 1 1 0 706
1 1 1 1 1 1 1 1 1 1 1 1 1 0 705
1 1 1 1 1 1 1 1 1 1 1 1 1 0 704
1 1 1 1 1 1 1 1 1 1 1 1 1 0 703
1 1 1 1 1 1 1 1 1 1 1 1 1 0 702
1 1 1 1 1 1 1 1 1 1 1 1 1 0 701
1 1 1 1 1 1 1 1 1 1 1 1 1 0 700
1 1 1 1 1 1 1 1 1 1 1 1 1 0 699
1 1 1 1 1 1 1 1 1 1 1 1 1 0 698
1 1 1 1 1 1 1 1 1 1 1 1 1 0 697
1 1 1 1 1 1 1 1 1 1 1 1 1 0 696
1 1 1 1 1 1 1 1 1 1 1 1 1 0 695
1 1 1 1 1 1 1 1 1 1 1 1 1 0 694
1 1 1 1 1 1 1 1 1 1 1 1 1 0 693
1 1 1 1 1 1 1 1 1 1 1 1 1 0 692
1 1 1 1 1 1 1 1 1 1 1 1 1 0 691
1 1 1 1 1 1 1 1 1 1 1 1 1 0 690
1 1 1 1 1 1 1 1 1 1 1 1 1 0 689
1 1 1 1 1 1 1 1 1 1 1 1 1 0 688
1 1 1 1 1 1 1 1 1 1 1 1 1 0 687
1 1 1 1 1 1 1 1 1 1 1 1 1 0 686
1 1 1 1 1 1 1 1 1 1 1 1 1 0 685
1 1 1 1 1 1 1 1 1 1 1 1 1 0 684
1 1 1 1 1 1 1 1 1 1 1 1 1 0 683
1 1 1 1 1 1 1 1 1 1 1 1 1 0 682
1 1 1 1 1 1 1 1 1 1 1 1 1 0 681
1 1 1 1 1 1 1 1 1 1 1 1 1 0 680
1 1 1 1 1 1 1 1 1 1 1 1 1 0 679
1 1 1 1 1 1 1 1 1 1 1 1 1 0 678
1 1 1 1 1 1 1 1 1 1 1 1 1 0 677
1 1 1 1 1 1 1 1 1 1 1 1 1 0 676
1 1 1 1 1 1 1 1 1 1 1 1 1 0 675
1 1 1 1 1 1 1 1 1 1 1 1 1 0 674
1 1 1 1 1 1 1 1 1 1 1 1 1 0 673
1 1 1 1 1 1 1 1 1 1 1 1 1 0 672
1 1 1 1 1 1 1 1 1 1 1 1 1 0 671
1 1 1 1 1 1 1 1 1 1 1 1 1 0 670
1 1 1 1 1 1 1 1 1 1 1 1 1 0 669
1 1 1 1 1 1 1 1 1 1 1 1 1 0 668
1 1 1 1 1 1 1 1 1 1 1 1 1 0 667
1 1 1 1 1 1 1 1 1 1 1 1 1 0 666
1 1 1 1 1 1 1 1 1 1 1 1 1 0 665
1 1 1 1 1 1 1 1 1 1 1 1 1 0 664
1 1 1 1 1 1 1 1 1 1 1 1 1 0 663
1 1 1 1 1 1 1 1 1 1 1 1 1 0 662
1 1 1 1 1 1 1 1 1 1 1 1 1 0 661
1 1 1 1 1 1 1 1 1 1 1 1 1 0 660
1 1 1 1 1 1 1 1 1 1 1 1 1 0 659
1 1 1 1 1 1 1 1 1 1 1 1 1 0 658
1 1 1 1 1 1 1 1 1 1 1 1 1 0 657
1 1 1 1 1 1 1 1 1 1 1 1 1 0 656
1 1 1 1 1 1 1 1 1 1 1 1 1 0 655
1 1 1 1 1 1 1 1 1 1 1 1 1 0 654
1 1 1 1 1 1 1 1 1 1 1 1 1 0 653
1 1 1 1 1 1 1 1 1 1 1 1 1 0 652
1 1 1 1 1 1 1 1 1 1 1 1 1 0 651
1 1 1 1 1 1 1 1 1 1 1 1 1 0 650
1 1 1 1 1 1 1 1 1 1 1 1 1 0 649
1 1 1 1 1 1 1 1 1 1 1 1 1 0 648
1 1 1 1 1 1 1 1 1 1 1 1 1 0 647
1 1 1 1 1 1 1 1 1 1 1 1 1 0 646
1 1 1 1 1 1 1 1 1 1 1 1 1 0 645
1 1 1 1 1 1 1 1 1 1 1 1 1 0 644
1 1 1 1 1 1 1 1 1 1 1 1 1 0 643
1 1 1 1 1 1 1 1 1 1 1 1 1 0 642
1 1 1 1 1 1 1 1 1 1 1 1 1 0 641
1 1 1 1 1 1 1 1 1 1 1 1 1 0 640
1 1 1 1 1 1 1 1 1 1 1 1 1 0 639
1 1 1 1 1 1 1 1 1 1 1 1 1 0 638
1 1 1 1 1 1 1 1 1 1 1 1 1 0 637
1 1 1 1 1 1 1 1 1 1 1 1 1 0 636
1 1 1 1 1 1 1 1 1 1 1 1 1 0 635
1 1 1 1 1 1 1 1 1 1 1 1 1 0 634
1 1 1 1 1 1 1 1 1 1 1 1 1 0 633
1 1 1 1 1 1 1 1 1 1 1 1 1 0 632
1 1 1 1 1 1 1 1 1 1 1 1 1 0 631
1 1 1 1 1 1 1 1 1 1 1 1 1 0 630
1 1 1 1 1 1 1 1 1 1 1 1 1 0 629
1 1 1 1 1 1 1 1 1 1 1 1 1 0 628
1 1 1 1 1 1 1 1 1 1 1 1 1 0 627
1 1 1 1 1 1 1 1 1 1 1 1 1 0 626
1 1 1 1 1 1 1 1 1 1 1 1 1 0 625
1 1 1 1 1 1 1 1 1 1 1 1 1 0 624
1 1 1 1 1 1 1 1 1 1 1 1 1 0 623
1 1 1 1 1 1 1 1 1 1 1 1 1 0 622
1 1 1 1 1 1 1 1 1 1 1 1 1 0 621
1 1 1 1 1 1 1 1 1 1 1 1 1 0 620
1 1 1 1 1 1 1 1 1 1 1 1 1 0 619
1 1 1 1 1 1 1 1 1 1 1 1 1 0 618
1 1 1 1 1 1 1 1 1 1 1 1 1 0 617
1 1 1 1 1 1 1 1 1 1 1 1 1 0 616
1 1 1 1 1 1 1 1 1 1 1 1 1 0 615
1 1 1 1 1 1 1 1 1 1 1 1 1 0 614
1 1 1 1 1 1 1 1 1 1 1 1 1 0 613
1 1 1 1 1 1 1 1 1 1 1 1 1 0 612
1 1 1 1 1 1 1 1 1 1 1 1 1 0 611
1 1 1 1 1 1 1 1 1 1 1 1 1 0 610
1 1 1 1 1 1 1 1 1 1 1 1 1 0 609
1 1 1 1 1 1 1 1 1 1 1 1 1 0 608
1 1 1 1 1 1 1 1 1 1 1 1 1 0 607
1 1 1 1 1 1 1 1 1 1 1 1 1 0 606
1 1 1 1 1 1 1 1 1 1 1 1 1 0 605
1 1 1 1 1 1 1 1 1 1 1 1 1 0 604
1 1 1 1 1 1 1 1 1 1 1 1 1 0 603
1 1 1 1 1 1 1 1 1 1 1 1 1 0 602
1 1 1 1 1 1 1 1 1 1 1 1 1 0 601
1 1 1 1 1 1 1 1 1 1 1 1 1 0 600
1 1 1 1 1 1 1 1 1 1 1 1 1 0 599
1 1 1 1 1 1 1 1 1 1 1 1 1 0 598
1 1 1 1 1 1 1 1 1 1 1 1 1 0 597
1 1 1 1 1 1 1 1 1 1 1 1 1 0 596
1 1 1 1 1 1 1 1 1 1 1 1 1 0 595
1 1 1 1 1 1 1 1 1 1 1 1 1 0 594
1 1 1 1 1 1 1 1 1 1 1 1 1 0 593
1 1 1 1 1 1 1 1 1 1 1 1 1 0 592
1 1 1 1 1 1 1 1 1 1 1 1 1 0 591
1 1 1 1 1 1 1 1 1 1 1 1 1 0 590
1 1 1 1 1 1 1 1 1 1 1 1 1 0 589
1 1 1 1 1 1 1 1 1 1 1 1 1 0 588
1 1 1 1 1 1 1 1 1 1 1 1 1 0 587
1 1 1 1 1 1 1 1 1 1 1 1 1 0 586
1 1 1 1 1 1 1 1 1 1 1 1 1 0 585
1 1 1 1 1 1 1 1 1 1 1 1 1 0 584
1 1 1 1 1 1 1 1 1 1 1 1 1 0 583
1 1 1 1 1 1 1 1 1 1 1 1 1 0 582
1 1 1 1 1 1 1 1 1 1 1 1 1 0 581
1 1 1 1 1 1 1 1 1 1 1 1 1 0 580
1 1 1 1 1 1 1 1 1 1 1 1 1 0 579
1 1 1 1 1 1 1 1 1 1 1 1 1 0 578
1 1 1 1 1 1 1 1 1 1 1 1 1 0 577
1 1 1 1 1 1 1 1 1 1 1 1 1 0 576
1 1 1 1 1 1 1 1 1 1 1 1 1 0 575
1 1 1 1 1 1 1 1 1 1 1 1 1 0 574
1 1 1 1 1 1 1 1 1 1 1 1 1 0 573
1 1 1 1 1 1 1 1 1 1 1 1 1 0 572
1 1 1 1 1 1 1 1 1 1 1 1 1 0 571
1 1 1 1 1 1 1 1 1 1 1 1 1 0 570
1 1 1 1 1 1 1 1 1 1 1 1 1 0 569
1 1 1 1 1 1 1 1 1 1 1 1 1 0 568
1 1 1 1 1 1 1 1 1 1 1 1 1 0 567
1 1 1 1 1 1 1 1 1 1 1 1 1 0 566
1 1 1 1 1 1 1 1 1 1 1 1 1 0 565
1 1 1 1 1 1 1 1 1 1 1 1 1 0 564
1 1 1 1 1 1 1 1 1 1 1 1 1 0 563
1 1 1 1 1 1 1 1 1 1 1 1 1 0 562
1 1 1 1 1 1 1 1 1 1 1 1 1 0 561
1 1 1 1 1 1 1 1 1 1 1 1 1 0 560
1 1 1 1 1 1 1 1 1 1 1 1 1 0 559
1 1 1 1 1 1 1 1 1 1 1 1 1 0 558
1 1 1 1 1 1 1 1 1 1 1 1 1 0 557
1 1 1 1 1 1 1 1 1 1 1 1 1 0 556
1 1 1 1 1 1 1 1 1 1 1 1 1 0 555
1 1 1 1 1 1 1 1 1 1 1 1 1 0 554
1 1 1 1 1 1 1 1 1 1 1 1 1 0 553
1 1 1 1 1 1 1 1 1 1 1 1 1 0 552
1 1 1 1 1 1 1 1 1 1 1 1 1 0 551
1 1 1 1 1 1 1 1 1 1 1 1 1 0 550
1 1 1 1 1 1 1 1 1 1 1 1 1 0 549
1 1 1 1 1 1 1 1 1 1 1 1 1 0 548
1 1 1 1 1 1 1 1 1 1 1 1 1 0 547
1 1 1 1 1 1 1 1 1 1 1 1 1 0 546
1 1 1 1 1 1 1 1 1 1 1 1 1 0 545
1 1 1 1 1 1 1 1 1 1 1 1 1 0 544
1 1 1 1 1 1 1 1 1 1 1 1 1 0 543
1 1 1 1 1 1 1 1 1 1 1 1 1 0 542
1 1 1 1 1 1 1 1 1 1 1 1 1 0 541
1 1 1 1 1 1 1 1 1 1 1 1 1 0 540
1 1 1 1 1 1 1 1 1 1 1 1 1 0 539
1 1 1 1 1 1 1 1 1 1 1 1 1 0 538
1 1 1 1 1 1 1 1 1 1 1 1 1 0 537
1 1 1 1 1 1 1 1 1 1 1 1 1 0 536
1 1 1 1 1 1 1 1 1 1 1 1 1 0 535
1 1 1 1 1 1 1 1 1 1 1 1 1 0 534
1 1 1 1 1 1 1 1 1 1 1 1 1 0 533
1 1 1 1 1 1 1 1 1 1 1 1 1 0 532
1 1 1 1 1 1 1 1 1 1 1 1 1 0 531
1 1 1 1 1 1 1 1 1 1 1 1 1 0 530
1 1 1 1 1 1 1 1 1 1 1 1 1 0 529
1 1 1 1 1 1 1 1 1 1 1 1 1 0 528
1 1 1 1 1 1 1 1 1 1 1 1 1 0 527
1 1 1 1 1 1 1 1 1 1 1 1 1 0 526
1 1 1 1 1 1 1 1 1 1 1 1 1 0 525
1 1 1 1 1 1 1 1 1 1 1 1 1 0 524
1 1 1 1 1 1 1 1 1 1 1 1 1 0 523
1 1 1 1 1 1 1 1 1 1 1 1 1 0 522
1 1 1 1 1 1 1 1 1 1 1 1 1 0 521
1 1 1 1 1 1 1 1 1 1 1 1 1 0 520
1 1 1 1 1 1 1 1 1 1 1 1 1 0 519
1 1 1 1 1 1 1 1 1 1 1 1 1 0 518
1 1 1 1 1 1 1 1 1 1 1 1 1 0 517
1 1 1 1 1 1 1 1 1 1 1 1 1 0 516
1 1 1 1 1 1 1 1 1 1 1 1 1 0 515
1 1 1 1 1 1 1 1 1 1 1 1 1 0 514
1 1 1 1 1 1 1 1 1 1 1 1 1 0 513
1 1 1 1 1 1 1 1 1 1 1 1 1 0 512
1 1 1 1 1 1 1 1 1 1 1 1 1 0 511
1 1 1 1 1 1 1 1 1 1 1 1 1 0 510
1 1 1 1 1 1 1 1 1 1 1 1 1 0 509
1 1 1 1 1 1 1 1 1 1 1 1 1 0 508
1 1 1 1 1 1 1 1 1 1 1 1 1 0 507
1 1 1 1 1 1 1 1 1 1 1 1 1 0 506
1 1 1 1 1 1 1 1 1 1 1 1 1 0 505
1 1 1 1 1 1 1 1 1 1 1 1 1 0 504
1 1 1 1 1 1 1 1 1 1 1 1 1 0 503
1 1 1 1 1 1 1 1 1 1 1 1 1 0 502
1 1 1 1 1 1 1 1 1 1 1 1 1 0 501
1 1 1 1 1 1 1 1 1 1 1 1 1 0 500
1 1 1 1 1 1 1 1 1 1 1 1 1 0 499
1 1 1 1 1 1 1 1 1 1 1 1 1 0 498
1 1 1 1 1 1 1 1 1 1 1 1 1 0 497
1 1 1 1 1 1 1 1 1 1 1 1 1 0 496
1 1 1 1 1 1 1 1 1 1 1 1 1 0 495
1 1 1 1 1 1 1 1 1 1 1 1 1 0 494
1 1 1 1 1 1 1 1 1 1 1 1 1 0 493
1 1 1 1 1 1 1 1 1 1 1 1 1 0 492
1 1 1 1 1 1 1 1 1 1 1 1 1 0 491
1 1 1 1 1 1 1 1 1 1 1 1 1 0 490
1 1 1 1 1 1 1 1 1 1 1 1 1 0 489
1 1 1 1 1 1 1 1 1 1 1 1 1 0 488
1 1 1 1 1 1 1 1 1 1 1 1 1 0 487
1 1 1 1 1 1 1 1 1 1 1 1 1 0 486
1 1 1 1 1 1 1 1 1 1 1 1 1 0 485
1 1 1 1 1 1 1 1 1 1 1 1 1 0 484
1 1 1 1 1 1 1 1 1 1 1 1 1 0 483
1 1 1 1 1 1 1 1 1 1 1 1 1 0 482
1 1 1 1 1 1 1 1 1 1 1 1 1 0 481
1 1 1 1 1 1 1 1 1 1 1 1 1 0 480
1 1 1 1 1 1 1 1 1 1 1 1 1 0 479
1 1 1 1 1 1 1 1 1 1 1 1 1 0 478
1 1 1 1 1 1 1 1 1 1 1 1 1 0 477
1 1 1 1 1 1 1 1 1 1 1 1 1 0 476
1 1 1 1 1 1 1 1 1 1 1 1 1 0 475
1 1 1 1 1 1 1 1 1 1 1 1 1 0 474
1 1 1 1 1 1 1 1 1 1 1 1 1 0 473
1 1 1 1 1 1 1 1 1 1 1 1 1 0 472
1 1 1 1 1 1 1 1 1 1 1 1 1 0 471
1 1 1 1 1 1 1 1 1 1 1 1 1 0 470
1 1 1 1 1 1 1 1 1 1 1 1 1 0 469
1 1 1 1 1 1 1 1 1 1 1 1 1 0 468
1 1 1 1 1 1 1 1 1 1 1 1 1 0 467
1 1 1 1 1 1 1 1 1 1 1 1 1 0 466
1 1 1 1 1 1 1 1 1 1 1 1 1 0 465
1 1 1 1 1 1 1 1 1 1 1 1 1 0 464
1 1 1 1 1 1 1 1 1 1 1 1 1 0 463
1 1 1 1 1 1 1 1 1 1 1 1 1 0 462
1 1 1 1 1 1 1 1 1 1 1 1 1 0 461
1 1 1 1 1 1 1 1 1 1 1 1 1 0 460
1 1 1 1 1 1 1 1 1 1 1 1 1 0 459
1 1 1 1 1 1 1 1 1 1 1 1 1 0 458
1 1 1 1 1 1 1 1 1 1 1 1 1 0 457
1 1 1 1 1 1 1 1 1 1 1 1 1 0 456
1 1 1 1 1 1 1 1 1 1 1 1 1 0 455
1 1 1 1 1 1 1 1 1 1 1 1 1 0 454
1 1 1 1 1 1 1 1 1 1 1 1 1 0 453
1 1 1 1 1 1 1 1 1 1 1 1 1 0 452
1 1 1 1 1 1 1 1 1 1 1 1 1 0 451
1 1 1 1 1 1 1 1 1 1 1 1 1 0 450
1 1 1 1 1 1 1 1 1 1 1 1 1 0 449
1 1 1 1 1 1 1 1 1 1 1 1 1 0 448
1 1 1 1 1 1 1 1 1 1 1 1 1 0 447
1 1 1 1 1 1 1 1 1 1 1 1 1 0 446
1 1 1 1 1 1 1 1 1 1 1 1 1 0 445
1 1 1 1 1 1 1 1 1 1 1 1 1 0 444
1 1 1 1 1 1 1 1 1 1 1 1 1 0 443
1 1 1 1 1 1 1 1 1 1 1 1 1 0 442
1 1 1 1 1 1 1 1 1 1 1 1 1 0 441
1 1 1 1 1 1 1 1 1 1 1 1 1 0 440
1 1 1 1 1 1 1 1 1 1 1 1 1 0 439
1 1 1 1 1 1 1 1 1 1 1 1 1 0 438
1 1 1 1 1 1 1 1 1 1 1 1 1 0 437
1 1 1 1 1 1 1 1 1 1 1 1 1 0 436
1 1 1 1 1 1 1 1 1 1 1 1 1 0 435
1 1 1 1 1 1 1 1 1 1 1 1 1 0 434
1 1 1 1 1 1 1 1 1 1 1 1 1 0 433
1 1 1 1 1 1 1 1 1 1 1 1 1 0 432
1 1 1 1 1 1 1 1 1 1 1 1 1 0 431
1 1 1 1 1 1 1 1 1 1 1 1 1 0 430
1 1 1 1 1 1 1 1 1 1 1 1 1 0 429
1 1 1 1 1 1 1 1 1 1 1 1 1 0 428
1 1 1 1 1 1 1 1 1 1 1 1 1 0 427
1 1 1 1 1 1 1 1 1 1 1 1 1 0 426
1 1 1 1 1 1 1 1 1 1 1 1 1 0 425
1 1 1 1 1 1 1 1 1 1 1 1 1 0 424
1 1 1 1 1 1 1 1 1 1 1 1 1 0 423
1 1 1 1 1 1 1 1 1 1 1 1 1 0 422
1 1 1 1 1 1 1 1 1 1 1 1 1 0 421
1 1 1 1 1 1 1 1 1 1 1 1 1 0 420
1 1 1 1 1 1 1 1 1 1 1 1 1 0 419
1 1 1 1 1 1 1 1 1 1 1 1 1 0 418
1 1 1 1 1 1 1 1 1 1 1 1 1 0 417
1 1 1 1 1 1 1 1 1 1 1 1 1 0 416
1 1 1 1 1 1 1 1 1 1 1 1 1 0 415
1 1 1 1 1 1 1 1 1 1 1 1 1 0 414
1 1 1 1 1 1 1 1 1 1 1 1 1 0 413
1 1 1 1 1 1 1 1 1 1 1 1 1 0 412
1 1 1 1 1 1 1 1 1 1 1 1 1 0 411
1 1 1 1 1 1 1 1 1 1 1 1 1 0 410
1 1 1 1 1 1 1 1 1 1 1 1 1 0 409
1 1 1 1 1 1 1 1 1 1 1 1 1 0 408
1 1 1 1 1 1 1 1 1 1 1 1 1 0 407
1 1 1 1 1 1 1 1 1 1 1 1 1 0 406
1 1 1 1 1 1 1 1 1 1 1 1 1 0 405
1 1 1 1 1 1 1 1 1 1 1 1 1 0 404
1 1 1 1 1 1 1 1 1 1 1 1 1 0 403
1 1 1 1 1 1 1 1 1 1 1 1 1 0 402
1 1 1 1 1 1 1 1 1 1 1 1 1 0 401
1 1 1 1 1 1 1 1 1 1 1 1 1 0 400
1 1 1 1 1 1 1 1 1 1 1 1 1 0 399
1 1 1 1 1 1 1 1 1 1 1 1 1 0 398
1 1 1 1 1 1 1 1 1 1 1 1 1 0 397
1 1 1 1 1 1 1 1 1 1 1 1 1 0 396
1 1 1 1 1 1 1 1 1 1 1 1 1 0 395
1 1 1 1 1 1 1 1 1 1 1 1 1 0 394
1 1 1 1 1 1 1 1 1 1 1 1 1 0 393
1 1 1 1 1 1 1 1 1 1 1 1 1 0 392
1 1 1 1 1 1 1 1 1 1 1 1 1 0 391
1 1 1 1 1 1 1 1 1 1 1 1 1 0 390
1 1 1 1 1 1 1 1 1 1 1 1 1 0 389
1 1 1 1 1 1 1 1 1 1 1 1 1 0 388
1 1 1 1 1 1 1 1 1 1 1 1 1 0 387
1 1 1 1 1 1 1 1 1 1 1 1 1 0 386
1 1 1 1 1 1 1 1 1 1 1 1 1 0 385
1 1 1 1 1 1 1 1 1 1 1 1 1 0 384
1 1 1 1 1 1 1 1 1 1 1 1 1 0 383
1 1 1 1 1 1 1 1 1 1 1 1 1 0 382
1 1 1 1 1 1 1 1 1 1 1 1 1 0 381
1 1 1 1 1 1 1 1 1 1 1 1 1 0 380
1 1 1 1 1 1 1 1 1 1 1 1 1 0 379
1 1 1 1 1 1 1 1 1 1 1 1 1 0 378
1 1 1 1 1 1 1 1 1 1 1 1 1 0 377
1 1 1 1 1 1 1 1 1 1 1 1 1 0 376
1 1 1 1 1 1 1 1 1 1 1 1 1 0 375
1 1 1 1 1 1 1 1 1 1 1 1 1 0 374
1 1 1 1 1 1 1 1 1 1 1 1 1 0 373
1 1 1 1 1 1 1 1 1 1 1 1 1 0 372
1 1 1 1 1 1 1 1 1 1 1 1 1 0 371
1 1 1 1 1 1 1 1 1 1 1 1 1 0 370
1 1 1 1 1 1 1 1 1 1 1 1 1 0 369
1 1 1 1 1 1 1 1 1 1 1 1 1 0 368
1 1 1 1 1 1 1 1 1 1 1 1 1 0 367
1 1 1 1 1 1 1 1 1 1 1 1 1 0 366
1 1 1 1 1 1 1 1 1 1 1 1 1 0 365
1 1 1 1 1 1 1 1 1 1 1 1 1 0 364
1 1 1 1 1 1 1 1 1 1 1 1 1 0 363
1 1 1 1 1 1 1 1 1 1 1 1 1 0 362
1 1 1 1 1 1 1 1 1 1 1 1 1 0 361
1 1 1 1 1 1 1 1 1 1 1 1 1 0 360
1 1 1 1 1 1 1 1 1 1 1 1 1 0 359
1 1 1 1 1 1 1 1 1 1 1 1 1 0 358
1 1 1 1 1 1 1 1 1 1 1 1 1 0 357
1 1 1 1 1 1 1 1 1 1 1 1 1 0 356
1 1 1 1 1 1 1 1 1 1 1 1 1 0 355
1 1 1 1 1 1 1 1 1 1 1 1 1 0 354
1 1 1 1 1 1 1 1 1 1 1 1 1 0 353
1 1 1 1 1 1 1 1 1 1 1 1 1 0 352
1 1 1 1 1 1 1 1 1 1 1 1 1 0 351
1 1 1 1 1 1 1 1 1 1 1 1 1 0 350
1 1 1 1 1 1 1 1 1 1 1 1 1 0 349
1 1 1 1 1 1 1 1 1 1 1 1 1 0 348
1 1 1 1 1 1 1 1 1 1 1 1 1 0 347
1 1 1 1 1 1 1 1 1 1 1 1 1 0 346
1 1 1 1 1 1 1 1 1 1 1 1 1 0 345
1 1 1 1 1 1 1 1 1 1 1 1 1 0 344
1 1 1 1 1 1 1 1 1 1 1 1 1 0 343
1 1 1 1 1 1 1 1 1 1 1 1 1 0 342
1 1 1 1 1 1 1 1 1 1 1 1 1 0 341
1 1 1 1 1 1 1 1 1 1 1 1 1 0 340
1 1 1 1 1 1 1 1 1 1 1 1 1 0 339
1 1 1 1 1 1 1 1 1 1 1 1 1 0 338
1 1 1 1 1 1 1 1 1 1 1 1 1 0 337
1 1 1 1 1 1 1 1 1 1 1 1 1 0 336
1 1 1 1 1 1 1 1 1 1 1 1 1 0 335
1 1 1 1 1 1 1 1 1 1 1 1 1 0 334
1 1 1 1 1 1 1 1 1 1 1 1 1 0 333
1 1 1 1 1 1 1 1 1 1 1 1 1 0 332
1 1 1 1 1 1 1 1 1 1 1 1 1 0 331
1 1 1 1 1 1 1 1 1 1 1 1 1 0 330
1 1 1 1 1 1 1 1 1 1 1 1 1 0 329
1 1 1 1 1 1 1 1 1 1 1 1 1 0 328
1 1 1 1 1 1 1 1 1 1 1 1 1 0 327
1 1 1 1 1 1 1 1 1 1 1 1 1 0 326
1 1 1 1 1 1 1 1 1 1 1 1 1 0 325
1 1 1 1 1 1 1 1 1 1 1 1 1 0 324
1 1 1 1 1 1 1 1 1 1 1 1 1 0 323
1 1 1 1 1 1 1 1 1 1 1 1 1 0 322
1 1 1 1 1 1 1 1 1 1 1 1 1 0 321
1 1 1 1 1 1 1 1 1 1 1 1 1 0 320
1 1 1 1 1 1 1 1 1 1 1 1 1 0 319
1 1 1 1 1 1 1 1 1 1 1 1 1 0 318
1 1 1 1 1 1 1 1 1 1 1 1 1 0 317
1 1 1 1 1 1 1 1 1 1 1 1 1 0 316
1 1 1 1 1 1 1 1 1 1 1 1 1 0 315
1 1 1 1 1 1 1 1 1 1 1 1 1 0 314
1 1 1 1 1 1 1 1 1 1 1 1 1 0 313
1 1 1 1 1 1 1 1 1 1 1 1 1 0 312
1 1 1 1 1 1 1 1 1 1 1 1 1 0 311
1 1 1 1 1 1 1 1 1 1 1 1 1 0 310
1 1 1 1 1 1 1 1 1 1 1 1 1 0 309
1 1 1 1 1 1 1 1 1 1 1 1 1 0 308
1 1 1 1 1 1 1 1 1 1 1 1 1 0 307
1 1 1 1 1 1 1 1 1 1 1 1 1 0 306
1 1 1 1 1 1 1 1 1 1 1 1 1 0 305
1 1 1 1 1 1 1 1 1 1 1 1 1 0 304
1 1 1 1 1 1 1 1 1 1 1 1 1 0 303
1 1 1 1 1 1 1 1 1 1 1 1 1 0 302
1 1 1 1 1 1 1 1 1 1 1 1 1 0 301
1 1 1 1 1 1 1 1 1 1 1 1 1 0 300
1 1 1 1 1 1 1 1 1 1 1 1 1 0 299
1 1 1 1 1 1 1 1 1 1 1 1 1 0 298
1 1 1 1 1 1 1 1 1 1 1 1 1 0 297
1 1 1 1 1 1 1 1 1 1 1 1 1 0 296
1 1 1 1 1 1 1 1 1 1 1 1 1 0 295
1 1 1 1 1 1 1 1 1 1 1 1 1 0 294
1 1 1 1 1 1 1 1 1 1 1 1 1 0 293
1 1 1 1 1 1 1 1 1 1 1 1 1 0 292
1 1 1 1 1 1 1 1 1 1 1 1 1 0 291
1 1 1 1 1 1 1 1 1 1 1 1 1 0 290
1 1 1 1 1 1 1 1 1 1 1 1 1 0 289
1 1 1 1 1 1 1 1 1 1 1 1 1 0 288
1 1 1 1 1 1 1 1 1 1 1 1 1 0 287
1 1 1 1 1 1 1 1 1 1 1 1 1 0 286
1 1 1 1 1 1 1 1 1 1 1 1 1 0 285
1 1 1 1 1 1 1 1 1 1 1 1 1 0 284
1 1 1 1 1 1 1 1 1 1 1 1 1 0 283
1 1 1 1 1 1 1 1 1 1 1 1 1 0 282
1 1 1 1 1 1 1 1 1 1 1 1 1 0 281
1 1 1 1 1 1 1 1 1 1 1 1 1 0 280
1 1 1 1 1 1 1 1 1 1 1 1 1 0 279
1 1 1 1 1 1 1 1 1 1 1 1 1 0 278
1 1 1 1 1 1 1 1 1 1 1 1 1 0 277
1 1 1 1 1 1 1 1 1 1 1 1 1 0 276
1 1 1 1 1 1 1 1 1 1 1 1 1 0 275
1 1 1 1 1 1 1 1 1 1 1 1 1 0 274
1 1 1 1 1 1 1 1 1 1 1 1 1 0 273
1 1 1 1 1 1 1 1 1 1 1 1 1 0 272
1 1 1 1 1 1 1 1 1 1 1 1 1 0 271
1 1 1 1 1 1 1 1 1 1 1 1 1 0 270
1 1 1 1 1 1 1 1 1 1 1 1 1 0 269
1 1 1 1 1 1 1 1 1 1 1 1 1 0 268
1 1 1 1 1 1 1 1 1 1 1 1 1 0 267
1 1 1 1 1 1 1 1 1 1 1 1 1 0 266
1 1 1 1 1 1 1 1 1 1 1 1 1 0 265
1 1 1 1 1 1 1 1 1 1 1 1 1 0 264
1 1 1 1 1 1 1 1 1 1 1 1 1 0 263
1 1 1 1 1 1 1 1 1 1 1 1 1 0 262
1 1 1 1 1 1 1 1 1 1 1 1 1 0 261
1 1 1 1 1 1 1 1 1 1 1 1 1 0 260
1 1 1 1 1 1 1 1 1 1 1 1 1 0 259
1 1 1 1 1 1 1 1 1 1 1 1 1 0 258
1 1 1 1 1 1 1 1 1 1 1 1 1 0 257
1 1 1 1 1 1 1 1 1 1 1 1 1 0 256
1 1 1 1 1 1 1 1 1 1 1 1 1 0 255
1 1 1 1 1 1 1 1 1 1 1 1 1 0 254
1 1 1 1 1 1 1 1 1 1 1 1 1 0 253
1 1 1 1 1 1 1 1 1 1 1 1 1 0 252
1 1 1 1 1 1 1 1 1 1 1 1 1 0 251
1 1 1 1 1 1 1 1 1 1 1 1 1 0 250
1 1 1 1 1 1 1 1 1 1 1 1 1 0 249
1 1 1 1 1 1 1 1 1 1 1 1 1 0 248
1 1 1 1 1 1 1 1 1 1 1 1 1 0 247
1 1 1 1 1 1 1 1 1 1 1 1 1 0 246
1 1 1 1 1 1 1 1 1 1 1 1 1 0 245
1 1 1 1 1 1 1 1 1 1 1 1 1 0 244
1 1 1 1 1 1 1 1 1 1 1 1 1 0 243
1 1 1 1 1 1 1 1 1 1 1 1 1 0 242
1 1 1 1 1 1 1 1 1 1 1 1 1 0 241
1 1 1 1 1 1 1 1 1 1 1 1 1 0 240
1 1 1 1 1 1 1 1 1 1 1 1 1 0 239
1 1 1 1 1 1 1 1 1 1 1 1 1 0 238
1 1 1 1 1 1 1 1 1 1 1 1 1 0 237
1 1 1 1 1 1 1 1 1 1 1 1 1 0 236
1 1 1 1 1 1 1 1 1 1 1 1 1 0 235
1 1 1 1 1 1 1 1 1 1 1 1 1 0 234
1 1 1 1 1 1 1 1 1 1 1 1 1 0 233
1 1 1 1 1 1 1 1 1 1 1 1 1 0 232
1 1 1 1 1 1 1 1 1 1 1 1 1 0 231
1 1 1 1 1 1 1 1 1 1 1 1 1 0 230
1 1 1 1 1 1 1 1 1 1 1 1 1 0 229
1 1 1 1 1 1 1 1 1 1 1 1 1 0 228
1 1 1 1 1 1 1 1 1 1 1 1 1 0 227
1 1 1 1 1 1 1 1 1 1 1 1 1 0 226
1 1 1 1 1 1 1 1 1 1 1 1 1 0 225
1 1 1 1 1 1 1 1 1 1 1 1 1 0 224
1 1 1 1 1 1 1 1 1 1 1 1 1 0 223
1 1 1 1 1 1 1 1 1 1 1 1 1 0 222
1 1 1 1 1 1 1 1 1 1 1 1 1 0 221
1 1 1 1 1 1 1 1 1 1 1 1 1 0 220
1 1 1 1 1 1 1 1 1 1 1 1 1 0 219
1 1 1 1 1 1 1 1 1 1 1 1 1 0 218
1 1 1 1 1 1 1 1 1 1 1 1 1 0 217
1 1 1 1 1 1 1 1 1 1 1 1 1 0 216
1 1 1 1 1 1 1 1 1 1 1 1 1 0 215
1 1 1 1 1 1 1 1 1 1 1 1 1 0 214
1 1 1 1 1 1 1 1 1 1 1 1 1 0 213
1 1 1 1 1 1 1 1 1 1 1 1 1 0 212
1 1 1 1 1 1 1 1 1 1 1 1 1 0 211
1 1 1 1 1 1 1 1 1 1 1 1 1 0 210
1 1 1 1 1 1 1 1 1 1 1 1 1 0 209
1 1 1 1 1 1 1 1 1 1 1 1 1 0 208
1 1 1 1 1 1 1 1 1 1 1 1 1 0 207
1 1 1 1 1 1 1 1 1 1 1 1 1 0 206
1 1 1 1 1 1 1 1 1 1 1 1 1 0 205
1 1 1 1 1 1 1 1 1 1 1 1 1 0 204
1 1 1 1 1 1 1 1 1 1 1 1 1 0 203
1 1 1 1 1 1 1 1 1 1 1 1 1 0 202
1 1 1 1 1 1 1 1 1 1 1 1 1 0 201
1 1 1 1 1 1 1 1 1 1 1 1 1 0 200
1 1 1 1 1 1 1 1 1 1 1 1 1 0 199
1 1 1 1 1 1 1 1 1 1 1 1 1 0 198
1 1 1 1 1 1 1 1 1 1 1 1 1 0 197
1 1 1 1 1 1 1 1 1 1 1 1 1 0 196
1 1 1 1 1 1 1 1 1 1 1 1 1 0 195
1 1 1 1 1 1 1 1 1 1 1 1 1 0 194
1 1 1 1 1 1 1 1 1 1 1 1 1 0 193
1 1 1 1 1 1 1 1 1 1 1 1 1 0 192
1 1 1 1 1 1 1 1 1 1 1 1 1 0 191
1 1 1 1 1 1 1 1 1 1 1 1 1 0 190
1 1 1 1 1 1 1 1 1 1 1 1 1 0 189
1 1 1 1 1 1 1 1 1 1 1 1 1 0 188
1 1 1 1 1 1 1 1 1 1 1 1 1 0 187
1 1 1 1 1 1 1 1 1 1 1 1 1 0 186
1 1 1 1 1 1 1 1 1 1 1 1 1 0 185
1 1 1 1 1 1 1 1 1 1 1 1 1 0 184
1 1 1 1 1 1 1 1 1 1 1 1 1 0 183
1 1 1 1 1 1 1 1 1 1 1 1 1 0 182
1 1 1 1 1 1 1 1 1 1 1 1 1 0 181
1 1 1 1 1 1 1 1 1 1 1 1 1 0 180
1 1 1 1 1 1 1 1 1 1 1 1 1 0 179
1 1 1 1 1 1 1 1 1 1 1 1 1 0 178
1 1 1 1 1 1 1 1 1 1 1 1 1 0 177
1 1 1 1 1 1 1 1 1 1 1 1 1 0 176
1 1 1 1 1 1 1 1 1 1 1 1 1 0 175
1 1 1 1 1 1 1 1 1 1 1 1 1 0 174
1 1 1 1 1 1 1 1 1 1 1 1 1 0 173
1 1 1 1 1 1 1 1 1 1 1 1 1 0 172
1 1 1 1 1 1 1 1 1 1 1 1 1 0 171
1 1 1 1 1 1 1 1 1 1 1 1 1 0 170
1 1 1 1 1 1 1 1 1 1 1 1 1 0 169
1 1 1 1 1 1 1 1 1 1 1 1 1 0 168
1 1 1 1 1 1 1 1 1 1 1 1 1 0 167
1 1 1 1 1 1 1 1 1 1 1 1 1 0 166
1 1 1 1 1 1 1 1 1 1 1 1 1 0 165
1 1 1 1 1 1 1 1 1 1 1 1 1 0 164
1 1 1 1 1 1 1 1 1 1 1 1 1 0 163
1 1 1 1 1 1 1 1 1 1 1 1 1 0 162
1 1 1 1 1 1 1 1 1 1 1 1 1 0 161
1 1 1 1 1 1 1 1 1 1 1 1 1 0 160
1 1 1 1 1 1 1 1 1 1 1 1 1 0 159
1 1 1 1 1 1 1 1 1 1 1 1 1 0 158
1 1 1 1 1 1 1 1 1 1 1 1 1 0 157
1 1 1 1 1 1 1 1 1 1 1 1 1 0 156
1 1 1 1 1 1 1 1 1 1 1 1 1 0 155
1 1 1 1 1 1 1 1 1 1 1 1 1 0 154
1 1 1 1 1 1 1 1 1 1 1 1 1 0 153
1 1 1 1 1 1 1 1 1 1 1 1 1 0 152
1 1 1 1 1 1 1 1 1 1 1 1 1 0 151
1 1 1 1 1 1 1 1 1 1 1 1 1 0 150
1 1 1 1 1 1 1 1 1 1 1 1 1 0 149
1 1 1 1 1 1 1 1 1 1 1 1 1 0 148
1 1 1 1 1 1 1 1 1 1 1 1 1 0 147
1 1 1 1 1 1 1 1 1 1 1 1 1 0 146
1 1 1 1 1 1 1 1 1 1 1 1 1 0 145
1 1 1 1 1 1 1 1 1 1 1 1 1 0 144
1 1 1 1 1 1 1 1 1 1 1 1 1 0 143
1 1 1 1 1 1 1 1 1 1 1 1 1 0 142
1 1 1 1 1 1 1 1 1 1 1 1 1 0 141
1 1 1 1 1 1 1 1 1 1 1 1 1 0 140
1 1 1 1 1 1 1 1 1 1 1 1 1 0 139
1 1 1 1 1 1 1 1 1 1 1 1 1 0 138
1 1 1 1 1 1 1 1 1 1 1 1 1 0 137
1 1 1 1 1 1 1 1 1 1 1 1 1 0 136
1 1 1 1 1 1 1 1 1 1 1 1 1 0 135
1 1 1 1 1 1 1 1 1 1 1 1 1 0 134
1 1 1 1 1 1 1 1 1 1 1 1 1 0 133
1 1 1 1 1 1 1 1 1 1 1 1 1 0 132
1 1 1 1 1 1 1 1 1 1 1 1 1 0 131
1 1 1 1 1 1 1 1 1 1 1 1 1 0 130
1 1 1 1 1 1 1 1 1 1 1 1 1 0 129
1 1 1 1 1 1 1 1 1 1 1 1 1 0 128
1 1 1 1 1 1 1 1 1 1 1 1 1 0 127
1 1 1 1 1 1 1 1 1 1 1 1 1 0 126
1 1 1 1 1 1 1 1 1 1 1 1 1 0 125
1 1 1 1 1 1 1 1 1 1 1 1 1 0 124
1 1 1 1 1 1 1 1 1 1 1 1 1 0 123
1 1 1 1 1 1 1 1 1 1 1 1 1 0 122
1 1 1 1 1 1 1 1 1 1 1 1 1 0 121
1 1 1 1 1 1 1 1 1 1 1 1 1 0 120
1 1 1 1 1 1 1 1 1 1 1 1 1 0 119
1 1 1 1 1 1 1 1 1 1 1 1 1 0 118
1 1 1 1 1 1 1 1 1 1 1 1 1 0 117
1 1 1 1 1 1 1 1 1 1 1 1 1 0 116
1 1 1 1 1 1 1 1 1 1 1 1 1 0 115
1 1 1 1 1 1 1 1 1 1 1 1 1 0 114
1 1 1 1 1 1 1 1 1 1 1 1 1 0 113
1 1 1 1 1 1 1 1 1 1 1 1 1 0 112
1 1 1 1 1 1 1 1 1 1 1 1 1 0 111
1 1 1 1 1 1 1 1 1 1 1 1 1 0 110
1 1 1 1 1 1 1 1 1 1 1 1 1 0 109
1 1 1 1 1 1 1 1 1 1 1 1 1 0 108
1 1 1 1 1 1 1 1 1 1 1 1 1 0 107
1 1 1 1 1 1 1 1 1 1 1 1 1 0 106
1 1 1 1 1 1 1 1 1 1 1 1 1 0 105
1 1 1 1 1 1 1 1 1 1 1 1 1 0 104
1 1 1 1 1 1 1 1 1 1 1 1 1 0 103
1 1 1 1 1 1 1 1 1 1 1 1 1 0 102
1 1 1 1 1 1 1 1 1 1 1 1 1 0 101
1 1 1 1 1 1 1 1 1 1 1 1 1 0 100
1 1 1 1 1 1 1 1 1 1 1 1 1 0 99
1 1 1 1 1 1 1 1 1 1 1 1 1 0 98
1 1 1 1 1 1 1 1 1 1 1 1 1 0 97
1 1 1 1 1 1 1 1 1 1 1 1 1 0 96
1 1 1 1 1 1 1 1 1 1 1 1 1 0 95
1 1 1 1 1 1 1 1 1 1 1 1 1 0 94
1 1 1 1 1 1 1 1 1 1 1 1 1 0 93
1 1 1 1 1 1 1 1 1 1 1 1 1 0 92
1 1 1 1 1 1 1 1 1 1 1 1 1 0 91
1 1 1 1 1 1 1 1 1 1 1 1 1 0 90
1 1 1 1 1 1 1 1 1 1 1 1 1 0 89
1 1 1 1 1 1 1 1 1 1 1 1 1 0 88
1 1 1 1 1 1 1 1 1 1 1 1 1 0 87
1 1 1 1 1 1 1 1 1 1 1 1 1 0 86
1 1 1 1 1 1 1 1 1 1 1 1 1 0 85
1 1 1 1 1 1 1 1 1 1 1 1 1 0 84
1 1 1 1 1 1 1 1 1 1 1 1 1 0 83
1 1 1 1 1 1 1 1 1 1 1 1 1 0 82
1 1 1 1 1 1 1 1 1 1 1 1 1 0 81
1 1 1 1 1 1 1 1 1 1 1 1 1 0 80
1 1 1 1 1 1 1 1 1 1 1 1 1 0 79
1 1 1 1 1 1 1 1 1 1 1 1 1 0 78
1 1 1 1 1 1 1 1 1 1 1 1 1 0 77
1 1 1 1 1 1 1 1 1 1 1 1 1 0 76
1 1 1 1 1 1 1 1 1 1 1 1 1 0 75
1 1 1 1 1 1 1 1 1 1 1 1 1 0 74
1 1 1 1 1 1 1 1 1 1 1 1 1 0 73
1 1 1 1 1 1 1 1 1 1 1 1 1 0 72
1 1 1 1 1 1 1 1 1 1 1 1 1 0 71
1 1 1 1 1 1 1 1 1 1 1 1 1 0 70
1 1 1 1 1 1 1 1 1 1 1 1 1 0 69
1 1 1 1 1 1 1 1 1 1 1 1 1 0 68
1 1 1 1 1 1 1 1 1 1 1 1 1 0 67
1 1 1 1 1 1 1 1 1 1 1 1 1 0 66
1 1 1 1 1 1 1 1 1 1 1 1 1 0 65
1 1 1 1 1 1 1 1 1 1 1 1 1 0 64
1 1 1 1 1 1 1 1 1 1 1 1 1 0 63
1 1 1 1 1 1 1 1 1 1 1 1 1 0 62
1 1 1 1 1 1 1 1 1 1 1 1 1 0 61
1 1 1 1 1 1 1 1 1 1 1 1 1 0 60
1 1 1 1 1 1 1 1 1 1 1 1 1 0 59
1 1 1 1 1 1 1 1 1 1 1 1 1 0 58
1 1 1 1 1 1 1 1 1 1 1 1 1 0 57
1 1 1 1 1 1 1 1 1 1 1 1 1 0 56
1 1 1 1 1 1 1 1 1 1 1 1 1 0 55
1 1 1 1 1 1 1 1 1 1 1 1 1 0 54
1 1 1 1 1 1 1 1 1 1 1 1 1 0 53
1 1 1 1 1 1 1 1 1 1 1 1 1 0 52
1 1 1 1 1 1 1 1 1 1 1 1 1 0 51
1 1 1 1 1 1 1 1 1 1 1 1 1 0 50
1 1 1 1 1 1 1 1 1 1 1 1 1 0 49
1 1 1 1 1 1 1 1 1 1 1 1 1 0 48
1 1 1 1 1 1 1 1 1 1 1 1 1 0 47
1 1 1 1 1 1 1 1 1 1 1 1 1 0 46
1 1 1 1 1 1 1 1 1 1 1 1 1 0 45
1 1 1 1 1 1 1 1 1 1 1 1 1 0 44
1 1 1 1 1 1 1 1 1 1 1 1 1 0 43
1 1 1 1 1 1 1 1 1 1 1 1 1 0 42
1 1 1 1 1 1 1 1 1 1 1 1 1 0 41
1 1 1 1 1 1 1 1 1 1 1 1 1 0 40
1 1 1 1 1 1 1 1 1 1 1 1 1 0 39
1 1 1 1 1 1 1 1 1 1 1 1 1 0 38
1 1 1 1 1 1 1 1 1 1 1 1 1 0 37
1 1 1 1 1 1 1 1 1 1 1 1 1 0 36
1 1 1 1 1 1 1 1 1 1 1 1 1 0 35
1 1 1 1 1 1 1 1 1 1 1 1 1 0 34
1 1 1 1 1 1 1 1 1 1 1 1 1 0 33
1 1 1 1 1 1 1 1 1 1 1 1 1 0 32
1 1 1 1 1 1 1 1 1 1 1 1 1 0 31
1 1 1 1 1 1 1 1 1 1 1 1 1 0 30
1 1 1 1 1 1 1 1 1 1 1 1 1 0 29
1 1 1 1 1 1 1 1 1 1 1 1 1 0 28
1 1 1 1 1 1 1 1 1 1 1 1 1 0 27
1 1 1 1 1 1 1 1 1 1 1 1 1 0 26
1 1 1 1 1 1 1 1 1 1 1 1 1 0 25
1 1 1 1 1 1 1 1 1 1 1 1 1 0 24
1 1 1 1 1 1 1 1 1 1 1 1 1 0 23
1 1 1 1 1 1 1 1 1 1 1 1 1 0 22
1 1 1 1 1 1 1 1 1 1 1 1 1 0 21
1 1 1 1 1 1 1 1 1 1 1 1 1 0 20
1 1 1 1 1 1 1 1 1 1 1 1 1 0 19
1 1 1 1 1 1 1 1 1 1 1 1 1 0 18
1 1 1 1 1 1 1 1 1 1 1 1 1 0 17
1 1 1 1 1 1 1 1 1 1 1 1 1 0 16
1 1 1 1 1 1 1 1 1 1 1 1 1 0 15
1 1 1 1 1 1 1 1 1 1 1 1 1 0 14
1 1 1 1 1 1 1 1 1 1 1 1 1 0 13
1 1 1 1 1 1 1 1 1 1 1 1 1 0 12
1 1 1 1 1 1 1 1 1 1 1 1 1 0 11
1 1 1 1 1 1 1 1 1 1 1 1 1 0 10
1 1 1 1 1 1 1 1 1 1 1 1 1 0 9
1 1 1 1 1 1 1 1 1 1 1 1 1 0 8
1 1 1 1 1 1 1 1 1 1 1 1 1 0 7
1 1 1 1 1 1 1 1 1 1 1 1 1 0 6
1 1 1 1 1 1 1 1 1 1 1 1 1 0 5
1 1 1 1 1 1 1 1 1 1 1 1 1 0 4
1 1 1 1 1 1 1 1 1 1 1 1 1 0 3
1 1 1 1 1 1 1 1 1 1 1 1 1 0 2
1 1 1 1 1 1 1 1 1 1 1 1 1 0 1
