1 1 1 1 1 1 1 1 1 1 1 1 1 1400 0
1 1 1 1 1 1 1 1 1 1 1 1 1 1399 1
1 1 1 1 1 1 1 1 1 1 1 1 1 1398 2
1 1 1 1 1 1 1 1 1 1 1 1 1 1397 3
1 1 1 1 1 1 1 1 1 1 1 1 1 1396 4
1 1 1 1 1 1 1 1 1 1 1 1 1 1395 5
1 1 1 1 1 1 1 1 1 1 1 1 1 1394 6
1 1 1 1 1 1 1 1 1 1 1 1 1 1393 7
1 1 1 1 1 1 1 1 1 1 1 1 1 1392 8
1 1 1 1 1 1 1 1 1 1 1 1 1 1391 9
1 1 1 1 1 1 1 1 1 1 1 1 1 1390 10
1 1 1 1 1 1 1 1 1 1 1 1 1 1389 11
1 1 1 1 1 1 1 1 1 1 1 1 1 1388 12
1 1 1 1 1 1 1 1 1 1 1 1 1 1387 13
1 1 1 1 1 1 1 1 1 1 1 1 1 1386 14
1 1 1 1 1 1 1 1 1 1 1 1 1 1385 15
1 1 1 1 1 1 1 1 1 1 1 1 1 1384 16
1 1 1 1 1 1 1 1 1 1 1 1 1 1383 17
1 1 1 1 1 1 1 1 1 1 1 1 1 1382 18
1 1 1 1 1 1 1 1 1 1 1 1 1 1381 19
1 1 1 1 1 1 1 1 1 1 1 1 1 1380 20
1 1 1 1 1 1 1 1 1 1 1 1 1 1379 21
1 1 1 1 1 1 1 1 1 1 1 1 1 1378 22
1 1 1 1 1 1 1 1 1 1 1 1 1 1377 23
1 1 1 1 1 1 1 1 1 1 1 1 1 1376 24
1 1 1 1 1 1 1 1 1 1 1 1 1 1375 25
1 1 1 1 1 1 1 1 1 1 1 1 1 1374 26
1 1 1 1 1 1 1 1 1 1 1 1 1 1373 27
1 1 1 1 1 1 1 1 1 1 1 1 1 1372 28
1 1 1 1 1 1 1 1 1 1 1 1 1 1371 29
1 1 1 1 1 1 1 1 1 1 1 1 1 1370 30
1 1 1 1 1 1 1 1 1 1 1 1 1 1369 31
1 1 1 1 1 1 1 1 1 1 1 1 1 1368 32
1 1 1 1 1 1 1 1 1 1 1 1 1 1367 33
1 1 1 1 1 1 1 1 1 1 1 1 1 1366 34
1 1 1 1 1 1 1 1 1 1 1 1 1 1365 35
1 1 1 1 1 1 1 1 1 1 1 1 1 1364 36
1 1 1 1 1 1 1 1 1 1 1 1 1 1363 37
1 1 1 1 1 1 1 1 1 1 1 1 1 1362 38
1 1 1 1 1 1 1 1 1 1 1 1 1 1361 39
1 1 1 1 1 1 1 1 1 1 1 1 1 1360 40
1 1 1 1 1 1 1 1 1 1 1 1 1 1359 41
1 1 1 1 1 1 1 1 1 1 1 1 1 1358 42
1 1 1 1 1 1 1 1 1 1 1 1 1 1357 43
1 1 1 1 1 1 1 1 1 1 1 1 1 1356 44
1 1 1 1 1 1 1 1 1 1 1 1 1 1355 45
1 1 1 1 1 1 1 1 1 1 1 1 1 1354 46
1 1 1 1 1 1 1 1 1 1 1 1 1 1353 47
1 1 1 1 1 1 1 1 1 1 1 1 1 1352 48
1 1 1 1 1 1 1 1 1 1 1 1 1 1351 49
1 1 1 1 1 1 1 1 1 1 1 1 1 1350 50
1 1 1 1 1 1 1 1 1 1 1 1 1 1349 51
1 1 1 1 1 1 1 1 1 1 1 1 1 1348 52
1 1 1 1 1 1 1 1 1 1 1 1 1 1347 53
1 1 1 1 1 1 1 1 1 1 1 1 1 1346 54
1 1 1 1 1 1 1 1 1 1 1 1 1 1345 55
1 1 1 1 1 1 1 1 1 1 1 1 1 1344 56
1 1 1 1 1 1 1 1 1 1 1 1 1 1343 57
1 1 1 1 1 1 1 1 1 1 1 1 1 1342 58
1 1 1 1 1 1 1 1 1 1 1 1 1 1341 59
1 1 1 1 1 1 1 1 1 1 1 1 1 1340 60
1 1 1 1 1 1 1 1 1 1 1 1 1 1339 61
1 1 1 1 1 1 1 1 1 1 1 1 1 1338 62
1 1 1 1 1 1 1 1 1 1 1 1 1 1337 63
1 1 1 1 1 1 1 1 1 1 1 1 1 1336 64
1 1 1 1 1 1 1 1 1 1 1 1 1 1335 65
1 1 1 1 1 1 1 1 1 1 1 1 1 1334 66
1 1 1 1 1 1 1 1 1 1 1 1 1 1333 67
1 1 1 1 1 1 1 1 1 1 1 1 1 1332 68
1 1 1 1 1 1 1 1 1 1 1 1 1 1331 69
1 1 1 1 1 1 1 1 1 1 1 1 1 1330 70
1 1 1 1 1 1 1 1 1 1 1 1 1 1329 71
1 1 1 1 1 1 1 1 1 1 1 1 1 1328 72
1 1 1 1 1 1 1 1 1 1 1 1 1 1327 73
1 1 1 1 1 1 1 1 1 1 1 1 1 1326 74
1 1 1 1 1 1 1 1 1 1 1 1 1 1325 75
1 1 1 1 1 1 1 1 1 1 1 1 1 1324 76
1 1 1 1 1 1 1 1 1 1 1 1 1 1323 77
1 1 1 1 1 1 1 1 1 1 1 1 1 1322 78
1 1 1 1 1 1 1 1 1 1 1 1 1 1321 79
1 1 1 1 1 1 1 1 1 1 1 1 1 1320 80
1 1 1 1 1 1 1 1 1 1 1 1 1 1319 81
1 1 1 1 1 1 1 1 1 1 1 1 1 1318 82
1 1 1 1 1 1 1 1 1 1 1 1 1 1317 83
1 1 1 1 1 1 1 1 1 1 1 1 1 1316 84
1 1 1 1 1 1 1 1 1 1 1 1 1 1315 85
1 1 1 1 1 1 1 1 1 1 1 1 1 1314 86
1 1 1 1 1 1 1 1 1 1 1 1 1 1313 87
1 1 1 1 1 1 1 1 1 1 1 1 1 1312 88
1 1 1 1 1 1 1 1 1 1 1 1 1 1311 89
1 1 1 1 1 1 1 1 1 1 1 1 1 1310 90
1 1 1 1 1 1 1 1 1 1 1 1 1 1309 91
1 1 1 1 1 1 1 1 1 1 1 1 1 1308 92
1 1 1 1 1 1 1 1 1 1 1 1 1 1307 93
1 1 1 1 1 1 1 1 1 1 1 1 1 1306 94
1 1 1 1 1 1 1 1 1 1 1 1 1 1305 95
1 1 1 1 1 1 1 1 1 1 1 1 1 1304 96
1 1 1 1 1 1 1 1 1 1 1 1 1 1303 97
1 1 1 1 1 1 1 1 1 1 1 1 1 1302 98
1 1 1 1 1 1 1 1 1 1 1 1 1 1301 99
1 1 1 1 1 1 1 1 1 1 1 1 1 1300 100
1 1 1 1 1 1 1 1 1 1 1 1 1 1299 101
1 1 1 1 1 1 1 1 1 1 1 1 1 1298 102
1 1 1 1 1 1 1 1 1 1 1 1 1 1297 103
1 1 1 1 1 1 1 1 1 1 1 1 1 1296 104
1 1 1 1 1 1 1 1 1 1 1 1 1 1295 105
1 1 1 1 1 1 1 1 1 1 1 1 1 1294 106
1 1 1 1 1 1 1 1 1 1 1 1 1 1293 107
1 1 1 1 1 1 1 1 1 1 1 1 1 1292 108
1 1 1 1 1 1 1 1 1 1 1 1 1 1291 109
1 1 1 1 1 1 1 1 1 1 1 1 1 1290 110
1 1 1 1 1 1 1 1 1 1 1 1 1 1289 111
1 1 1 1 1 1 1 1 1 1 1 1 1 1288 112
1 1 1 1 1 1 1 1 1 1 1 1 1 1287 113
1 1 1 1 1 1 1 1 1 1 1 1 1 1286 114
1 1 1 1 1 1 1 1 1 1 1 1 1 1285 115
1 1 1 1 1 1 1 1 1 1 1 1 1 1284 116
1 1 1 1 1 1 1 1 1 1 1 1 1 1283 117
1 1 1 1 1 1 1 1 1 1 1 1 1 1282 118
1 1 1 1 1 1 1 1 1 1 1 1 1 1281 119
1 1 1 1 1 1 1 1 1 1 1 1 1 1280 120
1 1 1 1 1 1 1 1 1 1 1 1 1 1279 121
1 1 1 1 1 1 1 1 1 1 1 1 1 1278 122
1 1 1 1 1 1 1 1 1 1 1 1 1 1277 123
1 1 1 1 1 1 1 1 1 1 1 1 1 1276 124
1 1 1 1 1 1 1 1 1 1 1 1 1 1275 125
1 1 1 1 1 1 1 1 1 1 1 1 1 1274 126
1 1 1 1 1 1 1 1 1 1 1 1 1 1273 127
1 1 1 1 1 1 1 1 1 1 1 1 1 1272 128
1 1 1 1 1 1 1 1 1 1 1 1 1 1271 129
1 1 1 1 1 1 1 1 1 1 1 1 1 1270 130
1 1 1 1 1 1 1 1 1 1 1 1 1 1269 131
1 1 1 1 1 1 1 1 1 1 1 1 1 1268 132
1 1 1 1 1 1 1 1 1 1 1 1 1 1267 133
1 1 1 1 1 1 1 1 1 1 1 1 1 1266 134
1 1 1 1 1 1 1 1 1 1 1 1 1 1265 135
1 1 1 1 1 1 1 1 1 1 1 1 1 1264 136
1 1 1 1 1 1 1 1 1 1 1 1 1 1263 137
1 1 1 1 1 1 1 1 1 1 1 1 1 1262 138
1 1 1 1 1 1 1 1 1 1 1 1 1 1261 139
1 1 1 1 1 1 1 1 1 1 1 1 1 1260 140
1 1 1 1 1 1 1 1 1 1 1 1 1 1259 141
1 1 1 1 1 1 1 1 1 1 1 1 1 1258 142
1 1 1 1 1 1 1 1 1 1 1 1 1 1257 143
1 1 1 1 1 1 1 1 1 1 1 1 1 1256 144
1 1 1 1 1 1 1 1 1 1 1 1 1 1255 145
1 1 1 1 1 1 1 1 1 1 1 1 1 1254 146
1 1 1 1 1 1 1 1 1 1 1 1 1 1253 147
1 1 1 1 1 1 1 1 1 1 1 1 1 1252 148
1 1 1 1 1 1 1 1 1 1 1 1 1 1251 149
1 1 1 1 1 1 1 1 1 1 1 1 1 1250 150
1 1 1 1 1 1 1 1 1 1 1 1 1 1249 151
1 1 1 1 1 1 1 1 1 1 1 1 1 1248 152
1 1 1 1 1 1 1 1 1 1 1 1 1 1247 153
1 1 1 1 1 1 1 1 1 1 1 1 1 1246 154
1 1 1 1 1 1 1 1 1 1 1 1 1 1245 155
1 1 1 1 1 1 1 1 1 1 1 1 1 1244 156
1 1 1 1 1 1 1 1 1 1 1 1 1 1243 157
1 1 1 1 1 1 1 1 1 1 1 1 1 1242 158
1 1 1 1 1 1 1 1 1 1 1 1 1 1241 159
1 1 1 1 1 1 1 1 1 1 1 1 1 1240 160
1 1 1 1 1 1 1 1 1 1 1 1 1 1239 161
1 1 1 1 1 1 1 1 1 1 1 1 1 1238 162
1 1 1 1 1 1 1 1 1 1 1 1 1 1237 163
1 1 1 1 1 1 1 1 1 1 1 1 1 1236 164
1 1 1 1 1 1 1 1 1 1 1 1 1 1235 165
1 1 1 1 1 1 1 1 1 1 1 1 1 1234 166
1 1 1 1 1 1 1 1 1 1 1 1 1 1233 167
1 1 1 1 1 1 1 1 1 1 1 1 1 1232 168
1 1 1 1 1 1 1 1 1 1 1 1 1 1231 169
1 1 1 1 1 1 1 1 1 1 1 1 1 1230 170
1 1 1 1 1 1 1 1 1 1 1 1 1 1229 171
1 1 1 1 1 1 1 1 1 1 1 1 1 1228 172
1 1 1 1 1 1 1 1 1 1 1 1 1 1227 173
1 1 1 1 1 1 1 1 1 1 1 1 1 1226 174
1 1 1 1 1 1 1 1 1 1 1 1 1 1225 175
1 1 1 1 1 1 1 1 1 1 1 1 1 1224 176
1 1 1 1 1 1 1 1 1 1 1 1 1 1223 177
1 1 1 1 1 1 1 1 1 1 1 1 1 1222 178
1 1 1 1 1 1 1 1 1 1 1 1 1 1221 179
1 1 1 1 1 1 1 1 1 1 1 1 1 1220 180
1 1 1 1 1 1 1 1 1 1 1 1 1 1219 181
1 1 1 1 1 1 1 1 1 1 1 1 1 1218 182
1 1 1 1 1 1 1 1 1 1 1 1 1 1217 183
1 1 1 1 1 1 1 1 1 1 1 1 1 1216 184
1 1 1 1 1 1 1 1 1 1 1 1 1 1215 185
1 1 1 1 1 1 1 1 1 1 1 1 1 1214 186
1 1 1 1 1 1 1 1 1 1 1 1 1 1213 187
1 1 1 1 1 1 1 1 1 1 1 1 1 1212 188
1 1 1 1 1 1 1 1 1 1 1 1 1 1211 189
1 1 1 1 1 1 1 1 1 1 1 1 1 1210 190
1 1 1 1 1 1 1 1 1 1 1 1 1 1209 191
1 1 1 1 1 1 1 1 1 1 1 1 1 1208 192
1 1 1 1 1 1 1 1 1 1 1 1 1 1207 193
1 1 1 1 1 1 1 1 1 1 1 1 1 1206 194
1 1 1 1 1 1 1 1 1 1 1 1 1 1205 195
1 1 1 1 1 1 1 1 1 1 1 1 1 1204 196
1 1 1 1 1 1 1 1 1 1 1 1 1 1203 197
1 1 1 1 1 1 1 1 1 1 1 1 1 1202 198
1 1 1 1 1 1 1 1 1 1 1 1 1 1201 199
1 1 1 1 1 1 1 1 1 1 1 1 1 1200 200
1 1 1 1 1 1 1 1 1 1 1 1 1 1199 201
1 1 1 1 1 1 1 1 1 1 1 1 1 1198 202
1 1 1 1 1 1 1 1 1 1 1 1 1 1197 203
1 1 1 1 1 1 1 1 1 1 1 1 1 1196 204
1 1 1 1 1 1 1 1 1 1 1 1 1 1195 205
1 1 1 1 1 1 1 1 1 1 1 1 1 1194 206
1 1 1 1 1 1 1 1 1 1 1 1 1 1193 207
1 1 1 1 1 1 1 1 1 1 1 1 1 1192 208
1 1 1 1 1 1 1 1 1 1 1 1 1 1191 209
1 1 1 1 1 1 1 1 1 1 1 1 1 1190 210
1 1 1 1 1 1 1 1 1 1 1 1 1 1189 211
1 1 1 1 1 1 1 1 1 1 1 1 1 1188 212
1 1 1 1 1 1 1 1 1 1 1 1 1 1187 213
1 1 1 1 1 1 1 1 1 1 1 1 1 1186 214
1 1 1 1 1 1 1 1 1 1 1 1 1 1185 215
1 1 1 1 1 1 1 1 1 1 1 1 1 1184 216
1 1 1 1 1 1 1 1 1 1 1 1 1 1183 217
1 1 1 1 1 1 1 1 1 1 1 1 1 1182 218
1 1 1 1 1 1 1 1 1 1 1 1 1 1181 219
1 1 1 1 1 1 1 1 1 1 1 1 1 1180 220
1 1 1 1 1 1 1 1 1 1 1 1 1 1179 221
1 1 1 1 1 1 1 1 1 1 1 1 1 1178 222
1 1 1 1 1 1 1 1 1 1 1 1 1 1177 223
1 1 1 1 1 1 1 1 1 1 1 1 1 1176 224
1 1 1 1 1 1 1 1 1 1 1 1 1 1175 225
1 1 1 1 1 1 1 1 1 1 1 1 1 1174 226
1 1 1 1 1 1 1 1 1 1 1 1 1 1173 227
1 1 1 1 1 1 1 1 1 1 1 1 1 1172 228
1 1 1 1 1 1 1 1 1 1 1 1 1 1171 229
1 1 1 1 1 1 1 1 1 1 1 1 1 1170 230
1 1 1 1 1 1 1 1 1 1 1 1 1 1169 231
1 1 1 1 1 1 1 1 1 1 1 1 1 1168 232
1 1 1 1 1 1 1 1 1 1 1 1 1 1167 233
1 1 1 1 1 1 1 1 1 1 1 1 1 1166 234
1 1 1 1 1 1 1 1 1 1 1 1 1 1165 235
1 1 1 1 1 1 1 1 1 1 1 1 1 1164 236
1 1 1 1 1 1 1 1 1 1 1 1 1 1163 237
1 1 1 1 1 1 1 1 1 1 1 1 1 1162 238
1 1 1 1 1 1 1 1 1 1 1 1 1 1161 239
1 1 1 1 1 1 1 1 1 1 1 1 1 1160 240
1 1 1 1 1 1 1 1 1 1 1 1 1 1159 241
1 1 1 1 1 1 1 1 1 1 1 1 1 1158 242
1 1 1 1 1 1 1 1 1 1 1 1 1 1157 243
1 1 1 1 1 1 1 1 1 1 1 1 1 1156 244
1 1 1 1 1 1 1 1 1 1 1 1 1 1155 245
1 1 1 1 1 1 1 1 1 1 1 1 1 1154 246
1 1 1 1 1 1 1 1 1 1 1 1 1 1153 247
1 1 1 1 1 1 1 1 1 1 1 1 1 1152 248
1 1 1 1 1 1 1 1 1 1 1 1 1 1151 249
1 1 1 1 1 1 1 1 1 1 1 1 1 1150 250
1 1 1 1 1 1 1 1 1 1 1 1 1 1149 251
1 1 1 1 1 1 1 1 1 1 1 1 1 1148 252
1 1 1 1 1 1 1 1 1 1 1 1 1 1147 253
1 1 1 1 1 1 1 1 1 1 1 1 1 1146 254
1 1 1 1 1 1 1 1 1 1 1 1 1 1145 255
1 1 1 1 1 1 1 1 1 1 1 1 1 1144 256
1 1 1 1 1 1 1 1 1 1 1 1 1 1143 257
1 1 1 1 1 1 1 1 1 1 1 1 1 1142 258
1 1 1 1 1 1 1 1 1 1 1 1 1 1141 259
1 1 1 1 1 1 1 1 1 1 1 1 1 1140 260
1 1 1 1 1 1 1 1 1 1 1 1 1 1139 261
1 1 1 1 1 1 1 1 1 1 1 1 1 1138 262
1 1 1 1 1 1 1 1 1 1 1 1 1 1137 263
1 1 1 1 1 1 1 1 1 1 1 1 1 1136 264
1 1 1 1 1 1 1 1 1 1 1 1 1 1135 265
1 1 1 1 1 1 1 1 1 1 1 1 1 1134 266
1 1 1 1 1 1 1 1 1 1 1 1 1 1133 267
1 1 1 1 1 1 1 1 1 1 1 1 1 1132 268
1 1 1 1 1 1 1 1 1 1 1 1 1 1131 269
1 1 1 1 1 1 1 1 1 1 1 1 1 1130 270
1 1 1 1 1 1 1 1 1 1 1 1 1 1129 271
1 1 1 1 1 1 1 1 1 1 1 1 1 1128 272
1 1 1 1 1 1 1 1 1 1 1 1 1 1127 273
1 1 1 1 1 1 1 1 1 1 1 1 1 1126 274
1 1 1 1 1 1 1 1 1 1 1 1 1 1125 275
1 1 1 1 1 1 1 1 1 1 1 1 1 1124 276
1 1 1 1 1 1 1 1 1 1 1 1 1 1123 277
1 1 1 1 1 1 1 1 1 1 1 1 1 1122 278
1 1 1 1 1 1 1 1 1 1 1 1 1 1121 279
1 1 1 1 1 1 1 1 1 1 1 1 1 1120 280
1 1 1 1 1 1 1 1 1 1 1 1 1 1119 281
1 1 1 1 1 1 1 1 1 1 1 1 1 1118 282
1 1 1 1 1 1 1 1 1 1 1 1 1 1117 283
1 1 1 1 1 1 1 1 1 1 1 1 1 1116 284
1 1 1 1 1 1 1 1 1 1 1 1 1 1115 285
1 1 1 1 1 1 1 1 1 1 1 1 1 1114 286
1 1 1 1 1 1 1 1 1 1 1 1 1 1113 287
1 1 1 1 1 1 1 1 1 1 1 1 1 1112 288
1 1 1 1 1 1 1 1 1 1 1 1 1 1111 289
1 1 1 1 1 1 1 1 1 1 1 1 1 1110 290
1 1 1 1 1 1 1 1 1 1 1 1 1 1109 291
1 1 1 1 1 1 1 1 1 1 1 1 1 1108 292
1 1 1 1 1 1 1 1 1 1 1 1 1 1107 293
1 1 1 1 1 1 1 1 1 1 1 1 1 1106 294
1 1 1 1 1 1 1 1 1 1 1 1 1 1105 295
1 1 1 1 1 1 1 1 1 1 1 1 1 1104 296
1 1 1 1 1 1 1 1 1 1 1 1 1 1103 297
1 1 1 1 1 1 1 1 1 1 1 1 1 1102 298
1 1 1 1 1 1 1 1 1 1 1 1 1 1101 299
1 1 1 1 1 1 1 1 1 1 1 1 1 1100 300
1 1 1 1 1 1 1 1 1 1 1 1 1 1099 301
1 1 1 1 1 1 1 1 1 1 1 1 1 1098 302
1 1 1 1 1 1 1 1 1 1 1 1 1 1097 303
1 1 1 1 1 1 1 1 1 1 1 1 1 1096 304
1 1 1 1 1 1 1 1 1 1 1 1 1 1095 305
1 1 1 1 1 1 1 1 1 1 1 1 1 1094 306
1 1 1 1 1 1 1 1 1 1 1 1 1 1093 307
1 1 1 1 1 1 1 1 1 1 1 1 1 1092 308
1 1 1 1 1 1 1 1 1 1 1 1 1 1091 309
1 1 1 1 1 1 1 1 1 1 1 1 1 1090 310
1 1 1 1 1 1 1 1 1 1 1 1 1 1089 311
1 1 1 1 1 1 1 1 1 1 1 1 1 1088 312
1 1 1 1 1 1 1 1 1 1 1 1 1 1087 313
1 1 1 1 1 1 1 1 1 1 1 1 1 1086 314
1 1 1 1 1 1 1 1 1 1 1 1 1 1085 315
1 1 1 1 1 1 1 1 1 1 1 1 1 1084 316
1 1 1 1 1 1 1 1 1 1 1 1 1 1083 317
1 1 1 1 1 1 1 1 1 1 1 1 1 1082 318
1 1 1 1 1 1 1 1 1 1 1 1 1 1081 319
1 1 1 1 1 1 1 1 1 1 1 1 1 1080 320
1 1 1 1 1 1 1 1 1 1 1 1 1 1079 321
1 1 1 1 1 1 1 1 1 1 1 1 1 1078 322
1 1 1 1 1 1 1 1 1 1 1 1 1 1077 323
1 1 1 1 1 1 1 1 1 1 1 1 1 1076 324
1 1 1 1 1 1 1 1 1 1 1 1 1 1075 325
1 1 1 1 1 1 1 1 1 1 1 1 1 1074 326
1 1 1 1 1 1 1 1 1 1 1 1 1 1073 327
1 1 1 1 1 1 1 1 1 1 1 1 1 1072 328
1 1 1 1 1 1 1 1 1 1 1 1 1 1071 329
1 1 1 1 1 1 1 1 1 1 1 1 1 1070 330
1 1 1 1 1 1 1 1 1 1 1 1 1 1069 331
1 1 1 1 1 1 1 1 1 1 1 1 1 1068 332
1 1 1 1 1 1 1 1 1 1 1 1 1 1067 333
1 1 1 1 1 1 1 1 1 1 1 1 1 1066 334
1 1 1 1 1 1 1 1 1 1 1 1 1 1065 335
1 1 1 1 1 1 1 1 1 1 1 1 1 1064 336
1 1 1 1 1 1 1 1 1 1 1 1 1 1063 337
1 1 1 1 1 1 1 1 1 1 1 1 1 1062 338
1 1 1 1 1 1 1 1 1 1 1 1 1 1061 339
1 1 1 1 1 1 1 1 1 1 1 1 1 1060 340
1 1 1 1 1 1 1 1 1 1 1 1 1 1059 341
1 1 1 1 1 1 1 1 1 1 1 1 1 1058 342
1 1 1 1 1 1 1 1 1 1 1 1 1 1057 343
1 1 1 1 1 1 1 1 1 1 1 1 1 1056 344
1 1 1 1 1 1 1 1 1 1 1 1 1 1055 345
1 1 1 1 1 1 1 1 1 1 1 1 1 1054 346
1 1 1 1 1 1 1 1 1 1 1 1 1 1053 347
1 1 1 1 1 1 1 1 1 1 1 1 1 1052 348
1 1 1 1 1 1 1 1 1 1 1 1 1 1051 349
1 1 1 1 1 1 1 1 1 1 1 1 1 1050 350
1 1 1 1 1 1 1 1 1 1 1 1 1 1049 351
1 1 1 1 1 1 1 1 1 1 1 1 1 1048 352
1 1 1 1 1 1 1 1 1 1 1 1 1 1047 353
1 1 1 1 1 1 1 1 1 1 1 1 1 1046 354
1 1 1 1 1 1 1 1 1 1 1 1 1 1045 355
1 1 1 1 1 1 1 1 1 1 1 1 1 1044 356
1 1 1 1 1 1 1 1 1 1 1 1 1 1043 357
1 1 1 1 1 1 1 1 1 1 1 1 1 1042 358
1 1 1 1 1 1 1 1 1 1 1 1 1 1041 359
1 1 1 1 1 1 1 1 1 1 1 1 1 1040 360
1 1 1 1 1 1 1 1 1 1 1 1 1 1039 361
1 1 1 1 1 1 1 1 1 1 1 1 1 1038 362
1 1 1 1 1 1 1 1 1 1 1 1 1 1037 363
1 1 1 1 1 1 1 1 1 1 1 1 1 1036 364
1 1 1 1 1 1 1 1 1 1 1 1 1 1035 365
1 1 1 1 1 1 1 1 1 1 1 1 1 1034 366
1 1 1 1 1 1 1 1 1 1 1 1 1 1033 367
1 1 1 1 1 1 1 1 1 1 1 1 1 1032 368
1 1 1 1 1 1 1 1 1 1 1 1 1 1031 369
1 1 1 1 1 1 1 1 1 1 1 1 1 1030 370
1 1 1 1 1 1 1 1 1 1 1 1 1 1029 371
1 1 1 1 1 1 1 1 1 1 1 1 1 1028 372
1 1 1 1 1 1 1 1 1 1 1 1 1 1027 373
1 1 1 1 1 1 1 1 1 1 1 1 1 1026 374
1 1 1 1 1 1 1 1 1 1 1 1 1 1025 375
1 1 1 1 1 1 1 1 1 1 1 1 1 1024 376
1 1 1 1 1 1 1 1 1 1 1 1 1 1023 377
1 1 1 1 1 1 1 1 1 1 1 1 1 1022 378
1 1 1 1 1 1 1 1 1 1 1 1 1 1021 379
1 1 1 1 1 1 1 1 1 1 1 1 1 1020 380
1 1 1 1 1 1 1 1 1 1 1 1 1 1019 381
1 1 1 1 1 1 1 1 1 1 1 1 1 1018 382
1 1 1 1 1 1 1 1 1 1 1 1 1 1017 383
1 1 1 1 1 1 1 1 1 1 1 1 1 1016 384
1 1 1 1 1 1 1 1 1 1 1 1 1 1015 385
1 1 1 1 1 1 1 1 1 1 1 1 1 1014 386
1 1 1 1 1 1 1 1 1 1 1 1 1 1013 387
1 1 1 1 1 1 1 1 1 1 1 1 1 1012 388
1 1 1 1 1 1 1 1 1 1 1 1 1 1011 389
1 1 1 1 1 1 1 1 1 1 1 1 1 1010 390
1 1 1 1 1 1 1 1 1 1 1 1 1 1009 391
1 1 1 1 1 1 1 1 1 1 1 1 1 1008 392
1 1 1 1 1 1 1 1 1 1 1 1 1 1007 393
1 1 1 1 1 1 1 1 1 1 1 1 1 1006 394
1 1 1 1 1 1 1 1 1 1 1 1 1 1005 395
1 1 1 1 1 1 1 1 1 1 1 1 1 1004 396
1 1 1 1 1 1 1 1 1 1 1 1 1 1003 397
1 1 1 1 1 1 1 1 1 1 1 1 1 1002 398
1 1 1 1 1 1 1 1 1 1 1 1 1 1001 399
1 1 1 1 1 1 1 1 1 1 1 1 1 1000 400
1 1 1 1 1 1 1 1 1 1 1 1 1 999 401
1 1 1 1 1 1 1 1 1 1 1 1 1 998 402
1 1 1 1 1 1 1 1 1 1 1 1 1 997 403
1 1 1 1 1 1 1 1 1 1 1 1 1 996 404
1 1 1 1 1 1 1 1 1 1 1 1 1 995 405
1 1 1 1 1 1 1 1 1 1 1 1 1 994 406
1 1 1 1 1 1 1 1 1 1 1 1 1 993 407
1 1 1 1 1 1 1 1 1 1 1 1 1 992 408
1 1 1 1 1 1 1 1 1 1 1 1 1 991 409
1 1 1 1 1 1 1 1 1 1 1 1 1 990 410
1 1 1 1 1 1 1 1 1 1 1 1 1 989 411
1 1 1 1 1 1 1 1 1 1 1 1 1 988 412
1 1 1 1 1 1 1 1 1 1 1 1 1 987 413
1 1 1 1 1 1 1 1 1 1 1 1 1 986 414
1 1 1 1 1 1 1 1 1 1 1 1 1 985 415
1 1 1 1 1 1 1 1 1 1 1 1 1 984 416
1 1 1 1 1 1 1 1 1 1 1 1 1 983 417
1 1 1 1 1 1 1 1 1 1 1 1 1 982 418
1 1 1 1 1 1 1 1 1 1 1 1 1 981 419
1 1 1 1 1 1 1 1 1 1 1 1 1 980 420
1 1 1 1 1 1 1 1 1 1 1 1 1 979 421
1 1 1 1 1 1 1 1 1 1 1 1 1 978 422
1 1 1 1 1 1 1 1 1 1 1 1 1 977 423
1 1 1 1 1 1 1 1 1 1 1 1 1 976 424
1 1 1 1 1 1 1 1 1 1 1 1 1 975 425
1 1 1 1 1 1 1 1 1 1 1 1 1 974 426
1 1 1 1 1 1 1 1 1 1 1 1 1 973 427
1 1 1 1 1 1 1 1 1 1 1 1 1 972 428
1 1 1 1 1 1 1 1 1 1 1 1 1 971 429
1 1 1 1 1 1 1 1 1 1 1 1 1 970 430
1 1 1 1 1 1 1 1 1 1 1 1 1 969 431
1 1 1 1 1 1 1 1 1 1 1 1 1 968 432
1 1 1 1 1 1 1 1 1 1 1 1 1 967 433
1 1 1 1 1 1 1 1 1 1 1 1 1 966 434
1 1 1 1 1 1 1 1 1 1 1 1 1 965 435
1 1 1 1 1 1 1 1 1 1 1 1 1 964 436
1 1 1 1 1 1 1 1 1 1 1 1 1 963 437
1 1 1 1 1 1 1 1 1 1 1 1 1 962 438
1 1 1 1 1 1 1 1 1 1 1 1 1 961 439
1 1 1 1 1 1 1 1 1 1 1 1 1 960 440
1 1 1 1 1 1 1 1 1 1 1 1 1 959 441
1 1 1 1 1 1 1 1 1 1 1 1 1 958 442
1 1 1 1 1 1 1 1 1 1 1 1 1 957 443
1 1 1 1 1 1 1 1 1 1 1 1 1 956 444
1 1 1 1 1 1 1 1 1 1 1 1 1 955 445
1 1 1 1 1 1 1 1 1 1 1 1 1 954 446
1 1 1 1 1 1 1 1 1 1 1 1 1 953 447
1 1 1 1 1 1 1 1 1 1 1 1 1 952 448
1 1 1 1 1 1 1 1 1 1 1 1 1 951 449
1 1 1 1 1 1 1 1 1 1 1 1 1 950 450
1 1 1 1 1 1 1 1 1 1 1 1 1 949 451
1 1 1 1 1 1 1 1 1 1 1 1 1 948 452
1 1 1 1 1 1 1 1 1 1 1 1 1 947 453
1 1 1 1 1 1 1 1 1 1 1 1 1 946 454
1 1 1 1 1 1 1 1 1 1 1 1 1 945 455
1 1 1 1 1 1 1 1 1 1 1 1 1 944 456
1 1 1 1 1 1 1 1 1 1 1 1 1 943 457
1 1 1 1 1 1 1 1 1 1 1 1 1 942 458
1 1 1 1 1 1 1 1 1 1 1 1 1 941 459
1 1 1 1 1 1 1 1 1 1 1 1 1 940 460
1 1 1 1 1 1 1 1 1 1 1 1 1 939 461
1 1 1 1 1 1 1 1 1 1 1 1 1 938 462
1 1 1 1 1 1 1 1 1 1 1 1 1 937 463
1 1 1 1 1 1 1 1 1 1 1 1 1 936 464
1 1 1 1 1 1 1 1 1 1 1 1 1 935 465
1 1 1 1 1 1 1 1 1 1 1 1 1 934 466
1 1 1 1 1 1 1 1 1 1 1 1 1 933 467
1 1 1 1 1 1 1 1 1 1 1 1 1 932 468
1 1 1 1 1 1 1 1 1 1 1 1 1 931 469
1 1 1 1 1 1 1 1 1 1 1 1 1 930 470
1 1 1 1 1 1 1 1 1 1 1 1 1 929 471
1 1 1 1 1 1 1 1 1 1 1 1 1 928 472
1 1 1 1 1 1 1 1 1 1 1 1 1 927 473
1 1 1 1 1 1 1 1 1 1 1 1 1 926 474
1 1 1 1 1 1 1 1 1 1 1 1 1 925 475
1 1 1 1 1 1 1 1 1 1 1 1 1 924 476
1 1 1 1 1 1 1 1 1 1 1 1 1 923 477
1 1 1 1 1 1 1 1 1 1 1 1 1 922 478
1 1 1 1 1 1 1 1 1 1 1 1 1 921 479
1 1 1 1 1 1 1 1 1 1 1 1 1 920 480
1 1 1 1 1 1 1 1 1 1 1 1 1 919 481
1 1 1 1 1 1 1 1 1 1 1 1 1 918 482
1 1 1 1 1 1 1 1 1 1 1 1 1 917 483
1 1 1 1 1 1 1 1 1 1 1 1 1 916 484
1 1 1 1 1 1 1 1 1 1 1 1 1 915 485
1 1 1 1 1 1 1 1 1 1 1 1 1 914 486
1 1 1 1 1 1 1 1 1 1 1 1 1 913 487
1 1 1 1 1 1 1 1 1 1 1 1 1 912 488
1 1 1 1 1 1 1 1 1 1 1 1 1 911 489
1 1 1 1 1 1 1 1 1 1 1 1 1 910 490
1 1 1 1 1 1 1 1 1 1 1 1 1 909 491
1 1 1 1 1 1 1 1 1 1 1 1 1 908 492
1 1 1 1 1 1 1 1 1 1 1 1 1 907 493
1 1 1 1 1 1 1 1 1 1 1 1 1 906 494
1 1 1 1 1 1 1 1 1 1 1 1 1 905 495
1 1 1 1 1 1 1 1 1 1 1 1 1 904 496
1 1 1 1 1 1 1 1 1 1 1 1 1 903 497
1 1 1 1 1 1 1 1 1 1 1 1 1 902 498
1 1 1 1 1 1 1 1 1 1 1 1 1 901 499
1 1 1 1 1 1 1 1 1 1 1 1 1 900 500
1 1 1 1 1 1 1 1 1 1 1 1 1 899 501
1 1 1 1 1 1 1 1 1 1 1 1 1 898 502
1 1 1 1 1 1 1 1 1 1 1 1 1 897 503
1 1 1 1 1 1 1 1 1 1 1 1 1 896 504
1 1 1 1 1 1 1 1 1 1 1 1 1 895 505
1 1 1 1 1 1 1 1 1 1 1 1 1 894 506
1 1 1 1 1 1 1 1 1 1 1 1 1 893 507
1 1 1 1 1 1 1 1 1 1 1 1 1 892 508
1 1 1 1 1 1 1 1 1 1 1 1 1 891 509
1 1 1 1 1 1 1 1 1 1 1 1 1 890 510
1 1 1 1 1 1 1 1 1 1 1 1 1 889 511
1 1 1 1 1 1 1 1 1 1 1 1 1 888 512
1 1 1 1 1 1 1 1 1 1 1 1 1 887 513
1 1 1 1 1 1 1 1 1 1 1 1 1 886 514
1 1 1 1 1 1 1 1 1 1 1 1 1 885 515
1 1 1 1 1 1 1 1 1 1 1 1 1 884 516
1 1 1 1 1 1 1 1 1 1 1 1 1 883 517
1 1 1 1 1 1 1 1 1 1 1 1 1 882 518
1 1 1 1 1 1 1 1 1 1 1 1 1 881 519
1 1 1 1 1 1 1 1 1 1 1 1 1 880 520
1 1 1 1 1 1 1 1 1 1 1 1 1 879 521
1 1 1 1 1 1 1 1 1 1 1 1 1 878 522
1 1 1 1 1 1 1 1 1 1 1 1 1 877 523
1 1 1 1 1 1 1 1 1 1 1 1 1 876 524
1 1 1 1 1 1 1 1 1 1 1 1 1 875 525
1 1 1 1 1 1 1 1 1 1 1 1 1 874 526
1 1 1 1 1 1 1 1 1 1 1 1 1 873 527
1 1 1 1 1 1 1 1 1 1 1 1 1 872 528
1 1 1 1 1 1 1 1 1 1 1 1 1 871 529
1 1 1 1 1 1 1 1 1 1 1 1 1 870 530
1 1 1 1 1 1 1 1 1 1 1 1 1 869 531
1 1 1 1 1 1 1 1 1 1 1 1 1 868 532
1 1 1 1 1 1 1 1 1 1 1 1 1 867 533
1 1 1 1 1 1 1 1 1 1 1 1 1 866 534
1 1 1 1 1 1 1 1 1 1 1 1 1 865 535
1 1 1 1 1 1 1 1 1 1 1 1 1 864 536
1 1 1 1 1 1 1 1 1 1 1 1 1 863 537
1 1 1 1 1 1 1 1 1 1 1 1 1 862 538
1 1 1 1 1 1 1 1 1 1 1 1 1 861 539
1 1 1 1 1 1 1 1 1 1 1 1 1 860 540
1 1 1 1 1 1 1 1 1 1 1 1 1 859 541
1 1 1 1 1 1 1 1 1 1 1 1 1 858 542
1 1 1 1 1 1 1 1 1 1 1 1 1 857 543
1 1 1 1 1 1 1 1 1 1 1 1 1 856 544
1 1 1 1 1 1 1 1 1 1 1 1 1 855 545
1 1 1 1 1 1 1 1 1 1 1 1 1 854 546
1 1 1 1 1 1 1 1 1 1 1 1 1 853 547
1 1 1 1 1 1 1 1 1 1 1 1 1 852 548
1 1 1 1 1 1 1 1 1 1 1 1 1 851 549
1 1 1 1 1 1 1 1 1 1 1 1 1 850 550
1 1 1 1 1 1 1 1 1 1 1 1 1 849 551
1 1 1 1 1 1 1 1 1 1 1 1 1 848 552
1 1 1 1 1 1 1 1 1 1 1 1 1 847 553
1 1 1 1 1 1 1 1 1 1 1 1 1 846 554
1 1 1 1 1 1 1 1 1 1 1 1 1 845 555
1 1 1 1 1 1 1 1 1 1 1 1 1 844 556
1 1 1 1 1 1 1 1 1 1 1 1 1 843 557
1 1 1 1 1 1 1 1 1 1 1 1 1 842 558
1 1 1 1 1 1 1 1 1 1 1 1 1 841 559
1 1 1 1 1 1 1 1 1 1 1 1 1 840 560
1 1 1 1 1 1 1 1 1 1 1 1 1 839 561
1 1 1 1 1 1 1 1 1 1 1 1 1 838 562
1 1 1 1 1 1 1 1 1 1 1 1 1 837 563
1 1 1 1 1 1 1 1 1 1 1 1 1 836 564
1 1 1 1 1 1 1 1 1 1 1 1 1 835 565
1 1 1 1 1 1 1 1 1 1 1 1 1 834 566
1 1 1 1 1 1 1 1 1 1 1 1 1 833 567
1 1 1 1 1 1 1 1 1 1 1 1 1 832 568
1 1 1 1 1 1 1 1 1 1 1 1 1 831 569
1 1 1 1 1 1 1 1 1 1 1 1 1 830 570
1 1 1 1 1 1 1 1 1 1 1 1 1 829 571
1 1 1 1 1 1 1 1 1 1 1 1 1 828 572
1 1 1 1 1 1 1 1 1 1 1 1 1 827 573
1 1 1 1 1 1 1 1 1 1 1 1 1 826 574
1 1 1 1 1 1 1 1 1 1 1 1 1 825 575
1 1 1 1 1 1 1 1 1 1 1 1 1 824 576
1 1 1 1 1 1 1 1 1 1 1 1 1 823 577
1 1 1 1 1 1 1 1 1 1 1 1 1 822 578
1 1 1 1 1 1 1 1 1 1 1 1 1 821 579
1 1 1 1 1 1 1 1 1 1 1 1 1 820 580
1 1 1 1 1 1 1 1 1 1 1 1 1 819 581
1 1 1 1 1 1 1 1 1 1 1 1 1 818 582
1 1 1 1 1 1 1 1 1 1 1 1 1 817 583
1 1 1 1 1 1 1 1 1 1 1 1 1 816 584
1 1 1 1 1 1 1 1 1 1 1 1 1 815 585
1 1 1 1 1 1 1 1 1 1 1 1 1 814 586
1 1 1 1 1 1 1 1 1 1 1 1 1 813 587
1 1 1 1 1 1 1 1 1 1 1 1 1 812 588
1 1 1 1 1 1 1 1 1 1 1 1 1 811 589
1 1 1 1 1 1 1 1 1 1 1 1 1 810 590
1 1 1 1 1 1 1 1 1 1 1 1 1 809 591
1 1 1 1 1 1 1 1 1 1 1 1 1 808 592
1 1 1 1 1 1 1 1 1 1 1 1 1 807 593
1 1 1 1 1 1 1 1 1 1 1 1 1 806 594
1 1 1 1 1 1 1 1 1 1 1 1 1 805 595
1 1 1 1 1 1 1 1 1 1 1 1 1 804 596
1 1 1 1 1 1 1 1 1 1 1 1 1 803 597
1 1 1 1 1 1 1 1 1 1 1 1 1 802 598
1 1 1 1 1 1 1 1 1 1 1 1 1 801 599
1 1 1 1 1 1 1 1 1 1 1 1 1 800 600
1 1 1 1 1 1 1 1 1 1 1 1 1 799 601
1 1 1 1 1 1 1 1 1 1 1 1 1 798 602
1 1 1 1 1 1 1 1 1 1 1 1 1 797 603
1 1 1 1 1 1 1 1 1 1 1 1 1 796 604
1 1 1 1 1 1 1 1 1 1 1 1 1 795 605
1 1 1 1 1 1 1 1 1 1 1 1 1 794 606
1 1 1 1 1 1 1 1 1 1 1 1 1 793 607
1 1 1 1 1 1 1 1 1 1 1 1 1 792 608
1 1 1 1 1 1 1 1 1 1 1 1 1 791 609
1 1 1 1 1 1 1 1 1 1 1 1 1 790 610
1 1 1 1 1 1 1 1 1 1 1 1 1 789 611
1 1 1 1 1 1 1 1 1 1 1 1 1 788 612
1 1 1 1 1 1 1 1 1 1 1 1 1 787 613
1 1 1 1 1 1 1 1 1 1 1 1 1 786 614
1 1 1 1 1 1 1 1 1 1 1 1 1 785 615
1 1 1 1 1 1 1 1 1 1 1 1 1 784 616
1 1 1 1 1 1 1 1 1 1 1 1 1 783 617
1 1 1 1 1 1 1 1 1 1 1 1 1 782 618
1 1 1 1 1 1 1 1 1 1 1 1 1 781 619
1 1 1 1 1 1 1 1 1 1 1 1 1 780 620
1 1 1 1 1 1 1 1 1 1 1 1 1 779 621
1 1 1 1 1 1 1 1 1 1 1 1 1 778 622
1 1 1 1 1 1 1 1 1 1 1 1 1 777 623
1 1 1 1 1 1 1 1 1 1 1 1 1 776 624
1 1 1 1 1 1 1 1 1 1 1 1 1 775 625
1 1 1 1 1 1 1 1 1 1 1 1 1 774 626
1 1 1 1 1 1 1 1 1 1 1 1 1 773 627
1 1 1 1 1 1 1 1 1 1 1 1 1 772 628
1 1 1 1 1 1 1 1 1 1 1 1 1 771 629
1 1 1 1 1 1 1 1 1 1 1 1 1 770 630
1 1 1 1 1 1 1 1 1 1 1 1 1 769 631
1 1 1 1 1 1 1 1 1 1 1 1 1 768 632
1 1 1 1 1 1 1 1 1 1 1 1 1 767 633
1 1 1 1 1 1 1 1 1 1 1 1 1 766 634
1 1 1 1 1 1 1 1 1 1 1 1 1 765 635
1 1 1 1 1 1 1 1 1 1 1 1 1 764 636
1 1 1 1 1 1 1 1 1 1 1 1 1 763 637
1 1 1 1 1 1 1 1 1 1 1 1 1 762 638
1 1 1 1 1 1 1 1 1 1 1 1 1 761 639
1 1 1 1 1 1 1 1 1 1 1 1 1 760 640
1 1 1 1 1 1 1 1 1 1 1 1 1 759 641
1 1 1 1 1 1 1 1 1 1 1 1 1 758 642
1 1 1 1 1 1 1 1 1 1 1 1 1 757 643
1 1 1 1 1 1 1 1 1 1 1 1 1 756 644
1 1 1 1 1 1 1 1 1 1 1 1 1 755 645
1 1 1 1 1 1 1 1 1 1 1 1 1 754 646
1 1 1 1 1 1 1 1 1 1 1 1 1 753 647
1 1 1 1 1 1 1 1 1 1 1 1 1 752 648
1 1 1 1 1 1 1 1 1 1 1 1 1 751 649
1 1 1 1 1 1 1 1 1 1 1 1 1 750 650
1 1 1 1 1 1 1 1 1 1 1 1 1 749 651
1 1 1 1 1 1 1 1 1 1 1 1 1 748 652
1 1 1 1 1 1 1 1 1 1 1 1 1 747 653
1 1 1 1 1 1 1 1 1 1 1 1 1 746 654
1 1 1 1 1 1 1 1 1 1 1 1 1 745 655
1 1 1 1 1 1 1 1 1 1 1 1 1 744 656
1 1 1 1 1 1 1 1 1 1 1 1 1 743 657
1 1 1 1 1 1 1 1 1 1 1 1 1 742 658
1 1 1 1 1 1 1 1 1 1 1 1 1 741 659
1 1 1 1 1 1 1 1 1 1 1 1 1 740 660
1 1 1 1 1 1 1 1 1 1 1 1 1 739 661
1 1 1 1 1 1 1 1 1 1 1 1 1 738 662
1 1 1 1 1 1 1 1 1 1 1 1 1 737 663
1 1 1 1 1 1 1 1 1 1 1 1 1 736 664
1 1 1 1 1 1 1 1 1 1 1 1 1 735 665
1 1 1 1 1 1 1 1 1 1 1 1 1 734 666
1 1 1 1 1 1 1 1 1 1 1 1 1 733 667
1 1 1 1 1 1 1 1 1 1 1 1 1 732 668
1 1 1 1 1 1 1 1 1 1 1 1 1 731 669
1 1 1 1 1 1 1 1 1 1 1 1 1 730 670
1 1 1 1 1 1 1 1 1 1 1 1 1 729 671
1 1 1 1 1 1 1 1 1 1 1 1 1 728 672
1 1 1 1 1 1 1 1 1 1 1 1 1 727 673
1 1 1 1 1 1 1 1 1 1 1 1 1 726 674
1 1 1 1 1 1 1 1 1 1 1 1 1 725 675
1 1 1 1 1 1 1 1 1 1 1 1 1 724 676
1 1 1 1 1 1 1 1 1 1 1 1 1 723 677
1 1 1 1 1 1 1 1 1 1 1 1 1 722 678
1 1 1 1 1 1 1 1 1 1 1 1 1 721 679
1 1 1 1 1 1 1 1 1 1 1 1 1 720 680
1 1 1 1 1 1 1 1 1 1 1 1 1 719 681
1 1 1 1 1 1 1 1 1 1 1 1 1 718 682
1 1 1 1 1 1 1 1 1 1 1 1 1 717 683
1 1 1 1 1 1 1 1 1 1 1 1 1 716 684
1 1 1 1 1 1 1 1 1 1 1 1 1 715 685
1 1 1 1 1 1 1 1 1 1 1 1 1 714 686
1 1 1 1 1 1 1 1 1 1 1 1 1 713 687
1 1 1 1 1 1 1 1 1 1 1 1 1 712 688
1 1 1 1 1 1 1 1 1 1 1 1 1 711 689
1 1 1 1 1 1 1 1 1 1 1 1 1 710 690
1 1 1 1 1 1 1 1 1 1 1 1 1 709 691
1 1 1 1 1 1 1 1 1 1 1 1 1 708 692
1 1 1 1 1 1 1 1 1 1 1 1 1 707 693
1 1 1 1 1 1 1 1 1 1 1 1 1 706 694
1 1 1 1 1 1 1 1 1 1 1 1 1 705 695
1 1 1 1 1 1 1 1 1 1 1 1 1 704 696
1 1 1 1 1 1 1 1 1 1 1 1 1 703 697
1 1 1 1 1 1 1 1 1 1 1 1 1 702 698
1 1 1 1 1 1 1 1 1 1 1 1 1 701 699
1 1 1 1 1 1 1 1 1 1 1 1 1 700 700
1 1 1 1 1 1 1 1 1 1 1 1 1 699 701
1 1 1 1 1 1 1 1 1 1 1 1 1 698 702
1 1 1 1 1 1 1 1 1 1 1 1 1 697 703
1 1 1 1 1 1 1 1 1 1 1 1 1 696 704
1 1 1 1 1 1 1 1 1 1 1 1 1 695 705
1 1 1 1 1 1 1 1 1 1 1 1 1 694 706
1 1 1 1 1 1 1 1 1 1 1 1 1 693 707
1 1 1 1 1 1 1 1 1 1 1 1 1 692 708
1 1 1 1 1 1 1 1 1 1 1 1 1 691 709
1 1 1 1 1 1 1 1 1 1 1 1 1 690 710
1 1 1 1 1 1 1 1 1 1 1 1 1 689 711
1 1 1 1 1 1 1 1 1 1 1 1 1 688 712
1 1 1 1 1 1 1 1 1 1 1 1 1 687 713
1 1 1 1 1 1 1 1 1 1 1 1 1 686 714
1 1 1 1 1 1 1 1 1 1 1 1 1 685 715
1 1 1 1 1 1 1 1 1 1 1 1 1 684 716
1 1 1 1 1 1 1 1 1 1 1 1 1 683 717
1 1 1 1 1 1 1 1 1 1 1 1 1 682 718
1 1 1 1 1 1 1 1 1 1 1 1 1 681 719
1 1 1 1 1 1 1 1 1 1 1 1 1 680 720
1 1 1 1 1 1 1 1 1 1 1 1 1 679 721
1 1 1 1 1 1 1 1 1 1 1 1 1 678 722
1 1 1 1 1 1 1 1 1 1 1 1 1 677 723
1 1 1 1 1 1 1 1 1 1 1 1 1 676 724
1 1 1 1 1 1 1 1 1 1 1 1 1 675 725
1 1 1 1 1 1 1 1 1 1 1 1 1 674 726
1 1 1 1 1 1 1 1 1 1 1 1 1 673 727
1 1 1 1 1 1 1 1 1 1 1 1 1 672 728
1 1 1 1 1 1 1 1 1 1 1 1 1 671 729
1 1 1 1 1 1 1 1 1 1 1 1 1 670 730
1 1 1 1 1 1 1 1 1 1 1 1 1 669 731
1 1 1 1 1 1 1 1 1 1 1 1 1 668 732
1 1 1 1 1 1 1 1 1 1 1 1 1 667 733
1 1 1 1 1 1 1 1 1 1 1 1 1 666 734
1 1 1 1 1 1 1 1 1 1 1 1 1 665 735
1 1 1 1 1 1 1 1 1 1 1 1 1 664 736
1 1 1 1 1 1 1 1 1 1 1 1 1 663 737
1 1 1 1 1 1 1 1 1 1 1 1 1 662 738
1 1 1 1 1 1 1 1 1 1 1 1 1 661 739
1 1 1 1 1 1 1 1 1 1 1 1 1 660 740
1 1 1 1 1 1 1 1 1 1 1 1 1 659 741
1 1 1 1 1 1 1 1 1 1 1 1 1 658 742
1 1 1 1 1 1 1 1 1 1 1 1 1 657 743
1 1 1 1 1 1 1 1 1 1 1 1 1 656 744
1 1 1 1 1 1 1 1 1 1 1 1 1 655 745
1 1 1 1 1 1 1 1 1 1 1 1 1 654 746
1 1 1 1 1 1 1 1 1 1 1 1 1 653 747
1 1 1 1 1 1 1 1 1 1 1 1 1 652 748
1 1 1 1 1 1 1 1 1 1 1 1 1 651 749
1 1 1 1 1 1 1 1 1 1 1 1 1 650 750
1 1 1 1 1 1 1 1 1 1 1 1 1 649 751
1 1 1 1 1 1 1 1 1 1 1 1 1 648 752
1 1 1 1 1 1 1 1 1 1 1 1 1 647 753
1 1 1 1 1 1 1 1 1 1 1 1 1 646 754
1 1 1 1 1 1 1 1 1 1 1 1 1 645 755
1 1 1 1 1 1 1 1 1 1 1 1 1 644 756
1 1 1 1 1 1 1 1 1 1 1 1 1 643 757
1 1 1 1 1 1 1 1 1 1 1 1 1 642 758
1 1 1 1 1 1 1 1 1 1 1 1 1 641 759
1 1 1 1 1 1 1 1 1 1 1 1 1 640 760
1 1 1 1 1 1 1 1 1 1 1 1 1 639 761
1 1 1 1 1 1 1 1 1 1 1 1 1 638 762
1 1 1 1 1 1 1 1 1 1 1 1 1 637 763
1 1 1 1 1 1 1 1 1 1 1 1 1 636 764
1 1 1 1 1 1 1 1 1 1 1 1 1 635 765
1 1 1 1 1 1 1 1 1 1 1 1 1 634 766
1 1 1 1 1 1 1 1 1 1 1 1 1 633 767
1 1 1 1 1 1 1 1 1 1 1 1 1 632 768
1 1 1 1 1 1 1 1 1 1 1 1 1 631 769
1 1 1 1 1 1 1 1 1 1 1 1 1 630 770
1 1 1 1 1 1 1 1 1 1 1 1 1 629 771
1 1 1 1 1 1 1 1 1 1 1 1 1 628 772
1 1 1 1 1 1 1 1 1 1 1 1 1 627 773
1 1 1 1 1 1 1 1 1 1 1 1 1 626 774
1 1 1 1 1 1 1 1 1 1 1 1 1 625 775
1 1 1 1 1 1 1 1 1 1 1 1 1 624 776
1 1 1 1 1 1 1 1 1 1 1 1 1 623 777
1 1 1 1 1 1 1 1 1 1 1 1 1 622 778
1 1 1 1 1 1 1 1 1 1 1 1 1 621 779
1 1 1 1 1 1 1 1 1 1 1 1 1 620 780
1 1 1 1 1 1 1 1 1 1 1 1 1 619 781
1 1 1 1 1 1 1 1 1 1 1 1 1 618 782
1 1 1 1 1 1 1 1 1 1 1 1 1 617 783
1 1 1 1 1 1 1 1 1 1 1 1 1 616 784
1 1 1 1 1 1 1 1 1 1 1 1 1 615 785
1 1 1 1 1 1 1 1 1 1 1 1 1 614 786
1 1 1 1 1 1 1 1 1 1 1 1 1 613 787
1 1 1 1 1 1 1 1 1 1 1 1 1 612 788
1 1 1 1 1 1 1 1 1 1 1 1 1 611 789
1 1 1 1 1 1 1 1 1 1 1 1 1 610 790
1 1 1 1 1 1 1 1 1 1 1 1 1 609 791
1 1 1 1 1 1 1 1 1 1 1 1 1 608 792
1 1 1 1 1 1 1 1 1 1 1 1 1 607 793
1 1 1 1 1 1 1 1 1 1 1 1 1 606 794
1 1 1 1 1 1 1 1 1 1 1 1 1 605 795
1 1 1 1 1 1 1 1 1 1 1 1 1 604 796
1 1 1 1 1 1 1 1 1 1 1 1 1 603 797
1 1 1 1 1 1 1 1 1 1 1 1 1 602 798
1 1 1 1 1 1 1 1 1 1 1 1 1 601 799
1 1 1 1 1 1 1 1 1 1 1 1 1 600 800
1 1 1 1 1 1 1 1 1 1 1 1 1 599 801
1 1 1 1 1 1 1 1 1 1 1 1 1 598 802
1 1 1 1 1 1 1 1 1 1 1 1 1 597 803
1 1 1 1 1 1 1 1 1 1 1 1 1 596 804
1 1 1 1 1 1 1 1 1 1 1 1 1 595 805
1 1 1 1 1 1 1 1 1 1 1 1 1 594 806
1 1 1 1 1 1 1 1 1 1 1 1 1 593 807
1 1 1 1 1 1 1 1 1 1 1 1 1 592 808
1 1 1 1 1 1 1 1 1 1 1 1 1 591 809
1 1 1 1 1 1 1 1 1 1 1 1 1 590 810
1 1 1 1 1 1 1 1 1 1 1 1 1 589 811
1 1 1 1 1 1 1 1 1 1 1 1 1 588 812
1 1 1 1 1 1 1 1 1 1 1 1 1 587 813
1 1 1 1 1 1 1 1 1 1 1 1 1 586 814
1 1 1 1 1 1 1 1 1 1 1 1 1 585 815
1 1 1 1 1 1 1 1 1 1 1 1 1 584 816
1 1 1 1 1 1 1 1 1 1 1 1 1 583 817
1 1 1 1 1 1 1 1 1 1 1 1 1 582 818
1 1 1 1 1 1 1 1 1 1 1 1 1 581 819
1 1 1 1 1 1 1 1 1 1 1 1 1 580 820
1 1 1 1 1 1 1 1 1 1 1 1 1 579 821
1 1 1 1 1 1 1 1 1 1 1 1 1 578 822
1 1 1 1 1 1 1 1 1 1 1 1 1 577 823
1 1 1 1 1 1 1 1 1 1 1 1 1 576 824
1 1 1 1 1 1 1 1 1 1 1 1 1 575 825
1 1 1 1 1 1 1 1 1 1 1 1 1 574 826
1 1 1 1 1 1 1 1 1 1 1 1 1 573 827
1 1 1 1 1 1 1 1 1 1 1 1 1 572 828
1 1 1 1 1 1 1 1 1 1 1 1 1 571 829
1 1 1 1 1 1 1 1 1 1 1 1 1 570 830
1 1 1 1 1 1 1 1 1 1 1 1 1 569 831
1 1 1 1 1 1 1 1 1 1 1 1 1 568 832
1 1 1 1 1 1 1 1 1 1 1 1 1 567 833
1 1 1 1 1 1 1 1 1 1 1 1 1 566 834
1 1 1 1 1 1 1 1 1 1 1 1 1 565 835
1 1 1 1 1 1 1 1 1 1 1 1 1 564 836
1 1 1 1 1 1 1 1 1 1 1 1 1 563 837
1 1 1 1 1 1 1 1 1 1 1 1 1 562 838
1 1 1 1 1 1 1 1 1 1 1 1 1 561 839
1 1 1 1 1 1 1 1 1 1 1 1 1 560 840
1 1 1 1 1 1 1 1 1 1 1 1 1 559 841
1 1 1 1 1 1 1 1 1 1 1 1 1 558 842
1 1 1 1 1 1 1 1 1 1 1 1 1 557 843
1 1 1 1 1 1 1 1 1 1 1 1 1 556 844
1 1 1 1 1 1 1 1 1 1 1 1 1 555 845
1 1 1 1 1 1 1 1 1 1 1 1 1 554 846
1 1 1 1 1 1 1 1 1 1 1 1 1 553 847
1 1 1 1 1 1 1 1 1 1 1 1 1 552 848
1 1 1 1 1 1 1 1 1 1 1 1 1 551 849
1 1 1 1 1 1 1 1 1 1 1 1 1 550 850
1 1 1 1 1 1 1 1 1 1 1 1 1 549 851
1 1 1 1 1 1 1 1 1 1 1 1 1 548 852
1 1 1 1 1 1 1 1 1 1 1 1 1 547 853
1 1 1 1 1 1 1 1 1 1 1 1 1 546 854
1 1 1 1 1 1 1 1 1 1 1 1 1 545 855
1 1 1 1 1 1 1 1 1 1 1 1 1 544 856
1 1 1 1 1 1 1 1 1 1 1 1 1 543 857
1 1 1 1 1 1 1 1 1 1 1 1 1 542 858
1 1 1 1 1 1 1 1 1 1 1 1 1 541 859
1 1 1 1 1 1 1 1 1 1 1 1 1 540 860
1 1 1 1 1 1 1 1 1 1 1 1 1 539 861
1 1 1 1 1 1 1 1 1 1 1 1 1 538 862
1 1 1 1 1 1 1 1 1 1 1 1 1 537 863
1 1 1 1 1 1 1 1 1 1 1 1 1 536 864
1 1 1 1 1 1 1 1 1 1 1 1 1 535 865
1 1 1 1 1 1 1 1 1 1 1 1 1 534 866
1 1 1 1 1 1 1 1 1 1 1 1 1 533 867
1 1 1 1 1 1 1 1 1 1 1 1 1 532 868
1 1 1 1 1 1 1 1 1 1 1 1 1 531 869
1 1 1 1 1 1 1 1 1 1 1 1 1 530 870
1 1 1 1 1 1 1 1 1 1 1 1 1 529 871
1 1 1 1 1 1 1 1 1 1 1 1 1 528 872
1 1 1 1 1 1 1 1 1 1 1 1 1 527 873
1 1 1 1 1 1 1 1 1 1 1 1 1 526 874
1 1 1 1 1 1 1 1 1 1 1 1 1 525 875
1 1 1 1 1 1 1 1 1 1 1 1 1 524 876
1 1 1 1 1 1 1 1 1 1 1 1 1 523 877
1 1 1 1 1 1 1 1 1 1 1 1 1 522 878
1 1 1 1 1 1 1 1 1 1 1 1 1 521 879
1 1 1 1 1 1 1 1 1 1 1 1 1 520 880
1 1 1 1 1 1 1 1 1 1 1 1 1 519 881
1 1 1 1 1 1 1 1 1 1 1 1 1 518 882
1 1 1 1 1 1 1 1 1 1 1 1 1 517 883
1 1 1 1 1 1 1 1 1 1 1 1 1 516 884
1 1 1 1 1 1 1 1 1 1 1 1 1 515 885
1 1 1 1 1 1 1 1 1 1 1 1 1 514 886
1 1 1 1 1 1 1 1 1 1 1 1 1 513 887
1 1 1 1 1 1 1 1 1 1 1 1 1 512 888
1 1 1 1 1 1 1 1 1 1 1 1 1 511 889
1 1 1 1 1 1 1 1 1 1 1 1 1 510 890
1 1 1 1 1 1 1 1 1 1 1 1 1 509 891
1 1 1 1 1 1 1 1 1 1 1 1 1 508 892
1 1 1 1 1 1 1 1 1 1 1 1 1 507 893
1 1 1 1 1 1 1 1 1 1 1 1 1 506 894
1 1 1 1 1 1 1 1 1 1 1 1 1 505 895
1 1 1 1 1 1 1 1 1 1 1 1 1 504 896
1 1 1 1 1 1 1 1 1 1 1 1 1 503 897
1 1 1 1 1 1 1 1 1 1 1 1 1 502 898
1 1 1 1 1 1 1 1 1 1 1 1 1 501 899
1 1 1 1 1 1 1 1 1 1 1 1 1 500 900
1 1 1 1 1 1 1 1 1 1 1 1 1 499 901
1 1 1 1 1 1 1 1 1 1 1 1 1 498 902
1 1 1 1 1 1 1 1 1 1 1 1 1 497 903
1 1 1 1 1 1 1 1 1 1 1 1 1 496 904
1 1 1 1 1 1 1 1 1 1 1 1 1 495 905
1 1 1 1 1 1 1 1 1 1 1 1 1 494 906
1 1 1 1 1 1 1 1 1 1 1 1 1 493 907
1 1 1 1 1 1 1 1 1 1 1 1 1 492 908
1 1 1 1 1 1 1 1 1 1 1 1 1 491 909
1 1 1 1 1 1 1 1 1 1 1 1 1 490 910
1 1 1 1 1 1 1 1 1 1 1 1 1 489 911
1 1 1 1 1 1 1 1 1 1 1 1 1 488 912
1 1 1 1 1 1 1 1 1 1 1 1 1 487 913
1 1 1 1 1 1 1 1 1 1 1 1 1 486 914
1 1 1 1 1 1 1 1 1 1 1 1 1 485 915
1 1 1 1 1 1 1 1 1 1 1 1 1 484 916
1 1 1 1 1 1 1 1 1 1 1 1 1 483 917
1 1 1 1 1 1 1 1 1 1 1 1 1 482 918
1 1 1 1 1 1 1 1 1 1 1 1 1 481 919
1 1 1 1 1 1 1 1 1 1 1 1 1 480 920
1 1 1 1 1 1 1 1 1 1 1 1 1 479 921
1 1 1 1 1 1 1 1 1 1 1 1 1 478 922
1 1 1 1 1 1 1 1 1 1 1 1 1 477 923
1 1 1 1 1 1 1 1 1 1 1 1 1 476 924
1 1 1 1 1 1 1 1 1 1 1 1 1 475 925
1 1 1 1 1 1 1 1 1 1 1 1 1 474 926
1 1 1 1 1 1 1 1 1 1 1 1 1 473 927
1 1 1 1 1 1 1 1 1 1 1 1 1 472 928
1 1 1 1 1 1 1 1 1 1 1 1 1 471 929
1 1 1 1 1 1 1 1 1 1 1 1 1 470 930
1 1 1 1 1 1 1 1 1 1 1 1 1 469 931
1 1 1 1 1 1 1 1 1 1 1 1 1 468 932
1 1 1 1 1 1 1 1 1 1 1 1 1 467 933
1 1 1 1 1 1 1 1 1 1 1 1 1 466 934
1 1 1 1 1 1 1 1 1 1 1 1 1 465 935
1 1 1 1 1 1 1 1 1 1 1 1 1 464 936
1 1 1 1 1 1 1 1 1 1 1 1 1 463 937
1 1 1 1 1 1 1 1 1 1 1 1 1 462 938
1 1 1 1 1 1 1 1 1 1 1 1 1 461 939
1 1 1 1 1 1 1 1 1 1 1 1 1 460 940
1 1 1 1 1 1 1 1 1 1 1 1 1 459 941
1 1 1 1 1 1 1 1 1 1 1 1 1 458 942
1 1 1 1 1 1 1 1 1 1 1 1 1 457 943
1 1 1 1 1 1 1 1 1 1 1 1 1 456 944
1 1 1 1 1 1 1 1 1 1 1 1 1 455 945
1 1 1 1 1 1 1 1 1 1 1 1 1 454 946
1 1 1 1 1 1 1 1 1 1 1 1 1 453 947
1 1 1 1 1 1 1 1 1 1 1 1 1 452 948
1 1 1 1 1 1 1 1 1 1 1 1 1 451 949
1 1 1 1 1 1 1 1 1 1 1 1 1 450 950
1 1 1 1 1 1 1 1 1 1 1 1 1 449 951
1 1 1 1 1 1 1 1 1 1 1 1 1 448 952
1 1 1 1 1 1 1 1 1 1 1 1 1 447 953
1 1 1 1 1 1 1 1 1 1 1 1 1 446 954
1 1 1 1 1 1 1 1 1 1 1 1 1 445 955
1 1 1 1 1 1 1 1 1 1 1 1 1 444 956
1 1 1 1 1 1 1 1 1 1 1 1 1 443 957
1 1 1 1 1 1 1 1 1 1 1 1 1 442 958
1 1 1 1 1 1 1 1 1 1 1 1 1 441 959
1 1 1 1 1 1 1 1 1 1 1 1 1 440 960
1 1 1 1 1 1 1 1 1 1 1 1 1 439 961
1 1 1 1 1 1 1 1 1 1 1 1 1 438 962
1 1 1 1 1 1 1 1 1 1 1 1 1 437 963
1 1 1 1 1 1 1 1 1 1 1 1 1 436 964
1 1 1 1 1 1 1 1 1 1 1 1 1 435 965
1 1 1 1 1 1 1 1 1 1 1 1 1 434 966
1 1 1 1 1 1 1 1 1 1 1 1 1 433 967
1 1 1 1 1 1 1 1 1 1 1 1 1 432 968
1 1 1 1 1 1 1 1 1 1 1 1 1 431 969
1 1 1 1 1 1 1 1 1 1 1 1 1 430 970
1 1 1 1 1 1 1 1 1 1 1 1 1 429 971
1 1 1 1 1 1 1 1 1 1 1 1 1 428 972
1 1 1 1 1 1 1 1 1 1 1 1 1 427 973
1 1 1 1 1 1 1 1 1 1 1 1 1 426 974
1 1 1 1 1 1 1 1 1 1 1 1 1 425 975
1 1 1 1 1 1 1 1 1 1 1 1 1 424 976
1 1 1 1 1 1 1 1 1 1 1 1 1 423 977
1 1 1 1 1 1 1 1 1 1 1 1 1 422 978
1 1 1 1 1 1 1 1 1 1 1 1 1 421 979
1 1 1 1 1 1 1 1 1 1 1 1 1 420 980
1 1 1 1 1 1 1 1 1 1 1 1 1 419 981
1 1 1 1 1 1 1 1 1 1 1 1 1 418 982
1 1 1 1 1 1 1 1 1 1 1 1 1 417 983
1 1 1 1 1 1 1 1 1 1 1 1 1 416 984
1 1 1 1 1 1 1 1 1 1 1 1 1 415 985
1 1 1 1 1 1 1 1 1 1 1 1 1 414 986
1 1 1 1 1 1 1 1 1 1 1 1 1 413 987
1 1 1 1 1 1 1 1 1 1 1 1 1 412 988
1 1 1 1 1 1 1 1 1 1 1 1 1 411 989
1 1 1 1 1 1 1 1 1 1 1 1 1 410 990
1 1 1 1 1 1 1 1 1 1 1 1 1 409 991
1 1 1 1 1 1 1 1 1 1 1 1 1 408 992
1 1 1 1 1 1 1 1 1 1 1 1 1 407 993
1 1 1 1 1 1 1 1 1 1 1 1 1 406 994
1 1 1 1 1 1 1 1 1 1 1 1 1 405 995
1 1 1 1 1 1 1 1 1 1 1 1 1 404 996
1 1 1 1 1 1 1 1 1 1 1 1 1 403 997
1 1 1 1 1 1 1 1 1 1 1 1 1 402 998
1 1 1 1 1 1 1 1 1 1 1 1 1 401 999
1 1 1 1 1 1 1 1 1 1 1 1 1 400 1000
1 1 1 1 1 1 1 1 1 1 1 1 1 399 1001
1 1 1 1 1 1 1 1 1 1 1 1 1 398 1002
1 1 1 1 1 1 1 1 1 1 1 1 1 397 1003
1 1 1 1 1 1 1 1 1 1 1 1 1 396 1004
1 1 1 1 1 1 1 1 1 1 1 1 1 395 1005
1 1 1 1 1 1 1 1 1 1 1 1 1 394 1006
1 1 1 1 1 1 1 1 1 1 1 1 1 393 1007
1 1 1 1 1 1 1 1 1 1 1 1 1 392 1008
1 1 1 1 1 1 1 1 1 1 1 1 1 391 1009
1 1 1 1 1 1 1 1 1 1 1 1 1 390 1010
1 1 1 1 1 1 1 1 1 1 1 1 1 389 1011
1 1 1 1 1 1 1 1 1 1 1 1 1 388 1012
1 1 1 1 1 1 1 1 1 1 1 1 1 387 1013
1 1 1 1 1 1 1 1 1 1 1 1 1 386 1014
1 1 1 1 1 1 1 1 1 1 1 1 1 385 1015
1 1 1 1 1 1 1 1 1 1 1 1 1 384 1016
1 1 1 1 1 1 1 1 1 1 1 1 1 383 1017
1 1 1 1 1 1 1 1 1 1 1 1 1 382 1018
1 1 1 1 1 1 1 1 1 1 1 1 1 381 1019
1 1 1 1 1 1 1 1 1 1 1 1 1 380 1020
1 1 1 1 1 1 1 1 1 1 1 1 1 379 1021
1 1 1 1 1 1 1 1 1 1 1 1 1 378 1022
1 1 1 1 1 1 1 1 1 1 1 1 1 377 1023
1 1 1 1 1 1 1 1 1 1 1 1 1 376 1024
1 1 1 1 1 1 1 1 1 1 1 1 1 375 1025
1 1 1 1 1 1 1 1 1 1 1 1 1 374 1026
1 1 1 1 1 1 1 1 1 1 1 1 1 373 1027
1 1 1 1 1 1 1 1 1 1 1 1 1 372 1028
1 1 1 1 1 1 1 1 1 1 1 1 1 371 1029
1 1 1 1 1 1 1 1 1 1 1 1 1 370 1030
1 1 1 1 1 1 1 1 1 1 1 1 1 369 1031
1 1 1 1 1 1 1 1 1 1 1 1 1 368 1032
1 1 1 1 1 1 1 1 1 1 1 1 1 367 1033
1 1 1 1 1 1 1 1 1 1 1 1 1 366 1034
1 1 1 1 1 1 1 1 1 1 1 1 1 365 1035
1 1 1 1 1 1 1 1 1 1 1 1 1 364 1036
1 1 1 1 1 1 1 1 1 1 1 1 1 363 1037
1 1 1 1 1 1 1 1 1 1 1 1 1 362 1038
1 1 1 1 1 1 1 1 1 1 1 1 1 361 1039
1 1 1 1 1 1 1 1 1 1 1 1 1 360 1040
1 1 1 1 1 1 1 1 1 1 1 1 1 359 1041
1 1 1 1 1 1 1 1 1 1 1 1 1 358 1042
1 1 1 1 1 1 1 1 1 1 1 1 1 357 1043
1 1 1 1 1 1 1 1 1 1 1 1 1 356 1044
1 1 1 1 1 1 1 1 1 1 1 1 1 355 1045
1 1 1 1 1 1 1 1 1 1 1 1 1 354 1046
1 1 1 1 1 1 1 1 1 1 1 1 1 353 1047
1 1 1 1 1 1 1 1 1 1 1 1 1 352 1048
1 1 1 1 1 1 1 1 1 1 1 1 1 351 1049
1 1 1 1 1 1 1 1 1 1 1 1 1 350 1050
1 1 1 1 1 1 1 1 1 1 1 1 1 349 1051
1 1 1 1 1 1 1 1 1 1 1 1 1 348 1052
1 1 1 1 1 1 1 1 1 1 1 1 1 347 1053
1 1 1 1 1 1 1 1 1 1 1 1 1 346 1054
1 1 1 1 1 1 1 1 1 1 1 1 1 345 1055
1 1 1 1 1 1 1 1 1 1 1 1 1 344 1056
1 1 1 1 1 1 1 1 1 1 1 1 1 343 1057
1 1 1 1 1 1 1 1 1 1 1 1 1 342 1058
1 1 1 1 1 1 1 1 1 1 1 1 1 341 1059
1 1 1 1 1 1 1 1 1 1 1 1 1 340 1060
1 1 1 1 1 1 1 1 1 1 1 1 1 339 1061
1 1 1 1 1 1 1 1 1 1 1 1 1 338 1062
1 1 1 1 1 1 1 1 1 1 1 1 1 337 1063
1 1 1 1 1 1 1 1 1 1 1 1 1 336 1064
1 1 1 1 1 1 1 1 1 1 1 1 1 335 1065
1 1 1 1 1 1 1 1 1 1 1 1 1 334 1066
1 1 1 1 1 1 1 1 1 1 1 1 1 333 1067
1 1 1 1 1 1 1 1 1 1 1 1 1 332 1068
1 1 1 1 1 1 1 1 1 1 1 1 1 331 1069
1 1 1 1 1 1 1 1 1 1 1 1 1 330 1070
1 1 1 1 1 1 1 1 1 1 1 1 1 329 1071
1 1 1 1 1 1 1 1 1 1 1 1 1 328 1072
1 1 1 1 1 1 1 1 1 1 1 1 1 327 1073
1 1 1 1 1 1 1 1 1 1 1 1 1 326 1074
1 1 1 1 1 1 1 1 1 1 1 1 1 325 1075
1 1 1 1 1 1 1 1 1 1 1 1 1 324 1076
1 1 1 1 1 1 1 1 1 1 1 1 1 323 1077
1 1 1 1 1 1 1 1 1 1 1 1 1 322 1078
1 1 1 1 1 1 1 1 1 1 1 1 1 321 1079
1 1 1 1 1 1 1 1 1 1 1 1 1 320 1080
1 1 1 1 1 1 1 1 1 1 1 1 1 319 1081
1 1 1 1 1 1 1 1 1 1 1 1 1 318 1082
1 1 1 1 1 1 1 1 1 1 1 1 1 317 1083
1 1 1 1 1 1 1 1 1 1 1 1 1 316 1084
1 1 1 1 1 1 1 1 1 1 1 1 1 315 1085
1 1 1 1 1 1 1 1 1 1 1 1 1 314 1086
1 1 1 1 1 1 1 1 1 1 1 1 1 313 1087
1 1 1 1 1 1 1 1 1 1 1 1 1 312 1088
1 1 1 1 1 1 1 1 1 1 1 1 1 311 1089
1 1 1 1 1 1 1 1 1 1 1 1 1 310 1090
1 1 1 1 1 1 1 1 1 1 1 1 1 309 1091
1 1 1 1 1 1 1 1 1 1 1 1 1 308 1092
1 1 1 1 1 1 1 1 1 1 1 1 1 307 1093
1 1 1 1 1 1 1 1 1 1 1 1 1 306 1094
1 1 1 1 1 1 1 1 1 1 1 1 1 305 1095
1 1 1 1 1 1 1 1 1 1 1 1 1 304 1096
1 1 1 1 1 1 1 1 1 1 1 1 1 303 1097
1 1 1 1 1 1 1 1 1 1 1 1 1 302 1098
1 1 1 1 1 1 1 1 1 1 1 1 1 301 1099
1 1 1 1 1 1 1 1 1 1 1 1 1 300 1100
1 1 1 1 1 1 1 1 1 1 1 1 1 299 1101
1 1 1 1 1 1 1 1 1 1 1 1 1 298 1102
1 1 1 1 1 1 1 1 1 1 1 1 1 297 1103
1 1 1 1 1 1 1 1 1 1 1 1 1 296 1104
1 1 1 1 1 1 1 1 1 1 1 1 1 295 1105
1 1 1 1 1 1 1 1 1 1 1 1 1 294 1106
1 1 1 1 1 1 1 1 1 1 1 1 1 293 1107
1 1 1 1 1 1 1 1 1 1 1 1 1 292 1108
1 1 1 1 1 1 1 1 1 1 1 1 1 291 1109
1 1 1 1 1 1 1 1 1 1 1 1 1 290 1110
1 1 1 1 1 1 1 1 1 1 1 1 1 289 1111
1 1 1 1 1 1 1 1 1 1 1 1 1 288 1112
1 1 1 1 1 1 1 1 1 1 1 1 1 287 1113
1 1 1 1 1 1 1 1 1 1 1 1 1 286 1114
1 1 1 1 1 1 1 1 1 1 1 1 1 285 1115
1 1 1 1 1 1 1 1 1 1 1 1 1 284 1116
1 1 1 1 1 1 1 1 1 1 1 1 1 283 1117
1 1 1 1 1 1 1 1 1 1 1 1 1 282 1118
1 1 1 1 1 1 1 1 1 1 1 1 1 281 1119
1 1 1 1 1 1 1 1 1 1 1 1 1 280 1120
1 1 1 1 1 1 1 1 1 1 1 1 1 279 1121
1 1 1 1 1 1 1 1 1 1 1 1 1 278 1122
1 1 1 1 1 1 1 1 1 1 1 1 1 277 1123
1 1 1 1 1 1 1 1 1 1 1 1 1 276 1124
1 1 1 1 1 1 1 1 1 1 1 1 1 275 1125
1 1 1 1 1 1 1 1 1 1 1 1 1 274 1126
1 1 1 1 1 1 1 1 1 1 1 1 1 273 1127
1 1 1 1 1 1 1 1 1 1 1 1 1 272 1128
1 1 1 1 1 1 1 1 1 1 1 1 1 271 1129
1 1 1 1 1 1 1 1 1 1 1 1 1 270 1130
1 1 1 1 1 1 1 1 1 1 1 1 1 269 1131
1 1 1 1 1 1 1 1 1 1 1 1 1 268 1132
1 1 1 1 1 1 1 1 1 1 1 1 1 267 1133
1 1 1 1 1 1 1 1 1 1 1 1 1 266 1134
1 1 1 1 1 1 1 1 1 1 1 1 1 265 1135
1 1 1 1 1 1 1 1 1 1 1 1 1 264 1136
1 1 1 1 1 1 1 1 1 1 1 1 1 263 1137
1 1 1 1 1 1 1 1 1 1 1 1 1 262 1138
1 1 1 1 1 1 1 1 1 1 1 1 1 261 1139
1 1 1 1 1 1 1 1 1 1 1 1 1 260 1140
1 1 1 1 1 1 1 1 1 1 1 1 1 259 1141
1 1 1 1 1 1 1 1 1 1 1 1 1 258 1142
1 1 1 1 1 1 1 1 1 1 1 1 1 257 1143
1 1 1 1 1 1 1 1 1 1 1 1 1 256 1144
1 1 1 1 1 1 1 1 1 1 1 1 1 255 1145
1 1 1 1 1 1 1 1 1 1 1 1 1 254 1146
1 1 1 1 1 1 1 1 1 1 1 1 1 253 1147
1 1 1 1 1 1 1 1 1 1 1 1 1 252 1148
1 1 1 1 1 1 1 1 1 1 1 1 1 251 1149
1 1 1 1 1 1 1 1 1 1 1 1 1 250 1150
1 1 1 1 1 1 1 1 1 1 1 1 1 249 1151
1 1 1 1 1 1 1 1 1 1 1 1 1 248 1152
1 1 1 1 1 1 1 1 1 1 1 1 1 247 1153
1 1 1 1 1 1 1 1 1 1 1 1 1 246 1154
1 1 1 1 1 1 1 1 1 1 1 1 1 245 1155
1 1 1 1 1 1 1 1 1 1 1 1 1 244 1156
1 1 1 1 1 1 1 1 1 1 1 1 1 243 1157
1 1 1 1 1 1 1 1 1 1 1 1 1 242 1158
1 1 1 1 1 1 1 1 1 1 1 1 1 241 1159
1 1 1 1 1 1 1 1 1 1 1 1 1 240 1160
1 1 1 1 1 1 1 1 1 1 1 1 1 239 1161
1 1 1 1 1 1 1 1 1 1 1 1 1 238 1162
1 1 1 1 1 1 1 1 1 1 1 1 1 237 1163
1 1 1 1 1 1 1 1 1 1 1 1 1 236 1164
1 1 1 1 1 1 1 1 1 1 1 1 1 235 1165
1 1 1 1 1 1 1 1 1 1 1 1 1 234 1166
1 1 1 1 1 1 1 1 1 1 1 1 1 233 1167
1 1 1 1 1 1 1 1 1 1 1 1 1 232 1168
1 1 1 1 1 1 1 1 1 1 1 1 1 231 1169
1 1 1 1 1 1 1 1 1 1 1 1 1 230 1170
1 1 1 1 1 1 1 1 1 1 1 1 1 229 1171
1 1 1 1 1 1 1 1 1 1 1 1 1 228 1172
1 1 1 1 1 1 1 1 1 1 1 1 1 227 1173
1 1 1 1 1 1 1 1 1 1 1 1 1 226 1174
1 1 1 1 1 1 1 1 1 1 1 1 1 225 1175
1 1 1 1 1 1 1 1 1 1 1 1 1 224 1176
1 1 1 1 1 1 1 1 1 1 1 1 1 223 1177
1 1 1 1 1 1 1 1 1 1 1 1 1 222 1178
1 1 1 1 1 1 1 1 1 1 1 1 1 221 1179
1 1 1 1 1 1 1 1 1 1 1 1 1 220 1180
1 1 1 1 1 1 1 1 1 1 1 1 1 219 1181
1 1 1 1 1 1 1 1 1 1 1 1 1 218 1182
1 1 1 1 1 1 1 1 1 1 1 1 1 217 1183
1 1 1 1 1 1 1 1 1 1 1 1 1 216 1184
1 1 1 1 1 1 1 1 1 1 1 1 1 215 1185
1 1 1 1 1 1 1 1 1 1 1 1 1 214 1186
1 1 1 1 1 1 1 1 1 1 1 1 1 213 1187
1 1 1 1 1 1 1 1 1 1 1 1 1 212 1188
1 1 1 1 1 1 1 1 1 1 1 1 1 211 1189
1 1 1 1 1 1 1 1 1 1 1 1 1 210 1190
1 1 1 1 1 1 1 1 1 1 1 1 1 209 1191
1 1 1 1 1 1 1 1 1 1 1 1 1 208 1192
1 1 1 1 1 1 1 1 1 1 1 1 1 207 1193
1 1 1 1 1 1 1 1 1 1 1 1 1 206 1194
1 1 1 1 1 1 1 1 1 1 1 1 1 205 1195
1 1 1 1 1 1 1 1 1 1 1 1 1 204 1196
1 1 1 1 1 1 1 1 1 1 1 1 1 203 1197
1 1 1 1 1 1 1 1 1 1 1 1 1 202 1198
1 1 1 1 1 1 1 1 1 1 1 1 1 201 1199
1 1 1 1 1 1 1 1 1 1 1 1 1 200 1200
1 1 1 1 1 1 1 1 1 1 1 1 1 199 1201
1 1 1 1 1 1 1 1 1 1 1 1 1 198 1202
1 1 1 1 1 1 1 1 1 1 1 1 1 197 1203
1 1 1 1 1 1 1 1 1 1 1 1 1 196 1204
1 1 1 1 1 1 1 1 1 1 1 1 1 195 1205
1 1 1 1 1 1 1 1 1 1 1 1 1 194 1206
1 1 1 1 1 1 1 1 1 1 1 1 1 193 1207
1 1 1 1 1 1 1 1 1 1 1 1 1 192 1208
1 1 1 1 1 1 1 1 1 1 1 1 1 191 1209
1 1 1 1 1 1 1 1 1 1 1 1 1 190 1210
1 1 1 1 1 1 1 1 1 1 1 1 1 189 1211
1 1 1 1 1 1 1 1 1 1 1 1 1 188 1212
1 1 1 1 1 1 1 1 1 1 1 1 1 187 1213
1 1 1 1 1 1 1 1 1 1 1 1 1 186 1214
1 1 1 1 1 1 1 1 1 1 1 1 1 185 1215
1 1 1 1 1 1 1 1 1 1 1 1 1 184 1216
1 1 1 1 1 1 1 1 1 1 1 1 1 183 1217
1 1 1 1 1 1 1 1 1 1 1 1 1 182 1218
1 1 1 1 1 1 1 1 1 1 1 1 1 181 1219
1 1 1 1 1 1 1 1 1 1 1 1 1 180 1220
1 1 1 1 1 1 1 1 1 1 1 1 1 179 1221
1 1 1 1 1 1 1 1 1 1 1 1 1 178 1222
1 1 1 1 1 1 1 1 1 1 1 1 1 177 1223
1 1 1 1 1 1 1 1 1 1 1 1 1 176 1224
1 1 1 1 1 1 1 1 1 1 1 1 1 175 1225
1 1 1 1 1 1 1 1 1 1 1 1 1 174 1226
1 1 1 1 1 1 1 1 1 1 1 1 1 173 1227
1 1 1 1 1 1 1 1 1 1 1 1 1 172 1228
1 1 1 1 1 1 1 1 1 1 1 1 1 171 1229
1 1 1 1 1 1 1 1 1 1 1 1 1 170 1230
1 1 1 1 1 1 1 1 1 1 1 1 1 169 1231
1 1 1 1 1 1 1 1 1 1 1 1 1 168 1232
1 1 1 1 1 1 1 1 1 1 1 1 1 167 1233
1 1 1 1 1 1 1 1 1 1 1 1 1 166 1234
1 1 1 1 1 1 1 1 1 1 1 1 1 165 1235
1 1 1 1 1 1 1 1 1 1 1 1 1 164 1236
1 1 1 1 1 1 1 1 1 1 1 1 1 163 1237
1 1 1 1 1 1 1 1 1 1 1 1 1 162 1238
1 1 1 1 1 1 1 1 1 1 1 1 1 161 1239
1 1 1 1 1 1 1 1 1 1 1 1 1 160 1240
1 1 1 1 1 1 1 1 1 1 1 1 1 159 1241
1 1 1 1 1 1 1 1 1 1 1 1 1 158 1242
1 1 1 1 1 1 1 1 1 1 1 1 1 157 1243
1 1 1 1 1 1 1 1 1 1 1 1 1 156 1244
1 1 1 1 1 1 1 1 1 1 1 1 1 155 1245
1 1 1 1 1 1 1 1 1 1 1 1 1 154 1246
1 1 1 1 1 1 1 1 1 1 1 1 1 153 1247
1 1 1 1 1 1 1 1 1 1 1 1 1 152 1248
1 1 1 1 1 1 1 1 1 1 1 1 1 151 1249
1 1 1 1 1 1 1 1 1 1 1 1 1 150 1250
1 1 1 1 1 1 1 1 1 1 1 1 1 149 1251
1 1 1 1 1 1 1 1 1 1 1 1 1 148 1252
1 1 1 1 1 1 1 1 1 1 1 1 1 147 1253
1 1 1 1 1 1 1 1 1 1 1 1 1 146 1254
1 1 1 1 1 1 1 1 1 1 1 1 1 145 1255
1 1 1 1 1 1 1 1 1 1 1 1 1 144 1256
1 1 1 1 1 1 1 1 1 1 1 1 1 143 1257
1 1 1 1 1 1 1 1 1 1 1 1 1 142 1258
1 1 1 1 1 1 1 1 1 1 1 1 1 141 1259
1 1 1 1 1 1 1 1 1 1 1 1 1 140 1260
1 1 1 1 1 1 1 1 1 1 1 1 1 139 1261
1 1 1 1 1 1 1 1 1 1 1 1 1 138 1262
1 1 1 1 1 1 1 1 1 1 1 1 1 137 1263
1 1 1 1 1 1 1 1 1 1 1 1 1 136 1264
1 1 1 1 1 1 1 1 1 1 1 1 1 135 1265
1 1 1 1 1 1 1 1 1 1 1 1 1 134 1266
1 1 1 1 1 1 1 1 1 1 1 1 1 133 1267
1 1 1 1 1 1 1 1 1 1 1 1 1 132 1268
1 1 1 1 1 1 1 1 1 1 1 1 1 131 1269
1 1 1 1 1 1 1 1 1 1 1 1 1 130 1270
1 1 1 1 1 1 1 1 1 1 1 1 1 129 1271
1 1 1 1 1 1 1 1 1 1 1 1 1 128 1272
1 1 1 1 1 1 1 1 1 1 1 1 1 127 1273
1 1 1 1 1 1 1 1 1 1 1 1 1 126 1274
1 1 1 1 1 1 1 1 1 1 1 1 1 125 1275
1 1 1 1 1 1 1 1 1 1 1 1 1 124 1276
1 1 1 1 1 1 1 1 1 1 1 1 1 123 1277
1 1 1 1 1 1 1 1 1 1 1 1 1 122 1278
1 1 1 1 1 1 1 1 1 1 1 1 1 121 1279
1 1 1 1 1 1 1 1 1 1 1 1 1 120 1280
1 1 1 1 1 1 1 1 1 1 1 1 1 119 1281
1 1 1 1 1 1 1 1 1 1 1 1 1 118 1282
1 1 1 1 1 1 1 1 1 1 1 1 1 117 1283
1 1 1 1 1 1 1 1 1 1 1 1 1 116 1284
1 1 1 1 1 1 1 1 1 1 1 1 1 115 1285
1 1 1 1 1 1 1 1 1 1 1 1 1 114 1286
1 1 1 1 1 1 1 1 1 1 1 1 1 113 1287
1 1 1 1 1 1 1 1 1 1 1 1 1 112 1288
1 1 1 1 1 1 1 1 1 1 1 1 1 111 1289
1 1 1 1 1 1 1 1 1 1 1 1 1 110 1290
1 1 1 1 1 1 1 1 1 1 1 1 1 109 1291
1 1 1 1 1 1 1 1 1 1 1 1 1 108 1292
1 1 1 1 1 1 1 1 1 1 1 1 1 107 1293
1 1 1 1 1 1 1 1 1 1 1 1 1 106 1294
1 1 1 1 1 1 1 1 1 1 1 1 1 105 1295
1 1 1 1 1 1 1 1 1 1 1 1 1 104 1296
1 1 1 1 1 1 1 1 1 1 1 1 1 103 1297
1 1 1 1 1 1 1 1 1 1 1 1 1 102 1298
1 1 1 1 1 1 1 1 1 1 1 1 1 101 1299
1 1 1 1 1 1 1 1 1 1 1 1 1 100 1300
1 1 1 1 1 1 1 1 1 1 1 1 1 99 1301
1 1 1 1 1 1 1 1 1 1 1 1 1 98 1302
1 1 1 1 1 1 1 1 1 1 1 1 1 97 1303
1 1 1 1 1 1 1 1 1 1 1 1 1 96 1304
1 1 1 1 1 1 1 1 1 1 1 1 1 95 1305
1 1 1 1 1 1 1 1 1 1 1 1 1 94 1306
1 1 1 1 1 1 1 1 1 1 1 1 1 93 1307
1 1 1 1 1 1 1 1 1 1 1 1 1 92 1308
1 1 1 1 1 1 1 1 1 1 1 1 1 91 1309
1 1 1 1 1 1 1 1 1 1 1 1 1 90 1310
1 1 1 1 1 1 1 1 1 1 1 1 1 89 1311
1 1 1 1 1 1 1 1 1 1 1 1 1 88 1312
1 1 1 1 1 1 1 1 1 1 1 1 1 87 1313
1 1 1 1 1 1 1 1 1 1 1 1 1 86 1314
1 1 1 1 1 1 1 1 1 1 1 1 1 85 1315
1 1 1 1 1 1 1 1 1 1 1 1 1 84 1316
1 1 1 1 1 1 1 1 1 1 1 1 1 83 1317
1 1 1 1 1 1 1 1 1 1 1 1 1 82 1318
1 1 1 1 1 1 1 1 1 1 1 1 1 81 1319
1 1 1 1 1 1 1 1 1 1 1 1 1 80 1320
1 1 1 1 1 1 1 1 1 1 1 1 1 79 1321
1 1 1 1 1 1 1 1 1 1 1 1 1 78 1322
1 1 1 1 1 1 1 1 1 1 1 1 1 77 1323
1 1 1 1 1 1 1 1 1 1 1 1 1 76 1324
1 1 1 1 1 1 1 1 1 1 1 1 1 75 1325
1 1 1 1 1 1 1 1 1 1 1 1 1 74 1326
1 1 1 1 1 1 1 1 1 1 1 1 1 73 1327
1 1 1 1 1 1 1 1 1 1 1 1 1 72 1328
1 1 1 1 1 1 1 1 1 1 1 1 1 71 1329
1 1 1 1 1 1 1 1 1 1 1 1 1 70 1330
1 1 1 1 1 1 1 1 1 1 1 1 1 69 1331
1 1 1 1 1 1 1 1 1 1 1 1 1 68 1332
1 1 1 1 1 1 1 1 1 1 1 1 1 67 1333
1 1 1 1 1 1 1 1 1 1 1 1 1 66 1334
1 1 1 1 1 1 1 1 1 1 1 1 1 65 1335
1 1 1 1 1 1 1 1 1 1 1 1 1 64 1336
1 1 1 1 1 1 1 1 1 1 1 1 1 63 1337
1 1 1 1 1 1 1 1 1 1 1 1 1 62 1338
1 1 1 1 1 1 1 1 1 1 1 1 1 61 1339
1 1 1 1 1 1 1 1 1 1 1 1 1 60 1340
1 1 1 1 1 1 1 1 1 1 1 1 1 59 1341
1 1 1 1 1 1 1 1 1 1 1 1 1 58 1342
1 1 1 1 1 1 1 1 1 1 1 1 1 57 1343
1 1 1 1 1 1 1 1 1 1 1 1 1 56 1344
1 1 1 1 1 1 1 1 1 1 1 1 1 55 1345
1 1 1 1 1 1 1 1 1 1 1 1 1 54 1346
1 1 1 1 1 1 1 1 1 1 1 1 1 53 1347
1 1 1 1 1 1 1 1 1 1 1 1 1 52 1348
1 1 1 1 1 1 1 1 1 1 1 1 1 51 1349
1 1 1 1 1 1 1 1 1 1 1 1 1 50 1350
1 1 1 1 1 1 1 1 1 1 1 1 1 49 1351
1 1 1 1 1 1 1 1 1 1 1 1 1 48 1352
1 1 1 1 1 1 1 1 1 1 1 1 1 47 1353
1 1 1 1 1 1 1 1 1 1 1 1 1 46 1354
1 1 1 1 1 1 1 1 1 1 1 1 1 45 1355
1 1 1 1 1 1 1 1 1 1 1 1 1 44 1356
1 1 1 1 1 1 1 1 1 1 1 1 1 43 1357
1 1 1 1 1 1 1 1 1 1 1 1 1 42 1358
1 1 1 1 1 1 1 1 1 1 1 1 1 41 1359
1 1 1 1 1 1 1 1 1 1 1 1 1 40 1360
1 1 1 1 1 1 1 1 1 1 1 1 1 39 1361
1 1 1 1 1 1 1 1 1 1 1 1 1 38 1362
1 1 1 1 1 1 1 1 1 1 1 1 1 37 1363
1 1 1 1 1 1 1 1 1 1 1 1 1 36 1364
1 1 1 1 1 1 1 1 1 1 1 1 1 35 1365
1 1 1 1 1 1 1 1 1 1 1 1 1 34 1366
1 1 1 1 1 1 1 1 1 1 1 1 1 33 1367
1 1 1 1 1 1 1 1 1 1 1 1 1 32 1368
1 1 1 1 1 1 1 1 1 1 1 1 1 31 1369
1 1 1 1 1 1 1 1 1 1 1 1 1 30 1370
1 1 1 1 1 1 1 1 1 1 1 1 1 29 1371
1 1 1 1 1 1 1 1 1 1 1 1 1 28 1372
1 1 1 1 1 1 1 1 1 1 1 1 1 27 1373
1 1 1 1 1 1 1 1 1 1 1 1 1 26 1374
1 1 1 1 1 1 1 1 1 1 1 1 1 25 1375
1 1 1 1 1 1 1 1 1 1 1 1 1 24 1376
1 1 1 1 1 1 1 1 1 1 1 1 1 23 1377
1 1 1 1 1 1 1 1 1 1 1 1 1 22 1378
1 1 1 1 1 1 1 1 1 1 1 1 1 21 1379
1 1 1 1 1 1 1 1 1 1 1 1 1 20 1380
1 1 1 1 1 1 1 1 1 1 1 1 1 19 1381
1 1 1 1 1 1 1 1 1 1 1 1 1 18 1382
1 1 1 1 1 1 1 1 1 1 1 1 1 17 1383
1 1 1 1 1 1 1 1 1 1 1 1 1 16 1384
1 1 1 1 1 1 1 1 1 1 1 1 1 15 1385
1 1 1 1 1 1 1 1 1 1 1 1 1 14 1386
1 1 1 1 1 1 1 1 1 1 1 1 1 13 1387
1 1 1 1 1 1 1 1 1 1 1 1 1 12 1388
1 1 1 1 1 1 1 1 1 1 1 1 1 11 1389
1 1 1 1 1 1 1 1 1 1 1 1 1 10 1390
1 1 1 1 1 1 1 1 1 1 1 1 1 9 1391
1 1 1 1 1 1 1 1 1 1 1 1 1 8 1392
1 1 1 1 1 1 1 1 1 1 1 1 1 7 1393
1 1 1 1 1 1 1 1 1 1 1 1 1 6 1394
1 1 1 1 1 1 1 1 1 1 1 1 1 5 1395
1 1 1 1 1 1 1 1 1 1 1 1 1 4 1396
1 1 1 1 1 1 1 1 1 1 1 1 1 3 1397
1 1 1 1 1 1 1 1 1 1 1 1 1 2 1398
1 1 1 1 1 1 1 1 1 1 1 1 1 1 1399
1 1 1 1 1 1 1 1 1 1 1 1 1 0 1400
1 1 1 1 1 1 1 1 1 1 1 1 1 0 1399
1 1 1 1 1 1 1 1 1 1 1 1 1 0 1398
1 1 1 1 1 1 1 1 1 1 1 1 1 0 1397
1 1 1 1 1 1 1 1 1 1 1 1 1 0 1396
1 1 1 1 1 1 1 1 1 1 1 1 1 0 1395
1 1 1 1 1 1 1 1 1 1 1 1 1 0 1394
1 1 1 1 1 1 1 1 1 1 1 1 1 0 1393
1 1 1 1 1 1 1 1 1 1 1 1 1 0 1392
1 1 1 1 1 1 1 1 1 1 1 1 1 0 1391
1 1 1 1 1 1 1 1 1 1 1 1 1 0 1390
1 1 1 1 1 1 1 1 1 1 1 1 1 0 1389
1 1 1 1 1 1 1 1 1 1 1 1 1 0 1388
1 1 1 1 1 1 1 1 1 1 1 1 1 0 1387
1 1 1 1 1 1 1 1 1 1 1 1 1 0 1386
1 1 1 1 1 1 1 1 1 1 1 1 1 0 1385
1 1 1 1 1 1 1 1 1 1 1 1 1 0 1384
1 1 1 1 1 1 1 1 1 1 1 1 1 0 1383
1 1 1 1 1 1 1 1 1 1 1 1 1 0 1382
1 1 1 1 1 1 1 1 1 1 1 1 1 0 1381
1 1 1 1 1 1 1 1 1 1 1 1 1 0 1380
1 1 1 1 1 1 1 1 1 1 1 1 1 0 1379
1 1 1 1 1 1 1 1 1 1 1 1 1 0 1378
1 1 1 1 1 1 1 1 1 1 1 1 1 0 1377
1 1 1 1 1 1 1 1 1 1 1 1 1 0 1376
1 1 1 1 1 1 1 1 1 1 1 1 1 0 1375
1 1 1 1 1 1 1 1 1 1 1 1 1 0 1374
1 1 1 1 1 1 1 1 1 1 1 1 1 0 1373
1 1 1 1 1 1 1 1 1 1 1 1 1 0 1372
1 1 1 1 1 1 1 1 1 1 1 1 1 0 1371
1 1 1 1 1 1 1 1 1 1 1 1 1 0 1370
1 1 1 1 1 1 1 1 1 1 1 1 1 0 1369
1 1 1 1 1 1 1 1 1 1 1 1 1 0 1368
1 1 1 1 1 1 1 1 1 1 1 1 1 0 1367
1 1 1 1 1 1 1 1 1 1 1 1 1 0 1366
1 1 1 1 1 1 1 1 1 1 1 1 1 0 1365
1 1 1 1 1 1 1 1 1 1 1 1 1 0 1364
1 1 1 1 1 1 1 1 1 1 1 1 1 0 1363
1 1 1 1 1 1 1 1 1 1 1 1 1 0 1362
1 1 1 1 1 1 1 1 1 1 1 1 1 0 1361
1 1 1 1 1 1 1 1 1 1 1 1 1 0 1360
1 1 1 1 1 1 1 1 1 1 1 1 1 0 1359
1 1 1 1 1 1 1 1 1 1 1 1 1 0 1358
1 1 1 1 1 1 1 1 1 1 1 1 1 0 1357
1 1 1 1 1 1 1 1 1 1 1 1 1 0 1356
1 1 1 1 1 1 1 1 1 1 1 1 1 0 1355
1 1 1 1 1 1 1 1 1 1 1 1 1 0 1354
1 1 1 1 1 1 1 1 1 1 1 1 1 0 1353
1 1 1 1 1 1 1 1 1 1 1 1 1 0 1352
1 1 1 1 1 1 1 1 1 1 1 1 1 0 1351
1 1 1 1 1 1 1 1 1 1 1 1 1 0 1350
1 1 1 1 1 1 1 1 1 1 1 1 1 0 1349
1 1 1 1 1 1 1 1 1 1 1 1 1 0 1348
1 1 1 1 1 1 1 1 1 1 1 1 1 0 1347
1 1 1 1 1 1 1 1 1 1 1 1 1 0 1346
1 1 1 1 1 1 1 1 1 1 1 1 1 0 1345
1 1 1 1 1 1 1 1 1 1 1 1 1 0 1344
1 1 1 1 1 1 1 1 1 1 1 1 1 0 1343
1 1 1 1 1 1 1 1 1 1 1 1 1 0 1342
1 1 1 1 1 1 1 1 1 1 1 1 1 0 1341
1 1 1 1 1 1 1 1 1 1 1 1 1 0 1340
1 1 1 1 1 1 1 1 1 1 1 1 1 0 1339
1 1 1 1 1 1 1 1 1 1 1 1 1 0 1338
1 1 1 1 1 1 1 1 1 1 1 1 1 0 1337
1 1 1 1 1 1 1 1 1 1 1 1 1 0 1336
1 1 1 1 1 1 1 1 1 1 1 1 1 0 1335
1 1 1 1 1 1 1 1 1 1 1 1 1 0 1334
1 1 1 1 1 1 1 1 1 1 1 1 1 0 1333
1 1 1 1 1 1 1 1 1 1 1 1 1 0 1332
1 1 1 1 1 1 1 1 1 1 1 1 1 0 1331
1 1 1 1 1 1 1 1 1 1 1 1 1 0 1330
1 1 1 1 1 1 1 1 1 1 1 1 1 0 1329
1 1 1 1 1 1 1 1 1 1 1 1 1 0 1328
1 1 1 1 1 1 1 1 1 1 1 1 1 0 1327
1 1 1 1 1 1 1 1 1 1 1 1 1 0 1326
1 1 1 1 1 1 1 1 1 1 1 1 1 0 1325
1 1 1 1 1 1 1 1 1 1 1 1 1 0 1324
1 1 1 1 1 1 1 1 1 1 1 1 1 0 1323
1 1 1 1 1 1 1 1 1 1 1 1 1 0 1322
1 1 1 1 1 1 1 1 1 1 1 1 1 0 1321
1 1 1 1 1 1 1 1 1 1 1 1 1 0 1320
1 1 1 1 1 1 1 1 1 1 1 1 1 0 1319
1 1 1 1 1 1 1 1 1 1 1 1 1 0 1318
1 1 1 1 1 1 1 1 1 1 1 1 1 0 1317
1 1 1 1 1 1 1 1 1 1 1 1 1 0 1316
1 1 1 1 1 1 1 1 1 1 1 1 1 0 1315
1 1 1 1 1 1 1 1 1 1 1 1 1 0 1314
1 1 1 1 1 1 1 1 1 1 1 1 1 0 1313
1 1 1 1 1 1 1 1 1 1 1 1 1 0 1312
1 1 1 1 1 1 1 1 1 1 1 1 1 0 1311
1 1 1 1 1 1 1 1 1 1 1 1 1 0 1310
1 1 1 1 1 1 1 1 1 1 1 1 1 0 1309
1 1 1 1 1 1 1 1 1 1 1 1 1 0 1308
1 1 1 1 1 1 1 1 1 1 1 1 1 0 1307
1 1 1 1 1 1 1 1 1 1 1 1 1 0 1306
1 1 1 1 1 1 1 1 1 1 1 1 1 0 1305
1 1 1 1 1 1 1 1 1 1 1 1 1 0 1304
1 1 1 1 1 1 1 1 1 1 1 1 1 0 1303
1 1 1 1 1 1 1 1 1 1 1 1 1 0 1302
1 1 1 1 1 1 1 1 1 1 1 1 1 0 1301
1 1 1 1 1 1 1 1 1 1 1 1 1 0 1300
1 1 1 1 1 1 1 1 1 1 1 1 1 0 1299
1 1 1 1 1 1 1 1 1 1 1 1 1 0 1298
1 1 1 1 1 1 1 1 1 1 1 1 1 0 1297
1 1 1 1 1 1 1 1 1 1 1 1 1 0 1296
1 1 1 1 1 1 1 1 1 1 1 1 1 0 1295
1 1 1 1 1 1 1 1 1 1 1 1 1 0 1294
1 1 1 1 1 1 1 1 1 1 1 1 1 0 1293
1 1 1 1 1 1 1 1 1 1 1 1 1 0 1292
1 1 1 1 1 1 1 1 1 1 1 1 1 0 1291
1 1 1 1 1 1 1 1 1 1 1 1 1 0 1290
1 1 1 1 1 1 1 1 1 1 1 1 1 0 1289
1 1 1 1 1 1 1 1 1 1 1 1 1 0 1288
1 1 1 1 1 1 1 1 1 1 1 1 1 0 1287
1 1 1 1 1 1 1 1 1 1 1 1 1 0 1286
1 1 1 1 1 1 1 1 1 1 1 1 1 0 1285
1 1 1 1 1 1 1 1 1 1 1 1 1 0 1284
1 1 1 1 1 1 1 1 1 1 1 1 1 0 1283
1 1 1 1 1 1 1 1 1 1 1 1 1 0 1282
1 1 1 1 1 1 1 1 1 1 1 1 1 0 1281
1 1 1 1 1 1 1 1 1 1 1 1 1 0 1280
1 1 1 1 1 1 1 1 1 1 1 1 1 0 1279
1 1 1 1 1 1 1 1 1 1 1 1 1 0 1278
1 1 1 1 1 1 1 1 1 1 1 1 1 0 1277
1 1 1 1 1 1 1 1 1 1 1 1 1 0 1276
1 1 1 1 1 1 1 1 1 1 1 1 1 0 1275
1 1 1 1 1 1 1 1 1 1 1 1 1 0 1274
1 1 1 1 1 1 1 1 1 1 1 1 1 0 1273
1 1 1 1 1 1 1 1 1 1 1 1 1 0 1272
1 1 1 1 1 1 1 1 1 1 1 1 1 0 1271
1 1 1 1 1 1 1 1 1 1 1 1 1 0 1270
1 1 1 1 1 1 1 1 1 1 1 1 1 0 1269
1 1 1 1 1 1 1 1 1 1 1 1 1 0 1268
1 1 1 1 1 1 1 1 1 1 1 1 1 0 1267
1 1 1 1 1 1 1 1 1 1 1 1 1 0 1266
1 1 1 1 1 1 1 1 1 1 1 1 1 0 1265
1 1 1 1 1 1 1 1 1 1 1 1 1 0 1264
1 1 1 1 1 1 1 1 1 1 1 1 1 0 1263
1 1 1 1 1 1 1 1 1 1 1 1 1 0 1262
1 1 1 1 1 1 1 1 1 1 1 1 1 0 1261
1 1 1 1 1 1 1 1 1 1 1 1 1 0 1260
1 1 1 1 1 1 1 1 1 1 1 1 1 0 1259
1 1 1 1 1 1 1 1 1 1 1 1 1 0 1258
1 1 1 1 1 1 1 1 1 1 1 1 1 0 1257
1 1 1 1 1 1 1 1 1 1 1 1 1 0 1256
1 1 1 1 1 1 1 1 1 1 1 1 1 0 1255
1 1 1 1 1 1 1 1 1 1 1 1 1 0 1254
1 1 1 1 1 1 1 1 1 1 1 1 1 0 1253
1 1 1 1 1 1 1 1 1 1 1 1 1 0 1252
1 1 1 1 1 1 1 1 1 1 1 1 1 0 1251
1 1 1 1 1 1 1 1 1 1 1 1 1 0 1250
1 1 1 1 1 1 1 1 1 1 1 1 1 0 1249
1 1 1 1 1 1 1 1 1 1 1 1 1 0 1248
1 1 1 1 1 1 1 1 1 1 1 1 1 0 1247
1 1 1 1 1 1 1 1 1 1 1 1 1 0 1246
1 1 1 1 1 1 1 1 1 1 1 1 1 0 1245
1 1 1 1 1 1 1 1 1 1 1 1 1 0 1244
1 1 1 1 1 1 1 1 1 1 1 1 1 0 1243
1 1 1 1 1 1 1 1 1 1 1 1 1 0 1242
1 1 1 1 1 1 1 1 1 1 1 1 1 0 1241
1 1 1 1 1 1 1 1 1 1 1 1 1 0 1240
1 1 1 1 1 1 1 1 1 1 1 1 1 0 1239
1 1 1 1 1 1 1 1 1 1 1 1 1 0 1238
1 1 1 1 1 1 1 1 1 1 1 1 1 0 1237
1 1 1 1 1 1 1 1 1 1 1 1 1 0 1236
1 1 1 1 1 1 1 1 1 1 1 1 1 0 1235
1 1 1 1 1 1 1 1 1 1 1 1 1 0 1234
1 1 1 1 1 1 1 1 1 1 1 1 1 0 1233
1 1 1 1 1 1 1 1 1 1 1 1 1 0 1232
1 1 1 1 1 1 1 1 1 1 1 1 1 0 1231
1 1 1 1 1 1 1 1 1 1 1 1 1 0 1230
1 1 1 1 1 1 1 1 1 1 1 1 1 0 1229
1 1 1 1 1 1 1 1 1 1 1 1 1 0 1228
1 1 1 1 1 1 1 1 1 1 1 1 1 0 1227
1 1 1 1 1 1 1 1 1 1 1 1 1 0 1226
1 1 1 1 1 1 1 1 1 1 1 1 1 0 1225
1 1 1 1 1 1 1 1 1 1 1 1 1 0 1224
1 1 1 1 1 1 1 1 1 1 1 1 1 0 1223
1 1 1 1 1 1 1 1 1 1 1 1 1 0 1222
1 1 1 1 1 1 1 1 1 1 1 1 1 0 1221
1 1 1 1 1 1 1 1 1 1 1 1 1 0 1220
1 1 1 1 1 1 1 1 1 1 1 1 1 0 1219
1 1 1 1 1 1 1 1 1 1 1 1 1 0 1218
1 1 1 1 1 1 1 1 1 1 1 1 1 0 1217
1 1 1 1 1 1 1 1 1 1 1 1 1 0 1216
1 1 1 1 1 1 1 1 1 1 1 1 1 0 1215
1 1 1 1 1 1 1 1 1 1 1 1 1 0 1214
1 1 1 1 1 1 1 1 1 1 1 1 1 0 1213
1 1 1 1 1 1 1 1 1 1 1 1 1 0 1212
1 1 1 1 1 1 1 1 1 1 1 1 1 0 1211
1 1 1 1 1 1 1 1 1 1 1 1 1 0 1210
1 1 1 1 1 1 1 1 1 1 1 1 1 0 1209
1 1 1 1 1 1 1 1 1 1 1 1 1 0 1208
1 1 1 1 1 1 1 1 1 1 1 1 1 0 1207
1 1 1 1 1 1 1 1 1 1 1 1 1 0 1206
1 1 1 1 1 1 1 1 1 1 1 1 1 0 1205
1 1 1 1 1 1 1 1 1 1 1 1 1 0 1204
1 1 1 1 1 1 1 1 1 1 1 1 1 0 1203
1 1 1 1 1 1 1 1 1 1 1 1 1 0 1202
1 1 1 1 1 1 1 1 1 1 1 1 1 0 1201
1 1 1 1 1 1 1 1 1 1 1 1 1 0 1200
1 1 1 1 1 1 1 1 1 1 1 1 1 0 1199
1 1 1 1 1 1 1 1 1 1 1 1 1 0 1198
1 1 1 1 1 1 1 1 1 1 1 1 1 0 1197
1 1 1 1 1 1 1 1 1 1 1 1 1 0 1196
1 1 1 1 1 1 1 1 1 1 1 1 1 0 1195
1 1 1 1 1 1 1 1 1 1 1 1 1 0 1194
1 1 1 1 1 1 1 1 1 1 1 1 1 0 1193
1 1 1 1 1 1 1 1 1 1 1 1 1 0 1192
1 1 1 1 1 1 1 1 1 1 1 1 1 0 1191
1 1 1 1 1 1 1 1 1 1 1 1 1 0 1190
1 1 1 1 1 1 1 1 1 1 1 1 1 0 1189
1 1 1 1 1 1 1 1 1 1 1 1 1 0 1188
1 1 1 1 1 1 1 1 1 1 1 1 1 0 1187
1 1 1 1 1 1 1 1 1 1 1 1 1 0 1186
1 1 1 1 1 1 1 1 1 1 1 1 1 0 1185
1 1 1 1 1 1 1 1 1 1 1 1 1 0 1184
1 1 1 1 1 1 1 1 1 1 1 1 1 0 1183
1 1 1 1 1 1 1 1 1 1 1 1 1 0 1182
1 1 1 1 1 1 1 1 1 1 1 1 1 0 1181
1 1 1 1 1 1 1 1 1 1 1 1 1 0 1180
1 1 1 1 1 1 1 1 1 1 1 1 1 0 1179
1 1 1 1 1 1 1 1 1 1 1 1 1 0 1178
1 1 1 1 1 1 1 1 1 1 1 1 1 0 1177
1 1 1 1 1 1 1 1 1 1 1 1 1 0 1176
1 1 1 1 1 1 1 1 1 1 1 1 1 0 1175
1 1 1 1 1 1 1 1 1 1 1 1 1 0 1174
1 1 1 1 1 1 1 1 1 1 1 1 1 0 1173
1 1 1 1 1 1 1 1 1 1 1 1 1 0 1172
1 1 1 1 1 1 1 1 1 1 1 1 1 0 1171
1 1 1 1 1 1 1 1 1 1 1 1 1 0 1170
1 1 1 1 1 1 1 1 1 1 1 1 1 0 1169
1 1 1 1 1 1 1 1 1 1 1 1 1 0 1168
1 1 1 1 1 1 1 1 1 1 1 1 1 0 1167
1 1 1 1 1 1 1 1 1 1 1 1 1 0 1166
1 1 1 1 1 1 1 1 1 1 1 1 1 0 1165
1 1 1 1 1 1 1 1 1 1 1 1 1 0 1164
1 1 1 1 1 1 1 1 1 1 1 1 1 0 1163
1 1 1 1 1 1 1 1 1 1 1 1 1 0 1162
1 1 1 1 1 1 1 1 1 1 1 1 1 0 1161
1 1 1 1 1 1 1 1 1 1 1 1 1 0 1160
1 1 1 1 1 1 1 1 1 1 1 1 1 0 1159
1 1 1 1 1 1 1 1 1 1 1 1 1 0 1158
1 1 1 1 1 1 1 1 1 1 1 1 1 0 1157
1 1 1 1 1 1 1 1 1 1 1 1 1 0 1156
1 1 1 1 1 1 1 1 1 1 1 1 1 0 1155
1 1 1 1 1 1 1 1 1 1 1 1 1 0 1154
1 1 1 1 1 1 1 1 1 1 1 1 1 0 1153
1 1 1 1 1 1 1 1 1 1 1 1 1 0 1152
1 1 1 1 1 1 1 1 1 1 1 1 1 0 1151
1 1 1 1 1 1 1 1 1 1 1 1 1 0 1150
1 1 1 1 1 1 1 1 1 1 1 1 1 0 1149
1 1 1 1 1 1 1 1 1 1 1 1 1 0 1148
1 1 1 1 1 1 1 1 1 1 1 1 1 0 1147
1 1 1 1 1 1 1 1 1 1 1 1 1 0 1146
1 1 1 1 1 1 1 1 1 1 1 1 1 0 1145
1 1 1 1 1 1 1 1 1 1 1 1 1 0 1144
1 1 1 1 1 1 1 1 1 1 1 1 1 0 1143
1 1 1 1 1 1 1 1 1 1 1 1 1 0 1142
1 1 1 1 1 1 1 1 1 1 1 1 1 0 1141
1 1 1 1 1 1 1 1 1 1 1 1 1 0 1140
1 1 1 1 1 1 1 1 1 1 1 1 1 0 1139
1 1 1 1 1 1 1 1 1 1 1 1 1 0 1138
1 1 1 1 1 1 1 1 1 1 1 1 1 0 1137
1 1 1 1 1 1 1 1 1 1 1 1 1 0 1136
1 1 1 1 1 1 1 1 1 1 1 1 1 0 1135
1 1 1 1 1 1 1 1 1 1 1 1 1 0 1134
1 1 1 1 1 1 1 1 1 1 1 1 1 0 1133
1 1 1 1 1 1 1 1 1 1 1 1 1 0 1132
1 1 1 1 1 1 1 1 1 1 1 1 1 0 1131
1 1 1 1 1 1 1 1 1 1 1 1 1 0 1130
1 1 1 1 1 1 1 1 1 1 1 1 1 0 1129
1 1 1 1 1 1 1 1 1 1 1 1 1 0 1128
1 1 1 1 1 1 1 1 1 1 1 1 1 0 1127
1 1 1 1 1 1 1 1 1 1 1 1 1 0 1126
1 1 1 1 1 1 1 1 1 1 1 1 1 0 1125
1 1 1 1 1 1 1 1 1 1 1 1 1 0 1124
1 1 1 1 1 1 1 1 1 1 1 1 1 0 1123
1 1 1 1 1 1 1 1 1 1 1 1 1 0 1122
1 1 1 1 1 1 1 1 1 1 1 1 1 0 1121
1 1 1 1 1 1 1 1 1 1 1 1 1 0 1120
1 1 1 1 1 1 1 1 1 1 1 1 1 0 1119
1 1 1 1 1 1 1 1 1 1 1 1 1 0 1118
1 1 1 1 1 1 1 1 1 1 1 1 1 0 1117
1 1 1 1 1 1 1 1 1 1 1 1 1 0 1116
1 1 1 1 1 1 1 1 1 1 1 1 1 0 1115
1 1 1 1 1 1 1 1 1 1 1 1 1 0 1114
1 1 1 1 1 1 1 1 1 1 1 1 1 0 1113
1 1 1 1 1 1 1 1 1 1 1 1 1 0 1112
1 1 1 1 1 1 1 1 1 1 1 1 1 0 1111
1 1 1 1 1 1 1 1 1 1 1 1 1 0 1110
1 1 1 1 1 1 1 1 1 1 1 1 1 0 1109
1 1 1 1 1 1 1 1 1 1 1 1 1 0 1108
1 1 1 1 1 1 1 1 1 1 1 1 1 0 1107
1 1 1 1 1 1 1 1 1 1 1 1 1 0 1106
1 1 1 1 1 1 1 1 1 1 1 1 1 0 1105
1 1 1 1 1 1 1 1 1 1 1 1 1 0 1104
1 1 1 1 1 1 1 1 1 1 1 1 1 0 1103
1 1 1 1 1 1 1 1 1 1 1 1 1 0 1102
1 1 1 1 1 1 1 1 1 1 1 1 1 0 1101
1 1 1 1 1 1 1 1 1 1 1 1 1 0 1100
1 1 1 1 1 1 1 1 1 1 1 1 1 0 1099
1 1 1 1 1 1 1 1 1 1 1 1 1 0 1098
1 1 1 1 1 1 1 1 1 1 1 1 1 0 1097
1 1 1 1 1 1 1 1 1 1 1 1 1 0 1096
1 1 1 1 1 1 1 1 1 1 1 1 1 0 1095
1 1 1 1 1 1 1 1 1 1 1 1 1 0 1094
1 1 1 1 1 1 1 1 1 1 1 1 1 0 1093
1 1 1 1 1 1 1 1 1 1 1 1 1 0 1092
1 1 1 1 1 1 1 1 1 1 1 1 1 0 1091
1 1 1 1 1 1 1 1 1 1 1 1 1 0 1090
1 1 1 1 1 1 1 1 1 1 1 1 1 0 1089
1 1 1 1 1 1 1 1 1 1 1 1 1 0 1088
1 1 1 1 1 1 1 1 1 1 1 1 1 0 1087
1 1 1 1 1 1 1 1 1 1 1 1 1 0 1086
1 1 1 1 1 1 1 1 1 1 1 1 1 0 1085
1 1 1 1 1 1 1 1 1 1 1 1 1 0 1084
1 1 1 1 1 1 1 1 1 1 1 1 1 0 1083
1 1 1 1 1 1 1 1 1 1 1 1 1 0 1082
1 1 1 1 1 1 1 1 1 1 1 1 1 0 1081
1 1 1 1 1 1 1 1 1 1 1 1 1 0 1080
1 1 1 1 1 1 1 1 1 1 1 1 1 0 1079
1 1 1 1 1 1 1 1 1 1 1 1 1 0 1078
1 1 1 1 1 1 1 1 1 1 1 1 1 0 1077
1 1 1 1 1 1 1 1 1 1 1 1 1 0 1076
1 1 1 1 1 1 1 1 1 1 1 1 1 0 1075
1 1 1 1 1 1 1 1 1 1 1 1 1 0 1074
1 1 1 1 1 1 1 1 1 1 1 1 1 0 1073
1 1 1 1 1 1 1 1 1 1 1 1 1 0 1072
1 1 1 1 1 1 1 1 1 1 1 1 1 0 1071
1 1 1 1 1 1 1 1 1 1 1 1 1 0 1070
1 1 1 1 1 1 1 1 1 1 1 1 1 0 1069
1 1 1 1 1 1 1 1 1 1 1 1 1 0 1068
1 1 1 1 1 1 1 1 1 1 1 1 1 0 1067
1 1 1 1 1 1 1 1 1 1 1 1 1 0 1066
1 1 1 1 1 1 1 1 1 1 1 1 1 0 1065
1 1 1 1 1 1 1 1 1 1 1 1 1 0 1064
1 1 1 1 1 1 1 1 1 1 1 1 1 0 1063
1 1 1 1 1 1 1 1 1 1 1 1 1 0 1062
1 1 1 1 1 1 1 1 1 1 1 1 1 0 1061
1 1 1 1 1 1 1 1 1 1 1 1 1 0 1060
1 1 1 1 1 1 1 1 1 1 1 1 1 0 1059
1 1 1 1 1 1 1 1 1 1 1 1 1 0 1058
1 1 1 1 1 1 1 1 1 1 1 1 1 0 1057
1 1 1 1 1 1 1 1 1 1 1 1 1 0 1056
1 1 1 1 1 1 1 1 1 1 1 1 1 0 1055
1 1 1 1 1 1 1 1 1 1 1 1 1 0 1054
1 1 1 1 1 1 1 1 1 1 1 1 1 0 1053
1 1 1 1 1 1 1 1 1 1 1 1 1 0 1052
1 1 1 1 1 1 1 1 1 1 1 1 1 0 1051
1 1 1 1 1 1 1 1 1 1 1 1 1 0 1050
1 1 1 1 1 1 1 1 1 1 1 1 1 0 1049
1 1 1 1 1 1 1 1 1 1 1 1 1 0 1048
1 1 1 1 1 1 1 1 1 1 1 1 1 0 1047
1 1 1 1 1 1 1 1 1 1 1 1 1 0 1046
1 1 1 1 1 1 1 1 1 1 1 1 1 0 1045
1 1 1 1 1 1 1 1 1 1 1 1 1 0 1044
1 1 1 1 1 1 1 1 1 1 1 1 1 0 1043
1 1 1 1 1 1 1 1 1 1 1 1 1 0 1042
1 1 1 1 1 1 1 1 1 1 1 1 1 0 1041
1 1 1 1 1 1 1 1 1 1 1 1 1 0 1040
1 1 1 1 1 1 1 1 1 1 1 1 1 0 1039
1 1 1 1 1 1 1 1 1 1 1 1 1 0 1038
1 1 1 1 1 1 1 1 1 1 1 1 1 0 1037
1 1 1 1 1 1 1 1 1 1 1 1 1 0 1036
1 1 1 1 1 1 1 1 1 1 1 1 1 0 1035
1 1 1 1 1 1 1 1 1 1 1 1 1 0 1034
1 1 1 1 1 1 1 1 1 1 1 1 1 0 1033
1 1 1 1 1 1 1 1 1 1 1 1 1 0 1032
1 1 1 1 1 1 1 1 1 1 1 1 1 0 1031
1 1 1 1 1 1 1 1 1 1 1 1 1 0 1030
1 1 1 1 1 1 1 1 1 1 1 1 1 0 1029
1 1 1 1 1 1 1 1 1 1 1 1 1 0 1028
1 1 1 1 1 1 1 1 1 1 1 1 1 0 1027
1 1 1 1 1 1 1 1 1 1 1 1 1 0 1026
1 1 1 1 1 1 1 1 1 1 1 1 1 0 1025
1 1 1 1 1 1 1 1 1 1 1 1 1 0 1024
1 1 1 1 1 1 1 1 1 1 1 1 1 0 1023
1 1 1 1 1 1 1 1 1 1 1 1 1 0 1022
1 1 1 1 1 1 1 1 1 1 1 1 1 0 1021
1 1 1 1 1 1 1 1 1 1 1 1 1 0 1020
1 1 1 1 1 1 1 1 1 1 1 1 1 0 1019
1 1 1 1 1 1 1 1 1 1 1 1 1 0 1018
1 1 1 1 1 1 1 1 1 1 1 1 1 0 1017
1 1 1 1 1 1 1 1 1 1 1 1 1 0 1016
1 1 1 1 1 1 1 1 1 1 1 1 1 0 1015
1 1 1 1 1 1 1 1 1 1 1 1 1 0 1014
1 1 1 1 1 1 1 1 1 1 1 1 1 0 1013
1 1 1 1 1 1 1 1 1 1 1 1 1 0 1012
1 1 1 1 1 1 1 1 1 1 1 1 1 0 1011
1 1 1 1 1 1 1 1 1 1 1 1 1 0 1010
1 1 1 1 1 1 1 1 1 1 1 1 1 0 1009
1 1 1 1 1 1 1 1 1 1 1 1 1 0 1008
1 1 1 1 1 1 1 1 1 1 1 1 1 0 1007
1 1 1 1 1 1 1 1 1 1 1 1 1 0 1006
1 1 1 1 1 1 1 1 1 1 1 1 1 0 1005
1 1 1 1 1 1 1 1 1 1 1 1 1 0 1004
1 1 1 1 1 1 1 1 1 1 1 1 1 0 1003
1 1 1 1 1 1 1 1 1 1 1 1 1 0 1002
1 1 1 1 1 1 1 1 1 1 1 1 1 0 1001
1 1 1 1 1 1 1 1 1 1 1 1 1 0 1000
1 1 1 1 1 1 1 1 1 1 1 1 1 0 999
1 1 1 1 1 1 1 1 1 1 1 1 1 0 998
1 1 1 1 1 1 1 1 1 1 1 1 1 0 997
1 1 1 1 1 1 1 1 1 1 1 1 1 0 996
1 1 1 1 1 1 1 1 1 1 1 1 1 0 995
1 1 1 1 1 1 1 1 1 1 1 1 1 0 994
1 1 1 1 1 1 1 1 1 1 1 1 1 0 993
1 1 1 1 1 1 1 1 1 1 1 1 1 0 992
1 1 1 1 1 1 1 1 1 1 1 1 1 0 991
1 1 1 1 1 1 1 1 1 1 1 1 1 0 990
1 1 1 1 1 1 1 1 1 1 1 1 1 0 989
1 1 1 1 1 1 1 1 1 1 1 1 1 0 988
1 1 1 1 1 1 1 1 1 1 1 1 1 0 987
1 1 1 1 1 1 1 1 1 1 1 1 1 0 986
1 1 1 1 1 1 1 1 1 1 1 1 1 0 985
1 1 1 1 1 1 1 1 1 1 1 1 1 0 984
1 1 1 1 1 1 1 1 1 1 1 1 1 0 983
1 1 1 1 1 1 1 1 1 1 1 1 1 0 982
1 1 1 1 1 1 1 1 1 1 1 1 1 0 981
1 1 1 1 1 1 1 1 1 1 1 1 1 0 980
1 1 1 1 1 1 1 1 1 1 1 1 1 0 979
1 1 1 1 1 1 1 1 1 1 1 1 1 0 978
1 1 1 1 1 1 1 1 1 1 1 1 1 0 977
1 1 1 1 1 1 1 1 1 1 1 1 1 0 976
1 1 1 1 1 1 1 1 1 1 1 1 1 0 975
1 1 1 1 1 1 1 1 1 1 1 1 1 0 974
1 1 1 1 1 1 1 1 1 1 1 1 1 0 973
1 1 1 1 1 1 1 1 1 1 1 1 1 0 972
1 1 1 1 1 1 1 1 1 1 1 1 1 0 971
1 1 1 1 1 1 1 1 1 1 1 1 1 0 970
1 1 1 1 1 1 1 1 1 1 1 1 1 0 969
1 1 1 1 1 1 1 1 1 1 1 1 1 0 968
1 1 1 1 1 1 1 1 1 1 1 1 1 0 967
1 1 1 1 1 1 1 1 1 1 1 1 1 0 966
1 1 1 1 1 1 1 1 1 1 1 1 1 0 965
1 1 1 1 1 1 1 1 1 1 1 1 1 0 964
1 1 1 1 1 1 1 1 1 1 1 1 1 0 963
1 1 1 1 1 1 1 1 1 1 1 1 1 0 962
1 1 1 1 1 1 1 1 1 1 1 1 1 0 961
1 1 1 1 1 1 1 1 1 1 1 1 1 0 960
1 1 1 1 1 1 1 1 1 1 1 1 1 0 959
1 1 1 1 1 1 1 1 1 1 1 1 1 0 958
1 1 1 1 1 1 1 1 1 1 1 1 1 0 957
1 1 1 1 1 1 1 1 1 1 1 1 1 0 956
1 1 1 1 1 1 1 1 1 1 1 1 1 0 955
1 1 1 1 1 1 1 1 1 1 1 1 1 0 954
1 1 1 1 1 1 1 1 1 1 1 1 1 0 953
1 1 1 1 1 1 1 1 1 1 1 1 1 0 952
1 1 1 1 1 1 1 1 1 1 1 1 1 0 951
1 1 1 1 1 1 1 1 1 1 1 1 1 0 950
1 1 1 1 1 1 1 1 1 1 1 1 1 0 949
1 1 1 1 1 1 1 1 1 1 1 1 1 0 948
1 1 1 1 1 1 1 1 1 1 1 1 1 0 947
1 1 1 1 1 1 1 1 1 1 1 1 1 0 946
1 1 1 1 1 1 1 1 1 1 1 1 1 0 945
1 1 1 1 1 1 1 1 1 1 1 1 1 0 944
1 1 1 1 1 1 1 1 1 1 1 1 1 0 943
1 1 1 1 1 1 1 1 1 1 1 1 1 0 942
1 1 1 1 1 1 1 1 1 1 1 1 1 0 941
1 1 1 1 1 1 1 1 1 1 1 1 1 0 940
1 1 1 1 1 1 1 1 1 1 1 1 1 0 939
1 1 1 1 1 1 1 1 1 1 1 1 1 0 938
1 1 1 1 1 1 1 1 1 1 1 1 1 0 937
1 1 1 1 1 1 1 1 1 1 1 1 1 0 936
1 1 1 1 1 1 1 1 1 1 1 1 1 0 935
1 1 1 1 1 1 1 1 1 1 1 1 1 0 934
1 1 1 1 1 1 1 1 1 1 1 1 1 0 933
1 1 1 1 1 1 1 1 1 1 1 1 1 0 932
1 1 1 1 1 1 1 1 1 1 1 1 1 0 931
1 1 1 1 1 1 1 1 1 1 1 1 1 0 930
1 1 1 1 1 1 1 1 1 1 1 1 1 0 929
1 1 1 1 1 1 1 1 1 1 1 1 1 0 928
1 1 1 1 1 1 1 1 1 1 1 1 1 0 927
1 1 1 1 1 1 1 1 1 1 1 1 1 0 926
1 1 1 1 1 1 1 1 1 1 1 1 1 0 925
1 1 1 1 1 1 1 1 1 1 1 1 1 0 924
1 1 1 1 1 1 1 1 1 1 1 1 1 0 923
1 1 1 1 1 1 1 1 1 1 1 1 1 0 922
1 1 1 1 1 1 1 1 1 1 1 1 1 0 921
1 1 1 1 1 1 1 1 1 1 1 1 1 0 920
1 1 1 1 1 1 1 1 1 1 1 1 1 0 919
1 1 1 1 1 1 1 1 1 1 1 1 1 0 918
1 1 1 1 1 1 1 1 1 1 1 1 1 0 917
1 1 1 1 1 1 1 1 1 1 1 1 1 0 916
1 1 1 1 1 1 1 1 1 1 1 1 1 0 915
1 1 1 1 1 1 1 1 1 1 1 1 1 0 914
1 1 1 1 1 1 1 1 1 1 1 1 1 0 913
1 1 1 1 1 1 1 1 1 1 1 1 1 0 912
1 1 1 1 1 1 1 1 1 1 1 1 1 0 911
1 1 1 1 1 1 1 1 1 1 1 1 1 0 910
1 1 1 1 1 1 1 1 1 1 1 1 1 0 909
1 1 1 1 1 1 1 1 1 1 1 1 1 0 908
1 1 1 1 1 1 1 1 1 1 1 1 1 0 907
1 1 1 1 1 1 1 1 1 1 1 1 1 0 906
1 1 1 1 1 1 1 1 1 1 1 1 1 0 905
1 1 1 1 1 1 1 1 1 1 1 1 1 0 904
1 1 1 1 1 1 1 1 1 1 1 1 1 0 903
1 1 1 1 1 1 1 1 1 1 1 1 1 0 902
1 1 1 1 1 1 1 1 1 1 1 1 1 0 901
1 1 1 1 1 1 1 1 1 1 1 1 1 0 900
1 1 1 1 1 1 1 1 1 1 1 1 1 0 899
1 1 1 1 1 1 1 1 1 1 1 1 1 0 898
1 1 1 1 1 1 1 1 1 1 1 1 1 0 897
1 1 1 1 1 1 1 1 1 1 1 1 1 0 896
1 1 1 1 1 1 1 1 1 1 1 1 1 0 895
1 1 1 1 1 1 1 1 1 1 1 1 1 0 894
1 1 1 1 1 1 1 1 1 1 1 1 1 0 893
1 1 1 1 1 1 1 1 1 1 1 1 1 0 892
1 1 1 1 1 1 1 1 1 1 1 1 1 0 891
1 1 1 1 1 1 1 1 1 1 1 1 1 0 890
1 1 1 1 1 1 1 1 1 1 1 1 1 0 889
1 1 1 1 1 1 1 1 1 1 1 1 1 0 888
1 1 1 1 1 1 1 1 1 1 1 1 1 0 887
1 1 1 1 1 1 1 1 1 1 1 1 1 0 886
1 1 1 1 1 1 1 1 1 1 1 1 1 0 885
1 1 1 1 1 1 1 1 1 1 1 1 1 0 884
1 1 1 1 1 1 1 1 1 1 1 1 1 0 883
1 1 1 1 1 1 1 1 1 1 1 1 1 0 882
1 1 1 1 1 1 1 1 1 1 1 1 1 0 881
1 1 1 1 1 1 1 1 1 1 1 1 1 0 880
1 1 1 1 1 1 1 1 1 1 1 1 1 0 879
1 1 1 1 1 1 1 1 1 1 1 1 1 0 878
1 1 1 1 1 1 1 1 1 1 1 1 1 0 877
1 1 1 1 1 1 1 1 1 1 1 1 1 0 876
1 1 1 1 1 1 1 1 1 1 1 1 1 0 875
1 1 1 1 1 1 1 1 1 1 1 1 1 0 874
1 1 1 1 1 1 1 1 1 1 1 1 1 0 873
1 1 1 1 1 1 1 1 1 1 1 1 1 0 872
1 1 1 1 1 1 1 1 1 1 1 1 1 0 871
1 1 1 1 1 1 1 1 1 1 1 1 1 0 870
1 1 1 1 1 1 1 1 1 1 1 1 1 0 869
1 1 1 1 1 1 1 1 1 1 1 1 1 0 868
1 1 1 1 1 1 1 1 1 1 1 1 1 0 867
1 1 1 1 1 1 1 1 1 1 1 1 1 0 866
1 1 1 1 1 1 1 1 1 1 1 1 1 0 865
1 1 1 1 1 1 1 1 1 1 1 1 1 0 864
1 1 1 1 1 1 1 1 1 1 1 1 1 0 863
1 1 1 1 1 1 1 1 1 1 1 1 1 0 862
1 1 1 1 1 1 1 1 1 1 1 1 1 0 861
1 1 1 1 1 1 1 1 1 1 1 1 1 0 860
1 1 1 1 1 1 1 1 1 1 1 1 1 0 859
1 1 1 1 1 1 1 1 1 1 1 1 1 0 858
1 1 1 1 1 1 1 1 1 1 1 1 1 0 857
1 1 1 1 1 1 1 1 1 1 1 1 1 0 856
1 1 1 1 1 1 1 1 1 1 1 1 1 0 855
1 1 1 1 1 1 1 1 1 1 1 1 1 0 854
1 1 1 1 1 1 1 1 1 1 1 1 1 0 853
1 1 1 1 1 1 1 1 1 1 1 1 1 0 852
1 1 1 1 1 1 1 1 1 1 1 1 1 0 851
1 1 1 1 1 1 1 1 1 1 1 1 1 0 850
1 1 1 1 1 1 1 1 1 1 1 1 1 0 849
1 1 1 1 1 1 1 1 1 1 1 1 1 0 848
1 1 1 1 1 1 1 1 1 1 1 1 1 0 847
1 1 1 1 1 1 1 1 1 1 1 1 1 0 846
1 1 1 1 1 1 1 1 1 1 1 1 1 0 845
1 1 1 1 1 1 1 1 1 1 1 1 1 0 844
1 1 1 1 1 1 1 1 1 1 1 1 1 0 843
1 1 1 1 1 1 1 1 1 1 1 1 1 0 842
1 1 1 1 1 1 1 1 1 1 1 1 1 0 841
1 1 1 1 1 1 1 1 1 1 1 1 1 0 840
1 1 1 1 1 1 1 1 1 1 1 1 1 0 839
1 1 1 1 1 1 1 1 1 1 1 1 1 0 838
1 1 1 1 1 1 1 1 1 1 1 1 1 0 837
1 1 1 1 1 1 1 1 1 1 1 1 1 0 836
1 1 1 1 1 1 1 1 1 1 1 1 1 0 835
1 1 1 1 1 1 1 1 1 1 1 1 1 0 834
1 1 1 1 1 1 1 1 1 1 1 1 1 0 833
1 1 1 1 1 1 1 1 1 1 1 1 1 0 832
1 1 1 1 1 1 1 1 1 1 1 1 1 0 831
1 1 1 1 1 1 1 1 1 1 1 1 1 0 830
1 1 1 1 1 1 1 1 1 1 1 1 1 0 829
1 1 1 1 1 1 1 1 1 1 1 1 1 0 828
1 1 1 1 1 1 1 1 1 1 1 1 1 0 827
1 1 1 1 1 1 1 1 1 1 1 1 1 0 826
1 1 1 1 1 1 1 1 1 1 1 1 1 0 825
1 1 1 1 1 1 1 1 1 1 1 1 1 0 824
1 1 1 1 1 1 1 1 1 1 1 1 1 0 823
1 1 1 1 1 1 1 1 1 1 1 1 1 0 822
1 1 1 1 1 1 1 1 1 1 1 1 1 0 821
1 1 1 1 1 1 1 1 1 1 1 1 1 0 820
1 1 1 1 1 1 1 1 1 1 1 1 1 0 819
1 1 1 1 1 1 1 1 1 1 1 1 1 0 818
1 1 1 1 1 1 1 1 1 1 1 1 1 0 817
1 1 1 1 1 1 1 1 1 1 1 1 1 0 816
1 1 1 1 1 1 1 1 1 1 1 1 1 0 815
1 1 1 1 1 1 1 1 1 1 1 1 1 0 814
1 1 1 1 1 1 1 1 1 1 1 1 1 0 813
1 1 1 1 1 1 1 1 1 1 1 1 1 0 812
1 1 1 1 1 1 1 1 1 1 1 1 1 0 811
1 1 1 1 1 1 1 1 1 1 1 1 1 0 810
1 1 1 1 1 1 1 1 1 1 1 1 1 0 809
1 1 1 1 1 1 1 1 1 1 1 1 1 0 808
1 1 1 1 1 1 1 1 1 1 1 1 1 0 807
1 1 1 1 1 1 1 1 1 1 1 1 1 0 806
1 1 1 1 1 1 1 1 1 1 1 1 1 0 805
1 1 1 1 1 1 1 1 1 1 1 1 1 0 804
1 1 1 1 1 1 1 1 1 1 1 1 1 0 803
1 1 1 1 1 1 1 1 1 1 1 1 1 0 802
1 1 1 1 1 1 1 1 1 1 1 1 1 0 801
1 1 1 1 1 1 1 1 1 1 1 1 1 0 800
1 1 1 1 1 1 1 1 1 1 1 1 1 0 799
1 1 1 1 1 1 1 1 1 1 1 1 1 0 798
1 1 1 1 1 1 1 1 1 1 1 1 1 0 797
1 1 1 1 1 1 1 1 1 1 1 1 1 0 796
1 1 1 1 1 1 1 1 1 1 1 1 1 0 795
1 1 1 1 1 1 1 1 1 1 1 1 1 0 794
1 1 1 1 1 1 1 1 1 1 1 1 1 0 793
1 1 1 1 1 1 1 1 1 1 1 1 1 0 792
1 1 1 1 1 1 1 1 1 1 1 1 1 0 791
1 1 1 1 1 1 1 1 1 1 1 1 1 0 790
1 1 1 1 1 1 1 1 1 1 1 1 1 0 789
1 1 1 1 1 1 1 1 1 1 1 1 1 0 788
1 1 1 1 1 1 1 1 1 1 1 1 1 0 787
1 1 1 1 1 1 1 1 1 1 1 1 1 0 786
1 1 1 1 1 1 1 1 1 1 1 1 1 0 785
1 1 1 1 1 1 1 1 1 1 1 1 1 0 784
1 1 1 1 1 1 1 1 1 1 1 1 1 0 783
1 1 1 1 1 1 1 1 1 1 1 1 1 0 782
1 1 1 1 1 1 1 1 1 1 1 1 1 0 781
1 1 1 1 1 1 1 1 1 1 1 1 1 0 780
1 1 1 1 1 1 1 1 1 1 1 1 1 0 779
1 1 1 1 1 1 1 1 1 1 1 1 1 0 778
1 1 1 1 1 1 1 1 1 1 1 1 1 0 777
1 1 1 1 1 1 1 1 1 1 1 1 1 0 776
1 1 1 1 1 1 1 1 1 1 1 1 1 0 775
1 1 1 1 1 1 1 1 1 1 1 1 1 0 774
1 1 1 1 1 1 1 1 1 1 1 1 1 0 773
1 1 1 1 1 1 1 1 1 1 1 1 1 0 772
1 1 1 1 1 1 1 1 1 1 1 1 1 0 771
1 1 1 1 1 1 1 1 1 1 1 1 1 0 770
1 1 1 1 1 1 1 1 1 1 1 1 1 0 769
1 1 1 1 1 1 1 1 1 1 1 1 1 0 768
1 1 1 1 1 1 1 1 1 1 1 1 1 0 767
1 1 1 1 1 1 1 1 1 1 1 1 1 0 766
1 1 1 1 1 1 1 1 1 1 1 1 1 0 765
1 1 1 1 1 1 1 1 1 1 1 1 1 0 764
1 1 1 1 1 1 1 1 1 1 1 1 1 0 763
1 1 1 1 1 1 1 1 1 1 1 1 1 0 762
1 1 1 1 1 1 1 1 1 1 1 1 1 0 761
1 1 1 1 1 1 1 1 1 1 1 1 1 0 760
1 1 1 1 1 1 1 1 1 1 1 1 1 0 759
1 1 1 1 1 1 1 1 1 1 1 1 1 0 758
1 1 1 1 1 1 1 1 1 1 1 1 1 0 757
1 1 1 1 1 1 1 1 1 1 1 1 1 0 756
1 1 1 1 1 1 1 1 1 1 1 1 1 0 755
1 1 1 1 1 1 1 1 1 1 1 1 1 0 754
1 1 1 1 1 1 1 1 1 1 1 1 1 0 753
1 1 1 1 1 1 1 1 1 1 1 1 1 0 752
1 1 1 1 1 1 1 1 1 1 1 1 1 0 751
1 1 1 1 1 1 1 1 1 1 1 1 1 0 750
1 1 1 1 1 1 1 1 1 1 1 1 1 0 749
1 1 1 1 1 1 1 1 1 1 1 1 1 0 748
1 1 1 1 1 1 1 1 1 1 1 1 1 0 747
1 1 1 1 1 1 1 1 1 1 1 1 1 0 746
1 1 1 1 1 1 1 1 1 1 1 1 1 0 745
1 1 1 1 1 1 1 1 1 1 1 1 1 0 744
1 1 1 1 1 1 1 1 1 1 1 1 1 0 743
1 1 1 1 1 1 1 1 1 1 1 1 1 0 742
1 1 1 1 1 1 1 1 1 1 1 1 1 0 741
1 1 1 1 1 1 1 1 1 1 1 1 1 0 740
1 1 1 1 1 1 1 1 1 1 1 1 1 0 739
1 1 1 1 1 1 1 1 1 1 1 1 1 0 738
1 1 1 1 1 1 1 1 1 1 1 1 1 0 737
1 1 1 1 1 1 1 1 1 1 1 1 1 0 736
1 1 1 1 1 1 1 1 1 1 1 1 1 0 735
1 1 1 1 1 1 1 1 1 1 1 1 1 0 734
1 1 1 1 1 1 1 1 1 1 1 1 1 0 733
1 1 1 1 1 1 1 1 1 1 1 1 1 0 732
1 1 1 1 1 1 1 1 1 1 1 1 1 0 731
1 1 1 1 1 1 1 1 1 1 1 1 1 0 730
1 1 1 1 1 1 1 1 1 1 1 1 1 0 729
1 1 1 1 1 1 1 1 1 1 1 1 1 0 728
1 1 1 1 1 1 1 1 1 1 1 1 1 0 727
1 1 1 1 1 1 1 1 1 1 1 1 1 0 726
1 1 1 1 1 1 1 1 1 1 1 1 1 0 725
1 1 1 1 1 1 1 1 1 1 1 1 1 0 724
1 1 1 1 1 1 1 1 1 1 1 1 1 0 723
1 1 1 1 1 1 1 1 1 1 1 1 1 0 722
1 1 1 1 1 1 1 1 1 1 1 1 1 0 721
1 1 1 1 1 1 1 1 1 1 1 1 1 0 720
1 1 1 1 1 1 1 1 1 1 1 1 1 0 719
1 1 1 1 1 1 1 1 1 1 1 1 1 0 718
1 1 1 1 1 1 1 1 1 1 1 1 1 0 717
1 1 1 1 1 1 1 1 1 1 1 1 1 0 716
1 1 1 1 1 1 1 1 1 1 1 1 1 0 715
1 1 1 1 1 1 1 1 1 1 1 1 1 0 714
1 1 1 1 1 1 1 1 1 1 1 1 1 0 713
1 1 1 1 1 1 1 1 1 1 1 1 1 0 712
1 1 1 1 1 1 1 1 1 1 1 1 1 0 711
1 1 1 1 1 1 1 1 1 1 1 1 1 0 710
1 1 1 1 1 1 1 1 1 1 1 1 1 0 709
1 1 1 1 1 1 1 1 1 1 1 1 1 0 708
1 1 1 1 1 1 1 1 1 1 1 1 1 0 707
1 1 1 1 1 1 1 1 1 1 1 1 1 0 706
1 1 1 1 1 1 1 1 1 1 1 1 1 0 705
1 1 1 1 1 1 1 1 1 1 1 1 1 0 704
1 1 1 1 1 1 1 1 1 1 1 1 1 0 703
1 1 1 1 1 1 1 1 1 1 1 1 1 0 702
1 1 1 1 1 1 1 1 1 1 1 1 1 0 701
1 1 1 1 1 1 1 1 1 1 1 1 1 0 700
1 1 1 1 1 1 1 1 1 1 1 1 1 0 699
1 1 1 1 1 1 1 1 1 1 1 1 1 0 698
1 1 1 1 1 1 1 1 1 1 1 1 1 0 697
1 1 1 1 1 1 1 1 1 1 1 1 1 0 696
1 1 1 1 1 1 1 1 1 1 1 1 1 0 695
1 1 1 1 1 1 1 1 1 1 1 1 1 0 694
1 1 1 1 1 1 1 1 1 1 1 1 1 0 693
1 1 1 1 1 1 1 1 1 1 1 1 1 0 692
1 1 1 1 1 1 1 1 1 1 1 1 1 0 691
1 1 1 1 1 1 1 1 1 1 1 1 1 0 690
1 1 1 1 1 1 1 1 1 1 1 1 1 0 689
1 1 1 1 1 1 1 1 1 1 1 1 1 0 688
1 1 1 1 1 1 1 1 1 1 1 1 1 0 687
1 1 1 1 1 1 1 1 1 1 1 1 1 0 686
1 1 1 1 1 1 1 1 1 1 1 1 1 0 685
1 1 1 1 1 1 1 1 1 1 1 1 1 0 684
1 1 1 1 1 1 1 1 1 1 1 1 1 0 683
1 1 1 1 1 1 1 1 1 1 1 1 1 0 682
1 1 1 1 1 1 1 1 1 1 1 1 1 0 681
1 1 1 1 1 1 1 1 1 1 1 1 1 0 680
1 1 1 1 1 1 1 1 1 1 1 1 1 0 679
1 1 1 1 1 1 1 1 1 1 1 1 1 0 678
1 1 1 1 1 1 1 1 1 1 1 1 1 0 677
1 1 1 1 1 1 1 1 1 1 1 1 1 0 676
1 1 1 1 1 1 1 1 1 1 1 1 1 0 675
1 1 1 1 1 1 1 1 1 1 1 1 1 0 674
1 1 1 1 1 1 1 1 1 1 1 1 1 0 673
1 1 1 1 1 1 1 1 1 1 1 1 1 0 672
1 1 1 1 1 1 1 1 1 1 1 1 1 0 671
1 1 1 1 1 1 1 1 1 1 1 1 1 0 670
1 1 1 1 1 1 1 1 1 1 1 1 1 0 669
1 1 1 1 1 1 1 1 1 1 1 1 1 0 668
1 1 1 1 1 1 1 1 1 1 1 1 1 0 667
1 1 1 1 1 1 1 1 1 1 1 1 1 0 666
1 1 1 1 1 1 1 1 1 1 1 1 1 0 665
1 1 1 1 1 1 1 1 1 1 1 1 1 0 664
1 1 1 1 1 1 1 1 1 1 1 1 1 0 663
1 1 1 1 1 1 1 1 1 1 1 1 1 0 662
1 1 1 1 1 1 1 1 1 1 1 1 1 0 661
1 1 1 1 1 1 1 1 1 1 1 1 1 0 660
1 1 1 1 1 1 1 1 1 1 1 1 1 0 659
1 1 1 1 1 1 1 1 1 1 1 1 1 0 658
1 1 1 1 1 1 1 1 1 1 1 1 1 0 657
1 1 1 1 1 1 1 1 1 1 1 1 1 0 656
1 1 1 1 1 1 1 1 1 1 1 1 1 0 655
1 1 1 1 1 1 1 1 1 1 1 1 1 0 654
1 1 1 1 1 1 1 1 1 1 1 1 1 0 653
1 1 1 1 1 1 1 1 1 1 1 1 1 0 652
1 1 1 1 1 1 1 1 1 1 1 1 1 0 651
1 1 1 1 1 1 1 1 1 1 1 1 1 0 650
1 1 1 1 1 1 1 1 1 1 1 1 1 0 649
1 1 1 1 1 1 1 1 1 1 1 1 1 0 648
1 1 1 1 1 1 1 1 1 1 1 1 1 0 647
1 1 1 1 1 1 1 1 1 1 1 1 1 0 646
1 1 1 1 1 1 1 1 1 1 1 1 1 0 645
1 1 1 1 1 1 1 1 1 1 1 1 1 0 644
1 1 1 1 1 1 1 1 1 1 1 1 1 0 643
1 1 1 1 1 1 1 1 1 1 1 1 1 0 642
1 1 1 1 1 1 1 1 1 1 1 1 1 0 641
1 1 1 1 1 1 1 1 1 1 1 1 1 0 640
1 1 1 1 1 1 1 1 1 1 1 1 1 0 639
1 1 1 1 1 1 1 1 1 1 1 1 1 0 638
1 1 1 1 1 1 1 1 1 1 1 1 1 0 637
1 1 1 1 1 1 1 1 1 1 1 1 1 0 636
1 1 1 1 1 1 1 1 1 1 1 1 1 0 635
1 1 1 1 1 1 1 1 1 1 1 1 1 0 634
1 1 1 1 1 1 1 1 1 1 1 1 1 0 633
1 1 1 1 1 1 1 1 1 1 1 1 1 0 632
1 1 1 1 1 1 1 1 1 1 1 1 1 0 631
1 1 1 1 1 1 1 1 1 1 1 1 1 0 630
1 1 1 1 1 1 1 1 1 1 1 1 1 0 629
1 1 1 1 1 1 1 1 1 1 1 1 1 0 628
1 1 1 1 1 1 1 1 1 1 1 1 1 0 627
1 1 1 1 1 1 1 1 1 1 1 1 1 0 626
1 1 1 1 1 1 1 1 1 1 1 1 1 0 625
1 1 1 1 1 1 1 1 1 1 1 1 1 0 624
1 1 1 1 1 1 1 1 1 1 1 1 1 0 623
1 1 1 1 1 1 1 1 1 1 1 1 1 0 622
1 1 1 1 1 1 1 1 1 1 1 1 1 0 621
1 1 1 1 1 1 1 1 1 1 1 1 1 0 620
1 1 1 1 1 1 1 1 1 1 1 1 1 0 619
1 1 1 1 1 1 1 1 1 1 1 1 1 0 618
1 1 1 1 1 1 1 1 1 1 1 1 1 0 617
1 1 1 1 1 1 1 1 1 1 1 1 1 0 616
1 1 1 1 1 1 1 1 1 1 1 1 1 0 615
1 1 1 1 1 1 1 1 1 1 1 1 1 0 614
1 1 1 1 1 1 1 1 1 1 1 1 1 0 613
1 1 1 1 1 1 1 1 1 1 1 1 1 0 612
1 1 1 1 1 1 1 1 1 1 1 1 1 0 611
1 1 1 1 1 1 1 1 1 1 1 1 1 0 610
1 1 1 1 1 1 1 1 1 1 1 1 1 0 609
1 1 1 1 1 1 1 1 1 1 1 1 1 0 608
1 1 1 1 1 1 1 1 1 1 1 1 1 0 607
1 1 1 1 1 1 1 1 1 1 1 1 1 0 606
1 1 1 1 1 1 1 1 1 1 1 1 1 0 605
1 1 1 1 1 1 1 1 1 1 1 1 1 0 604
1 1 1 1 1 1 1 1 1 1 1 1 1 0 603
1 1 1 1 1 1 1 1 1 1 1 1 1 0 602
1 1 1 1 1 1 1 1 1 1 1 1 1 0 601
1 1 1 1 1 1 1 1 1 1 1 1 1 0 600
1 1 1 1 1 1 1 1 1 1 1 1 1 0 599
1 1 1 1 1 1 1 1 1 1 1 1 1 0 598
1 1 1 1 1 1 1 1 1 1 1 1 1 0 597
1 1 1 1 1 1 1 1 1 1 1 1 1 0 596
1 1 1 1 1 1 1 1 1 1 1 1 1 0 595
1 1 1 1 1 1 1 1 1 1 1 1 1 0 594
1 1 1 1 1 1 1 1 1 1 1 1 1 0 593
1 1 1 1 1 1 1 1 1 1 1 1 1 0 592
1 1 1 1 1 1 1 1 1 1 1 1 1 0 591
1 1 1 1 1 1 1 1 1 1 1 1 1 0 590
1 1 1 1 1 1 1 1 1 1 1 1 1 0 589
1 1 1 1 1 1 1 1 1 1 1 1 1 0 588
1 1 1 1 1 1 1 1 1 1 1 1 1 0 587
1 1 1 1 1 1 1 1 1 1 1 1 1 0 586
1 1 1 1 1 1 1 1 1 1 1 1 1 0 585
1 1 1 1 1 1 1 1 1 1 1 1 1 0 584
1 1 1 1 1 1 1 1 1 1 1 1 1 0 583
1 1 1 1 1 1 1 1 1 1 1 1 1 0 582
1 1 1 1 1 1 1 1 1 1 1 1 1 0 581
1 1 1 1 1 1 1 1 1 1 1 1 1 0 580
1 1 1 1 1 1 1 1 1 1 1 1 1 0 579
1 1 1 1 1 1 1 1 1 1 1 1 1 0 578
1 1 1 1 1 1 1 1 1 1 1 1 1 0 577
1 1 1 1 1 1 1 1 1 1 1 1 1 0 576
1 1 1 1 1 1 1 1 1 1 1 1 1 0 575
1 1 1 1 1 1 1 1 1 1 1 1 1 0 574
1 1 1 1 1 1 1 1 1 1 1 1 1 0 573
1 1 1 1 1 1 1 1 1 1 1 1 1 0 572
1 1 1 1 1 1 1 1 1 1 1 1 1 0 571
1 1 1 1 1 1 1 1 1 1 1 1 1 0 570
1 1 1 1 1 1 1 1 1 1 1 1 1 0 569
1 1 1 1 1 1 1 1 1 1 1 1 1 0 568
1 1 1 1 1 1 1 1 1 1 1 1 1 0 567
1 1 1 1 1 1 1 1 1 1 1 1 1 0 566
1 1 1 1 1 1 1 1 1 1 1 1 1 0 565
1 1 1 1 1 1 1 1 1 1 1 1 1 0 564
1 1 1 1 1 1 1 1 1 1 1 1 1 0 563
1 1 1 1 1 1 1 1 1 1 1 1 1 0 562
1 1 1 1 1 1 1 1 1 1 1 1 1 0 561
1 1 1 1 1 1 1 1 1 1 1 1 1 0 560
1 1 1 1 1 1 1 1 1 1 1 1 1 0 559
1 1 1 1 1 1 1 1 1 1 1 1 1 0 558
1 1 1 1 1 1 1 1 1 1 1 1 1 0 557
1 1 1 1 1 1 1 1 1 1 1 1 1 0 556
1 1 1 1 1 1 1 1 1 1 1 1 1 0 555
1 1 1 1 1 1 1 1 1 1 1 1 1 0 554
1 1 1 1 1 1 1 1 1 1 1 1 1 0 553
1 1 1 1 1 1 1 1 1 1 1 1 1 0 552
1 1 1 1 1 1 1 1 1 1 1 1 1 0 551
1 1 1 1 1 1 1 1 1 1 1 1 1 0 550
1 1 1 1 1 1 1 1 1 1 1 1 1 0 549
1 1 1 1 1 1 1 1 1 1 1 1 1 0 548
1 1 1 1 1 1 1 1 1 1 1 1 1 0 547
1 1 1 1 1 1 1 1 1 1 1 1 1 0 546
1 1 1 1 1 1 1 1 1 1 1 1 1 0 545
1 1 1 1 1 1 1 1 1 1 1 1 1 0 544
1 1 1 1 1 1 1 1 1 1 1 1 1 0 543
1 1 1 1 1 1 1 1 1 1 1 1 1 0 542
1 1 1 1 1 1 1 1 1 1 1 1 1 0 541
1 1 1 1 1 1 1 1 1 1 1 1 1 0 540
1 1 1 1 1 1 1 1 1 1 1 1 1 0 539
1 1 1 1 1 1 1 1 1 1 1 1 1 0 538
1 1 1 1 1 1 1 1 1 1 1 1 1 0 537
1 1 1 1 1 1 1 1 1 1 1 1 1 0 536
1 1 1 1 1 1 1 1 1 1 1 1 1 0 535
1 1 1 1 1 1 1 1 1 1 1 1 1 0 534
1 1 1 1 1 1 1 1 1 1 1 1 1 0 533
1 1 1 1 1 1 1 1 1 1 1 1 1 0 532
1 1 1 1 1 1 1 1 1 1 1 1 1 0 531
1 1 1 1 1 1 1 1 1 1 1 1 1 0 530
1 1 1 1 1 1 1 1 1 1 1 1 1 0 529
1 1 1 1 1 1 1 1 1 1 1 1 1 0 528
1 1 1 1 1 1 1 1 1 1 1 1 1 0 527
1 1 1 1 1 1 1 1 1 1 1 1 1 0 526
1 1 1 1 1 1 1 1 1 1 1 1 1 0 525
1 1 1 1 1 1 1 1 1 1 1 1 1 0 524
1 1 1 1 1 1 1 1 1 1 1 1 1 0 523
1 1 1 1 1 1 1 1 1 1 1 1 1 0 522
1 1 1 1 1 1 1 1 1 1 1 1 1 0 521
1 1 1 1 1 1 1 1 1 1 1 1 1 0 520
1 1 1 1 1 1 1 1 1 1 1 1 1 0 519
1 1 1 1 1 1 1 1 1 1 1 1 1 0 518
1 1 1 1 1 1 1 1 1 1 1 1 1 0 517
1 1 1 1 1 1 1 1 1 1 1 1 1 0 516
1 1 1 1 1 1 1 1 1 1 1 1 1 0 515
1 1 1 1 1 1 1 1 1 1 1 1 1 0 514
1 1 1 1 1 1 1 1 1 1 1 1 1 0 513
1 1 1 1 1 1 1 1 1 1 1 1 1 0 512
1 1 1 1 1 1 1 1 1 1 1 1 1 0 511
1 1 1 1 1 1 1 1 1 1 1 1 1 0 510
1 1 1 1 1 1 1 1 1 1 1 1 1 0 509
1 1 1 1 1 1 1 1 1 1 1 1 1 0 508
1 1 1 1 1 1 1 1 1 1 1 1 1 0 507
1 1 1 1 1 1 1 1 1 1 1 1 1 0 506
1 1 1 1 1 1 1 1 1 1 1 1 1 0 505
1 1 1 1 1 1 1 1 1 1 1 1 1 0 504
1 1 1 1 1 1 1 1 1 1 1 1 1 0 503
1 1 1 1 1 1 1 1 1 1 1 1 1 0 502
1 1 1 1 1 1 1 1 1 1 1 1 1 0 501
1 1 1 1 1 1 1 1 1 1 1 1 1 0 500
1 1 1 1 1 1 1 1 1 1 1 1 1 0 499
1 1 1 1 1 1 1 1 1 1 1 1 1 0 498
1 1 1 1 1 1 1 1 1 1 1 1 1 0 497
1 1 1 1 1 1 1 1 1 1 1 1 1 0 496
1 1 1 1 1 1 1 1 1 1 1 1 1 0 495
1 1 1 1 1 1 1 1 1 1 1 1 1 0 494
1 1 1 1 1 1 1 1 1 1 1 1 1 0 493
1 1 1 1 1 1 1 1 1 1 1 1 1 0 492
1 1 1 1 1 1 1 1 1 1 1 1 1 0 491
1 1 1 1 1 1 1 1 1 1 1 1 1 0 490
1 1 1 1 1 1 1 1 1 1 1 1 1 0 489
1 1 1 1 1 1 1 1 1 1 1 1 1 0 488
1 1 1 1 1 1 1 1 1 1 1 1 1 0 487
1 1 1 1 1 1 1 1 1 1 1 1 1 0 486
1 1 1 1 1 1 1 1 1 1 1 1 1 0 485
1 1 1 1 1 1 1 1 1 1 1 1 1 0 484
1 1 1 1 1 1 1 1 1 1 1 1 1 0 483
1 1 1 1 1 1 1 1 1 1 1 1 1 0 482
1 1 1 1 1 1 1 1 1 1 1 1 1 0 481
1 1 1 1 1 1 1 1 1 1 1 1 1 0 480
1 1 1 1 1 1 1 1 1 1 1 1 1 0 479
1 1 1 1 1 1 1 1 1 1 1 1 1 0 478
1 1 1 1 1 1 1 1 1 1 1 1 1 0 477
1 1 1 1 1 1 1 1 1 1 1 1 1 0 476
1 1 1 1 1 1 1 1 1 1 1 1 1 0 475
1 1 1 1 1 1 1 1 1 1 1 1 1 0 474
1 1 1 1 1 1 1 1 1 1 1 1 1 0 473
1 1 1 1 1 1 1 1 1 1 1 1 1 0 472
1 1 1 1 1 1 1 1 1 1 1 1 1 0 471
1 1 1 1 1 1 1 1 1 1 1 1 1 0 470
1 1 1 1 1 1 1 1 1 1 1 1 1 0 469
1 1 1 1 1 1 1 1 1 1 1 1 1 0 468
1 1 1 1 1 1 1 1 1 1 1 1 1 0 467
1 1 1 1 1 1 1 1 1 1 1 1 1 0 466
1 1 1 1 1 1 1 1 1 1 1 1 1 0 465
1 1 1 1 1 1 1 1 1 1 1 1 1 0 464
1 1 1 1 1 1 1 1 1 1 1 1 1 0 463
1 1 1 1 1 1 1 1 1 1 1 1 1 0 462
1 1 1 1 1 1 1 1 1 1 1 1 1 0 461
1 1 1 1 1 1 1 1 1 1 1 1 1 0 460
1 1 1 1 1 1 1 1 1 1 1 1 1 0 459
1 1 1 1 1 1 1 1 1 1 1 1 1 0 458
1 1 1 1 1 1 1 1 1 1 1 1 1 0 457
1 1 1 1 1 1 1 1 1 1 1 1 1 0 456
1 1 1 1 1 1 1 1 1 1 1 1 1 0 455
1 1 1 1 1 1 1 1 1 1 1 1 1 0 454
1 1 1 1 1 1 1 1 1 1 1 1 1 0 453
1 1 1 1 1 1 1 1 1 1 1 1 1 0 452
1 1 1 1 1 1 1 1 1 1 1 1 1 0 451
1 1 1 1 1 1 1 1 1 1 1 1 1 0 450
1 1 1 1 1 1 1 1 1 1 1 1 1 0 449
1 1 1 1 1 1 1 1 1 1 1 1 1 0 448
1 1 1 1 1 1 1 1 1 1 1 1 1 0 447
1 1 1 1 1 1 1 1 1 1 1 1 1 0 446
1 1 1 1 1 1 1 1 1 1 1 1 1 0 445
1 1 1 1 1 1 1 1 1 1 1 1 1 0 444
1 1 1 1 1 1 1 1 1 1 1 1 1 0 443
1 1 1 1 1 1 1 1 1 1 1 1 1 0 442
1 1 1 1 1 1 1 1 1 1 1 1 1 0 441
1 1 1 1 1 1 1 1 1 1 1 1 1 0 440
1 1 1 1 1 1 1 1 1 1 1 1 1 0 439
1 1 1 1 1 1 1 1 1 1 1 1 1 0 438
1 1 1 1 1 1 1 1 1 1 1 1 1 0 437
1 1 1 1 1 1 1 1 1 1 1 1 1 0 436
1 1 1 1 1 1 1 1 1 1 1 1 1 0 435
1 1 1 1 1 1 1 1 1 1 1 1 1 0 434
1 1 1 1 1 1 1 1 1 1 1 1 1 0 433
1 1 1 1 1 1 1 1 1 1 1 1 1 0 432
1 1 1 1 1 1 1 1 1 1 1 1 1 0 431
1 1 1 1 1 1 1 1 1 1 1 1 1 0 430
1 1 1 1 1 1 1 1 1 1 1 1 1 0 429
1 1 1 1 1 1 1 1 1 1 1 1 1 0 428
1 1 1 1 1 1 1 1 1 1 1 1 1 0 427
1 1 1 1 1 1 1 1 1 1 1 1 1 0 426
1 1 1 1 1 1 1 1 1 1 1 1 1 0 425
1 1 1 1 1 1 1 1 1 1 1 1 1 0 424
1 1 1 1 1 1 1 1 1 1 1 1 1 0 423
1 1 1 1 1 1 1 1 1 1 1 1 1 0 422
1 1 1 1 1 1 1 1 1 1 1 1 1 0 421
1 1 1 1 1 1 1 1 1 1 1 1 1 0 420
1 1 1 1 1 1 1 1 1 1 1 1 1 0 419
1 1 1 1 1 1 1 1 1 1 1 1 1 0 418
1 1 1 1 1 1 1 1 1 1 1 1 1 0 417
1 1 1 1 1 1 1 1 1 1 1 1 1 0 416
1 1 1 1 1 1 1 1 1 1 1 1 1 0 415
1 1 1 1 1 1 1 1 1 1 1 1 1 0 414
1 1 1 1 1 1 1 1 1 1 1 1 1 0 413
1 1 1 1 1 1 1 1 1 1 1 1 1 0 412
1 1 1 1 1 1 1 1 1 1 1 1 1 0 411
1 1 1 1 1 1 1 1 1 1 1 1 1 0 410
1 1 1 1 1 1 1 1 1 1 1 1 1 0 409
1 1 1 1 1 1 1 1 1 1 1 1 1 0 408
1 1 1 1 1 1 1 1 1 1 1 1 1 0 407
1 1 1 1 1 1 1 1 1 1 1 1 1 0 406
1 1 1 1 1 1 1 1 1 1 1 1 1 0 405
1 1 1 1 1 1 1 1 1 1 1 1 1 0 404
1 1 1 1 1 1 1 1 1 1 1 1 1 0 403
1 1 1 1 1 1 1 1 1 1 1 1 1 0 402
1 1 1 1 1 1 1 1 1 1 1 1 1 0 401
1 1 1 1 1 1 1 1 1 1 1 1 1 0 400
1 1 1 1 1 1 1 1 1 1 1 1 1 0 399
1 1 1 1 1 1 1 1 1 1 1 1 1 0 398
1 1 1 1 1 1 1 1 1 1 1 1 1 0 397
1 1 1 1 1 1 1 1 1 1 1 1 1 0 396
1 1 1 1 1 1 1 1 1 1 1 1 1 0 395
1 1 1 1 1 1 1 1 1 1 1 1 1 0 394
1 1 1 1 1 1 1 1 1 1 1 1 1 0 393
1 1 1 1 1 1 1 1 1 1 1 1 1 0 392
1 1 1 1 1 1 1 1 1 1 1 1 1 0 391
1 1 1 1 1 1 1 1 1 1 1 1 1 0 390
1 1 1 1 1 1 1 1 1 1 1 1 1 0 389
1 1 1 1 1 1 1 1 1 1 1 1 1 0 388
1 1 1 1 1 1 1 1 1 1 1 1 1 0 387
1 1 1 1 1 1 1 1 1 1 1 1 1 0 386
1 1 1 1 1 1 1 1 1 1 1 1 1 0 385
1 1 1 1 1 1 1 1 1 1 1 1 1 0 384
1 1 1 1 1 1 1 1 1 1 1 1 1 0 383
1 1 1 1 1 1 1 1 1 1 1 1 1 0 382
1 1 1 1 1 1 1 1 1 1 1 1 1 0 381
1 1 1 1 1 1 1 1 1 1 1 1 1 0 380
1 1 1 1 1 1 1 1 1 1 1 1 1 0 379
1 1 1 1 1 1 1 1 1 1 1 1 1 0 378
1 1 1 1 1 1 1 1 1 1 1 1 1 0 377
1 1 1 1 1 1 1 1 1 1 1 1 1 0 376
1 1 1 1 1 1 1 1 1 1 1 1 1 0 375
1 1 1 1 1 1 1 1 1 1 1 1 1 0 374
1 1 1 1 1 1 1 1 1 1 1 1 1 0 373
1 1 1 1 1 1 1 1 1 1 1 1 1 0 372
1 1 1 1 1 1 1 1 1 1 1 1 1 0 371
1 1 1 1 1 1 1 1 1 1 1 1 1 0 370
1 1 1 1 1 1 1 1 1 1 1 1 1 0 369
1 1 1 1 1 1 1 1 1 1 1 1 1 0 368
1 1 1 1 1 1 1 1 1 1 1 1 1 0 367
1 1 1 1 1 1 1 1 1 1 1 1 1 0 366
1 1 1 1 1 1 1 1 1 1 1 1 1 0 365
1 1 1 1 1 1 1 1 1 1 1 1 1 0 364
1 1 1 1 1 1 1 1 1 1 1 1 1 0 363
1 1 1 1 1 1 1 1 1 1 1 1 1 0 362
1 1 1 1 1 1 1 1 1 1 1 1 1 0 361
1 1 1 1 1 1 1 1 1 1 1 1 1 0 360
1 1 1 1 1 1 1 1 1 1 1 1 1 0 359
1 1 1 1 1 1 1 1 1 1 1 1 1 0 358
1 1 1 1 1 1 1 1 1 1 1 1 1 0 357
1 1 1 1 1 1 1 1 1 1 1 1 1 0 356
1 1 1 1 1 1 1 1 1 1 1 1 1 0 355
1 1 1 1 1 1 1 1 1 1 1 1 1 0 354
1 1 1 1 1 1 1 1 1 1 1 1 1 0 353
1 1 1 1 1 1 1 1 1 1 1 1 1 0 352
1 1 1 1 1 1 1 1 1 1 1 1 1 0 351
1 1 1 1 1 1 1 1 1 1 1 1 1 0 350
1 1 1 1 1 1 1 1 1 1 1 1 1 0 349
1 1 1 1 1 1 1 1 1 1 1 1 1 0 348
1 1 1 1 1 1 1 1 1 1 1 1 1 0 347
1 1 1 1 1 1 1 1 1 1 1 1 1 0 346
1 1 1 1 1 1 1 1 1 1 1 1 1 0 345
1 1 1 1 1 1 1 1 1 1 1 1 1 0 344
1 1 1 1 1 1 1 1 1 1 1 1 1 0 343
1 1 1 1 1 1 1 1 1 1 1 1 1 0 342
1 1 1 1 1 1 1 1 1 1 1 1 1 0 341
1 1 1 1 1 1 1 1 1 1 1 1 1 0 340
1 1 1 1 1 1 1 1 1 1 1 1 1 0 339
1 1 1 1 1 1 1 1 1 1 1 1 1 0 338
1 1 1 1 1 1 1 1 1 1 1 1 1 0 337
1 1 1 1 1 1 1 1 1 1 1 1 1 0 336
1 1 1 1 1 1 1 1 1 1 1 1 1 0 335
1 1 1 1 1 1 1 1 1 1 1 1 1 0 334
1 1 1 1 1 1 1 1 1 1 1 1 1 0 333
1 1 1 1 1 1 1 1 1 1 1 1 1 0 332
1 1 1 1 1 1 1 1 1 1 1 1 1 0 331
1 1 1 1 1 1 1 1 1 1 1 1 1 0 330
1 1 1 1 1 1 1 1 1 1 1 1 1 0 329
1 1 1 1 1 1 1 1 1 1 1 1 1 0 328
1 1 1 1 1 1 1 1 1 1 1 1 1 0 327
1 1 1 1 1 1 1 1 1 1 1 1 1 0 326
1 1 1 1 1 1 1 1 1 1 1 1 1 0 325
1 1 1 1 1 1 1 1 1 1 1 1 1 0 324
1 1 1 1 1 1 1 1 1 1 1 1 1 0 323
1 1 1 1 1 1 1 1 1 1 1 1 1 0 322
1 1 1 1 1 1 1 1 1 1 1 1 1 0 321
1 1 1 1 1 1 1 1 1 1 1 1 1 0 320
1 1 1 1 1 1 1 1 1 1 1 1 1 0 319
1 1 1 1 1 1 1 1 1 1 1 1 1 0 318
1 1 1 1 1 1 1 1 1 1 1 1 1 0 317
1 1 1 1 1 1 1 1 1 1 1 1 1 0 316
1 1 1 1 1 1 1 1 1 1 1 1 1 0 315
1 1 1 1 1 1 1 1 1 1 1 1 1 0 314
1 1 1 1 1 1 1 1 1 1 1 1 1 0 313
1 1 1 1 1 1 1 1 1 1 1 1 1 0 312
1 1 1 1 1 1 1 1 1 1 1 1 1 0 311
1 1 1 1 1 1 1 1 1 1 1 1 1 0 310
1 1 1 1 1 1 1 1 1 1 1 1 1 0 309
1 1 1 1 1 1 1 1 1 1 1 1 1 0 308
1 1 1 1 1 1 1 1 1 1 1 1 1 0 307
1 1 1 1 1 1 1 1 1 1 1 1 1 0 306
1 1 1 1 1 1 1 1 1 1 1 1 1 0 305
1 1 1 1 1 1 1 1 1 1 1 1 1 0 304
1 1 1 1 1 1 1 1 1 1 1 1 1 0 303
1 1 1 1 1 1 1 1 1 1 1 1 1 0 302
1 1 1 1 1 1 1 1 1 1 1 1 1 0 301
1 1 1 1 1 1 1 1 1 1 1 1 1 0 300
1 1 1 1 1 1 1 1 1 1 1 1 1 0 299
1 1 1 1 1 1 1 1 1 1 1 1 1 0 298
1 1 1 1 1 1 1 1 1 1 1 1 1 0 297
1 1 1 1 1 1 1 1 1 1 1 1 1 0 296
1 1 1 1 1 1 1 1 1 1 1 1 1 0 295
1 1 1 1 1 1 1 1 1 1 1 1 1 0 294
1 1 1 1 1 1 1 1 1 1 1 1 1 0 293
1 1 1 1 1 1 1 1 1 1 1 1 1 0 292
1 1 1 1 1 1 1 1 1 1 1 1 1 0 291
1 1 1 1 1 1 1 1 1 1 1 1 1 0 290
1 1 1 1 1 1 1 1 1 1 1 1 1 0 289
1 1 1 1 1 1 1 1 1 1 1 1 1 0 288
1 1 1 1 1 1 1 1 1 1 1 1 1 0 287
1 1 1 1 1 1 1 1 1 1 1 1 1 0 286
1 1 1 1 1 1 1 1 1 1 1 1 1 0 285
1 1 1 1 1 1 1 1 1 1 1 1 1 0 284
1 1 1 1 1 1 1 1 1 1 1 1 1 0 283
1 1 1 1 1 1 1 1 1 1 1 1 1 0 282
1 1 1 1 1 1 1 1 1 1 1 1 1 0 281
1 1 1 1 1 1 1 1 1 1 1 1 1 0 280
1 1 1 1 1 1 1 1 1 1 1 1 1 0 279
1 1 1 1 1 1 1 1 1 1 1 1 1 0 278
1 1 1 1 1 1 1 1 1 1 1 1 1 0 277
1 1 1 1 1 1 1 1 1 1 1 1 1 0 276
1 1 1 1 1 1 1 1 1 1 1 1 1 0 275
1 1 1 1 1 1 1 1 1 1 1 1 1 0 274
1 1 1 1 1 1 1 1 1 1 1 1 1 0 273
1 1 1 1 1 1 1 1 1 1 1 1 1 0 272
1 1 1 1 1 1 1 1 1 1 1 1 1 0 271
1 1 1 1 1 1 1 1 1 1 1 1 1 0 270
1 1 1 1 1 1 1 1 1 1 1 1 1 0 269
1 1 1 1 1 1 1 1 1 1 1 1 1 0 268
1 1 1 1 1 1 1 1 1 1 1 1 1 0 267
1 1 1 1 1 1 1 1 1 1 1 1 1 0 266
1 1 1 1 1 1 1 1 1 1 1 1 1 0 265
1 1 1 1 1 1 1 1 1 1 1 1 1 0 264
1 1 1 1 1 1 1 1 1 1 1 1 1 0 263
1 1 1 1 1 1 1 1 1 1 1 1 1 0 262
1 1 1 1 1 1 1 1 1 1 1 1 1 0 261
1 1 1 1 1 1 1 1 1 1 1 1 1 0 260
1 1 1 1 1 1 1 1 1 1 1 1 1 0 259
1 1 1 1 1 1 1 1 1 1 1 1 1 0 258
1 1 1 1 1 1 1 1 1 1 1 1 1 0 257
1 1 1 1 1 1 1 1 1 1 1 1 1 0 256
1 1 1 1 1 1 1 1 1 1 1 1 1 0 255
1 1 1 1 1 1 1 1 1 1 1 1 1 0 254
1 1 1 1 1 1 1 1 1 1 1 1 1 0 253
1 1 1 1 1 1 1 1 1 1 1 1 1 0 252
1 1 1 1 1 1 1 1 1 1 1 1 1 0 251
1 1 1 1 1 1 1 1 1 1 1 1 1 0 250
1 1 1 1 1 1 1 1 1 1 1 1 1 0 249
1 1 1 1 1 1 1 1 1 1 1 1 1 0 248
1 1 1 1 1 1 1 1 1 1 1 1 1 0 247
1 1 1 1 1 1 1 1 1 1 1 1 1 0 246
1 1 1 1 1 1 1 1 1 1 1 1 1 0 245
1 1 1 1 1 1 1 1 1 1 1 1 1 0 244
1 1 1 1 1 1 1 1 1 1 1 1 1 0 243
1 1 1 1 1 1 1 1 1 1 1 1 1 0 242
1 1 1 1 1 1 1 1 1 1 1 1 1 0 241
1 1 1 1 1 1 1 1 1 1 1 1 1 0 240
1 1 1 1 1 1 1 1 1 1 1 1 1 0 239
1 1 1 1 1 1 1 1 1 1 1 1 1 0 238
1 1 1 1 1 1 1 1 1 1 1 1 1 0 237
1 1 1 1 1 1 1 1 1 1 1 1 1 0 236
1 1 1 1 1 1 1 1 1 1 1 1 1 0 235
1 1 1 1 1 1 1 1 1 1 1 1 1 0 234
1 1 1 1 1 1 1 1 1 1 1 1 1 0 233
1 1 1 1 1 1 1 1 1 1 1 1 1 0 232
1 1 1 1 1 1 1 1 1 1 1 1 1 0 231
1 1 1 1 1 1 1 1 1 1 1 1 1 0 230
1 1 1 1 1 1 1 1 1 1 1 1 1 0 229
1 1 1 1 1 1 1 1 1 1 1 1 1 0 228
1 1 1 1 1 1 1 1 1 1 1 1 1 0 227
1 1 1 1 1 1 1 1 1 1 1 1 1 0 226
1 1 1 1 1 1 1 1 1 1 1 1 1 0 225
1 1 1 1 1 1 1 1 1 1 1 1 1 0 224
1 1 1 1 1 1 1 1 1 1 1 1 1 0 223
1 1 1 1 1 1 1 1 1 1 1 1 1 0 222
1 1 1 1 1 1 1 1 1 1 1 1 1 0 221
1 1 1 1 1 1 1 1 1 1 1 1 1 0 220
1 1 1 1 1 1 1 1 1 1 1 1 1 0 219
1 1 1 1 1 1 1 1 1 1 1 1 1 0 218
1 1 1 1 1 1 1 1 1 1 1 1 1 0 217
1 1 1 1 1 1 1 1 1 1 1 1 1 0 216
1 1 1 1 1 1 1 1 1 1 1 1 1 0 215
1 1 1 1 1 1 1 1 1 1 1 1 1 0 214
1 1 1 1 1 1 1 1 1 1 1 1 1 0 213
1 1 1 1 1 1 1 1 1 1 1 1 1 0 212
1 1 1 1 1 1 1 1 1 1 1 1 1 0 211
1 1 1 1 1 1 1 1 1 1 1 1 1 0 210
1 1 1 1 1 1 1 1 1 1 1 1 1 0 209
1 1 1 1 1 1 1 1 1 1 1 1 1 0 208
1 1 1 1 1 1 1 1 1 1 1 1 1 0 207
1 1 1 1 1 1 1 1 1 1 1 1 1 0 206
1 1 1 1 1 1 1 1 1 1 1 1 1 0 205
1 1 1 1 1 1 1 1 1 1 1 1 1 0 204
1 1 1 1 1 1 1 1 1 1 1 1 1 0 203
1 1 1 1 1 1 1 1 1 1 1 1 1 0 202
1 1 1 1 1 1 1 1 1 1 1 1 1 0 201
1 1 1 1 1 1 1 1 1 1 1 1 1 0 200
1 1 1 1 1 1 1 1 1 1 1 1 1 0 199
1 1 1 1 1 1 1 1 1 1 1 1 1 0 198
1 1 1 1 1 1 1 1 1 1 1 1 1 0 197
1 1 1 1 1 1 1 1 1 1 1 1 1 0 196
1 1 1 1 1 1 1 1 1 1 1 1 1 0 195
1 1 1 1 1 1 1 1 1 1 1 1 1 0 194
1 1 1 1 1 1 1 1 1 1 1 1 1 0 193
1 1 1 1 1 1 1 1 1 1 1 1 1 0 192
1 1 1 1 1 1 1 1 1 1 1 1 1 0 191
1 1 1 1 1 1 1 1 1 1 1 1 1 0 190
1 1 1 1 1 1 1 1 1 1 1 1 1 0 189
1 1 1 1 1 1 1 1 1 1 1 1 1 0 188
1 1 1 1 1 1 1 1 1 1 1 1 1 0 187
1 1 1 1 1 1 1 1 1 1 1 1 1 0 186
1 1 1 1 1 1 1 1 1 1 1 1 1 0 185
1 1 1 1 1 1 1 1 1 1 1 1 1 0 184
1 1 1 1 1 1 1 1 1 1 1 1 1 0 183
1 1 1 1 1 1 1 1 1 1 1 1 1 0 182
1 1 1 1 1 1 1 1 1 1 1 1 1 0 181
1 1 1 1 1 1 1 1 1 1 1 1 1 0 180
1 1 1 1 1 1 1 1 1 1 1 1 1 0 179
1 1 1 1 1 1 1 1 1 1 1 1 1 0 178
1 1 1 1 1 1 1 1 1 1 1 1 1 0 177
1 1 1 1 1 1 1 1 1 1 1 1 1 0 176
1 1 1 1 1 1 1 1 1 1 1 1 1 0 175
1 1 1 1 1 1 1 1 1 1 1 1 1 0 174
1 1 1 1 1 1 1 1 1 1 1 1 1 0 173
1 1 1 1 1 1 1 1 1 1 1 1 1 0 172
1 1 1 1 1 1 1 1 1 1 1 1 1 0 171
1 1 1 1 1 1 1 1 1 1 1 1 1 0 170
1 1 1 1 1 1 1 1 1 1 1 1 1 0 169
1 1 1 1 1 1 1 1 1 1 1 1 1 0 168
1 1 1 1 1 1 1 1 1 1 1 1 1 0 167
1 1 1 1 1 1 1 1 1 1 1 1 1 0 166
1 1 1 1 1 1 1 1 1 1 1 1 1 0 165
1 1 1 1 1 1 1 1 1 1 1 1 1 0 164
1 1 1 1 1 1 1 1 1 1 1 1 1 0 163
1 1 1 1 1 1 1 1 1 1 1 1 1 0 162
1 1 1 1 1 1 1 1 1 1 1 1 1 0 161
1 1 1 1 1 1 1 1 1 1 1 1 1 0 160
1 1 1 1 1 1 1 1 1 1 1 1 1 0 159
1 1 1 1 1 1 1 1 1 1 1 1 1 0 158
1 1 1 1 1 1 1 1 1 1 1 1 1 0 157
1 1 1 1 1 1 1 1 1 1 1 1 1 0 156
1 1 1 1 1 1 1 1 1 1 1 1 1 0 155
1 1 1 1 1 1 1 1 1 1 1 1 1 0 154
1 1 1 1 1 1 1 1 1 1 1 1 1 0 153
1 1 1 1 1 1 1 1 1 1 1 1 1 0 152
1 1 1 1 1 1 1 1 1 1 1 1 1 0 151
1 1 1 1 1 1 1 1 1 1 1 1 1 0 150
1 1 1 1 1 1 1 1 1 1 1 1 1 0 149
1 1 1 1 1 1 1 1 1 1 1 1 1 0 148
1 1 1 1 1 1 1 1 1 1 1 1 1 0 147
1 1 1 1 1 1 1 1 1 1 1 1 1 0 146
1 1 1 1 1 1 1 1 1 1 1 1 1 0 145
1 1 1 1 1 1 1 1 1 1 1 1 1 0 144
1 1 1 1 1 1 1 1 1 1 1 1 1 0 143
1 1 1 1 1 1 1 1 1 1 1 1 1 0 142
1 1 1 1 1 1 1 1 1 1 1 1 1 0 141
1 1 1 1 1 1 1 1 1 1 1 1 1 0 140
1 1 1 1 1 1 1 1 1 1 1 1 1 0 139
1 1 1 1 1 1 1 1 1 1 1 1 1 0 138
1 1 1 1 1 1 1 1 1 1 1 1 1 0 137
1 1 1 1 1 1 1 1 1 1 1 1 1 0 136
1 1 1 1 1 1 1 1 1 1 1 1 1 0 135
1 1 1 1 1 1 1 1 1 1 1 1 1 0 134
1 1 1 1 1 1 1 1 1 1 1 1 1 0 133
1 1 1 1 1 1 1 1 1 1 1 1 1 0 132
1 1 1 1 1 1 1 1 1 1 1 1 1 0 131
1 1 1 1 1 1 1 1 1 1 1 1 1 0 130
1 1 1 1 1 1 1 1 1 1 1 1 1 0 129
1 1 1 1 1 1 1 1 1 1 1 1 1 0 128
1 1 1 1 1 1 1 1 1 1 1 1 1 0 127
1 1 1 1 1 1 1 1 1 1 1 1 1 0 126
1 1 1 1 1 1 1 1 1 1 1 1 1 0 125
1 1 1 1 1 1 1 1 1 1 1 1 1 0 124
1 1 1 1 1 1 1 1 1 1 1 1 1 0 123
1 1 1 1 1 1 1 1 1 1 1 1 1 0 122
1 1 1 1 1 1 1 1 1 1 1 1 1 0 121
1 1 1 1 1 1 1 1 1 1 1 1 1 0 120
1 1 1 1 1 1 1 1 1 1 1 1 1 0 119
1 1 1 1 1 1 1 1 1 1 1 1 1 0 118
1 1 1 1 1 1 1 1 1 1 1 1 1 0 117
1 1 1 1 1 1 1 1 1 1 1 1 1 0 116
1 1 1 1 1 1 1 1 1 1 1 1 1 0 115
1 1 1 1 1 1 1 1 1 1 1 1 1 0 114
1 1 1 1 1 1 1 1 1 1 1 1 1 0 113
1 1 1 1 1 1 1 1 1 1 1 1 1 0 112
1 1 1 1 1 1 1 1 1 1 1 1 1 0 111
1 1 1 1 1 1 1 1 1 1 1 1 1 0 110
1 1 1 1 1 1 1 1 1 1 1 1 1 0 109
1 1 1 1 1 1 1 1 1 1 1 1 1 0 108
1 1 1 1 1 1 1 1 1 1 1 1 1 0 107
1 1 1 1 1 1 1 1 1 1 1 1 1 0 106
1 1 1 1 1 1 1 1 1 1 1 1 1 0 105
1 1 1 1 1 1 1 1 1 1 1 1 1 0 104
1 1 1 1 1 1 1 1 1 1 1 1 1 0 103
1 1 1 1 1 1 1 1 1 1 1 1 1 0 102
1 1 1 1 1 1 1 1 1 1 1 1 1 0 101
1 1 1 1 1 1 1 1 1 1 1 1 1 0 100
1 1 1 1 1 1 1 1 1 1 1 1 1 0 99
1 1 1 1 1 1 1 1 1 1 1 1 1 0 98
1 1 1 1 1 1 1 1 1 1 1 1 1 0 97
1 1 1 1 1 1 1 1 1 1 1 1 1 0 96
1 1 1 1 1 1 1 1 1 1 1 1 1 0 95
1 1 1 1 1 1 1 1 1 1 1 1 1 0 94
1 1 1 1 1 1 1 1 1 1 1 1 1 0 93
1 1 1 1 1 1 1 1 1 1 1 1 1 0 92
1 1 1 1 1 1 1 1 1 1 1 1 1 0 91
1 1 1 1 1 1 1 1 1 1 1 1 1 0 90
1 1 1 1 1 1 1 1 1 1 1 1 1 0 89
1 1 1 1 1 1 1 1 1 1 1 1 1 0 88
1 1 1 1 1 1 1 1 1 1 1 1 1 0 87
1 1 1 1 1 1 1 1 1 1 1 1 1 0 86
1 1 1 1 1 1 1 1 1 1 1 1 1 0 85
1 1 1 1 1 1 1 1 1 1 1 1 1 0 84
1 1 1 1 1 1 1 1 1 1 1 1 1 0 83
1 1 1 1 1 1 1 1 1 1 1 1 1 0 82
1 1 1 1 1 1 1 1 1 1 1 1 1 0 81
1 1 1 1 1 1 1 1 1 1 1 1 1 0 80
1 1 1 1 1 1 1 1 1 1 1 1 1 0 79
1 1 1 1 1 1 1 1 1 1 1 1 1 0 78
1 1 1 1 1 1 1 1 1 1 1 1 1 0 77
1 1 1 1 1 1 1 1 1 1 1 1 1 0 76
1 1 1 1 1 1 1 1 1 1 1 1 1 0 75
1 1 1 1 1 1 1 1 1 1 1 1 1 0 74
1 1 1 1 1 1 1 1 1 1 1 1 1 0 73
1 1 1 1 1 1 1 1 1 1 1 1 1 0 72
1 1 1 1 1 1 1 1 1 1 1 1 1 0 71
1 1 1 1 1 1 1 1 1 1 1 1 1 0 70
1 1 1 1 1 1 1 1 1 1 1 1 1 0 69
1 1 1 1 1 1 1 1 1 1 1 1 1 0 68
1 1 1 1 1 1 1 1 1 1 1 1 1 0 67
1 1 1 1 1 1 1 1 1 1 1 1 1 0 66
1 1 1 1 1 1 1 1 1 1 1 1 1 0 65
1 1 1 1 1 1 1 1 1 1 1 1 1 0 64
1 1 1 1 1 1 1 1 1 1 1 1 1 0 63
1 1 1 1 1 1 1 1 1 1 1 1 1 0 62
1 1 1 1 1 1 1 1 1 1 1 1 1 0 61
1 1 1 1 1 1 1 1 1 1 1 1 1 0 60
1 1 1 1 1 1 1 1 1 1 1 1 1 0 59
1 1 1 1 1 1 1 1 1 1 1 1 1 0 58
1 1 1 1 1 1 1 1 1 1 1 1 1 0 57
1 1 1 1 1 1 1 1 1 1 1 1 1 0 56
1 1 1 1 1 1 1 1 1 1 1 1 1 0 55
1 1 1 1 1 1 1 1 1 1 1 1 1 0 54
1 1 1 1 1 1 1 1 1 1 1 1 1 0 53
1 1 1 1 1 1 1 1 1 1 1 1 1 0 52
1 1 1 1 1 1 1 1 1 1 1 1 1 0 51
1 1 1 1 1 1 1 1 1 1 1 1 1 0 50
1 1 1 1 1 1 1 1 1 1 1 1 1 0 49
1 1 1 1 1 1 1 1 1 1 1 1 1 0 48
1 1 1 1 1 1 1 1 1 1 1 1 1 0 47
1 1 1 1 1 1 1 1 1 1 1 1 1 0 46
1 1 1 1 1 1 1 1 1 1 1 1 1 0 45
1 1 1 1 1 1 1 1 1 1 1 1 1 0 44
1 1 1 1 1 1 1 1 1 1 1 1 1 0 43
1 1 1 1 1 1 1 1 1 1 1 1 1 0 42
1 1 1 1 1 1 1 1 1 1 1 1 1 0 41
1 1 1 1 1 1 1 1 1 1 1 1 1 0 40
1 1 1 1 1 1 1 1 1 1 1 1 1 0 39
1 1 1 1 1 1 1 1 1 1 1 1 1 0 38
1 1 1 1 1 1 1 1 1 1 1 1 1 0 37
1 1 1 1 1 1 1 1 1 1 1 1 1 0 36
1 1 1 1 1 1 1 1 1 1 1 1 1 0 35
1 1 1 1 1 1 1 1 1 1 1 1 1 0 34
1 1 1 1 1 1 1 1 1 1 1 1 1 0 33
1 1 1 1 1 1 1 1 1 1 1 1 1 0 32
1 1 1 1 1 1 1 1 1 1 1 1 1 0 31
1 1 1 1 1 1 1 1 1 1 1 1 1 0 30
1 1 1 1 1 1 1 1 1 1 1 1 1 0 29
1 1 1 1 1 1 1 1 1 1 1 1 1 0 28
1 1 1 1 1 1 1 1 1 1 1 1 1 0 27
1 1 1 1 1 1 1 1 1 1 1 1 1 0 26
1 1 1 1 1 1 1 1 1 1 1 1 1 0 25
1 1 1 1 1 1 1 1 1 1 1 1 1 0 24
1 1 1 1 1 1 1 1 1 1 1 1 1 0 23
1 1 1 1 1 1 1 1 1 1 1 1 1 0 22
1 1 1 1 1 1 1 1 1 1 1 1 1 0 21
1 1 1 1 1 1 1 1 1 1 1 1 1 0 20
1 1 1 1 1 1 1 1 1 1 1 1 1 0 19
1 1 1 1 1 1 1 1 1 1 1 1 1 0 18
1 1 1 1 1 1 1 1 1 1 1 1 1 0 17
1 1 1 1 1 1 1 1 1 1 1 1 1 0 16
1 1 1 1 1 1 1 1 1 1 1 1 1 0 15
1 1 1 1 1 1 1 1 1 1 1 1 1 0 14
1 1 1 1 1 1 1 1 1 1 1 1 1 0 13
1 1 1 1 1 1 1 1 1 1 1 1 1 0 12
1 1 1 1 1 1 1 1 1 1 1 1 1 0 11
1 1 1 1 1 1 1 1 1 1 1 1 1 0 10
1 1 1 1 1 1 1 1 1 1 1 1 1 0 9
1 1 1 1 1 1 1 1 1 1 1 1 1 0 8
1 1 1 1 1 1 1 1 1 1 1 1 1 0 7
1 1 1 1 1 1 1 1 1 1 1 1 1 0 6
1 1 1 1 1 1 1 1 1 1 1 1 1 0 5
1 1 1 1 1 1 1 1 1 1 1 1 1 0 4
1 1 1 1 1 1 1 1 1 1 1 1 1 0 3
1 1 1 1 1 1 1 1 1 1 1 1 1 0 2
1 1 1 1 1 1 1 1 1 1 1 1 1 0 1
