1 1 1 1 1 1 1 1 1 1 1 1 1 250 0
1 1 1 1 1 1 1 1 1 1 1 1 1 249 1
1 1 1 1 1 1 1 1 1 1 1 1 1 248 2
1 1 1 1 1 1 1 1 1 1 1 1 1 247 3
1 1 1 1 1 1 1 1 1 1 1 1 1 246 4
1 1 1 1 1 1 1 1 1 1 1 1 1 245 5
1 1 1 1 1 1 1 1 1 1 1 1 1 244 6
1 1 1 1 1 1 1 1 1 1 1 1 1 243 7
1 1 1 1 1 1 1 1 1 1 1 1 1 242 8
1 1 1 1 1 1 1 1 1 1 1 1 1 241 9
1 1 1 1 1 1 1 1 1 1 1 1 1 240 10
1 1 1 1 1 1 1 1 1 1 1 1 1 239 11
1 1 1 1 1 1 1 1 1 1 1 1 1 238 12
1 1 1 1 1 1 1 1 1 1 1 1 1 237 13
1 1 1 1 1 1 1 1 1 1 1 1 1 236 14
1 1 1 1 1 1 1 1 1 1 1 1 1 235 15
1 1 1 1 1 1 1 1 1 1 1 1 1 234 16
1 1 1 1 1 1 1 1 1 1 1 1 1 233 17
1 1 1 1 1 1 1 1 1 1 1 1 1 232 18
1 1 1 1 1 1 1 1 1 1 1 1 1 231 19
1 1 1 1 1 1 1 1 1 1 1 1 1 230 20
1 1 1 1 1 1 1 1 1 1 1 1 1 229 21
1 1 1 1 1 1 1 1 1 1 1 1 1 228 22
1 1 1 1 1 1 1 1 1 1 1 1 1 227 23
1 1 1 1 1 1 1 1 1 1 1 1 1 226 24
1 1 1 1 1 1 1 1 1 1 1 1 1 225 25
1 1 1 1 1 1 1 1 1 1 1 1 1 224 26
1 1 1 1 1 1 1 1 1 1 1 1 1 223 27
1 1 1 1 1 1 1 1 1 1 1 1 1 222 28
1 1 1 1 1 1 1 1 1 1 1 1 1 221 29
1 1 1 1 1 1 1 1 1 1 1 1 1 220 30
1 1 1 1 1 1 1 1 1 1 1 1 1 219 31
1 1 1 1 1 1 1 1 1 1 1 1 1 218 32
1 1 1 1 1 1 1 1 1 1 1 1 1 217 33
1 1 1 1 1 1 1 1 1 1 1 1 1 216 34
1 1 1 1 1 1 1 1 1 1 1 1 1 215 35
1 1 1 1 1 1 1 1 1 1 1 1 1 214 36
1 1 1 1 1 1 1 1 1 1 1 1 1 213 37
1 1 1 1 1 1 1 1 1 1 1 1 1 212 38
1 1 1 1 1 1 1 1 1 1 1 1 1 211 39
1 1 1 1 1 1 1 1 1 1 1 1 1 210 40
1 1 1 1 1 1 1 1 1 1 1 1 1 209 41
1 1 1 1 1 1 1 1 1 1 1 1 1 208 42
1 1 1 1 1 1 1 1 1 1 1 1 1 207 43
1 1 1 1 1 1 1 1 1 1 1 1 1 206 44
1 1 1 1 1 1 1 1 1 1 1 1 1 205 45
1 1 1 1 1 1 1 1 1 1 1 1 1 204 46
1 1 1 1 1 1 1 1 1 1 1 1 1 203 47
1 1 1 1 1 1 1 1 1 1 1 1 1 202 48
1 1 1 1 1 1 1 1 1 1 1 1 1 201 49
1 1 1 1 1 1 1 1 1 1 1 1 1 200 50
1 1 1 1 1 1 1 1 1 1 1 1 1 199 51
1 1 1 1 1 1 1 1 1 1 1 1 1 198 52
1 1 1 1 1 1 1 1 1 1 1 1 1 197 53
1 1 1 1 1 1 1 1 1 1 1 1 1 196 54
1 1 1 1 1 1 1 1 1 1 1 1 1 195 55
1 1 1 1 1 1 1 1 1 1 1 1 1 194 56
1 1 1 1 1 1 1 1 1 1 1 1 1 193 57
1 1 1 1 1 1 1 1 1 1 1 1 1 192 58
1 1 1 1 1 1 1 1 1 1 1 1 1 191 59
1 1 1 1 1 1 1 1 1 1 1 1 1 190 60
1 1 1 1 1 1 1 1 1 1 1 1 1 189 61
1 1 1 1 1 1 1 1 1 1 1 1 1 188 62
1 1 1 1 1 1 1 1 1 1 1 1 1 187 63
1 1 1 1 1 1 1 1 1 1 1 1 1 186 64
1 1 1 1 1 1 1 1 1 1 1 1 1 185 65
1 1 1 1 1 1 1 1 1 1 1 1 1 184 66
1 1 1 1 1 1 1 1 1 1 1 1 1 183 67
1 1 1 1 1 1 1 1 1 1 1 1 1 182 68
1 1 1 1 1 1 1 1 1 1 1 1 1 181 69
1 1 1 1 1 1 1 1 1 1 1 1 1 180 70
1 1 1 1 1 1 1 1 1 1 1 1 1 179 71
1 1 1 1 1 1 1 1 1 1 1 1 1 178 72
1 1 1 1 1 1 1 1 1 1 1 1 1 177 73
1 1 1 1 1 1 1 1 1 1 1 1 1 176 74
1 1 1 1 1 1 1 1 1 1 1 1 1 175 75
1 1 1 1 1 1 1 1 1 1 1 1 1 174 76
1 1 1 1 1 1 1 1 1 1 1 1 1 173 77
1 1 1 1 1 1 1 1 1 1 1 1 1 172 78
1 1 1 1 1 1 1 1 1 1 1 1 1 171 79
1 1 1 1 1 1 1 1 1 1 1 1 1 170 80
1 1 1 1 1 1 1 1 1 1 1 1 1 169 81
1 1 1 1 1 1 1 1 1 1 1 1 1 168 82
1 1 1 1 1 1 1 1 1 1 1 1 1 167 83
1 1 1 1 1 1 1 1 1 1 1 1 1 166 84
1 1 1 1 1 1 1 1 1 1 1 1 1 165 85
1 1 1 1 1 1 1 1 1 1 1 1 1 164 86
1 1 1 1 1 1 1 1 1 1 1 1 1 163 87
1 1 1 1 1 1 1 1 1 1 1 1 1 162 88
1 1 1 1 1 1 1 1 1 1 1 1 1 161 89
1 1 1 1 1 1 1 1 1 1 1 1 1 160 90
1 1 1 1 1 1 1 1 1 1 1 1 1 159 91
1 1 1 1 1 1 1 1 1 1 1 1 1 158 92
1 1 1 1 1 1 1 1 1 1 1 1 1 157 93
1 1 1 1 1 1 1 1 1 1 1 1 1 156 94
1 1 1 1 1 1 1 1 1 1 1 1 1 155 95
1 1 1 1 1 1 1 1 1 1 1 1 1 154 96
1 1 1 1 1 1 1 1 1 1 1 1 1 153 97
1 1 1 1 1 1 1 1 1 1 1 1 1 152 98
1 1 1 1 1 1 1 1 1 1 1 1 1 151 99
1 1 1 1 1 1 1 1 1 1 1 1 1 150 100
1 1 1 1 1 1 1 1 1 1 1 1 1 149 101
1 1 1 1 1 1 1 1 1 1 1 1 1 148 102
1 1 1 1 1 1 1 1 1 1 1 1 1 147 103
1 1 1 1 1 1 1 1 1 1 1 1 1 146 104
1 1 1 1 1 1 1 1 1 1 1 1 1 145 105
1 1 1 1 1 1 1 1 1 1 1 1 1 144 106
1 1 1 1 1 1 1 1 1 1 1 1 1 143 107
1 1 1 1 1 1 1 1 1 1 1 1 1 142 108
1 1 1 1 1 1 1 1 1 1 1 1 1 141 109
1 1 1 1 1 1 1 1 1 1 1 1 1 140 110
1 1 1 1 1 1 1 1 1 1 1 1 1 139 111
1 1 1 1 1 1 1 1 1 1 1 1 1 138 112
1 1 1 1 1 1 1 1 1 1 1 1 1 137 113
1 1 1 1 1 1 1 1 1 1 1 1 1 136 114
1 1 1 1 1 1 1 1 1 1 1 1 1 135 115
1 1 1 1 1 1 1 1 1 1 1 1 1 134 116
1 1 1 1 1 1 1 1 1 1 1 1 1 133 117
1 1 1 1 1 1 1 1 1 1 1 1 1 132 118
1 1 1 1 1 1 1 1 1 1 1 1 1 131 119
1 1 1 1 1 1 1 1 1 1 1 1 1 130 120
1 1 1 1 1 1 1 1 1 1 1 1 1 129 121
1 1 1 1 1 1 1 1 1 1 1 1 1 128 122
1 1 1 1 1 1 1 1 1 1 1 1 1 127 123
1 1 1 1 1 1 1 1 1 1 1 1 1 126 124
1 1 1 1 1 1 1 1 1 1 1 1 1 125 125
1 1 1 1 1 1 1 1 1 1 1 1 1 124 126
1 1 1 1 1 1 1 1 1 1 1 1 1 123 127
1 1 1 1 1 1 1 1 1 1 1 1 1 122 128
1 1 1 1 1 1 1 1 1 1 1 1 1 121 129
1 1 1 1 1 1 1 1 1 1 1 1 1 120 130
1 1 1 1 1 1 1 1 1 1 1 1 1 119 131
1 1 1 1 1 1 1 1 1 1 1 1 1 118 132
1 1 1 1 1 1 1 1 1 1 1 1 1 117 133
1 1 1 1 1 1 1 1 1 1 1 1 1 116 134
1 1 1 1 1 1 1 1 1 1 1 1 1 115 135
1 1 1 1 1 1 1 1 1 1 1 1 1 114 136
1 1 1 1 1 1 1 1 1 1 1 1 1 113 137
1 1 1 1 1 1 1 1 1 1 1 1 1 112 138
1 1 1 1 1 1 1 1 1 1 1 1 1 111 139
1 1 1 1 1 1 1 1 1 1 1 1 1 110 140
1 1 1 1 1 1 1 1 1 1 1 1 1 109 141
1 1 1 1 1 1 1 1 1 1 1 1 1 108 142
1 1 1 1 1 1 1 1 1 1 1 1 1 107 143
1 1 1 1 1 1 1 1 1 1 1 1 1 106 144
1 1 1 1 1 1 1 1 1 1 1 1 1 105 145
1 1 1 1 1 1 1 1 1 1 1 1 1 104 146
1 1 1 1 1 1 1 1 1 1 1 1 1 103 147
1 1 1 1 1 1 1 1 1 1 1 1 1 102 148
1 1 1 1 1 1 1 1 1 1 1 1 1 101 149
1 1 1 1 1 1 1 1 1 1 1 1 1 100 150
1 1 1 1 1 1 1 1 1 1 1 1 1 99 151
1 1 1 1 1 1 1 1 1 1 1 1 1 98 152
1 1 1 1 1 1 1 1 1 1 1 1 1 97 153
1 1 1 1 1 1 1 1 1 1 1 1 1 96 154
1 1 1 1 1 1 1 1 1 1 1 1 1 95 155
1 1 1 1 1 1 1 1 1 1 1 1 1 94 156
1 1 1 1 1 1 1 1 1 1 1 1 1 93 157
1 1 1 1 1 1 1 1 1 1 1 1 1 92 158
1 1 1 1 1 1 1 1 1 1 1 1 1 91 159
1 1 1 1 1 1 1 1 1 1 1 1 1 90 160
1 1 1 1 1 1 1 1 1 1 1 1 1 89 161
1 1 1 1 1 1 1 1 1 1 1 1 1 88 162
1 1 1 1 1 1 1 1 1 1 1 1 1 87 163
1 1 1 1 1 1 1 1 1 1 1 1 1 86 164
1 1 1 1 1 1 1 1 1 1 1 1 1 85 165
1 1 1 1 1 1 1 1 1 1 1 1 1 84 166
1 1 1 1 1 1 1 1 1 1 1 1 1 83 167
1 1 1 1 1 1 1 1 1 1 1 1 1 82 168
1 1 1 1 1 1 1 1 1 1 1 1 1 81 169
1 1 1 1 1 1 1 1 1 1 1 1 1 80 170
1 1 1 1 1 1 1 1 1 1 1 1 1 79 171
1 1 1 1 1 1 1 1 1 1 1 1 1 78 172
1 1 1 1 1 1 1 1 1 1 1 1 1 77 173
1 1 1 1 1 1 1 1 1 1 1 1 1 76 174
1 1 1 1 1 1 1 1 1 1 1 1 1 75 175
1 1 1 1 1 1 1 1 1 1 1 1 1 74 176
1 1 1 1 1 1 1 1 1 1 1 1 1 73 177
1 1 1 1 1 1 1 1 1 1 1 1 1 72 178
1 1 1 1 1 1 1 1 1 1 1 1 1 71 179
1 1 1 1 1 1 1 1 1 1 1 1 1 70 180
1 1 1 1 1 1 1 1 1 1 1 1 1 69 181
1 1 1 1 1 1 1 1 1 1 1 1 1 68 182
1 1 1 1 1 1 1 1 1 1 1 1 1 67 183
1 1 1 1 1 1 1 1 1 1 1 1 1 66 184
1 1 1 1 1 1 1 1 1 1 1 1 1 65 185
1 1 1 1 1 1 1 1 1 1 1 1 1 64 186
1 1 1 1 1 1 1 1 1 1 1 1 1 63 187
1 1 1 1 1 1 1 1 1 1 1 1 1 62 188
1 1 1 1 1 1 1 1 1 1 1 1 1 61 189
1 1 1 1 1 1 1 1 1 1 1 1 1 60 190
1 1 1 1 1 1 1 1 1 1 1 1 1 59 191
1 1 1 1 1 1 1 1 1 1 1 1 1 58 192
1 1 1 1 1 1 1 1 1 1 1 1 1 57 193
1 1 1 1 1 1 1 1 1 1 1 1 1 56 194
1 1 1 1 1 1 1 1 1 1 1 1 1 55 195
1 1 1 1 1 1 1 1 1 1 1 1 1 54 196
1 1 1 1 1 1 1 1 1 1 1 1 1 53 197
1 1 1 1 1 1 1 1 1 1 1 1 1 52 198
1 1 1 1 1 1 1 1 1 1 1 1 1 51 199
1 1 1 1 1 1 1 1 1 1 1 1 1 50 200
1 1 1 1 1 1 1 1 1 1 1 1 1 49 201
1 1 1 1 1 1 1 1 1 1 1 1 1 48 202
1 1 1 1 1 1 1 1 1 1 1 1 1 47 203
1 1 1 1 1 1 1 1 1 1 1 1 1 46 204
1 1 1 1 1 1 1 1 1 1 1 1 1 45 205
1 1 1 1 1 1 1 1 1 1 1 1 1 44 206
1 1 1 1 1 1 1 1 1 1 1 1 1 43 207
1 1 1 1 1 1 1 1 1 1 1 1 1 42 208
1 1 1 1 1 1 1 1 1 1 1 1 1 41 209
1 1 1 1 1 1 1 1 1 1 1 1 1 40 210
1 1 1 1 1 1 1 1 1 1 1 1 1 39 211
1 1 1 1 1 1 1 1 1 1 1 1 1 38 212
1 1 1 1 1 1 1 1 1 1 1 1 1 37 213
1 1 1 1 1 1 1 1 1 1 1 1 1 36 214
1 1 1 1 1 1 1 1 1 1 1 1 1 35 215
1 1 1 1 1 1 1 1 1 1 1 1 1 34 216
1 1 1 1 1 1 1 1 1 1 1 1 1 33 217
1 1 1 1 1 1 1 1 1 1 1 1 1 32 218
1 1 1 1 1 1 1 1 1 1 1 1 1 31 219
1 1 1 1 1 1 1 1 1 1 1 1 1 30 220
1 1 1 1 1 1 1 1 1 1 1 1 1 29 221
1 1 1 1 1 1 1 1 1 1 1 1 1 28 222
1 1 1 1 1 1 1 1 1 1 1 1 1 27 223
1 1 1 1 1 1 1 1 1 1 1 1 1 26 224
1 1 1 1 1 1 1 1 1 1 1 1 1 25 225
1 1 1 1 1 1 1 1 1 1 1 1 1 24 226
1 1 1 1 1 1 1 1 1 1 1 1 1 23 227
1 1 1 1 1 1 1 1 1 1 1 1 1 22 228
1 1 1 1 1 1 1 1 1 1 1 1 1 21 229
1 1 1 1 1 1 1 1 1 1 1 1 1 20 230
1 1 1 1 1 1 1 1 1 1 1 1 1 19 231
1 1 1 1 1 1 1 1 1 1 1 1 1 18 232
1 1 1 1 1 1 1 1 1 1 1 1 1 17 233
1 1 1 1 1 1 1 1 1 1 1 1 1 16 234
1 1 1 1 1 1 1 1 1 1 1 1 1 15 235
1 1 1 1 1 1 1 1 1 1 1 1 1 14 236
1 1 1 1 1 1 1 1 1 1 1 1 1 13 237
1 1 1 1 1 1 1 1 1 1 1 1 1 12 238
1 1 1 1 1 1 1 1 1 1 1 1 1 11 239
1 1 1 1 1 1 1 1 1 1 1 1 1 10 240
1 1 1 1 1 1 1 1 1 1 1 1 1 9 241
1 1 1 1 1 1 1 1 1 1 1 1 1 8 242
1 1 1 1 1 1 1 1 1 1 1 1 1 7 243
1 1 1 1 1 1 1 1 1 1 1 1 1 6 244
1 1 1 1 1 1 1 1 1 1 1 1 1 5 245
1 1 1 1 1 1 1 1 1 1 1 1 1 4 246
1 1 1 1 1 1 1 1 1 1 1 1 1 3 247
1 1 1 1 1 1 1 1 1 1 1 1 1 2 248
1 1 1 1 1 1 1 1 1 1 1 1 1 1 249
1 1 1 1 1 1 1 1 1 1 1 1 1 0 250
1 1 1 1 1 1 1 1 1 1 1 1 1 0 249
1 1 1 1 1 1 1 1 1 1 1 1 1 0 248
1 1 1 1 1 1 1 1 1 1 1 1 1 0 247
1 1 1 1 1 1 1 1 1 1 1 1 1 0 246
1 1 1 1 1 1 1 1 1 1 1 1 1 0 245
1 1 1 1 1 1 1 1 1 1 1 1 1 0 244
1 1 1 1 1 1 1 1 1 1 1 1 1 0 243
1 1 1 1 1 1 1 1 1 1 1 1 1 0 242
1 1 1 1 1 1 1 1 1 1 1 1 1 0 241
1 1 1 1 1 1 1 1 1 1 1 1 1 0 240
1 1 1 1 1 1 1 1 1 1 1 1 1 0 239
1 1 1 1 1 1 1 1 1 1 1 1 1 0 238
1 1 1 1 1 1 1 1 1 1 1 1 1 0 237
1 1 1 1 1 1 1 1 1 1 1 1 1 0 236
1 1 1 1 1 1 1 1 1 1 1 1 1 0 235
1 1 1 1 1 1 1 1 1 1 1 1 1 0 234
1 1 1 1 1 1 1 1 1 1 1 1 1 0 233
1 1 1 1 1 1 1 1 1 1 1 1 1 0 232
1 1 1 1 1 1 1 1 1 1 1 1 1 0 231
1 1 1 1 1 1 1 1 1 1 1 1 1 0 230
1 1 1 1 1 1 1 1 1 1 1 1 1 0 229
1 1 1 1 1 1 1 1 1 1 1 1 1 0 228
1 1 1 1 1 1 1 1 1 1 1 1 1 0 227
1 1 1 1 1 1 1 1 1 1 1 1 1 0 226
1 1 1 1 1 1 1 1 1 1 1 1 1 0 225
1 1 1 1 1 1 1 1 1 1 1 1 1 0 224
1 1 1 1 1 1 1 1 1 1 1 1 1 0 223
1 1 1 1 1 1 1 1 1 1 1 1 1 0 222
1 1 1 1 1 1 1 1 1 1 1 1 1 0 221
1 1 1 1 1 1 1 1 1 1 1 1 1 0 220
1 1 1 1 1 1 1 1 1 1 1 1 1 0 219
1 1 1 1 1 1 1 1 1 1 1 1 1 0 218
1 1 1 1 1 1 1 1 1 1 1 1 1 0 217
1 1 1 1 1 1 1 1 1 1 1 1 1 0 216
1 1 1 1 1 1 1 1 1 1 1 1 1 0 215
1 1 1 1 1 1 1 1 1 1 1 1 1 0 214
1 1 1 1 1 1 1 1 1 1 1 1 1 0 213
1 1 1 1 1 1 1 1 1 1 1 1 1 0 212
1 1 1 1 1 1 1 1 1 1 1 1 1 0 211
1 1 1 1 1 1 1 1 1 1 1 1 1 0 210
1 1 1 1 1 1 1 1 1 1 1 1 1 0 209
1 1 1 1 1 1 1 1 1 1 1 1 1 0 208
1 1 1 1 1 1 1 1 1 1 1 1 1 0 207
1 1 1 1 1 1 1 1 1 1 1 1 1 0 206
1 1 1 1 1 1 1 1 1 1 1 1 1 0 205
1 1 1 1 1 1 1 1 1 1 1 1 1 0 204
1 1 1 1 1 1 1 1 1 1 1 1 1 0 203
1 1 1 1 1 1 1 1 1 1 1 1 1 0 202
1 1 1 1 1 1 1 1 1 1 1 1 1 0 201
1 1 1 1 1 1 1 1 1 1 1 1 1 0 200
1 1 1 1 1 1 1 1 1 1 1 1 1 0 199
1 1 1 1 1 1 1 1 1 1 1 1 1 0 198
1 1 1 1 1 1 1 1 1 1 1 1 1 0 197
1 1 1 1 1 1 1 1 1 1 1 1 1 0 196
1 1 1 1 1 1 1 1 1 1 1 1 1 0 195
1 1 1 1 1 1 1 1 1 1 1 1 1 0 194
1 1 1 1 1 1 1 1 1 1 1 1 1 0 193
1 1 1 1 1 1 1 1 1 1 1 1 1 0 192
1 1 1 1 1 1 1 1 1 1 1 1 1 0 191
1 1 1 1 1 1 1 1 1 1 1 1 1 0 190
1 1 1 1 1 1 1 1 1 1 1 1 1 0 189
1 1 1 1 1 1 1 1 1 1 1 1 1 0 188
1 1 1 1 1 1 1 1 1 1 1 1 1 0 187
1 1 1 1 1 1 1 1 1 1 1 1 1 0 186
1 1 1 1 1 1 1 1 1 1 1 1 1 0 185
1 1 1 1 1 1 1 1 1 1 1 1 1 0 184
1 1 1 1 1 1 1 1 1 1 1 1 1 0 183
1 1 1 1 1 1 1 1 1 1 1 1 1 0 182
1 1 1 1 1 1 1 1 1 1 1 1 1 0 181
1 1 1 1 1 1 1 1 1 1 1 1 1 0 180
1 1 1 1 1 1 1 1 1 1 1 1 1 0 179
1 1 1 1 1 1 1 1 1 1 1 1 1 0 178
1 1 1 1 1 1 1 1 1 1 1 1 1 0 177
1 1 1 1 1 1 1 1 1 1 1 1 1 0 176
1 1 1 1 1 1 1 1 1 1 1 1 1 0 175
1 1 1 1 1 1 1 1 1 1 1 1 1 0 174
1 1 1 1 1 1 1 1 1 1 1 1 1 0 173
1 1 1 1 1 1 1 1 1 1 1 1 1 0 172
1 1 1 1 1 1 1 1 1 1 1 1 1 0 171
1 1 1 1 1 1 1 1 1 1 1 1 1 0 170
1 1 1 1 1 1 1 1 1 1 1 1 1 0 169
1 1 1 1 1 1 1 1 1 1 1 1 1 0 168
1 1 1 1 1 1 1 1 1 1 1 1 1 0 167
1 1 1 1 1 1 1 1 1 1 1 1 1 0 166
1 1 1 1 1 1 1 1 1 1 1 1 1 0 165
1 1 1 1 1 1 1 1 1 1 1 1 1 0 164
1 1 1 1 1 1 1 1 1 1 1 1 1 0 163
1 1 1 1 1 1 1 1 1 1 1 1 1 0 162
1 1 1 1 1 1 1 1 1 1 1 1 1 0 161
1 1 1 1 1 1 1 1 1 1 1 1 1 0 160
1 1 1 1 1 1 1 1 1 1 1 1 1 0 159
1 1 1 1 1 1 1 1 1 1 1 1 1 0 158
1 1 1 1 1 1 1 1 1 1 1 1 1 0 157
1 1 1 1 1 1 1 1 1 1 1 1 1 0 156
1 1 1 1 1 1 1 1 1 1 1 1 1 0 155
1 1 1 1 1 1 1 1 1 1 1 1 1 0 154
1 1 1 1 1 1 1 1 1 1 1 1 1 0 153
1 1 1 1 1 1 1 1 1 1 1 1 1 0 152
1 1 1 1 1 1 1 1 1 1 1 1 1 0 151
1 1 1 1 1 1 1 1 1 1 1 1 1 0 150
1 1 1 1 1 1 1 1 1 1 1 1 1 0 149
1 1 1 1 1 1 1 1 1 1 1 1 1 0 148
1 1 1 1 1 1 1 1 1 1 1 1 1 0 147
1 1 1 1 1 1 1 1 1 1 1 1 1 0 146
1 1 1 1 1 1 1 1 1 1 1 1 1 0 145
1 1 1 1 1 1 1 1 1 1 1 1 1 0 144
1 1 1 1 1 1 1 1 1 1 1 1 1 0 143
1 1 1 1 1 1 1 1 1 1 1 1 1 0 142
1 1 1 1 1 1 1 1 1 1 1 1 1 0 141
1 1 1 1 1 1 1 1 1 1 1 1 1 0 140
1 1 1 1 1 1 1 1 1 1 1 1 1 0 139
1 1 1 1 1 1 1 1 1 1 1 1 1 0 138
1 1 1 1 1 1 1 1 1 1 1 1 1 0 137
1 1 1 1 1 1 1 1 1 1 1 1 1 0 136
1 1 1 1 1 1 1 1 1 1 1 1 1 0 135
1 1 1 1 1 1 1 1 1 1 1 1 1 0 134
1 1 1 1 1 1 1 1 1 1 1 1 1 0 133
1 1 1 1 1 1 1 1 1 1 1 1 1 0 132
1 1 1 1 1 1 1 1 1 1 1 1 1 0 131
1 1 1 1 1 1 1 1 1 1 1 1 1 0 130
1 1 1 1 1 1 1 1 1 1 1 1 1 0 129
1 1 1 1 1 1 1 1 1 1 1 1 1 0 128
1 1 1 1 1 1 1 1 1 1 1 1 1 0 127
1 1 1 1 1 1 1 1 1 1 1 1 1 0 126
1 1 1 1 1 1 1 1 1 1 1 1 1 0 125
1 1 1 1 1 1 1 1 1 1 1 1 1 0 124
1 1 1 1 1 1 1 1 1 1 1 1 1 0 123
1 1 1 1 1 1 1 1 1 1 1 1 1 0 122
1 1 1 1 1 1 1 1 1 1 1 1 1 0 121
1 1 1 1 1 1 1 1 1 1 1 1 1 0 120
1 1 1 1 1 1 1 1 1 1 1 1 1 0 119
1 1 1 1 1 1 1 1 1 1 1 1 1 0 118
1 1 1 1 1 1 1 1 1 1 1 1 1 0 117
1 1 1 1 1 1 1 1 1 1 1 1 1 0 116
1 1 1 1 1 1 1 1 1 1 1 1 1 0 115
1 1 1 1 1 1 1 1 1 1 1 1 1 0 114
1 1 1 1 1 1 1 1 1 1 1 1 1 0 113
1 1 1 1 1 1 1 1 1 1 1 1 1 0 112
1 1 1 1 1 1 1 1 1 1 1 1 1 0 111
1 1 1 1 1 1 1 1 1 1 1 1 1 0 110
1 1 1 1 1 1 1 1 1 1 1 1 1 0 109
1 1 1 1 1 1 1 1 1 1 1 1 1 0 108
1 1 1 1 1 1 1 1 1 1 1 1 1 0 107
1 1 1 1 1 1 1 1 1 1 1 1 1 0 106
1 1 1 1 1 1 1 1 1 1 1 1 1 0 105
1 1 1 1 1 1 1 1 1 1 1 1 1 0 104
1 1 1 1 1 1 1 1 1 1 1 1 1 0 103
1 1 1 1 1 1 1 1 1 1 1 1 1 0 102
1 1 1 1 1 1 1 1 1 1 1 1 1 0 101
1 1 1 1 1 1 1 1 1 1 1 1 1 0 100
1 1 1 1 1 1 1 1 1 1 1 1 1 0 99
1 1 1 1 1 1 1 1 1 1 1 1 1 0 98
1 1 1 1 1 1 1 1 1 1 1 1 1 0 97
1 1 1 1 1 1 1 1 1 1 1 1 1 0 96
1 1 1 1 1 1 1 1 1 1 1 1 1 0 95
1 1 1 1 1 1 1 1 1 1 1 1 1 0 94
1 1 1 1 1 1 1 1 1 1 1 1 1 0 93
1 1 1 1 1 1 1 1 1 1 1 1 1 0 92
1 1 1 1 1 1 1 1 1 1 1 1 1 0 91
1 1 1 1 1 1 1 1 1 1 1 1 1 0 90
1 1 1 1 1 1 1 1 1 1 1 1 1 0 89
1 1 1 1 1 1 1 1 1 1 1 1 1 0 88
1 1 1 1 1 1 1 1 1 1 1 1 1 0 87
1 1 1 1 1 1 1 1 1 1 1 1 1 0 86
1 1 1 1 1 1 1 1 1 1 1 1 1 0 85
1 1 1 1 1 1 1 1 1 1 1 1 1 0 84
1 1 1 1 1 1 1 1 1 1 1 1 1 0 83
1 1 1 1 1 1 1 1 1 1 1 1 1 0 82
1 1 1 1 1 1 1 1 1 1 1 1 1 0 81
1 1 1 1 1 1 1 1 1 1 1 1 1 0 80
1 1 1 1 1 1 1 1 1 1 1 1 1 0 79
1 1 1 1 1 1 1 1 1 1 1 1 1 0 78
1 1 1 1 1 1 1 1 1 1 1 1 1 0 77
1 1 1 1 1 1 1 1 1 1 1 1 1 0 76
1 1 1 1 1 1 1 1 1 1 1 1 1 0 75
1 1 1 1 1 1 1 1 1 1 1 1 1 0 74
1 1 1 1 1 1 1 1 1 1 1 1 1 0 73
1 1 1 1 1 1 1 1 1 1 1 1 1 0 72
1 1 1 1 1 1 1 1 1 1 1 1 1 0 71
1 1 1 1 1 1 1 1 1 1 1 1 1 0 70
1 1 1 1 1 1 1 1 1 1 1 1 1 0 69
1 1 1 1 1 1 1 1 1 1 1 1 1 0 68
1 1 1 1 1 1 1 1 1 1 1 1 1 0 67
1 1 1 1 1 1 1 1 1 1 1 1 1 0 66
1 1 1 1 1 1 1 1 1 1 1 1 1 0 65
1 1 1 1 1 1 1 1 1 1 1 1 1 0 64
1 1 1 1 1 1 1 1 1 1 1 1 1 0 63
1 1 1 1 1 1 1 1 1 1 1 1 1 0 62
1 1 1 1 1 1 1 1 1 1 1 1 1 0 61
1 1 1 1 1 1 1 1 1 1 1 1 1 0 60
1 1 1 1 1 1 1 1 1 1 1 1 1 0 59
1 1 1 1 1 1 1 1 1 1 1 1 1 0 58
1 1 1 1 1 1 1 1 1 1 1 1 1 0 57
1 1 1 1 1 1 1 1 1 1 1 1 1 0 56
1 1 1 1 1 1 1 1 1 1 1 1 1 0 55
1 1 1 1 1 1 1 1 1 1 1 1 1 0 54
1 1 1 1 1 1 1 1 1 1 1 1 1 0 53
1 1 1 1 1 1 1 1 1 1 1 1 1 0 52
1 1 1 1 1 1 1 1 1 1 1 1 1 0 51
1 1 1 1 1 1 1 1 1 1 1 1 1 0 50
1 1 1 1 1 1 1 1 1 1 1 1 1 0 49
1 1 1 1 1 1 1 1 1 1 1 1 1 0 48
1 1 1 1 1 1 1 1 1 1 1 1 1 0 47
1 1 1 1 1 1 1 1 1 1 1 1 1 0 46
1 1 1 1 1 1 1 1 1 1 1 1 1 0 45
1 1 1 1 1 1 1 1 1 1 1 1 1 0 44
1 1 1 1 1 1 1 1 1 1 1 1 1 0 43
1 1 1 1 1 1 1 1 1 1 1 1 1 0 42
1 1 1 1 1 1 1 1 1 1 1 1 1 0 41
1 1 1 1 1 1 1 1 1 1 1 1 1 0 40
1 1 1 1 1 1 1 1 1 1 1 1 1 0 39
1 1 1 1 1 1 1 1 1 1 1 1 1 0 38
1 1 1 1 1 1 1 1 1 1 1 1 1 0 37
1 1 1 1 1 1 1 1 1 1 1 1 1 0 36
1 1 1 1 1 1 1 1 1 1 1 1 1 0 35
1 1 1 1 1 1 1 1 1 1 1 1 1 0 34
1 1 1 1 1 1 1 1 1 1 1 1 1 0 33
1 1 1 1 1 1 1 1 1 1 1 1 1 0 32
1 1 1 1 1 1 1 1 1 1 1 1 1 0 31
1 1 1 1 1 1 1 1 1 1 1 1 1 0 30
1 1 1 1 1 1 1 1 1 1 1 1 1 0 29
1 1 1 1 1 1 1 1 1 1 1 1 1 0 28
1 1 1 1 1 1 1 1 1 1 1 1 1 0 27
1 1 1 1 1 1 1 1 1 1 1 1 1 0 26
1 1 1 1 1 1 1 1 1 1 1 1 1 0 25
1 1 1 1 1 1 1 1 1 1 1 1 1 0 24
1 1 1 1 1 1 1 1 1 1 1 1 1 0 23
1 1 1 1 1 1 1 1 1 1 1 1 1 0 22
1 1 1 1 1 1 1 1 1 1 1 1 1 0 21
1 1 1 1 1 1 1 1 1 1 1 1 1 0 20
1 1 1 1 1 1 1 1 1 1 1 1 1 0 19
1 1 1 1 1 1 1 1 1 1 1 1 1 0 18
1 1 1 1 1 1 1 1 1 1 1 1 1 0 17
1 1 1 1 1 1 1 1 1 1 1 1 1 0 16
1 1 1 1 1 1 1 1 1 1 1 1 1 0 15
1 1 1 1 1 1 1 1 1 1 1 1 1 0 14
1 1 1 1 1 1 1 1 1 1 1 1 1 0 13
1 1 1 1 1 1 1 1 1 1 1 1 1 0 12
1 1 1 1 1 1 1 1 1 1 1 1 1 0 11
1 1 1 1 1 1 1 1 1 1 1 1 1 0 10
1 1 1 1 1 1 1 1 1 1 1 1 1 0 9
1 1 1 1 1 1 1 1 1 1 1 1 1 0 8
1 1 1 1 1 1 1 1 1 1 1 1 1 0 7
1 1 1 1 1 1 1 1 1 1 1 1 1 0 6
1 1 1 1 1 1 1 1 1 1 1 1 1 0 5
1 1 1 1 1 1 1 1 1 1 1 1 1 0 4
1 1 1 1 1 1 1 1 1 1 1 1 1 0 3
1 1 1 1 1 1 1 1 1 1 1 1 1 0 2
1 1 1 1 1 1 1 1 1 1 1 1 1 0 1
