1 1 1 1 1 1 1 1 1 1 1 1 1 450 0
1 1 1 1 1 1 1 1 1 1 1 1 1 449 1
1 1 1 1 1 1 1 1 1 1 1 1 1 448 2
1 1 1 1 1 1 1 1 1 1 1 1 1 447 3
1 1 1 1 1 1 1 1 1 1 1 1 1 446 4
1 1 1 1 1 1 1 1 1 1 1 1 1 445 5
1 1 1 1 1 1 1 1 1 1 1 1 1 444 6
1 1 1 1 1 1 1 1 1 1 1 1 1 443 7
1 1 1 1 1 1 1 1 1 1 1 1 1 442 8
1 1 1 1 1 1 1 1 1 1 1 1 1 441 9
1 1 1 1 1 1 1 1 1 1 1 1 1 440 10
1 1 1 1 1 1 1 1 1 1 1 1 1 439 11
1 1 1 1 1 1 1 1 1 1 1 1 1 438 12
1 1 1 1 1 1 1 1 1 1 1 1 1 437 13
1 1 1 1 1 1 1 1 1 1 1 1 1 436 14
1 1 1 1 1 1 1 1 1 1 1 1 1 435 15
1 1 1 1 1 1 1 1 1 1 1 1 1 434 16
1 1 1 1 1 1 1 1 1 1 1 1 1 433 17
1 1 1 1 1 1 1 1 1 1 1 1 1 432 18
1 1 1 1 1 1 1 1 1 1 1 1 1 431 19
1 1 1 1 1 1 1 1 1 1 1 1 1 430 20
1 1 1 1 1 1 1 1 1 1 1 1 1 429 21
1 1 1 1 1 1 1 1 1 1 1 1 1 428 22
1 1 1 1 1 1 1 1 1 1 1 1 1 427 23
1 1 1 1 1 1 1 1 1 1 1 1 1 426 24
1 1 1 1 1 1 1 1 1 1 1 1 1 425 25
1 1 1 1 1 1 1 1 1 1 1 1 1 424 26
1 1 1 1 1 1 1 1 1 1 1 1 1 423 27
1 1 1 1 1 1 1 1 1 1 1 1 1 422 28
1 1 1 1 1 1 1 1 1 1 1 1 1 421 29
1 1 1 1 1 1 1 1 1 1 1 1 1 420 30
1 1 1 1 1 1 1 1 1 1 1 1 1 419 31
1 1 1 1 1 1 1 1 1 1 1 1 1 418 32
1 1 1 1 1 1 1 1 1 1 1 1 1 417 33
1 1 1 1 1 1 1 1 1 1 1 1 1 416 34
1 1 1 1 1 1 1 1 1 1 1 1 1 415 35
1 1 1 1 1 1 1 1 1 1 1 1 1 414 36
1 1 1 1 1 1 1 1 1 1 1 1 1 413 37
1 1 1 1 1 1 1 1 1 1 1 1 1 412 38
1 1 1 1 1 1 1 1 1 1 1 1 1 411 39
1 1 1 1 1 1 1 1 1 1 1 1 1 410 40
1 1 1 1 1 1 1 1 1 1 1 1 1 409 41
1 1 1 1 1 1 1 1 1 1 1 1 1 408 42
1 1 1 1 1 1 1 1 1 1 1 1 1 407 43
1 1 1 1 1 1 1 1 1 1 1 1 1 406 44
1 1 1 1 1 1 1 1 1 1 1 1 1 405 45
1 1 1 1 1 1 1 1 1 1 1 1 1 404 46
1 1 1 1 1 1 1 1 1 1 1 1 1 403 47
1 1 1 1 1 1 1 1 1 1 1 1 1 402 48
1 1 1 1 1 1 1 1 1 1 1 1 1 401 49
1 1 1 1 1 1 1 1 1 1 1 1 1 400 50
1 1 1 1 1 1 1 1 1 1 1 1 1 399 51
1 1 1 1 1 1 1 1 1 1 1 1 1 398 52
1 1 1 1 1 1 1 1 1 1 1 1 1 397 53
1 1 1 1 1 1 1 1 1 1 1 1 1 396 54
1 1 1 1 1 1 1 1 1 1 1 1 1 395 55
1 1 1 1 1 1 1 1 1 1 1 1 1 394 56
1 1 1 1 1 1 1 1 1 1 1 1 1 393 57
1 1 1 1 1 1 1 1 1 1 1 1 1 392 58
1 1 1 1 1 1 1 1 1 1 1 1 1 391 59
1 1 1 1 1 1 1 1 1 1 1 1 1 390 60
1 1 1 1 1 1 1 1 1 1 1 1 1 389 61
1 1 1 1 1 1 1 1 1 1 1 1 1 388 62
1 1 1 1 1 1 1 1 1 1 1 1 1 387 63
1 1 1 1 1 1 1 1 1 1 1 1 1 386 64
1 1 1 1 1 1 1 1 1 1 1 1 1 385 65
1 1 1 1 1 1 1 1 1 1 1 1 1 384 66
1 1 1 1 1 1 1 1 1 1 1 1 1 383 67
1 1 1 1 1 1 1 1 1 1 1 1 1 382 68
1 1 1 1 1 1 1 1 1 1 1 1 1 381 69
1 1 1 1 1 1 1 1 1 1 1 1 1 380 70
1 1 1 1 1 1 1 1 1 1 1 1 1 379 71
1 1 1 1 1 1 1 1 1 1 1 1 1 378 72
1 1 1 1 1 1 1 1 1 1 1 1 1 377 73
1 1 1 1 1 1 1 1 1 1 1 1 1 376 74
1 1 1 1 1 1 1 1 1 1 1 1 1 375 75
1 1 1 1 1 1 1 1 1 1 1 1 1 374 76
1 1 1 1 1 1 1 1 1 1 1 1 1 373 77
1 1 1 1 1 1 1 1 1 1 1 1 1 372 78
1 1 1 1 1 1 1 1 1 1 1 1 1 371 79
1 1 1 1 1 1 1 1 1 1 1 1 1 370 80
1 1 1 1 1 1 1 1 1 1 1 1 1 369 81
1 1 1 1 1 1 1 1 1 1 1 1 1 368 82
1 1 1 1 1 1 1 1 1 1 1 1 1 367 83
1 1 1 1 1 1 1 1 1 1 1 1 1 366 84
1 1 1 1 1 1 1 1 1 1 1 1 1 365 85
1 1 1 1 1 1 1 1 1 1 1 1 1 364 86
1 1 1 1 1 1 1 1 1 1 1 1 1 363 87
1 1 1 1 1 1 1 1 1 1 1 1 1 362 88
1 1 1 1 1 1 1 1 1 1 1 1 1 361 89
1 1 1 1 1 1 1 1 1 1 1 1 1 360 90
1 1 1 1 1 1 1 1 1 1 1 1 1 359 91
1 1 1 1 1 1 1 1 1 1 1 1 1 358 92
1 1 1 1 1 1 1 1 1 1 1 1 1 357 93
1 1 1 1 1 1 1 1 1 1 1 1 1 356 94
1 1 1 1 1 1 1 1 1 1 1 1 1 355 95
1 1 1 1 1 1 1 1 1 1 1 1 1 354 96
1 1 1 1 1 1 1 1 1 1 1 1 1 353 97
1 1 1 1 1 1 1 1 1 1 1 1 1 352 98
1 1 1 1 1 1 1 1 1 1 1 1 1 351 99
1 1 1 1 1 1 1 1 1 1 1 1 1 350 100
1 1 1 1 1 1 1 1 1 1 1 1 1 349 101
1 1 1 1 1 1 1 1 1 1 1 1 1 348 102
1 1 1 1 1 1 1 1 1 1 1 1 1 347 103
1 1 1 1 1 1 1 1 1 1 1 1 1 346 104
1 1 1 1 1 1 1 1 1 1 1 1 1 345 105
1 1 1 1 1 1 1 1 1 1 1 1 1 344 106
1 1 1 1 1 1 1 1 1 1 1 1 1 343 107
1 1 1 1 1 1 1 1 1 1 1 1 1 342 108
1 1 1 1 1 1 1 1 1 1 1 1 1 341 109
1 1 1 1 1 1 1 1 1 1 1 1 1 340 110
1 1 1 1 1 1 1 1 1 1 1 1 1 339 111
1 1 1 1 1 1 1 1 1 1 1 1 1 338 112
1 1 1 1 1 1 1 1 1 1 1 1 1 337 113
1 1 1 1 1 1 1 1 1 1 1 1 1 336 114
1 1 1 1 1 1 1 1 1 1 1 1 1 335 115
1 1 1 1 1 1 1 1 1 1 1 1 1 334 116
1 1 1 1 1 1 1 1 1 1 1 1 1 333 117
1 1 1 1 1 1 1 1 1 1 1 1 1 332 118
1 1 1 1 1 1 1 1 1 1 1 1 1 331 119
1 1 1 1 1 1 1 1 1 1 1 1 1 330 120
1 1 1 1 1 1 1 1 1 1 1 1 1 329 121
1 1 1 1 1 1 1 1 1 1 1 1 1 328 122
1 1 1 1 1 1 1 1 1 1 1 1 1 327 123
1 1 1 1 1 1 1 1 1 1 1 1 1 326 124
1 1 1 1 1 1 1 1 1 1 1 1 1 325 125
1 1 1 1 1 1 1 1 1 1 1 1 1 324 126
1 1 1 1 1 1 1 1 1 1 1 1 1 323 127
1 1 1 1 1 1 1 1 1 1 1 1 1 322 128
1 1 1 1 1 1 1 1 1 1 1 1 1 321 129
1 1 1 1 1 1 1 1 1 1 1 1 1 320 130
1 1 1 1 1 1 1 1 1 1 1 1 1 319 131
1 1 1 1 1 1 1 1 1 1 1 1 1 318 132
1 1 1 1 1 1 1 1 1 1 1 1 1 317 133
1 1 1 1 1 1 1 1 1 1 1 1 1 316 134
1 1 1 1 1 1 1 1 1 1 1 1 1 315 135
1 1 1 1 1 1 1 1 1 1 1 1 1 314 136
1 1 1 1 1 1 1 1 1 1 1 1 1 313 137
1 1 1 1 1 1 1 1 1 1 1 1 1 312 138
1 1 1 1 1 1 1 1 1 1 1 1 1 311 139
1 1 1 1 1 1 1 1 1 1 1 1 1 310 140
1 1 1 1 1 1 1 1 1 1 1 1 1 309 141
1 1 1 1 1 1 1 1 1 1 1 1 1 308 142
1 1 1 1 1 1 1 1 1 1 1 1 1 307 143
1 1 1 1 1 1 1 1 1 1 1 1 1 306 144
1 1 1 1 1 1 1 1 1 1 1 1 1 305 145
1 1 1 1 1 1 1 1 1 1 1 1 1 304 146
1 1 1 1 1 1 1 1 1 1 1 1 1 303 147
1 1 1 1 1 1 1 1 1 1 1 1 1 302 148
1 1 1 1 1 1 1 1 1 1 1 1 1 301 149
1 1 1 1 1 1 1 1 1 1 1 1 1 300 150
1 1 1 1 1 1 1 1 1 1 1 1 1 299 151
1 1 1 1 1 1 1 1 1 1 1 1 1 298 152
1 1 1 1 1 1 1 1 1 1 1 1 1 297 153
1 1 1 1 1 1 1 1 1 1 1 1 1 296 154
1 1 1 1 1 1 1 1 1 1 1 1 1 295 155
1 1 1 1 1 1 1 1 1 1 1 1 1 294 156
1 1 1 1 1 1 1 1 1 1 1 1 1 293 157
1 1 1 1 1 1 1 1 1 1 1 1 1 292 158
1 1 1 1 1 1 1 1 1 1 1 1 1 291 159
1 1 1 1 1 1 1 1 1 1 1 1 1 290 160
1 1 1 1 1 1 1 1 1 1 1 1 1 289 161
1 1 1 1 1 1 1 1 1 1 1 1 1 288 162
1 1 1 1 1 1 1 1 1 1 1 1 1 287 163
1 1 1 1 1 1 1 1 1 1 1 1 1 286 164
1 1 1 1 1 1 1 1 1 1 1 1 1 285 165
1 1 1 1 1 1 1 1 1 1 1 1 1 284 166
1 1 1 1 1 1 1 1 1 1 1 1 1 283 167
1 1 1 1 1 1 1 1 1 1 1 1 1 282 168
1 1 1 1 1 1 1 1 1 1 1 1 1 281 169
1 1 1 1 1 1 1 1 1 1 1 1 1 280 170
1 1 1 1 1 1 1 1 1 1 1 1 1 279 171
1 1 1 1 1 1 1 1 1 1 1 1 1 278 172
1 1 1 1 1 1 1 1 1 1 1 1 1 277 173
1 1 1 1 1 1 1 1 1 1 1 1 1 276 174
1 1 1 1 1 1 1 1 1 1 1 1 1 275 175
1 1 1 1 1 1 1 1 1 1 1 1 1 274 176
1 1 1 1 1 1 1 1 1 1 1 1 1 273 177
1 1 1 1 1 1 1 1 1 1 1 1 1 272 178
1 1 1 1 1 1 1 1 1 1 1 1 1 271 179
1 1 1 1 1 1 1 1 1 1 1 1 1 270 180
1 1 1 1 1 1 1 1 1 1 1 1 1 269 181
1 1 1 1 1 1 1 1 1 1 1 1 1 268 182
1 1 1 1 1 1 1 1 1 1 1 1 1 267 183
1 1 1 1 1 1 1 1 1 1 1 1 1 266 184
1 1 1 1 1 1 1 1 1 1 1 1 1 265 185
1 1 1 1 1 1 1 1 1 1 1 1 1 264 186
1 1 1 1 1 1 1 1 1 1 1 1 1 263 187
1 1 1 1 1 1 1 1 1 1 1 1 1 262 188
1 1 1 1 1 1 1 1 1 1 1 1 1 261 189
1 1 1 1 1 1 1 1 1 1 1 1 1 260 190
1 1 1 1 1 1 1 1 1 1 1 1 1 259 191
1 1 1 1 1 1 1 1 1 1 1 1 1 258 192
1 1 1 1 1 1 1 1 1 1 1 1 1 257 193
1 1 1 1 1 1 1 1 1 1 1 1 1 256 194
1 1 1 1 1 1 1 1 1 1 1 1 1 255 195
1 1 1 1 1 1 1 1 1 1 1 1 1 254 196
1 1 1 1 1 1 1 1 1 1 1 1 1 253 197
1 1 1 1 1 1 1 1 1 1 1 1 1 252 198
1 1 1 1 1 1 1 1 1 1 1 1 1 251 199
1 1 1 1 1 1 1 1 1 1 1 1 1 250 200
1 1 1 1 1 1 1 1 1 1 1 1 1 249 201
1 1 1 1 1 1 1 1 1 1 1 1 1 248 202
1 1 1 1 1 1 1 1 1 1 1 1 1 247 203
1 1 1 1 1 1 1 1 1 1 1 1 1 246 204
1 1 1 1 1 1 1 1 1 1 1 1 1 245 205
1 1 1 1 1 1 1 1 1 1 1 1 1 244 206
1 1 1 1 1 1 1 1 1 1 1 1 1 243 207
1 1 1 1 1 1 1 1 1 1 1 1 1 242 208
1 1 1 1 1 1 1 1 1 1 1 1 1 241 209
1 1 1 1 1 1 1 1 1 1 1 1 1 240 210
1 1 1 1 1 1 1 1 1 1 1 1 1 239 211
1 1 1 1 1 1 1 1 1 1 1 1 1 238 212
1 1 1 1 1 1 1 1 1 1 1 1 1 237 213
1 1 1 1 1 1 1 1 1 1 1 1 1 236 214
1 1 1 1 1 1 1 1 1 1 1 1 1 235 215
1 1 1 1 1 1 1 1 1 1 1 1 1 234 216
1 1 1 1 1 1 1 1 1 1 1 1 1 233 217
1 1 1 1 1 1 1 1 1 1 1 1 1 232 218
1 1 1 1 1 1 1 1 1 1 1 1 1 231 219
1 1 1 1 1 1 1 1 1 1 1 1 1 230 220
1 1 1 1 1 1 1 1 1 1 1 1 1 229 221
1 1 1 1 1 1 1 1 1 1 1 1 1 228 222
1 1 1 1 1 1 1 1 1 1 1 1 1 227 223
1 1 1 1 1 1 1 1 1 1 1 1 1 226 224
1 1 1 1 1 1 1 1 1 1 1 1 1 225 225
1 1 1 1 1 1 1 1 1 1 1 1 1 224 226
1 1 1 1 1 1 1 1 1 1 1 1 1 223 227
1 1 1 1 1 1 1 1 1 1 1 1 1 222 228
1 1 1 1 1 1 1 1 1 1 1 1 1 221 229
1 1 1 1 1 1 1 1 1 1 1 1 1 220 230
1 1 1 1 1 1 1 1 1 1 1 1 1 219 231
1 1 1 1 1 1 1 1 1 1 1 1 1 218 232
1 1 1 1 1 1 1 1 1 1 1 1 1 217 233
1 1 1 1 1 1 1 1 1 1 1 1 1 216 234
1 1 1 1 1 1 1 1 1 1 1 1 1 215 235
1 1 1 1 1 1 1 1 1 1 1 1 1 214 236
1 1 1 1 1 1 1 1 1 1 1 1 1 213 237
1 1 1 1 1 1 1 1 1 1 1 1 1 212 238
1 1 1 1 1 1 1 1 1 1 1 1 1 211 239
1 1 1 1 1 1 1 1 1 1 1 1 1 210 240
1 1 1 1 1 1 1 1 1 1 1 1 1 209 241
1 1 1 1 1 1 1 1 1 1 1 1 1 208 242
1 1 1 1 1 1 1 1 1 1 1 1 1 207 243
1 1 1 1 1 1 1 1 1 1 1 1 1 206 244
1 1 1 1 1 1 1 1 1 1 1 1 1 205 245
1 1 1 1 1 1 1 1 1 1 1 1 1 204 246
1 1 1 1 1 1 1 1 1 1 1 1 1 203 247
1 1 1 1 1 1 1 1 1 1 1 1 1 202 248
1 1 1 1 1 1 1 1 1 1 1 1 1 201 249
1 1 1 1 1 1 1 1 1 1 1 1 1 200 250
1 1 1 1 1 1 1 1 1 1 1 1 1 199 251
1 1 1 1 1 1 1 1 1 1 1 1 1 198 252
1 1 1 1 1 1 1 1 1 1 1 1 1 197 253
1 1 1 1 1 1 1 1 1 1 1 1 1 196 254
1 1 1 1 1 1 1 1 1 1 1 1 1 195 255
1 1 1 1 1 1 1 1 1 1 1 1 1 194 256
1 1 1 1 1 1 1 1 1 1 1 1 1 193 257
1 1 1 1 1 1 1 1 1 1 1 1 1 192 258
1 1 1 1 1 1 1 1 1 1 1 1 1 191 259
1 1 1 1 1 1 1 1 1 1 1 1 1 190 260
1 1 1 1 1 1 1 1 1 1 1 1 1 189 261
1 1 1 1 1 1 1 1 1 1 1 1 1 188 262
1 1 1 1 1 1 1 1 1 1 1 1 1 187 263
1 1 1 1 1 1 1 1 1 1 1 1 1 186 264
1 1 1 1 1 1 1 1 1 1 1 1 1 185 265
1 1 1 1 1 1 1 1 1 1 1 1 1 184 266
1 1 1 1 1 1 1 1 1 1 1 1 1 183 267
1 1 1 1 1 1 1 1 1 1 1 1 1 182 268
1 1 1 1 1 1 1 1 1 1 1 1 1 181 269
1 1 1 1 1 1 1 1 1 1 1 1 1 180 270
1 1 1 1 1 1 1 1 1 1 1 1 1 179 271
1 1 1 1 1 1 1 1 1 1 1 1 1 178 272
1 1 1 1 1 1 1 1 1 1 1 1 1 177 273
1 1 1 1 1 1 1 1 1 1 1 1 1 176 274
1 1 1 1 1 1 1 1 1 1 1 1 1 175 275
1 1 1 1 1 1 1 1 1 1 1 1 1 174 276
1 1 1 1 1 1 1 1 1 1 1 1 1 173 277
1 1 1 1 1 1 1 1 1 1 1 1 1 172 278
1 1 1 1 1 1 1 1 1 1 1 1 1 171 279
1 1 1 1 1 1 1 1 1 1 1 1 1 170 280
1 1 1 1 1 1 1 1 1 1 1 1 1 169 281
1 1 1 1 1 1 1 1 1 1 1 1 1 168 282
1 1 1 1 1 1 1 1 1 1 1 1 1 167 283
1 1 1 1 1 1 1 1 1 1 1 1 1 166 284
1 1 1 1 1 1 1 1 1 1 1 1 1 165 285
1 1 1 1 1 1 1 1 1 1 1 1 1 164 286
1 1 1 1 1 1 1 1 1 1 1 1 1 163 287
1 1 1 1 1 1 1 1 1 1 1 1 1 162 288
1 1 1 1 1 1 1 1 1 1 1 1 1 161 289
1 1 1 1 1 1 1 1 1 1 1 1 1 160 290
1 1 1 1 1 1 1 1 1 1 1 1 1 159 291
1 1 1 1 1 1 1 1 1 1 1 1 1 158 292
1 1 1 1 1 1 1 1 1 1 1 1 1 157 293
1 1 1 1 1 1 1 1 1 1 1 1 1 156 294
1 1 1 1 1 1 1 1 1 1 1 1 1 155 295
1 1 1 1 1 1 1 1 1 1 1 1 1 154 296
1 1 1 1 1 1 1 1 1 1 1 1 1 153 297
1 1 1 1 1 1 1 1 1 1 1 1 1 152 298
1 1 1 1 1 1 1 1 1 1 1 1 1 151 299
1 1 1 1 1 1 1 1 1 1 1 1 1 150 300
1 1 1 1 1 1 1 1 1 1 1 1 1 149 301
1 1 1 1 1 1 1 1 1 1 1 1 1 148 302
1 1 1 1 1 1 1 1 1 1 1 1 1 147 303
1 1 1 1 1 1 1 1 1 1 1 1 1 146 304
1 1 1 1 1 1 1 1 1 1 1 1 1 145 305
1 1 1 1 1 1 1 1 1 1 1 1 1 144 306
1 1 1 1 1 1 1 1 1 1 1 1 1 143 307
1 1 1 1 1 1 1 1 1 1 1 1 1 142 308
1 1 1 1 1 1 1 1 1 1 1 1 1 141 309
1 1 1 1 1 1 1 1 1 1 1 1 1 140 310
1 1 1 1 1 1 1 1 1 1 1 1 1 139 311
1 1 1 1 1 1 1 1 1 1 1 1 1 138 312
1 1 1 1 1 1 1 1 1 1 1 1 1 137 313
1 1 1 1 1 1 1 1 1 1 1 1 1 136 314
1 1 1 1 1 1 1 1 1 1 1 1 1 135 315
1 1 1 1 1 1 1 1 1 1 1 1 1 134 316
1 1 1 1 1 1 1 1 1 1 1 1 1 133 317
1 1 1 1 1 1 1 1 1 1 1 1 1 132 318
1 1 1 1 1 1 1 1 1 1 1 1 1 131 319
1 1 1 1 1 1 1 1 1 1 1 1 1 130 320
1 1 1 1 1 1 1 1 1 1 1 1 1 129 321
1 1 1 1 1 1 1 1 1 1 1 1 1 128 322
1 1 1 1 1 1 1 1 1 1 1 1 1 127 323
1 1 1 1 1 1 1 1 1 1 1 1 1 126 324
1 1 1 1 1 1 1 1 1 1 1 1 1 125 325
1 1 1 1 1 1 1 1 1 1 1 1 1 124 326
1 1 1 1 1 1 1 1 1 1 1 1 1 123 327
1 1 1 1 1 1 1 1 1 1 1 1 1 122 328
1 1 1 1 1 1 1 1 1 1 1 1 1 121 329
1 1 1 1 1 1 1 1 1 1 1 1 1 120 330
1 1 1 1 1 1 1 1 1 1 1 1 1 119 331
1 1 1 1 1 1 1 1 1 1 1 1 1 118 332
1 1 1 1 1 1 1 1 1 1 1 1 1 117 333
1 1 1 1 1 1 1 1 1 1 1 1 1 116 334
1 1 1 1 1 1 1 1 1 1 1 1 1 115 335
1 1 1 1 1 1 1 1 1 1 1 1 1 114 336
1 1 1 1 1 1 1 1 1 1 1 1 1 113 337
1 1 1 1 1 1 1 1 1 1 1 1 1 112 338
1 1 1 1 1 1 1 1 1 1 1 1 1 111 339
1 1 1 1 1 1 1 1 1 1 1 1 1 110 340
1 1 1 1 1 1 1 1 1 1 1 1 1 109 341
1 1 1 1 1 1 1 1 1 1 1 1 1 108 342
1 1 1 1 1 1 1 1 1 1 1 1 1 107 343
1 1 1 1 1 1 1 1 1 1 1 1 1 106 344
1 1 1 1 1 1 1 1 1 1 1 1 1 105 345
1 1 1 1 1 1 1 1 1 1 1 1 1 104 346
1 1 1 1 1 1 1 1 1 1 1 1 1 103 347
1 1 1 1 1 1 1 1 1 1 1 1 1 102 348
1 1 1 1 1 1 1 1 1 1 1 1 1 101 349
1 1 1 1 1 1 1 1 1 1 1 1 1 100 350
1 1 1 1 1 1 1 1 1 1 1 1 1 99 351
1 1 1 1 1 1 1 1 1 1 1 1 1 98 352
1 1 1 1 1 1 1 1 1 1 1 1 1 97 353
1 1 1 1 1 1 1 1 1 1 1 1 1 96 354
1 1 1 1 1 1 1 1 1 1 1 1 1 95 355
1 1 1 1 1 1 1 1 1 1 1 1 1 94 356
1 1 1 1 1 1 1 1 1 1 1 1 1 93 357
1 1 1 1 1 1 1 1 1 1 1 1 1 92 358
1 1 1 1 1 1 1 1 1 1 1 1 1 91 359
1 1 1 1 1 1 1 1 1 1 1 1 1 90 360
1 1 1 1 1 1 1 1 1 1 1 1 1 89 361
1 1 1 1 1 1 1 1 1 1 1 1 1 88 362
1 1 1 1 1 1 1 1 1 1 1 1 1 87 363
1 1 1 1 1 1 1 1 1 1 1 1 1 86 364
1 1 1 1 1 1 1 1 1 1 1 1 1 85 365
1 1 1 1 1 1 1 1 1 1 1 1 1 84 366
1 1 1 1 1 1 1 1 1 1 1 1 1 83 367
1 1 1 1 1 1 1 1 1 1 1 1 1 82 368
1 1 1 1 1 1 1 1 1 1 1 1 1 81 369
1 1 1 1 1 1 1 1 1 1 1 1 1 80 370
1 1 1 1 1 1 1 1 1 1 1 1 1 79 371
1 1 1 1 1 1 1 1 1 1 1 1 1 78 372
1 1 1 1 1 1 1 1 1 1 1 1 1 77 373
1 1 1 1 1 1 1 1 1 1 1 1 1 76 374
1 1 1 1 1 1 1 1 1 1 1 1 1 75 375
1 1 1 1 1 1 1 1 1 1 1 1 1 74 376
1 1 1 1 1 1 1 1 1 1 1 1 1 73 377
1 1 1 1 1 1 1 1 1 1 1 1 1 72 378
1 1 1 1 1 1 1 1 1 1 1 1 1 71 379
1 1 1 1 1 1 1 1 1 1 1 1 1 70 380
1 1 1 1 1 1 1 1 1 1 1 1 1 69 381
1 1 1 1 1 1 1 1 1 1 1 1 1 68 382
1 1 1 1 1 1 1 1 1 1 1 1 1 67 383
1 1 1 1 1 1 1 1 1 1 1 1 1 66 384
1 1 1 1 1 1 1 1 1 1 1 1 1 65 385
1 1 1 1 1 1 1 1 1 1 1 1 1 64 386
1 1 1 1 1 1 1 1 1 1 1 1 1 63 387
1 1 1 1 1 1 1 1 1 1 1 1 1 62 388
1 1 1 1 1 1 1 1 1 1 1 1 1 61 389
1 1 1 1 1 1 1 1 1 1 1 1 1 60 390
1 1 1 1 1 1 1 1 1 1 1 1 1 59 391
1 1 1 1 1 1 1 1 1 1 1 1 1 58 392
1 1 1 1 1 1 1 1 1 1 1 1 1 57 393
1 1 1 1 1 1 1 1 1 1 1 1 1 56 394
1 1 1 1 1 1 1 1 1 1 1 1 1 55 395
1 1 1 1 1 1 1 1 1 1 1 1 1 54 396
1 1 1 1 1 1 1 1 1 1 1 1 1 53 397
1 1 1 1 1 1 1 1 1 1 1 1 1 52 398
1 1 1 1 1 1 1 1 1 1 1 1 1 51 399
1 1 1 1 1 1 1 1 1 1 1 1 1 50 400
1 1 1 1 1 1 1 1 1 1 1 1 1 49 401
1 1 1 1 1 1 1 1 1 1 1 1 1 48 402
1 1 1 1 1 1 1 1 1 1 1 1 1 47 403
1 1 1 1 1 1 1 1 1 1 1 1 1 46 404
1 1 1 1 1 1 1 1 1 1 1 1 1 45 405
1 1 1 1 1 1 1 1 1 1 1 1 1 44 406
1 1 1 1 1 1 1 1 1 1 1 1 1 43 407
1 1 1 1 1 1 1 1 1 1 1 1 1 42 408
1 1 1 1 1 1 1 1 1 1 1 1 1 41 409
1 1 1 1 1 1 1 1 1 1 1 1 1 40 410
1 1 1 1 1 1 1 1 1 1 1 1 1 39 411
1 1 1 1 1 1 1 1 1 1 1 1 1 38 412
1 1 1 1 1 1 1 1 1 1 1 1 1 37 413
1 1 1 1 1 1 1 1 1 1 1 1 1 36 414
1 1 1 1 1 1 1 1 1 1 1 1 1 35 415
1 1 1 1 1 1 1 1 1 1 1 1 1 34 416
1 1 1 1 1 1 1 1 1 1 1 1 1 33 417
1 1 1 1 1 1 1 1 1 1 1 1 1 32 418
1 1 1 1 1 1 1 1 1 1 1 1 1 31 419
1 1 1 1 1 1 1 1 1 1 1 1 1 30 420
1 1 1 1 1 1 1 1 1 1 1 1 1 29 421
1 1 1 1 1 1 1 1 1 1 1 1 1 28 422
1 1 1 1 1 1 1 1 1 1 1 1 1 27 423
1 1 1 1 1 1 1 1 1 1 1 1 1 26 424
1 1 1 1 1 1 1 1 1 1 1 1 1 25 425
1 1 1 1 1 1 1 1 1 1 1 1 1 24 426
1 1 1 1 1 1 1 1 1 1 1 1 1 23 427
1 1 1 1 1 1 1 1 1 1 1 1 1 22 428
1 1 1 1 1 1 1 1 1 1 1 1 1 21 429
1 1 1 1 1 1 1 1 1 1 1 1 1 20 430
1 1 1 1 1 1 1 1 1 1 1 1 1 19 431
1 1 1 1 1 1 1 1 1 1 1 1 1 18 432
1 1 1 1 1 1 1 1 1 1 1 1 1 17 433
1 1 1 1 1 1 1 1 1 1 1 1 1 16 434
1 1 1 1 1 1 1 1 1 1 1 1 1 15 435
1 1 1 1 1 1 1 1 1 1 1 1 1 14 436
1 1 1 1 1 1 1 1 1 1 1 1 1 13 437
1 1 1 1 1 1 1 1 1 1 1 1 1 12 438
1 1 1 1 1 1 1 1 1 1 1 1 1 11 439
1 1 1 1 1 1 1 1 1 1 1 1 1 10 440
1 1 1 1 1 1 1 1 1 1 1 1 1 9 441
1 1 1 1 1 1 1 1 1 1 1 1 1 8 442
1 1 1 1 1 1 1 1 1 1 1 1 1 7 443
1 1 1 1 1 1 1 1 1 1 1 1 1 6 444
1 1 1 1 1 1 1 1 1 1 1 1 1 5 445
1 1 1 1 1 1 1 1 1 1 1 1 1 4 446
1 1 1 1 1 1 1 1 1 1 1 1 1 3 447
1 1 1 1 1 1 1 1 1 1 1 1 1 2 448
1 1 1 1 1 1 1 1 1 1 1 1 1 1 449
1 1 1 1 1 1 1 1 1 1 1 1 1 0 450
1 1 1 1 1 1 1 1 1 1 1 1 1 0 449
1 1 1 1 1 1 1 1 1 1 1 1 1 0 448
1 1 1 1 1 1 1 1 1 1 1 1 1 0 447
1 1 1 1 1 1 1 1 1 1 1 1 1 0 446
1 1 1 1 1 1 1 1 1 1 1 1 1 0 445
1 1 1 1 1 1 1 1 1 1 1 1 1 0 444
1 1 1 1 1 1 1 1 1 1 1 1 1 0 443
1 1 1 1 1 1 1 1 1 1 1 1 1 0 442
1 1 1 1 1 1 1 1 1 1 1 1 1 0 441
1 1 1 1 1 1 1 1 1 1 1 1 1 0 440
1 1 1 1 1 1 1 1 1 1 1 1 1 0 439
1 1 1 1 1 1 1 1 1 1 1 1 1 0 438
1 1 1 1 1 1 1 1 1 1 1 1 1 0 437
1 1 1 1 1 1 1 1 1 1 1 1 1 0 436
1 1 1 1 1 1 1 1 1 1 1 1 1 0 435
1 1 1 1 1 1 1 1 1 1 1 1 1 0 434
1 1 1 1 1 1 1 1 1 1 1 1 1 0 433
1 1 1 1 1 1 1 1 1 1 1 1 1 0 432
1 1 1 1 1 1 1 1 1 1 1 1 1 0 431
1 1 1 1 1 1 1 1 1 1 1 1 1 0 430
1 1 1 1 1 1 1 1 1 1 1 1 1 0 429
1 1 1 1 1 1 1 1 1 1 1 1 1 0 428
1 1 1 1 1 1 1 1 1 1 1 1 1 0 427
1 1 1 1 1 1 1 1 1 1 1 1 1 0 426
1 1 1 1 1 1 1 1 1 1 1 1 1 0 425
1 1 1 1 1 1 1 1 1 1 1 1 1 0 424
1 1 1 1 1 1 1 1 1 1 1 1 1 0 423
1 1 1 1 1 1 1 1 1 1 1 1 1 0 422
1 1 1 1 1 1 1 1 1 1 1 1 1 0 421
1 1 1 1 1 1 1 1 1 1 1 1 1 0 420
1 1 1 1 1 1 1 1 1 1 1 1 1 0 419
1 1 1 1 1 1 1 1 1 1 1 1 1 0 418
1 1 1 1 1 1 1 1 1 1 1 1 1 0 417
1 1 1 1 1 1 1 1 1 1 1 1 1 0 416
1 1 1 1 1 1 1 1 1 1 1 1 1 0 415
1 1 1 1 1 1 1 1 1 1 1 1 1 0 414
1 1 1 1 1 1 1 1 1 1 1 1 1 0 413
1 1 1 1 1 1 1 1 1 1 1 1 1 0 412
1 1 1 1 1 1 1 1 1 1 1 1 1 0 411
1 1 1 1 1 1 1 1 1 1 1 1 1 0 410
1 1 1 1 1 1 1 1 1 1 1 1 1 0 409
1 1 1 1 1 1 1 1 1 1 1 1 1 0 408
1 1 1 1 1 1 1 1 1 1 1 1 1 0 407
1 1 1 1 1 1 1 1 1 1 1 1 1 0 406
1 1 1 1 1 1 1 1 1 1 1 1 1 0 405
1 1 1 1 1 1 1 1 1 1 1 1 1 0 404
1 1 1 1 1 1 1 1 1 1 1 1 1 0 403
1 1 1 1 1 1 1 1 1 1 1 1 1 0 402
1 1 1 1 1 1 1 1 1 1 1 1 1 0 401
1 1 1 1 1 1 1 1 1 1 1 1 1 0 400
1 1 1 1 1 1 1 1 1 1 1 1 1 0 399
1 1 1 1 1 1 1 1 1 1 1 1 1 0 398
1 1 1 1 1 1 1 1 1 1 1 1 1 0 397
1 1 1 1 1 1 1 1 1 1 1 1 1 0 396
1 1 1 1 1 1 1 1 1 1 1 1 1 0 395
1 1 1 1 1 1 1 1 1 1 1 1 1 0 394
1 1 1 1 1 1 1 1 1 1 1 1 1 0 393
1 1 1 1 1 1 1 1 1 1 1 1 1 0 392
1 1 1 1 1 1 1 1 1 1 1 1 1 0 391
1 1 1 1 1 1 1 1 1 1 1 1 1 0 390
1 1 1 1 1 1 1 1 1 1 1 1 1 0 389
1 1 1 1 1 1 1 1 1 1 1 1 1 0 388
1 1 1 1 1 1 1 1 1 1 1 1 1 0 387
1 1 1 1 1 1 1 1 1 1 1 1 1 0 386
1 1 1 1 1 1 1 1 1 1 1 1 1 0 385
1 1 1 1 1 1 1 1 1 1 1 1 1 0 384
1 1 1 1 1 1 1 1 1 1 1 1 1 0 383
1 1 1 1 1 1 1 1 1 1 1 1 1 0 382
1 1 1 1 1 1 1 1 1 1 1 1 1 0 381
1 1 1 1 1 1 1 1 1 1 1 1 1 0 380
1 1 1 1 1 1 1 1 1 1 1 1 1 0 379
1 1 1 1 1 1 1 1 1 1 1 1 1 0 378
1 1 1 1 1 1 1 1 1 1 1 1 1 0 377
1 1 1 1 1 1 1 1 1 1 1 1 1 0 376
1 1 1 1 1 1 1 1 1 1 1 1 1 0 375
1 1 1 1 1 1 1 1 1 1 1 1 1 0 374
1 1 1 1 1 1 1 1 1 1 1 1 1 0 373
1 1 1 1 1 1 1 1 1 1 1 1 1 0 372
1 1 1 1 1 1 1 1 1 1 1 1 1 0 371
1 1 1 1 1 1 1 1 1 1 1 1 1 0 370
1 1 1 1 1 1 1 1 1 1 1 1 1 0 369
1 1 1 1 1 1 1 1 1 1 1 1 1 0 368
1 1 1 1 1 1 1 1 1 1 1 1 1 0 367
1 1 1 1 1 1 1 1 1 1 1 1 1 0 366
1 1 1 1 1 1 1 1 1 1 1 1 1 0 365
1 1 1 1 1 1 1 1 1 1 1 1 1 0 364
1 1 1 1 1 1 1 1 1 1 1 1 1 0 363
1 1 1 1 1 1 1 1 1 1 1 1 1 0 362
1 1 1 1 1 1 1 1 1 1 1 1 1 0 361
1 1 1 1 1 1 1 1 1 1 1 1 1 0 360
1 1 1 1 1 1 1 1 1 1 1 1 1 0 359
1 1 1 1 1 1 1 1 1 1 1 1 1 0 358
1 1 1 1 1 1 1 1 1 1 1 1 1 0 357
1 1 1 1 1 1 1 1 1 1 1 1 1 0 356
1 1 1 1 1 1 1 1 1 1 1 1 1 0 355
1 1 1 1 1 1 1 1 1 1 1 1 1 0 354
1 1 1 1 1 1 1 1 1 1 1 1 1 0 353
1 1 1 1 1 1 1 1 1 1 1 1 1 0 352
1 1 1 1 1 1 1 1 1 1 1 1 1 0 351
1 1 1 1 1 1 1 1 1 1 1 1 1 0 350
1 1 1 1 1 1 1 1 1 1 1 1 1 0 349
1 1 1 1 1 1 1 1 1 1 1 1 1 0 348
1 1 1 1 1 1 1 1 1 1 1 1 1 0 347
1 1 1 1 1 1 1 1 1 1 1 1 1 0 346
1 1 1 1 1 1 1 1 1 1 1 1 1 0 345
1 1 1 1 1 1 1 1 1 1 1 1 1 0 344
1 1 1 1 1 1 1 1 1 1 1 1 1 0 343
1 1 1 1 1 1 1 1 1 1 1 1 1 0 342
1 1 1 1 1 1 1 1 1 1 1 1 1 0 341
1 1 1 1 1 1 1 1 1 1 1 1 1 0 340
1 1 1 1 1 1 1 1 1 1 1 1 1 0 339
1 1 1 1 1 1 1 1 1 1 1 1 1 0 338
1 1 1 1 1 1 1 1 1 1 1 1 1 0 337
1 1 1 1 1 1 1 1 1 1 1 1 1 0 336
1 1 1 1 1 1 1 1 1 1 1 1 1 0 335
1 1 1 1 1 1 1 1 1 1 1 1 1 0 334
1 1 1 1 1 1 1 1 1 1 1 1 1 0 333
1 1 1 1 1 1 1 1 1 1 1 1 1 0 332
1 1 1 1 1 1 1 1 1 1 1 1 1 0 331
1 1 1 1 1 1 1 1 1 1 1 1 1 0 330
1 1 1 1 1 1 1 1 1 1 1 1 1 0 329
1 1 1 1 1 1 1 1 1 1 1 1 1 0 328
1 1 1 1 1 1 1 1 1 1 1 1 1 0 327
1 1 1 1 1 1 1 1 1 1 1 1 1 0 326
1 1 1 1 1 1 1 1 1 1 1 1 1 0 325
1 1 1 1 1 1 1 1 1 1 1 1 1 0 324
1 1 1 1 1 1 1 1 1 1 1 1 1 0 323
1 1 1 1 1 1 1 1 1 1 1 1 1 0 322
1 1 1 1 1 1 1 1 1 1 1 1 1 0 321
1 1 1 1 1 1 1 1 1 1 1 1 1 0 320
1 1 1 1 1 1 1 1 1 1 1 1 1 0 319
1 1 1 1 1 1 1 1 1 1 1 1 1 0 318
1 1 1 1 1 1 1 1 1 1 1 1 1 0 317
1 1 1 1 1 1 1 1 1 1 1 1 1 0 316
1 1 1 1 1 1 1 1 1 1 1 1 1 0 315
1 1 1 1 1 1 1 1 1 1 1 1 1 0 314
1 1 1 1 1 1 1 1 1 1 1 1 1 0 313
1 1 1 1 1 1 1 1 1 1 1 1 1 0 312
1 1 1 1 1 1 1 1 1 1 1 1 1 0 311
1 1 1 1 1 1 1 1 1 1 1 1 1 0 310
1 1 1 1 1 1 1 1 1 1 1 1 1 0 309
1 1 1 1 1 1 1 1 1 1 1 1 1 0 308
1 1 1 1 1 1 1 1 1 1 1 1 1 0 307
1 1 1 1 1 1 1 1 1 1 1 1 1 0 306
1 1 1 1 1 1 1 1 1 1 1 1 1 0 305
1 1 1 1 1 1 1 1 1 1 1 1 1 0 304
1 1 1 1 1 1 1 1 1 1 1 1 1 0 303
1 1 1 1 1 1 1 1 1 1 1 1 1 0 302
1 1 1 1 1 1 1 1 1 1 1 1 1 0 301
1 1 1 1 1 1 1 1 1 1 1 1 1 0 300
1 1 1 1 1 1 1 1 1 1 1 1 1 0 299
1 1 1 1 1 1 1 1 1 1 1 1 1 0 298
1 1 1 1 1 1 1 1 1 1 1 1 1 0 297
1 1 1 1 1 1 1 1 1 1 1 1 1 0 296
1 1 1 1 1 1 1 1 1 1 1 1 1 0 295
1 1 1 1 1 1 1 1 1 1 1 1 1 0 294
1 1 1 1 1 1 1 1 1 1 1 1 1 0 293
1 1 1 1 1 1 1 1 1 1 1 1 1 0 292
1 1 1 1 1 1 1 1 1 1 1 1 1 0 291
1 1 1 1 1 1 1 1 1 1 1 1 1 0 290
1 1 1 1 1 1 1 1 1 1 1 1 1 0 289
1 1 1 1 1 1 1 1 1 1 1 1 1 0 288
1 1 1 1 1 1 1 1 1 1 1 1 1 0 287
1 1 1 1 1 1 1 1 1 1 1 1 1 0 286
1 1 1 1 1 1 1 1 1 1 1 1 1 0 285
1 1 1 1 1 1 1 1 1 1 1 1 1 0 284
1 1 1 1 1 1 1 1 1 1 1 1 1 0 283
1 1 1 1 1 1 1 1 1 1 1 1 1 0 282
1 1 1 1 1 1 1 1 1 1 1 1 1 0 281
1 1 1 1 1 1 1 1 1 1 1 1 1 0 280
1 1 1 1 1 1 1 1 1 1 1 1 1 0 279
1 1 1 1 1 1 1 1 1 1 1 1 1 0 278
1 1 1 1 1 1 1 1 1 1 1 1 1 0 277
1 1 1 1 1 1 1 1 1 1 1 1 1 0 276
1 1 1 1 1 1 1 1 1 1 1 1 1 0 275
1 1 1 1 1 1 1 1 1 1 1 1 1 0 274
1 1 1 1 1 1 1 1 1 1 1 1 1 0 273
1 1 1 1 1 1 1 1 1 1 1 1 1 0 272
1 1 1 1 1 1 1 1 1 1 1 1 1 0 271
1 1 1 1 1 1 1 1 1 1 1 1 1 0 270
1 1 1 1 1 1 1 1 1 1 1 1 1 0 269
1 1 1 1 1 1 1 1 1 1 1 1 1 0 268
1 1 1 1 1 1 1 1 1 1 1 1 1 0 267
1 1 1 1 1 1 1 1 1 1 1 1 1 0 266
1 1 1 1 1 1 1 1 1 1 1 1 1 0 265
1 1 1 1 1 1 1 1 1 1 1 1 1 0 264
1 1 1 1 1 1 1 1 1 1 1 1 1 0 263
1 1 1 1 1 1 1 1 1 1 1 1 1 0 262
1 1 1 1 1 1 1 1 1 1 1 1 1 0 261
1 1 1 1 1 1 1 1 1 1 1 1 1 0 260
1 1 1 1 1 1 1 1 1 1 1 1 1 0 259
1 1 1 1 1 1 1 1 1 1 1 1 1 0 258
1 1 1 1 1 1 1 1 1 1 1 1 1 0 257
1 1 1 1 1 1 1 1 1 1 1 1 1 0 256
1 1 1 1 1 1 1 1 1 1 1 1 1 0 255
1 1 1 1 1 1 1 1 1 1 1 1 1 0 254
1 1 1 1 1 1 1 1 1 1 1 1 1 0 253
1 1 1 1 1 1 1 1 1 1 1 1 1 0 252
1 1 1 1 1 1 1 1 1 1 1 1 1 0 251
1 1 1 1 1 1 1 1 1 1 1 1 1 0 250
1 1 1 1 1 1 1 1 1 1 1 1 1 0 249
1 1 1 1 1 1 1 1 1 1 1 1 1 0 248
1 1 1 1 1 1 1 1 1 1 1 1 1 0 247
1 1 1 1 1 1 1 1 1 1 1 1 1 0 246
1 1 1 1 1 1 1 1 1 1 1 1 1 0 245
1 1 1 1 1 1 1 1 1 1 1 1 1 0 244
1 1 1 1 1 1 1 1 1 1 1 1 1 0 243
1 1 1 1 1 1 1 1 1 1 1 1 1 0 242
1 1 1 1 1 1 1 1 1 1 1 1 1 0 241
1 1 1 1 1 1 1 1 1 1 1 1 1 0 240
1 1 1 1 1 1 1 1 1 1 1 1 1 0 239
1 1 1 1 1 1 1 1 1 1 1 1 1 0 238
1 1 1 1 1 1 1 1 1 1 1 1 1 0 237
1 1 1 1 1 1 1 1 1 1 1 1 1 0 236
1 1 1 1 1 1 1 1 1 1 1 1 1 0 235
1 1 1 1 1 1 1 1 1 1 1 1 1 0 234
1 1 1 1 1 1 1 1 1 1 1 1 1 0 233
1 1 1 1 1 1 1 1 1 1 1 1 1 0 232
1 1 1 1 1 1 1 1 1 1 1 1 1 0 231
1 1 1 1 1 1 1 1 1 1 1 1 1 0 230
1 1 1 1 1 1 1 1 1 1 1 1 1 0 229
1 1 1 1 1 1 1 1 1 1 1 1 1 0 228
1 1 1 1 1 1 1 1 1 1 1 1 1 0 227
1 1 1 1 1 1 1 1 1 1 1 1 1 0 226
1 1 1 1 1 1 1 1 1 1 1 1 1 0 225
1 1 1 1 1 1 1 1 1 1 1 1 1 0 224
1 1 1 1 1 1 1 1 1 1 1 1 1 0 223
1 1 1 1 1 1 1 1 1 1 1 1 1 0 222
1 1 1 1 1 1 1 1 1 1 1 1 1 0 221
1 1 1 1 1 1 1 1 1 1 1 1 1 0 220
1 1 1 1 1 1 1 1 1 1 1 1 1 0 219
1 1 1 1 1 1 1 1 1 1 1 1 1 0 218
1 1 1 1 1 1 1 1 1 1 1 1 1 0 217
1 1 1 1 1 1 1 1 1 1 1 1 1 0 216
1 1 1 1 1 1 1 1 1 1 1 1 1 0 215
1 1 1 1 1 1 1 1 1 1 1 1 1 0 214
1 1 1 1 1 1 1 1 1 1 1 1 1 0 213
1 1 1 1 1 1 1 1 1 1 1 1 1 0 212
1 1 1 1 1 1 1 1 1 1 1 1 1 0 211
1 1 1 1 1 1 1 1 1 1 1 1 1 0 210
1 1 1 1 1 1 1 1 1 1 1 1 1 0 209
1 1 1 1 1 1 1 1 1 1 1 1 1 0 208
1 1 1 1 1 1 1 1 1 1 1 1 1 0 207
1 1 1 1 1 1 1 1 1 1 1 1 1 0 206
1 1 1 1 1 1 1 1 1 1 1 1 1 0 205
1 1 1 1 1 1 1 1 1 1 1 1 1 0 204
1 1 1 1 1 1 1 1 1 1 1 1 1 0 203
1 1 1 1 1 1 1 1 1 1 1 1 1 0 202
1 1 1 1 1 1 1 1 1 1 1 1 1 0 201
1 1 1 1 1 1 1 1 1 1 1 1 1 0 200
1 1 1 1 1 1 1 1 1 1 1 1 1 0 199
1 1 1 1 1 1 1 1 1 1 1 1 1 0 198
1 1 1 1 1 1 1 1 1 1 1 1 1 0 197
1 1 1 1 1 1 1 1 1 1 1 1 1 0 196
1 1 1 1 1 1 1 1 1 1 1 1 1 0 195
1 1 1 1 1 1 1 1 1 1 1 1 1 0 194
1 1 1 1 1 1 1 1 1 1 1 1 1 0 193
1 1 1 1 1 1 1 1 1 1 1 1 1 0 192
1 1 1 1 1 1 1 1 1 1 1 1 1 0 191
1 1 1 1 1 1 1 1 1 1 1 1 1 0 190
1 1 1 1 1 1 1 1 1 1 1 1 1 0 189
1 1 1 1 1 1 1 1 1 1 1 1 1 0 188
1 1 1 1 1 1 1 1 1 1 1 1 1 0 187
1 1 1 1 1 1 1 1 1 1 1 1 1 0 186
1 1 1 1 1 1 1 1 1 1 1 1 1 0 185
1 1 1 1 1 1 1 1 1 1 1 1 1 0 184
1 1 1 1 1 1 1 1 1 1 1 1 1 0 183
1 1 1 1 1 1 1 1 1 1 1 1 1 0 182
1 1 1 1 1 1 1 1 1 1 1 1 1 0 181
1 1 1 1 1 1 1 1 1 1 1 1 1 0 180
1 1 1 1 1 1 1 1 1 1 1 1 1 0 179
1 1 1 1 1 1 1 1 1 1 1 1 1 0 178
1 1 1 1 1 1 1 1 1 1 1 1 1 0 177
1 1 1 1 1 1 1 1 1 1 1 1 1 0 176
1 1 1 1 1 1 1 1 1 1 1 1 1 0 175
1 1 1 1 1 1 1 1 1 1 1 1 1 0 174
1 1 1 1 1 1 1 1 1 1 1 1 1 0 173
1 1 1 1 1 1 1 1 1 1 1 1 1 0 172
1 1 1 1 1 1 1 1 1 1 1 1 1 0 171
1 1 1 1 1 1 1 1 1 1 1 1 1 0 170
1 1 1 1 1 1 1 1 1 1 1 1 1 0 169
1 1 1 1 1 1 1 1 1 1 1 1 1 0 168
1 1 1 1 1 1 1 1 1 1 1 1 1 0 167
1 1 1 1 1 1 1 1 1 1 1 1 1 0 166
1 1 1 1 1 1 1 1 1 1 1 1 1 0 165
1 1 1 1 1 1 1 1 1 1 1 1 1 0 164
1 1 1 1 1 1 1 1 1 1 1 1 1 0 163
1 1 1 1 1 1 1 1 1 1 1 1 1 0 162
1 1 1 1 1 1 1 1 1 1 1 1 1 0 161
1 1 1 1 1 1 1 1 1 1 1 1 1 0 160
1 1 1 1 1 1 1 1 1 1 1 1 1 0 159
1 1 1 1 1 1 1 1 1 1 1 1 1 0 158
1 1 1 1 1 1 1 1 1 1 1 1 1 0 157
1 1 1 1 1 1 1 1 1 1 1 1 1 0 156
1 1 1 1 1 1 1 1 1 1 1 1 1 0 155
1 1 1 1 1 1 1 1 1 1 1 1 1 0 154
1 1 1 1 1 1 1 1 1 1 1 1 1 0 153
1 1 1 1 1 1 1 1 1 1 1 1 1 0 152
1 1 1 1 1 1 1 1 1 1 1 1 1 0 151
1 1 1 1 1 1 1 1 1 1 1 1 1 0 150
1 1 1 1 1 1 1 1 1 1 1 1 1 0 149
1 1 1 1 1 1 1 1 1 1 1 1 1 0 148
1 1 1 1 1 1 1 1 1 1 1 1 1 0 147
1 1 1 1 1 1 1 1 1 1 1 1 1 0 146
1 1 1 1 1 1 1 1 1 1 1 1 1 0 145
1 1 1 1 1 1 1 1 1 1 1 1 1 0 144
1 1 1 1 1 1 1 1 1 1 1 1 1 0 143
1 1 1 1 1 1 1 1 1 1 1 1 1 0 142
1 1 1 1 1 1 1 1 1 1 1 1 1 0 141
1 1 1 1 1 1 1 1 1 1 1 1 1 0 140
1 1 1 1 1 1 1 1 1 1 1 1 1 0 139
1 1 1 1 1 1 1 1 1 1 1 1 1 0 138
1 1 1 1 1 1 1 1 1 1 1 1 1 0 137
1 1 1 1 1 1 1 1 1 1 1 1 1 0 136
1 1 1 1 1 1 1 1 1 1 1 1 1 0 135
1 1 1 1 1 1 1 1 1 1 1 1 1 0 134
1 1 1 1 1 1 1 1 1 1 1 1 1 0 133
1 1 1 1 1 1 1 1 1 1 1 1 1 0 132
1 1 1 1 1 1 1 1 1 1 1 1 1 0 131
1 1 1 1 1 1 1 1 1 1 1 1 1 0 130
1 1 1 1 1 1 1 1 1 1 1 1 1 0 129
1 1 1 1 1 1 1 1 1 1 1 1 1 0 128
1 1 1 1 1 1 1 1 1 1 1 1 1 0 127
1 1 1 1 1 1 1 1 1 1 1 1 1 0 126
1 1 1 1 1 1 1 1 1 1 1 1 1 0 125
1 1 1 1 1 1 1 1 1 1 1 1 1 0 124
1 1 1 1 1 1 1 1 1 1 1 1 1 0 123
1 1 1 1 1 1 1 1 1 1 1 1 1 0 122
1 1 1 1 1 1 1 1 1 1 1 1 1 0 121
1 1 1 1 1 1 1 1 1 1 1 1 1 0 120
1 1 1 1 1 1 1 1 1 1 1 1 1 0 119
1 1 1 1 1 1 1 1 1 1 1 1 1 0 118
1 1 1 1 1 1 1 1 1 1 1 1 1 0 117
1 1 1 1 1 1 1 1 1 1 1 1 1 0 116
1 1 1 1 1 1 1 1 1 1 1 1 1 0 115
1 1 1 1 1 1 1 1 1 1 1 1 1 0 114
1 1 1 1 1 1 1 1 1 1 1 1 1 0 113
1 1 1 1 1 1 1 1 1 1 1 1 1 0 112
1 1 1 1 1 1 1 1 1 1 1 1 1 0 111
1 1 1 1 1 1 1 1 1 1 1 1 1 0 110
1 1 1 1 1 1 1 1 1 1 1 1 1 0 109
1 1 1 1 1 1 1 1 1 1 1 1 1 0 108
1 1 1 1 1 1 1 1 1 1 1 1 1 0 107
1 1 1 1 1 1 1 1 1 1 1 1 1 0 106
1 1 1 1 1 1 1 1 1 1 1 1 1 0 105
1 1 1 1 1 1 1 1 1 1 1 1 1 0 104
1 1 1 1 1 1 1 1 1 1 1 1 1 0 103
1 1 1 1 1 1 1 1 1 1 1 1 1 0 102
1 1 1 1 1 1 1 1 1 1 1 1 1 0 101
1 1 1 1 1 1 1 1 1 1 1 1 1 0 100
1 1 1 1 1 1 1 1 1 1 1 1 1 0 99
1 1 1 1 1 1 1 1 1 1 1 1 1 0 98
1 1 1 1 1 1 1 1 1 1 1 1 1 0 97
1 1 1 1 1 1 1 1 1 1 1 1 1 0 96
1 1 1 1 1 1 1 1 1 1 1 1 1 0 95
1 1 1 1 1 1 1 1 1 1 1 1 1 0 94
1 1 1 1 1 1 1 1 1 1 1 1 1 0 93
1 1 1 1 1 1 1 1 1 1 1 1 1 0 92
1 1 1 1 1 1 1 1 1 1 1 1 1 0 91
1 1 1 1 1 1 1 1 1 1 1 1 1 0 90
1 1 1 1 1 1 1 1 1 1 1 1 1 0 89
1 1 1 1 1 1 1 1 1 1 1 1 1 0 88
1 1 1 1 1 1 1 1 1 1 1 1 1 0 87
1 1 1 1 1 1 1 1 1 1 1 1 1 0 86
1 1 1 1 1 1 1 1 1 1 1 1 1 0 85
1 1 1 1 1 1 1 1 1 1 1 1 1 0 84
1 1 1 1 1 1 1 1 1 1 1 1 1 0 83
1 1 1 1 1 1 1 1 1 1 1 1 1 0 82
1 1 1 1 1 1 1 1 1 1 1 1 1 0 81
1 1 1 1 1 1 1 1 1 1 1 1 1 0 80
1 1 1 1 1 1 1 1 1 1 1 1 1 0 79
1 1 1 1 1 1 1 1 1 1 1 1 1 0 78
1 1 1 1 1 1 1 1 1 1 1 1 1 0 77
1 1 1 1 1 1 1 1 1 1 1 1 1 0 76
1 1 1 1 1 1 1 1 1 1 1 1 1 0 75
1 1 1 1 1 1 1 1 1 1 1 1 1 0 74
1 1 1 1 1 1 1 1 1 1 1 1 1 0 73
1 1 1 1 1 1 1 1 1 1 1 1 1 0 72
1 1 1 1 1 1 1 1 1 1 1 1 1 0 71
1 1 1 1 1 1 1 1 1 1 1 1 1 0 70
1 1 1 1 1 1 1 1 1 1 1 1 1 0 69
1 1 1 1 1 1 1 1 1 1 1 1 1 0 68
1 1 1 1 1 1 1 1 1 1 1 1 1 0 67
1 1 1 1 1 1 1 1 1 1 1 1 1 0 66
1 1 1 1 1 1 1 1 1 1 1 1 1 0 65
1 1 1 1 1 1 1 1 1 1 1 1 1 0 64
1 1 1 1 1 1 1 1 1 1 1 1 1 0 63
1 1 1 1 1 1 1 1 1 1 1 1 1 0 62
1 1 1 1 1 1 1 1 1 1 1 1 1 0 61
1 1 1 1 1 1 1 1 1 1 1 1 1 0 60
1 1 1 1 1 1 1 1 1 1 1 1 1 0 59
1 1 1 1 1 1 1 1 1 1 1 1 1 0 58
1 1 1 1 1 1 1 1 1 1 1 1 1 0 57
1 1 1 1 1 1 1 1 1 1 1 1 1 0 56
1 1 1 1 1 1 1 1 1 1 1 1 1 0 55
1 1 1 1 1 1 1 1 1 1 1 1 1 0 54
1 1 1 1 1 1 1 1 1 1 1 1 1 0 53
1 1 1 1 1 1 1 1 1 1 1 1 1 0 52
1 1 1 1 1 1 1 1 1 1 1 1 1 0 51
1 1 1 1 1 1 1 1 1 1 1 1 1 0 50
1 1 1 1 1 1 1 1 1 1 1 1 1 0 49
1 1 1 1 1 1 1 1 1 1 1 1 1 0 48
1 1 1 1 1 1 1 1 1 1 1 1 1 0 47
1 1 1 1 1 1 1 1 1 1 1 1 1 0 46
1 1 1 1 1 1 1 1 1 1 1 1 1 0 45
1 1 1 1 1 1 1 1 1 1 1 1 1 0 44
1 1 1 1 1 1 1 1 1 1 1 1 1 0 43
1 1 1 1 1 1 1 1 1 1 1 1 1 0 42
1 1 1 1 1 1 1 1 1 1 1 1 1 0 41
1 1 1 1 1 1 1 1 1 1 1 1 1 0 40
1 1 1 1 1 1 1 1 1 1 1 1 1 0 39
1 1 1 1 1 1 1 1 1 1 1 1 1 0 38
1 1 1 1 1 1 1 1 1 1 1 1 1 0 37
1 1 1 1 1 1 1 1 1 1 1 1 1 0 36
1 1 1 1 1 1 1 1 1 1 1 1 1 0 35
1 1 1 1 1 1 1 1 1 1 1 1 1 0 34
1 1 1 1 1 1 1 1 1 1 1 1 1 0 33
1 1 1 1 1 1 1 1 1 1 1 1 1 0 32
1 1 1 1 1 1 1 1 1 1 1 1 1 0 31
1 1 1 1 1 1 1 1 1 1 1 1 1 0 30
1 1 1 1 1 1 1 1 1 1 1 1 1 0 29
1 1 1 1 1 1 1 1 1 1 1 1 1 0 28
1 1 1 1 1 1 1 1 1 1 1 1 1 0 27
1 1 1 1 1 1 1 1 1 1 1 1 1 0 26
1 1 1 1 1 1 1 1 1 1 1 1 1 0 25
1 1 1 1 1 1 1 1 1 1 1 1 1 0 24
1 1 1 1 1 1 1 1 1 1 1 1 1 0 23
1 1 1 1 1 1 1 1 1 1 1 1 1 0 22
1 1 1 1 1 1 1 1 1 1 1 1 1 0 21
1 1 1 1 1 1 1 1 1 1 1 1 1 0 20
1 1 1 1 1 1 1 1 1 1 1 1 1 0 19
1 1 1 1 1 1 1 1 1 1 1 1 1 0 18
1 1 1 1 1 1 1 1 1 1 1 1 1 0 17
1 1 1 1 1 1 1 1 1 1 1 1 1 0 16
1 1 1 1 1 1 1 1 1 1 1 1 1 0 15
1 1 1 1 1 1 1 1 1 1 1 1 1 0 14
1 1 1 1 1 1 1 1 1 1 1 1 1 0 13
1 1 1 1 1 1 1 1 1 1 1 1 1 0 12
1 1 1 1 1 1 1 1 1 1 1 1 1 0 11
1 1 1 1 1 1 1 1 1 1 1 1 1 0 10
1 1 1 1 1 1 1 1 1 1 1 1 1 0 9
1 1 1 1 1 1 1 1 1 1 1 1 1 0 8
1 1 1 1 1 1 1 1 1 1 1 1 1 0 7
1 1 1 1 1 1 1 1 1 1 1 1 1 0 6
1 1 1 1 1 1 1 1 1 1 1 1 1 0 5
1 1 1 1 1 1 1 1 1 1 1 1 1 0 4
1 1 1 1 1 1 1 1 1 1 1 1 1 0 3
1 1 1 1 1 1 1 1 1 1 1 1 1 0 2
1 1 1 1 1 1 1 1 1 1 1 1 1 0 1
