0.5906389053901501 0.031964200088946404 0.3637968603289162 0.05903004214001906 0.36184539119144143
0.9904850607378718 0.3955281203174932 0.5671546819200041 0.3341363644096862 0.9543572502020996
0.7220793789040694 0.12615037477314084 0.3799282402158719 0.9657920381754515 0.5603569151452914
0.7606823142231328 0.7399056152913402 0.25751435818418933 0.21129667186832235 0.7839115595711538
0.20536834191733777 0.895255086112914 0.48940782916206715 0.2191246262294705 0.9482388512502442
0.4348240133534985 0.009953259736202758 0.8225066392034333 0.3993950662714887 0.3667435385224229
0.324763315448396 0.7149015836514812 0.07697065997571773 0.22396129510784013 0.16428260426607022
0.12356637358234546 0.5484910850833642 0.36195009883054885 0.5912995670347422 0.7593399418822142
0.7741904597135132 0.5855418785320102 0.7009113714080614 0.9103127673803179 0.9235806366984853
0.9931317176768475 0.6116272718941151 0.4199958399313305 0.3833207450511402 0.6364268280247755
0.8841158952809341 0.33615254243561576 0.08166169529455847 0.8527048418153678 0.17695288968688516
0.16587077941521422 0.44321710584995255 0.41658445577912806 0.9028272881152682 0.3531168737900712
0.2575381218188336 0.9796006050503104 0.88401651707825 0.806926661006551 0.49594670174871336
0.6184156448841178 0.5225411828897709 0.051553443606400795 0.6433082498904753 0.6962867279152426
0.7982627698020018 0.8443064336425521 0.4249009694178054 0.6574488319256085 0.48728868025801597
0.9124772732693922 0.9032660805905331 0.8203620918678605 0.35340066633469913 0.7976666323942372
0.7958993269451903 0.7133107284793029 0.7068244045359765 0.6639864549738191 0.5218712488862293
0.004630315125450868 0.6475091127172475 0.32602792071169817 0.9239395556757346 0.6198792222425411
0.5141882925017452 0.6831490866411739 0.8324441516789862 0.20955855668336387 0.5458438318269634
0.20855000980530403 0.6382516164344255 0.7335248277708638 0.5287970272283837 0.13476773263375252
0.8242423778711709 0.5620279277957115 0.2505024632969922 0.5016370485260289 0.9683108710277403
0.1583464942664905 0.9102214352274882 0.28842736393089297 0.07557480808923567 0.10428155119609128
0.24710352092396493 0.43877989375776494 0.2234670412705937 0.957308490561994 0.037806437127248405
0.7052334951166743 0.4106094574030067 0.18697665478812808 0.7886360306183113 0.8895415111469959
0.18884510740113014 0.22818431630735303 0.9012893262702047 0.23564630048052249 0.1275315255363515
0.5102469263481488 0.3266357220026288 0.44409153620308095 0.410174396174396 0.1732140689310202
0.7375727493876416 0.019817329722483956 0.8957076608537455 0.0666814042110756 0.5498440081166586
0.43969649146368683 0.7902022914651581 0.5413813271418971 0.6988090652560739 0.9318347918291269
0.6695130292778425 0.4901260932289472 0.9405063490405843 0.4955718909242909 0.9693484972959373
0.07221607740039859 0.5869515688736747 0.15928387114963816 0.21647697835573299 0.5642144990167686
0.008465913520241397 0.3725022133362338 0.21325639787923345 0.8200295876633105 0.9399296370417117
0.8595281559967869 0.10740401428886126 0.8945336199523869 0.6132088289321462 0.22363545985998468
0.7798975116452351 0.4874878665893275 0.004603349944065083 0.08411863635173966 0.26612596410067557
0.9983312099654823 0.034017477564317944 0.5528579871054504 0.9888856061957323 0.14742944114662282
0.3816542795314438 0.41273620943636835 0.42654189919594954 0.3156709931434043 0.6983879283851252
0.4471564130023812 0.46565626998984977 0.981834426085465 0.37756867730621113 0.9880742912930668
0.09460171483758983 0.8959417102441665 0.7288676270000034 0.8993723982914125 0.2831687982749611
0.916850342545749 0.3488689551023092 0.8930674805862974 0.8628899492454507 0.7636266110891051
0.7184700066629821 0.28775685520963623 0.9737859581004061 0.28278153260258765 0.5737501310404485
0.0618728802164652 0.17546599761329051 0.2172392803760964 0.39482168855745126 0.3287297214373668
0.6339884526744637 0.877948170912215 0.4362772311106028 0.16600977709117992 0.8906166416467174
0.5653322395224821 0.08319925458807009 0.0692514709003843 0.5945800149806555 0.06532110186315743
0.9583000577916522 0.16706460601947026 0.23917786203154479 0.053484696366338236 0.1286109405232836
0.7352127155611613 0.3790395262307389 0.7808387790664053 0.9642413534131173 0.47736686082110635
0.026081236037213795 0.9861754010474975 0.6870804338960262 0.5022482858601879 0.9226763051372991
0.5823127665575414 0.4139148814275383 0.9200426327474367 0.1727822378419922 0.29744697244637985
0.5462883107665916 0.5053814957403926 0.27524486672575355 0.11782762405914071 0.6885294905513433
0.929851595768088 0.948225632025897 0.0742682271967482 0.8857276922582198 0.6539057771278972
0.25967549783435284 0.6425418070397523 0.8650354539747617 0.6862142752821243 0.4860050021465693
0.7865001976476077 0.13653040747802292 0.06790875650275163 0.8095766574493496 0.462795754095067
0.2639693795666257 0.11983514413653507 0.43537240205617056 0.2273725570548819 0.35111968494025336
0.20284621920320867 0.9581657501895957 0.436433203791712 0.805953856614745 0.9843284048623879
0.8437541362438284 0.41837671207279015 0.7428458155667295 0.9785712501640211 0.7012842587359949
0.9082421891707599 0.9620081275771178 0.4342524415957719 0.6184292901610506 0.9824812004913724
0.30576098074477676 0.4792253038283266 0.20715364195904273 0.7094219979205534 0.33282618135266095
0.8009590629863887 0.16502718817798767 0.7395766452173062 0.6746895171541446 0.04039743815733754
0.09552820060671785 0.09998219623864335 0.14217819146827393 0.5076640783544604 0.050499692322809264
0.5280554479590438 0.6357497149857102 0.7899578172768901 0.7589012651518907 0.7829799671395401
0.17959186705427288 0.3151452911459097 0.788225078245616 0.506433451261674 0.9474836969349106
0.9589715761240382 0.948420542583065 0.3695022114053633 0.9774698113683626 0.339474176274999
0.0928994537132195 0.4389189237158905 0.3827513628340067 0.5290998892402258 0.09716965474045403
0.9232984160669295 0.25779907576057337 0.5331874371630936 0.20287195688730908 0.7188359107219542
0.15154473123928114 0.03289373357719416 0.10347125049578931 0.46397070135946095 0.9336094732259068
0.5713048208214422 0.11758009457311158 0.13380759620567784 0.11487898321224155 0.5733872396162226
0.5468685232121867 0.5576272820084535 0.20033638495170247 0.33359937933606176 0.8477414949439663
0.6266062780830628 0.44991642785222175 0.3793963963383409 0.5594411788841419 0.3739054781184037
0.5022448400733063 0.42452641454158857 0.02595809965279161 0.5555761020595164 0.6764795383572574
0.4629297733781138 0.8251120530946308 0.8382705934763208 0.4090707436060822 0.4222172867916
0.4753893753096725 0.2085347467783487 0.2051095389409534 0.19511712275618331 0.4296009064771219
0.758497116917689 0.6880356676889029 0.7979445555802681 0.5841504872801592 0.5740603464655062
0.8168265200188632 0.8670624266656208 0.5336811125317411 0.05423799087209846 0.10639156539489536
0.6974644317571757 0.5830919189259557 0.6240700452509192 0.7347475247391948 0.5520274548729525
0.09239617726532756 0.4685887827158238 0.7496512485498734 0.0256430165407322 0.07461666550710566
0.6115961489384534 0.19771883014052372 0.8353521970432319 0.09289169274590969 0.3905525701037912
0.8906613687938439 0.5257723890284108 0.4101911803935502 0.13766639506471323 0.6961185456363622
0.2285182111982833 0.03351937346870193 0.667312100236731 0.6946738699858872 0.7949829950575009
0.7642065678836113 0.9911944336785582 0.2799859383737797 0.333761499486648 0.6168694705281416
0.5352150863900236 0.2955722563070282 0.42715837676285284 0.0018460587162483222 0.015786764010096044
0.5996336901223087 0.07564085561680955 0.8793872960716554 0.04837949223267568 0.02840877082126847
0.7247586584324109 0.6886149720019943 0.5073725100336589 0.5888992046676917 0.565967840646815
0.2302308459336717 0.6338242723821645 0.8534090151139105 0.67095896956804 0.8391897882552889
0.8965621534336553 0.951191505642826 0.4185052479032798 0.12202517096917809 0.6520326208892641
0.2566000228109576 0.10350895998211984 0.2532420529653754 0.7196415250214176 0.8584895680989821
0.579839461214254 0.3261700006976048 0.09185336746194206 0.1622181760376903 0.28171990821238135
0.5358937577402193 0.13210735937645313 0.5234487504095239 0.9928336342841633 0.03535697758148937
0.7786471335381894 0.6420530148731046 0.28798549612906965 0.15046032824255107 0.4686504082864136
0.5547713411725558 0.6590675796830403 0.2659523573501895 0.7245831785895133 0.45688354492515115
0.9552423412349763 0.10113736676358775 0.6034928722446077 0.25599740341699084 0.9166707811881986
0.2829019583761955 0.4999936456225007 0.7151629068189449 0.2617769779306155 0.09328764373198739
0.11498578050092223 0.2778724299673634 0.9999546340174033 0.019814178261405746 0.7546909499956733
0.18410787116185368 0.3847850886724422 0.26898428483791437 0.5083730863755576 0.2844478507108468
0.19725042354923727 0.7168774359578224 0.2681549534638119 0.03834947726305127 0.8540895645376794
0.8654665959157047 6.283542006013665E-4 0.5430706597526435 0.1733589012005574 0.2492685355828641
0.15749591343613123 0.08130076508138251 0.49742338238816575 0.3941648969481044 0.6212706481366557
0.5984185086770109 0.2730180649142877 0.868707781262533 0.12209958859016345 0.7243982092517691
0.11868379619040659 0.1879501144315735 0.6330654470754753 0.44073640724021856 0.8717953084012489
0.33081748072366224 0.8538607664992136 0.2593728717192286 0.10056377753017309 0.4142651069626577
0.5265171884252525 0.8284314298667679 0.09080986858643558 0.6309397936283505 0.9919114528542121
0.20870757635693238 0.372967463649154 0.9017932721192446 0.09205968967260203 0.6751814724176193
0.4416924879120828 0.8210703761072978 0.2507496973651855 0.7894363977688544 0.43861518296355684
0.37832122323219064 0.3238502533057531 0.661714435250016 0.2181878111659976 0.6305640680577906
0.6006759143213612 0.7754426260924082 0.39724497285435334 0.9674514193972626 0.1590742925888744
0.4824142123137797 0.7008062323218237 0.8632686201776334 0.6294422780143535 0.2934116713649757
0.1598163459535834 0.041821202046754324 0.30666641043190623 0.3869093035101181 0.4909312847544205
0.7937430276757413 0.46402195414589953 0.33759477869708243 0.2941228546379612 0.7804844865091698
0.6693541355464745 0.9268009143455612 0.5407888805350901 0.035216534685917456 0.8814040379972371
0.03854020408063852 0.19321948562567948 0.02811215209440132 0.11293076222232479 0.06768624834835657
0.6956846039285443 0.6019446751588506 0.4873207295135942 0.970947893438352 0.5080714567394004
0.3036676548042767 0.5866634010573 0.0766334763003299 0.8149152828399573 0.13861849621524625
0.09181289175236151 0.03580383045499702 0.035830157158681764 0.056214003063451146 0.8487425454142713
0.8452647210508927 0.7877611550927068 0.5394831434706107 0.6605402024734552 0.701950594985542
0.505143063995151 0.5155081362827783 0.3006793875979138 0.5586031619865905 0.010964860735728
0.4298223789976935 0.47074215707915057 0.6422500964151451 0.9499033839642546 0.7350394799494885
0.6845571373706741 0.8698404265595235 0.14410349530469635 0.23246498046911301 0.35075625934176
0.04949483750150652 0.6128460816235419 0.6751682625708916 0.6470425395479182 0.9911808423346078
0.20925991798306376 0.79196924196888 0.13199959107121517 0.16722402325187335 0.5703961398088605
0.42402042031999543 0.42406407425960313 0.36091847108984876 0.3513997805551593 0.7791421434135323
0.6923198810940866 0.8206006990018327 0.5201756466831928 0.9037949056777578 0.15006270134233668
0.7969033419674064 0.8258602103270584 0.34854914830127803 0.21962270428035646 0.9825060608848353
0.4225758307009978 0.6601400694581687 0.5457216846032323 0.296553021276457 0.029356590555692397
0.7716709210583762 0.5746805659110297 0.6600074730368728 0.9378002430220124 0.5822549697637858
0.9880817672013542 0.8935660030008576 0.640913796244994 0.01836339308772894 0.8820304797711551
0.6363561633618978 0.8497853353372476 0.6513720015864346 0.21694761548997288 0.23149288624926645
0.18912777005600612 0.5092772080185957 0.7278661752409546 0.8536709608390565 0.9184048636091349
0.06527733390005008 0.18149236135896918 0.7643216970408514 0.6121641165647165 0.5118928933060156
0.5938311766911807 0.47146433676996413 0.8513641198193928 0.33652492956218116 0.7809657953421588
0.7442336708415309 0.6268996517686088 0.9028280792514913 0.40561889790598316 0.8861670458918711
0.3371902955667042 0.21200088074029177 0.5034130330782944 0.4066857712874923 0.9736133104042107
0.2690728518232004 0.3252863897201743 0.24680732428114238 0.3307255235001564 0.5114939916415767
0.21630960227128804 0.012975941135965119 0.8526325938457885 0.5708095976001905 0.16618741420759897
0.2520014987664444 0.032528416142793115 0.23292890167816704 0.6130193629564797 0.660447621650316
0.11934181958643941 0.8384736283844999 0.059431550662720656 0.26341146558716244 0.2535905810360092
0.521918209837668 0.06898130507604228 0.020489707822796688 0.05395855623740631 0.6267107575411464
0.2507754462963877 0.020826064379794285 0.10677428193642224 0.3532896177194216 0.9115317032255728
0.41448812546472336 0.7724841846718985 0.19788795914773072 0.1568523878966689 0.4940219765912006
0.21637773244653358 0.022244261433791657 0.35726775453134696 0.8878852795238056 0.5952351853160837
0.6578138408071442 0.05964649364023433 0.6565607646195206 0.8872338416335249 0.7928030619381518
0.6208588889476466 0.1925037012194344 0.9393611741699193 0.5163243533999711 0.06811787266852731
0.21667829917982573 0.9247490693808563 0.30119637738778093 0.9492122281109204 0.8372901508062273
0.5517559522843624 0.39539095291781134 0.22588480574504333 0.5904224535878412 0.04728841219268842
0.5618542266596027 0.5848982106768366 0.6176362874898051 0.14876803086188106 0.8574066749070193
0.893869331860863 0.6521958861535125 0.08231275251270043 0.6736525687926483 0.9127427187159572
0.28343231976728844 0.7791165614306791 0.5763067480682165 0.7868125846774005 0.047859632915554284
0.38767512126854875 0.5740723189073138 0.2934918944574446 0.25600981477171414 0.4764191556113001
0.3241801239624865 0.29256576448461225 0.1055541009407609 0.18948156281115425 0.438927144140836
0.338456212924529 0.5541298191225406 0.017737769795181824 0.4960275584423922 0.9530635440490459
0.6293935196953442 0.7779236213466423 0.5753164146872514 0.629039470759925 0.33917277533524537
0.8545488635823442 0.14532340406968558 0.23588550345733061 0.11119034385452631 0.7524878623586384
0.9054594205344902 0.1350595324564089 0.7396863341381192 0.532544238265781 0.753036533071011
0.9753125636928394 0.14536537448501374 0.7579492767553924 0.389067296042094 0.8357666805552594
0.8654471518684901 0.16666848853825644 0.2027670956080595 0.11178402150170974 0.08220057625431709
0.4025546741434285 0.9819086660946611 0.2974661204551292 0.17119336189234646 0.7877997791828818
0.6846553152244353 0.6086617753063412 0.20459006702889937 0.29980217535471565 0.978225523029734
0.21165052364695358 0.5801835037457906 0.6274797085598175 0.5007183333416956 0.6752080823300332
0.9634460414482819 0.425223186300537 0.8346553257234917 0.1475492866773348 0.027738397776614687
0.6570988737929303 0.994271744251083 0.6746827139845646 0.05691582754340596 0.2295729260261491
0.8233157927800575 0.023000486513554685 0.3349223375802963 0.9479441602390714 0.07609167601121691
0.34646612535586463 0.3885660407742567 0.19983624121670052 0.11170849296649399 0.04755165081910995
0.5725194100058736 0.6685142285827721 0.06997390223607125 0.221114796412214 0.18969039963349799
0.8094541914326303 0.11709754837710329 0.14169613592620756 0.32546176951141226 0.7855091699849616
0.8503462946689218 0.35725480197658277 0.840897293850992 0.049178383194177 0.23301966522781448
0.08615068712173202 0.5178656095892995 0.7849008696837259 0.4945904533260769 0.7792201480671579
0.17813334897098843 0.9799588575681849 0.27558183011601656 0.905080936780217 0.7088313972707552
0.9794899973216497 0.9227294127019449 0.24434189439475862 0.31829929440369487 0.9992719058798084
0.24720268548094237 0.23718082474226776 0.019164478508245875 0.21935629105763121 0.24713705965357347
0.21879448886248742 0.2896145053828817 0.76229420679817 0.26545430207957466 0.6985122717888733
0.09917238947719442 0.07160798668248547 0.8049259155870545 0.1909054009115395 0.001886041643495484
0.949329249636638 0.7546599524312448 0.49101148549082296 0.7976950188485702 0.7858369023340319
0.09566928364238114 0.7008344423056131 0.34183896303286687 0.32089251907316796 0.2479047297057656
0.7605677747982535 0.4425239188208525 0.6116852759001448 0.09711424213579412 0.7155289441542334
0.42866390133167886 0.751861666901694 0.3971148916797519 0.4585815879256674 0.8923671856344352
0.284930724144429 0.6815415222091096 0.22786100740407722 0.314938005396609 0.18609778094156415
0.03886240915751993 0.7109077765573173 0.7705157528715453 0.7484955324017084 0.1054286242851935
0.20885330107241507 0.6680758871013238 0.7029441182770383 0.4135507251410909 0.9480901825301088
0.5403677641339057 0.42478641290999186 0.7950724124447516 0.29189926037330893 0.21746643931857734
0.13700867372416292 0.885638181793946 0.30079425782407354 0.33296708446805245 0.6057711566929405
0.900827444466052 0.8178843452751987 0.0024520416613855733 0.9426364217058202 0.7625553673522191
0.01434340423563063 0.6867122073486014 0.7771983841147273 0.34261623938984787 0.12011435320154495
0.7063062114905414 0.24447798241187346 0.0599724004437191 0.8862657808165928 0.6093917879527312
0.9433664688440251 0.3193678372086626 0.17795709623587308 0.6113661637523796 0.2655606025792734
0.31107269454111197 0.9807575560267782 0.622703096789079 0.2688482948344285 0.5050407556851583
0.01810377181901557 0.9604762253953467 0.5742679111964029 0.7674893019660394 0.12396885349428277
0.6994096914695407 0.6035774218691472 0.403886706349332 0.4923561212330574 0.7598987243914762
0.8416345714345231 0.5895600448943784 0.934018703607404 0.25329442932381996 0.7077027737626942
0.5876113013391278 0.3108458166184912 0.30884830656190787 0.05036202834027703 0.8735577190439344
0.38964540629446076 0.5920642006016036 0.24261729810753185 0.787087852363891 0.4595921335661861
0.9908060692645511 0.3469620025833371 0.6135518382650914 0.1913981776312449 0.49336251241278695
0.844567361481116 0.06128091813834469 0.38130431277777044 0.11176965140754447 0.9784331921856737
0.9455577214279735 0.41927668679802854 0.8140462509965648 0.8472489026960042 0.5160352768834217
0.548334824298227 0.8205958253088081 0.0048784807270421116 0.27162962079464037 0.2407246018950181
0.2928828940308418 0.4697966982265358 0.2953870621980186 0.3066896472416579 0.3965913051822433
0.7294678531828438 0.11155387953438722 0.6728832519492824 0.9568243739129072 0.5365728294499765
0.8180530145694878 0.12000205418549914 0.4395086232446813 0.037153952810511925 0.7797983332829284
0.6530119930086222 0.7910136923594756 0.04516096660595459 0.4817542664519663 0.5923759460989162
0.7471029595874916 0.08354648606895654 0.23537454690056814 0.9209812291932143 0.5826810609517422
0.148972104626666 0.30803087395068074 0.8990051152219519 0.9154060690017913 0.02535123924606486
0.7022686468447209 0.4677443115220524 0.09908500487188421 0.37086867121547906 0.2502032373698443
0.5034745935198688 0.9468740924214216 0.7337805321769829 0.9080974520705904 0.5536949731901709
0.009655480128136662 0.11421287329441632 0.13713676522331475 0.2906504268763508 0.4015648224779248
0.6823410291903663 0.03864579053524275 0.5508159802212912 0.21249470228519496 0.7877455241953072
0.47546608042782457 0.4940639804959448 0.8765012480845912 0.4504052483775868 0.7559415626578507
0.11252573812826416 0.4753922527093356 0.11070170200283003 0.5829349072111134 0.04669731684508316
0.848377178511809 0.533972994795887 0.8775244909654091 0.4251288538809136 0.5515104658188108
0.4145696527875906 0.7755078853007098 0.23407544612826148 0.16476160050743138 0.4050290512498912
0.5645651396284392 0.5447768499212695 0.17989662609600476 0.007898715442748117 0.5809106957948521
0.7785722066955508 0.7189576359796197 0.010903180899107912 0.11649018036888592 0.07384549891237568
0.6309779709013275 0.9205630767431094 0.20125452921445897 0.7338355828286002 0.09367273144413568
0.1550390212049937 0.7197701829709208 0.6806348940042728 0.7071958415808194 0.5938872301977495
0.6974014216986698 0.8182389714321482 0.20865590950063861 0.4505776626948933 0.74852648057156
0.21629846253302 0.35893540359053555 0.33303944812617825 0.617726556898091 0.06626461486013102
0.2574587656940228 0.7881626932221002 0.46461288877291285 0.4329073434101619 0.3259067938419451
0.588099669520335 0.043933605042852486 0.9267254208307651 0.4684760931794184 0.509372419242967
0.21482894051167534 0.5565561051505047 0.46413431715708975 0.38020791195675385 0.2765797108296719
0.18673127490098063 0.4754226471835348 0.7271860373397295 0.472920601992201 0.2194163216531565
0.6687098257092197 0.43919951326363416 0.6329662388579317 0.3503063868295502 0.33240210304432394
0.48488947496055446 0.3240249751565728 0.5046443179598219 0.5524664488522344 0.8691334080647073
0.08005128476194101 0.3505636645405815 0.4587246676675799 0.6948277108583761 0.23921487004161823
0.10804868668389267 0.2907289487756778 0.40811973745405183 0.6750405748594476 0.7243426048626515
0.04862936092954728 0.04840928674945277 0.23780007287125915 0.8704249080638672 0.2922971152577749
0.5988530639789754 0.03631288912344066 0.6282165829965435 0.731067374710091 0.3387696642110162
0.7850407834522057 0.18446223475038426 0.6068181694794547 0.4362573039206 0.3173359522944781
0.3247762608548638 0.5147027570534999 0.8874994438127484 0.022930338294028907 0.030129898608921346
0.22870470193055625 0.3086488949184273 0.4062296357457327 0.018094929171272534 0.30328653856883203
0.016843839731137344 0.18170261106523344 0.6424483743421512 0.707754136722904 0.29882406505936343
0.3236320200372218 0.1672824364673806 0.5165607795348724 0.7587794938966733 0.269721124849981
0.065552258025104 0.7266263292978351 0.16147684813734864 0.04152530233244478 0.6570335272256279
0.6018485132605816 0.24237514958280626 0.38940557329088865 0.09695084553441924 0.555335014171384
0.5433538080616176 0.19567707626215158 0.4540771454986473 0.47148607161668377 0.45084208222211086
0.27685210707971764 0.37589278270031834 0.542909940672705 0.26255188615174063 0.41435388645208004
0.6284330105911673 0.1512538204433389 0.2896808297103225 0.9128039993027927 0.6197408200085184
0.0563855399788078 0.7133655652654676 0.2359627715638999 0.8683812983386414 0.1749619621129015
0.15733038075401062 0.30262838300129213 0.26226327464871724 0.527272506915771 0.7130895335295263
0.8382774223947197 0.868052189104073 0.510346933763809 0.45972595374062053 0.7729556968049914
0.9977481209781593 0.5156685496114404 0.35718325768623593 0.05190500416052102 0.21654115327012524
0.05143554277234175 0.7601717854569706 0.3826380162873394 0.9848460216242721 0.952164548908748
0.699203537067377 0.38064996403507123 0.667456414973022 0.9625323009230731 0.505935129190162
0.29568243751387213 0.7140488237919085 0.9677024625810421 0.32191145565875956 0.0014310891365175715
0.9178048299337764 0.40898677846978515 0.5229676505689882 0.21381575748706805 0.7927093785137688
0.971540910784761 0.11595984051983443 0.9664079348675375 0.2751223573629321 0.4598967748237953
0.7201605473396728 0.2163369085322947 0.1515091105519919 0.887485232276259 0.8325675173619181
0.0799731346704059 0.8417553245414526 0.19790400040159928 0.6945395739834413 0.6049130113483383
0.4262797703841936 0.7085376870577942 0.22658674722085903 0.17326658444298715 0.09519901423123
0.32123807381935665 0.178806304820337 0.600975779438649 0.5190852371883962 0.7801244683196163
0.8563698593562334 0.7488677668078504 0.9933994680440446 0.7731655364167052 0.5226317494515601
0.9933740278880855 0.5924698713153542 0.47205556442161545 0.8568414717634796 0.21832282687870674
0.9839249539660607 0.18399963614336468 0.6491087957457723 0.08393901175070884 7.797992527817099E-4
0.14937378360417963 0.2521825752013781 0.2051619718123704 0.5459133562451394 0.16082769454972745
0.17776952716642103 0.5286183991674753 0.9124629217648277 0.6022492429420448 0.6245327007579351
0.6360642453746989 0.14370171977121426 0.7101116822550245 0.6555736586775257 0.9218355076218299
0.6272544081909168 0.34507544796626954 0.2051162754937217 0.5928252423581326 0.7210440208924982
0.3283189283929736 0.08727448820226902 0.22172977981540298 0.842153519741366 0.44492328681985827
0.704199706560691 0.14778440429735662 0.11482370227157213 0.5457385223532741 0.20656860042125547
0.3639348966038156 0.3700983832128619 0.7895092516366835 0.446285156774497 0.6553680499165722
0.01716714058166846 0.9586402960659506 0.17943539950981402 0.6615508238497582 0.0652445207083081
0.9548340098435524 0.6269474402796251 0.22240435707180572 0.36486401095249743 0.034932146312586565
0.6810728342610772 0.838965721246773 0.9587538685428354 0.08264764552564885 0.7577202620556819
0.3298665017758099 0.2850012906606335 0.22847217552951748 0.5378357125691788 0.7971844793574838
0.8590001430745471 0.42789780531390575 0.6154380138373149 0.8287004467404622 0.9757167244127786
0.18719198428173056 0.3755824844315643 0.4583196564575066 0.9200970407726353 0.4863170763851207
0.2624392235362405 0.7823931901434478 0.15097821804543776 0.09018709468364061 0.9658371512150777
0.2869013802631116 0.9326554506364046 0.8623056447688519 0.9540384146302345 0.8789383023302577
0.9282954076724177 0.3989310242100038 0.21117235170817117 0.3356622320030308 0.34067577139706595
0.28726570311294064 0.9996719287151792 0.3848543748937727 0.28826950602523527 0.5577690562283643
0.9612196941080344 0.913453610857253 0.23848202570590082 0.4485437827615687 0.8941245049379253
0.8639131576884027 0.4848878890846824 0.42884811493758634 0.10071404756666391 0.22294960367378325
0.851603364551758 0.5391371738238889 0.28524265379380065 0.13323337329949836 0.03546944279224895
0.4966388879014164 0.6009775718720256 0.565794686622855 0.25550989998064133 0.6883208092528161
0.5945411049164638 0.1793964108303009 0.16916717019255278 0.12720649210291557 0.47625011693194397
0.9628516338768589 0.3361085860202214 0.6833508138649197 0.3571084632014804 0.007240313210239435
0.8629340564437361 0.4173859533685792 0.8362718078897745 0.28720569920515604 0.2459056910012598
0.642400878254166 0.5972185987604822 0.6439883120409062 0.843858669695237 0.4190186684281151
0.4765246636063293 0.25758133381333126 0.8597420058618703 0.5488879640042578 0.8060536889804493
0.7713679293027497 0.1867765623251194 0.7734061418104353 0.6975387886656321 0.8898279011968245
0.9840070559551245 0.8073432095796744 0.3379455052401973 0.7083771309068096 0.3860637642718552
0.0411373829086733 0.2946700536941962 0.2541303468646934 0.32323852800115227 0.230984655058871
0.2915408104045506 0.717353752580215 0.030518887438158893 0.26244596484213756 0.9097550947240453
0.6356013209563459 0.45801332126527594 0.12114782645309152 0.1922975267035072 0.8560043030901566
0.46023948470125764 0.5332530782939482 0.1860499577933049 0.4459108382668683 0.33803618873416696
0.3487304475969669 0.042717532666292635 0.848048551559568 0.03439963699261106 0.632053066240007
0.41785880811044895 0.4836098023404317 0.04433250403143596 0.5978076109269975 0.5567227114647099
0.6951360411321342 0.8888344790366896 0.9827973033614709 0.6362586350952603 0.39080364951075786
0.8244512167021935 0.18157357827654175 0.6445801167862617 0.0026909282892767505 0.3123381380229282
0.48893291350695844 0.32232670789871476 0.4038322234812892 0.6545843751457967 0.09076649084934729
0.4647829009431932 0.24234113361454446 0.12058132479168449 0.023752598778592482 0.18927640724104322
0.7456125163036538 0.8325093021780638 0.1847323159624371 0.6092929383931562 0.42358834486909014
0.656554791037996 0.612211648925015 0.724908136016119 0.2572999020593334 0.3552599291620414
0.6852839893454247 0.23855149880500304 0.8973749252288852 0.29644494426803214 0.5893685759788307
0.43578146349264424 0.116924804576927 0.08543318742408934 0.3835125797759664 0.23266435733082413
0.26420411108516295 0.5898477371544883 0.2706054204698741 0.98451464676674 0.7426604031381785
0.9600371044554031 0.21970595055068998 0.6751673311392888 0.6094696044128061 0.4132273688949747
0.9187842412069808 0.661617855659768 0.22837825044993432 0.7457864514616716 0.14653188613233703
0.23577874163011492 0.5386509217564254 0.7655256544493275 0.04349570829978877 0.8832663415735346
0.9091474291869422 0.09475259721156992 0.43564153845206854 0.2685449031434316 0.7350307762022013
0.08482872591976642 0.3175564678754428 0.6564197945403186 0.9043340841297529 0.904273511604338
0.8378493937978709 0.691784876813543 0.012590504207945274 0.21499692940040593 0.6459110416995342
0.2026941513316175 0.73595711266483 0.23503017902636703 0.25704650138710095 0.9662408809535005
0.08674023834254896 0.40116448470249566 0.1720949376067309 0.1823921212147932 0.3699564557903562
0.2911959982163973 0.8480023524408253 0.7378404550589577 0.5355394876299882 0.9430149426452519
0.2574149649184282 0.21009855066048067 0.278030420595355 0.21656497422383603 0.6982126798492111
0.961476731564814 0.6740649681100805 0.3847388806587855 0.7180030954767481 0.6032471394591016
0.367697872858587 0.7105652568280518 0.503948604498529 0.5722129645971865 0.3145815166745206
0.37057980433376303 0.8549001848471823 0.5550644134825088 0.878241931900515 0.71806422588393
0.9006637650496746 0.020317736909439832 0.6351724614038098 0.5448747776206919 0.06232557394424376
0.173297578307811 0.5901912075004746 0.6968711638714834 0.357915654450892 0.23653679307913666
0.629485795553669 0.12549605478727166 0.04928910169925638 0.07613212168650252 0.945994801230411
0.21684420040253882 0.798957270983384 0.8440081511226394 0.8602522378439071 0.029599529031545835
0.9597016160798745 0.4867058412300106 0.9295476559097031 0.8945071740815271 0.35515559769513516
0.6832264480548056 0.4892316081547188 0.6805869190598071 0.9261403427171087 0.01762503863491538
0.80222193164005 0.9170833423425523 0.9153927721524739 0.9664627021639286 0.8062436087339673
0.8751872626578319 0.8424250568884152 0.5868896387753415 0.04306120819177994 0.6598515921103503
0.38060664662921484 0.6280462298403299 0.729939328261715 0.3395645715091714 0.3901618278945631
0.15663307184332376 0.09079346787203979 0.15073173173002563 0.7836265038053558 0.6869142664294042
0.0029697600412343927 0.8533573727512669 0.6044102145236068 0.2360835800070996 0.7353191296550002
0.3860051354113633 0.6844607100515638 0.6878360960027489 0.05420751010173086 0.0705568052586023
0.5136299877356836 0.3401526452070962 0.2563305431899522 0.7510767320367394 0.5011919894150332
0.5377178132128828 0.7506779790314295 0.41612925691398217 0.6390643395961534 0.8450573709229231
0.6567189228947878 0.05018482564526505 0.6866371972404981 0.3033936504072602 0.5118563050849652
0.6872898904821833 0.38871500639028367 0.9323827454991332 0.5884252574106102 0.8989649257066998
0.9109271200797935 0.7873106562687544 0.5089862406250204 0.23833330511738782 0.6310661233859688
0.562989956761391 0.8183912863836732 0.4837738286286126 0.6601632776812902 0.9475124728938028
0.9220771972880865 0.8779276289645828 0.983712753267747 0.6721773933159682 0.33226681908007705
0.9416802403690328 0.9113073803724713 0.47832882621203665 0.4772359374080941 0.8577781036218187
0.6020505406301542 0.02750010738343267 0.4235295985581293 0.8650279804323939 0.7934601419554922
0.11817676723122617 0.7369887820093435 0.5815667762984771 0.5031825463123882 0.44065430750422796
0.365674112563665 0.6844784669029474 0.39568534729815175 0.5008799139329184 0.8662509395623477
0.9130739804568307 0.7101998406221919 0.2748331104524221 0.5151254133122068 0.93443820241848
0.131535703376763 0.6169121857880145 0.8465990120785343 0.21238861565281708 0.7519914696466732
0.4389596364075865 0.9425343696749999 0.6547778936832884 0.32043646981089746 0.20097188583689052
0.36150290275781094 0.4791126614941488 0.3037409622938384 0.31020387788676096 0.9401103766798988
0.43274928950169533 0.8960834050970745 0.6122928234689857 0.8251735915468696 0.23146685447529547
0.003264686788752913 0.27618934453007504 0.0026481023063341658 0.8390061389630602 0.40201101713078724
0.024098325395882192 0.27768275695307687 2.033127847492766E-4 0.7283490231024271 0.8382961601111458
0.12990422943011048 0.2616350939892479 0.6844874530582606 0.9886046565894456 0.1190106583177617
0.5662317025679808 0.8702422188308895 0.4674663828978213 0.5479804525222992 0.3921034719655707
0.9428924119281058 0.6939799594493711 0.9046785325652289 0.3208648126978846 0.38845718719738587
0.6539180990745189 0.1973692755538421 0.8670296058086194 0.047734094809299576 0.4796650467071898
0.6756216141575058 0.37759025819599057 0.6820418523026467 0.8421744701336638 0.5853184907305216
0.8196821383984525 0.2864616429008793 0.42646226808979015 0.5449593079426317 0.3142741272021783
0.5624726818979717 0.19281391886902455 0.8501708621581705 0.34511474123720076 0.9472292496631344
0.08779862978731512 0.5143183479550167 0.6747031053716528 0.8633283480822 0.362347895648773
0.13533506542613016 0.13284211507265686 0.4007680771207218 0.6785695134083598 0.7423656432190323
0.6083711533672417 0.4718991338455749 0.7426320743249392 0.6205443252524452 0.7709639684157422
0.5905224827424495 0.28796931502836287 0.7382066510649414 0.2774171446659014 0.817888854498216
0.8512177547332136 0.8080587500247376 0.47564289874564913 0.0912064560801572 0.9327148965287001
0.20230594175542727 0.9096196213038785 0.10436512797304565 0.8140493583926729 0.9114679916447651
0.24984244764845343 0.14593698763827845 0.5170686988235941 0.48758578748124703 0.6263547991079336
0.8161146065786906 0.13191428026931906 0.4447499985426061 0.7252318134765432 0.34210009779315564
0.0160670291927395 0.903359372469047 0.4244244345224871 0.29055905634626866 0.17205155690771168
0.359242616928348 0.19116324690549724 0.8361061066726637 0.4483605883835954 0.3347545690185705
0.9406592896993266 0.38638890399616344 0.07632545733239604 0.32618371128967283 0.5646283969089214
0.28719044650991854 0.45507265284369414 0.9002848389593957 0.8782050240265681 0.5350701451192762
0.02737016645075896 0.012476864677020139 0.3050999976063278 0.9104158746753082 0.5510818957905351
0.6202232873008192 0.223396241312934 0.7103812112471166 0.06411200263514305 0.447337890200469
0.5281650368446921 0.3090328582872012 0.36513555305205314 0.3184362263993461 0.6321252004290737
0.10113574155928651 0.8880753615675944 0.827479311137564 0.8218556107042612 0.9963539215503441
0.43519961191142653 0.23033235937379093 0.6146115817236593 0.5222476855393625 0.35187843314430156
0.3584885849686106 0.5195839400653722 0.7672985106554651 0.3754518257467633 0.039584052851157514
0.39747909430966943 0.849294957999216 0.5713253380085174 0.9800563868230598 0.43358735854608366
0.32976453246754533 0.48132425505116994 0.31627680032272154 0.5920456816170407 0.011737826913615357
0.8525004846398618 0.07271122684240561 0.30279024713628 0.8559827120543423 0.08900126428361388
0.5791431152254863 0.04773335617625796 0.32994841194734226 0.8752718159205399 0.4937167988996012
0.4589881809456664 0.3640101711517856 0.2557793696622789 0.4545372157987564 0.5195036685204248
0.23120740706144005 0.8246087982604356 0.5397879850031311 0.4652615539639585 0.08951942477189545
0.5776951281211432 0.6548066141711272 0.028225712888315657 0.629824352926764 0.4111217849487143
0.6842821288925818 0.7305241782186829 0.25803896708184304 0.21082738058509687 0.7487169791782191
0.04288202641543548 0.5065376991913196 0.9722286887702806 0.18652155530791148 0.3541134750283802
0.917801904530127 0.41268006213606734 0.9465864077181947 0.8635196495740423 0.4723509152743347
0.0953554688948538 0.9209036727677796 0.7043284774429452 0.7433586359851294 0.17005172086211573
0.372785556101773 0.83385150338348 0.35196088228297073 0.45457643413223325 0.023455061022232715
0.48482167297302825 0.9701098963009934 0.7297982932381023 0.5482595501369427 0.26241541820700043
0.07193474276823097 0.8021007707039683 0.20348550103549434 0.292751270778682 0.8699166622649898
0.09889503196072069 0.05572828186728229 0.18119617082210238 0.38879170168629484 0.30601158719764865
0.8179983710158978 0.9225999149685971 0.4279427083500874 0.8302041117347597 0.6102210638581517
0.3206173057870184 0.24214572431383408 0.6756635495779019 0.05651382083412748 0.9195661078051447
0.13088658689838006 0.6603539057909398 0.007602122289792623 0.9298088353978569 0.768065512724834
0.7661456149871525 0.8339605150474554 0.13643464013805262 0.026758782906180945 0.8161365405885683
0.6737429519056688 0.32105703546548725 0.2578081610628905 0.6032146168352633 0.23929264744378242
0.2978323748183177 0.4663606913765659 0.05582960972465301 0.7869979768221778 0.26734261747118815
0.5970823869287667 0.020106798506979606 0.6374883376981362 0.8257754494471848 0.18662144308166095
0.7618483788312359 0.1966395775009694 0.6318735911876954 0.9709979998875026 0.34763257879972087
0.7725855244595677 0.43041422186005207 0.6459488765231659 0.6511351596947091 0.6099089949452292
0.8585188524555109 0.869857526766602 0.8489614601561245 0.4694116517256154 0.21988224076696972
0.7717509278025685 0.9196912838586253 0.770339060662451 0.20204913057607288 0.6809464386827532
0.8405031898183332 0.7816636875053706 0.33315552769669066 0.5302837436401223 0.887658748824533
0.600005256004477 0.8270911139448128 0.40147805593079966 0.6902911983493385 0.683994257538252
0.34982820679677895 0.9789825731872078 0.4613572874873165 0.5283611611860393 0.15470130642931235
0.2578496874311277 0.13527486523262888 0.6557604405201061 0.9807111635175061 0.7114320046414656
0.978683226114416 0.48031471563619377 0.08546570878706783 0.26636586480234803 0.6089266434460339
0.7540915216937991 0.7931593589501096 0.8551314011436494 0.2542764999035929 0.24620129782981615
0.9780316764623995 0.02058514579905324 0.5205704511599822 0.02393167756121406 0.9750346820128194
0.032212139218489644 0.8908619604606203 0.2063102623203894 0.5119781449145608 0.2404468314692666
0.6778373550054855 0.3427141046406541 0.39121016742090153 0.9432627650088351 0.1731711281647258
0.6326207558567355 0.8139304471567144 0.8683335576813015 0.29365518403006075 0.04732275129108143
0.4365219624452258 0.4844182021787875 0.1108509335450999 0.040403293842730115 0.4758260860211845
0.7472262916391642 0.26917785291774876 0.9409978898557112 0.43907544409031285 0.5578694769123828
0.44676550377874813 0.31234335860690765 0.3442375293684602 0.16610773128912049 0.6940610261408569
0.5278416508934858 0.6178113556063062 0.9859499970259874 0.6970970839475842 0.5678431803660293
0.20965848761290462 0.8077706754894631 0.7554901623899046 0.5725801963352044 0.8482386545384671
0.18895493257734985 0.539652752662072 1.5807410823098778E-4 0.774659704529745 0.8841872659885516
0.49736719096979265 0.333238213748579 0.7402399486792188 0.5368494444168322 0.1167828205236352
0.15402332191646917 0.529820802672683 0.4945955275221303 0.12106232889524782 0.06438232659260379
0.7818561450711133 0.5350227178456946 0.06931735496630753 0.3664282347282045 0.41634410260799104
0.49145959136273654 0.7691368507893132 0.6385897806483434 0.5529560915681985 0.2542432125508306
0.3679269211155165 0.3431932414910066 0.4042568157334048 0.3894595443444634 0.9834434171754796
0.3837981744920834 0.2626979925663523 0.664972287146503 0.2583141088643449 0.09400666206176489
0.36510799927425275 0.1026673855534388 0.2790101681480025 0.4841930784856828 0.11468826665135201
0.7861915573384137 0.886641585627875 0.6985770043586069 0.8680663081466855 0.5450652040706387
0.5251145547116494 0.542289302699495 0.2537447991385988 0.8089010193807857 0.4216034312404737
0.62655734525566 0.7783247907194131 0.3795620376056532 0.07495359906315735 0.14986230806540768
0.2981700560875905 0.6044435437109528 0.7395457552269454 0.58389788159892 0.7867192772538756
0.4506653391435097 0.8353163847422965 0.5653860799689121 0.7114409755121597 0.277812464958329
0.9890427494153815 0.10828305437116847 0.24946615356883717 0.6859635486960749 0.7176653859684304
0.8456334295865319 0.5172214823491788 0.6760982680930252 0.6013347349161794 0.3863092355266552
0.9669262400726847 0.501576062358588 0.16203268295962858 0.029095228442034493 0.11160407352017443
0.01223074673369784 0.5630341403682215 0.015059522084517996 0.7803006208634827 0.9967265071669797
0.6751373372740944 0.21887477245575437 0.17648659532003286 0.014172670632798368 0.017505933223784576
0.6807317089580438 0.11516494187439208 0.4725960386396262 0.5741302794447719 0.6627134456843261
0.9479905179062069 0.25972149482100226 0.5113284335225892 0.976975664733778 0.8507483282383075
0.060612457740479075 0.3773728264846975 0.17780396198154103 0.3438271345964128 0.607075229385373
0.4522410989817849 0.8355966065606778 0.1438631045731934 0.4953318566966439 0.5336551740833823
0.5180474963386571 0.7035174915593262 0.8813186819880733 0.5949852928086677 0.29228013328487046
0.08639184834158686 0.3170684935497987 0.43126106302817746 0.5314109170796512 0.14537276617890849
0.22698627405656568 0.6214444666007334 0.5599956098477576 0.3252375502038104 0.03942974643555586
0.8782849274180038 0.20504031891103391 0.7941411157437105 0.7868579482259195 0.13148973248695872
0.6327340526556693 0.023643642486364524 0.06691195922886983 0.4956076422470136 0.9457872244639096
0.38322724535520825 0.6171441667984905 0.6109374580405914 0.8922365948487507 0.7927896771356225
0.3977135303606921 0.713937334387756 0.6938035872726737 0.9853909476745141 0.9992161537231402
0.19302477616095526 0.440370090959216 0.4725693770253948 0.3969216599410056 0.316321277693869
0.7168618073658406 0.8758310198637117 0.5580380876644184 0.27980948699235597 0.12980584302910314
0.8904569090437096 0.17522878661847185 0.717535284097802 0.18305634689881023 0.7815605346696772
0.8474569888819431 0.33990048994675615 0.5156577916108303 0.9773677675512515 0.358335077157763
0.4217567976881098 0.8595426429140021 0.020979997666502825 0.3125068361270472 0.4489250217326286
0.20073647409565054 0.8694206754303501 0.28219324603396834 0.34992788757498317 0.5349700760215226
0.28755438995612825 0.7888831107623434 0.38913908432581523 0.2970749820345976 0.8745064815350241
0.8992519264641163 0.9782144880895879 0.013264952856114287 0.0815006059915554 0.9497439690351485
0.37458692900286805 0.9763830336325046 0.432570499013881 0.9308536392072057 0.47896797036716965
0.7764198364204569 0.0433912187670239 0.3599943514691286 0.7182164348581167 0.33208568365232993
0.4485144346797282 0.0509440797416838 0.3055955652228496 0.6639455174466969 0.6935811341935892
0.04820917815104253 0.007356046759261825 0.02560248143657229 0.6266243017436299 0.13624846467796314
0.9127455798090369 0.16664177462176288 0.33136325316899595 0.7563521698449419 0.6039598354912581
0.43952403886725855 0.6854302798227562 0.868071501552721 0.5532139056116411 0.18234328386356458
0.09775923377370743 0.27744594452180615 0.5360270230461192 0.3103412899800675 0.5819051008042689
0.220877207150311 0.34297793163736423 0.3312968170430546 0.45585200109321067 0.541350473129355
0.09660182800325146 0.06338470952787789 0.1239070511344621 0.6228046393091343 0.03576411448009653
0.17882617229563746 0.5925657171188453 0.3588053579255015 0.7167603688387228 0.32262888396801037
0.5997737891357915 0.8232759089193277 0.19855559479017715 0.962940715546584 0.49580010409643405
0.9838926074182537 0.9289904875586511 0.3180192923865218 0.3039732988890098 0.7528529319503886
0.7294458361630611 0.6745442510654166 0.7108246326092902 0.9050762727557828 0.48737086641667005
0.1629772347262023 0.08771830594291163 0.9104986996192291 0.9092448622356708 0.587900123025666
0.029839564622425097 0.524974598879923 0.960955858904204 0.22473919113692942 0.31345020071742247
0.0633997277029521 0.42824412016103464 0.5890089753123225 0.618609519236724 0.6390217332896538
0.36677201289273575 0.060186899992317744 0.842098951324729 0.2945058132841316 0.07954633018265622
0.8995552429167348 0.3340761564991428 0.8731745935737685 0.6588326847650555 0.6398245799523489
0.9320250889270881 0.6829432160405069 0.0603663718309575 0.04407889901882811 0.236856041898464
0.4908215267773445 0.1395770129873226 0.8325590695258591 0.17855004619033465 0.15245777234648206
0.07270987193704326 0.15802840443652277 0.5525300708258288 0.2290487566419923 0.11013934448512097
0.37393976399798634 0.8729811927220468 0.273043828330342 0.6648352246111661 0.9843513909928092
0.5856306571906142 0.07442108042114481 0.32585568774914353 0.7905139965165843 0.4100377511958424
0.05091580562838205 0.5049057456340404 0.15627909253558148 0.3402328643051945 0.1384330720806829
0.07341302526336824 0.0029546463451549654 0.6225836921816041 0.9919778016921229 0.5282379074752239
0.6139608837973347 0.8510558386913513 0.042786635187971656 0.936047992126134 0.5806156732303757
0.1725742309673619 0.97394856738103 0.14955200720942508 0.25260520160014843 0.47898067276780554
0.4746518254012766 0.5632012228435566 0.8701725024527999 0.37712179342463237 0.7122969433219432
0.9816316680303728 0.14978306703202915 0.6748911837315067 0.8220665548946335 0.011033418680276741
0.4710027434419706 0.09858793264191335 0.8551450456135732 0.751798101950013 0.9695504309459719
0.9657435036241524 0.04963191236562703 0.47020945989872354 0.7799641292716262 0.5776073390496146
0.9922947070403637 0.35760567594369785 0.3910456135618754 0.16677110945760687 0.2246589866326354
0.44735693564684886 0.5782256293028102 0.33795028420008955 0.11353380127240109 0.2531648357890047
0.6592180828744152 0.07373110643330494 0.353923681599835 0.7166051550551956 0.8828079740900568
0.5421295440685048 0.30137858951502416 0.607498877704785 0.6053448948010725 0.13909856449266134
0.4411857309714883 0.6076110197538382 0.535489969501556 0.4266584773143376 0.6934083520063644
0.926340435773565 0.7349909429158741 0.8861146839806725 0.9256279609095536 0.44647794802992513
0.25173675721208244 0.6958659094884644 0.9993485555851795 0.07877439132073716 0.23106922894433446
0.06459515107547242 0.9113724038969121 0.21597404457184888 0.10230627185972507 0.0031746401866656893
0.10805884207895156 0.9201329902772774 0.9696576073389579 0.8024052261758323 0.8482292002415417
0.7514560263957387 0.6501902382897135 0.8987495147071515 0.5695819769759034 0.9525499417546498
0.8962280735497611 0.25650733730350006 0.5738347340217393 0.03890477852533547 0.21554581761534763
0.8724212141112588 0.9874101101861317 0.7145790975941226 0.35994486304466045 0.5174878930757197
0.8773351112710772 0.4314789829657185 0.9912742529699079 0.3707924726547285 0.6061246299165396
0.8412847021859937 0.2536877063656643 0.7714691096565713 0.994771315444484 0.8509932533354888
0.9819027950429055 0.9174324369044569 0.6295657155956088 0.9862087452657203 0.05745644022048957
0.9733126183965347 0.6963223044263293 0.2907266152008502 0.9884260124053904 0.7150657190459374
0.05468801243372501 0.04662225052026414 0.13281310382870803 0.5350206411183376 0.8755622872643548
0.1859678911360625 0.11176278906941961 0.35866238768751013 0.05625849630219326 0.38346639779009284
0.866018025995843 0.7832411644823627 0.8008883480327835 0.4687042105333199 0.497485538969495
0.5383349643788936 0.20755292916491708 0.9773898572147316 0.5075159352769747 0.1897834591832217
0.43927470716251305 0.3728587337999488 0.2944773214128855 0.8609489597227635 0.07220717491155093
0.7122885236799517 0.8054284124387627 0.6290501295416095 0.5125100335108842 0.3064840270328182
0.0501736181546415 0.16935287573581947 0.9523793362418477 0.22775403736506905 0.7807089932529223
0.16629170396691972 0.19607373243048432 0.35731712465379084 0.015044836123825123 0.9881342455910059
0.8283794071331031 0.03183709248392497 0.24161700986206602 0.13059052554944128 0.6208078242751492
0.24810291726178557 0.07897567805857719 0.9748076597490744 0.7749223046828706 0.8155322105906645
0.8851667246201081 0.47647964778381213 0.5875403311520436 0.8080914626010224 0.3121978548584746
0.5053412229512776 0.38916081839665906 0.16038958566311412 0.08320756897665937 0.6881033829238429
0.1548166596981151 0.2771163560899219 0.33343217015309157 0.7729277263575144 0.015654452471491
0.08066090830287254 0.7007921679674808 0.7298255283453482 0.00989514355896004 0.008659334127137597
0.9778963838399941 0.028906524816296963 0.8034306022874895 0.09138500723291454 0.5444881342437782
0.7971916576467812 0.7831629129734311 0.38830859679647656 0.9878350415532702 0.8447427388269859
0.8802944057368214 0.7438197907487268 0.2882899620251159 0.872151583820695 0.7161285904181517
0.03401580712035546 0.6982275203536363 0.5239696296196353 0.1795431220062933 0.8196264231613254
