0.2280767745127239 0.03101886521833186 0.3433127374085959 0.18262975423936556 0.3095759900767888
0.7256628957494319 0.1631536372682928 0.8975898494231058 0.5359986225828735 0.1786573432115568
0.2932369160737902 0.8483066668247984 0.3504772905413749 0.8088265246175557 0.5108932123051457
0.6959513492496314 0.35638688302437815 0.21155763489553336 0.8736937744730685 0.6672949459983689
0.5647723590381186 0.24120576951848594 0.516595473053048 0.634054613534751 0.039497672546006446
0.020738643458256822 0.5421350796574705 0.1679563667411974 0.827109571898809 0.716053187212051
0.7622479639146368 0.175060666144793 0.6218859429708444 0.5774367382046334 0.3793882394922594
0.768560899426977 0.961265465363344 0.4469332135537064 0.3049790579331535 0.6261789744950006
0.8728313805431354 0.6579145292957956 0.7048230236485029 0.19644663737946044 0.8012494841199763
0.01194637325210457 0.5339544200043114 0.7675745542359944 0.3320360713969637 0.30807659977392776
0.27751672241041603 0.5932758432412407 0.6987589280237098 0.7209632644884135 0.8495998952137019
0.9818245379220036 0.3112506305126581 0.17679875855368443 0.6185741174554038 0.49779345152352117
0.5746401032773722 0.7597753980311743 0.8253076528047427 0.20033028612289183 0.08248467564821182
0.0968768155424532 0.2397585828843921 0.14749436843186847 0.8620121500211757 0.6150687225082382
0.7617812726180462 0.23309125727773838 0.725457948690822 0.5425014202188031 0.8135903106797764
0.7906055412591941 0.9387097835832837 0.5341260288504843 0.7941761649229574 0.29824702022580685
0.3569486141163605 0.8421647189622102 0.5700681353307671 0.9497892949031502 0.896700922148301
0.023164788275176873 0.9621919716070384 0.8177934394481466 0.714694552714138 0.2759056928383675
0.4551712423761045 0.8289742132729901 0.7461359223839423 0.6382163113498558 0.9032725275309605
0.7958796479236561 0.3185043516281275 0.43579996838607227 0.8362967960196684 0.3047195490530178
0.40168423932060204 0.5724527899552028 0.07907018647677533 0.34609168117066336 0.6812338461249123
0.4786005682292286 0.7897898078218575 0.1935196258521933 0.04881492655027986 0.7938683406557739
0.6953305151801207 0.18412912660753022 0.29228463846804253 0.14943569953376168 0.25572172120651715
0.7364545514831415 0.7376773965366092 0.7372202164162699 0.725353541476141 0.1522812802015252
0.34628103790493137 0.7054700843858842 0.5950736836090067 0.49259313270543015 0.3022383728147071
0.8041365957448775 0.6971882082501917 0.09210875475753932 0.4395811989454652 0.11843569914351271
0.33448070533369845 0.08255470505713136 0.952331401718527 0.17529709384961245 0.15471555612143428
0.6317368157490526 0.7072791180052953 0.18493861310179005 0.1336934145539811 0.47363583516476104
0.1362754887137847 0.6885922782293267 0.9527777112334832 0.7041670521445975 0.12335370517723798
0.42344783077741566 0.2609130934329983 0.7479081248678721 0.5217184744654975 0.7871684450440191
0.7965082383331171 0.8630129652281329 0.9366208833985991 0.8868724928766099 0.1111565632371625
0.5446936184407756 0.1923620062908511 0.7912639461366934 0.6850206598397331 0.712066596956635
0.465145252152811 0.2696338245391555 0.5528072069177056 0.618823706971543 0.4082239808967554
0.9977431516880482 0.16961094695571344 0.015101549885321308 0.7217674840400369 0.9381378655483766
0.13750809353527438 0.20608817274179303 0.52709491917203 0.3612345544430817 0.586630433343098
0.30231930413697583 0.5934036709801662 0.7635553189454327 0.4585538282789635 0.13728031982148126
0.9348444395062268 0.7607790036333459 0.6751855460126 0.039844891250948256 0.546772944845046
0.8858148731127551 0.1929370701030495 0.8922445133472285 0.08223389552425675 0.10589450747870899
0.23982024515681033 0.6786778692633997 0.08320949242582609 0.7877160133900366 0.6122061097648195
0.035332453678019404 0.9758919333046964 0.7859638978661649 0.7683377836404667 0.14950542626416763
0.41521528208168124 0.3080678645521183 0.5972897110570818 0.7236744706439022 0.7211086241890073
0.2168511925925214 0.16491774493485922 0.6197834003196304 0.08740986784494964 0.4727601174650855
0.4424455558646855 0.22967182880539427 0.9641047270838691 0.48865358206785414 0.008684888252861844
0.5794915140157221 0.5145333573609494 0.27267220127030634 0.9834884138822497 0.6691166791165144
0.3314325633783054 0.3684945554915936 0.9978857224187567 0.571969453426086 0.6591588721846123
0.7673272536016271 0.8354543701718514 0.37634553615043453 0.21416402274709878 0.1622652200580036
0.48982947879037364 0.136239456460165 0.32177060916393696 0.14319693842674674 0.7748573133542562
0.6178327449173208 0.49452295037197824 0.18921909723491837 0.29674917379971344 0.7772222266607335
0.7658641071038815 0.605563284038375 0.5516940101618611 0.5856302262152879 0.06261712837826805
0.8733276359370115 0.14773967729873605 0.030251949164378455 0.6507244921645753 0.23284404527161273
0.6663539169928709 0.8620595547621047 0.2209270051609351 0.7053019576054632 0.4769284400235795
0.9362969939264334 0.49453938814385057 0.17228760601096682 0.8965900467442957 0.7970627112026378
0.32420676537733506 0.579187499320594 0.44803547598892535 0.4942924927058089 0.1405024513624923
0.8059437397989232 0.6097070788161927 0.48961795712044487 0.25245438019053135 0.25743750954358435
0.37547879701816056 0.9069908012165152 0.9485638363225971 0.7658166245890997 0.1451231125211293
0.31462664515728067 0.5646066850259037 0.9683719359539789 0.9521813811309886 0.6867364278220929
0.6854840659474976 0.9271060792786167 0.8024611251314189 0.18667767413924752 0.43061587855576267
0.3899278015401282 0.9442361923691066 0.93757147743265 0.3358471282859068 0.758443529821413
0.22032640813823434 0.0020955726767099003 0.6895635274275882 0.5236072582319755 0.26258529652869966
0.38007785670459515 0.3066895193578978 0.658028843920502 0.18092639313244308 0.9506784368489621
0.6314684779011892 0.21252968990482568 0.571869270005401 0.9353627138858585 0.748401076377115
0.1545742366270879 0.12568902912255597 0.6385322046296729 0.3504448706691117 0.3074941061975671
0.8466035944209814 0.9345930241305636 0.9645541943669624 0.10196164661486007 0.9170358172258305
0.2134073213007387 0.7668664886622387 0.7349579233025014 0.5348375562345843 0.27048574147187787
0.13331735236155173 0.24651964389635483 0.6314659849228874 0.9339439581356056 0.6661936266643287
0.9708386637428966 0.23945258987692786 0.05715991256474273 0.8131095794620576 0.7958263060026007
0.41910792816362097 0.8742324569978813 0.35211901801124035 0.6740445148332236 0.07725597849106236
0.6147567487041189 0.9551516006747504 0.8679441308435245 0.714894142744443 0.705094693749718
0.7616886123178187 0.48364022568412923 0.1260260685071417 0.8452340437798644 0.3955704641647044
0.9499934158197475 0.3365160340149609 0.7434929660605649 0.1400538214645769 0.23355449851394328
0.6196656646434379 0.31574112093839934 0.04971359101713102 0.7449702086561539 0.2543146251684528
0.7114727020077959 0.6225113779644375 0.08873506355612726 0.8016192325698341 0.6159806136558853
0.2813283413351759 0.03571522227496082 0.06826367983411252 0.8960449319581414 0.3214870429620552
0.35665785409478556 0.5967109111021538 0.8059634055541062 0.16926387968173728 0.44493966271647445
0.4772012964783283 0.6514150510894269 0.7661193601400517 0.978096374060099 0.5115588047013665
0.02056272918997415 0.6443510090110526 0.2202147573060359 0.2754662891672922 0.4349639715037389
0.7920996853341017 0.9510575927594117 0.4237224612884819 0.5472739344143612 0.719116554931931
0.4228306415026998 0.6620955984627207 0.8183880348293305 0.2294251277154572 0.19179061563802835
0.1697393861287827 0.9435860680922132 0.2829885580442498 0.14943123516595302 0.8977390842558846
0.16540377681180463 0.9857198798342091 0.5867742942820956 0.09220696780498516 0.010371470305839847
0.1856482675947222 0.6653312509637573 0.5944476835414079 0.917423981847113 0.3727820864719321
0.23959013631633475 0.9560661066172337 0.6876997150978548 0.5811854996673599 0.5784215558762913
0.1734914264970664 0.6786110519016851 0.7740117370475966 0.16658670076074278 0.8942427500661636
0.18948212322740077 0.7557134351110253 0.4325691998820267 0.27636359934484944 0.5417142395309318
3.763068422957261E-4 0.9452418171472834 0.2928035139982311 0.9433531377432294 0.9110991447480145
0.34941825082413047 0.16412704817061496 0.3460966278804072 0.9325702352837006 0.06912867239965781
0.7757818399387023 0.15219463338507822 0.6274659543189671 0.5974978315002126 0.39025900903514976
0.8093584744361006 0.29702451207037794 0.01339227514052821 0.6998306660258263 0.04370965178259412
0.9771243017864961 0.21754353522631442 0.2821508683358982 0.723962868463366 0.6734225115309435
0.2646423488798648 0.8188581589291299 0.1244517303207886 0.5125867747697371 0.08293839985132057
0.01641885877256055 0.6602701624387667 0.08137857696618644 0.8191690519900816 0.028802506517102144
0.004715906859343644 0.6013241520955654 0.02417977293488116 0.3231819384136302 0.8673873136788607
0.7439352793023007 0.9033875833722096 0.3527021025903687 0.6106979481543657 0.8299181148869395
0.8962784492307042 0.10446350641758573 0.3132383953045278 0.8755359784632271 0.9204182281809677
0.576217533227557 0.8503277724111935 0.45026745862469664 0.7179959736040487 0.5018725547052935
0.05526256920705319 0.5921285447350184 0.8767076417426598 0.19376127137685695 0.049183516959313
0.09050359826313248 0.2618266916909555 0.1987211252041725 0.3831458323086374 0.29105677167268296
0.7925981719029134 0.5753916755049956 0.7228923481378542 0.20327190726304611 0.723630702198367
0.9917337986205512 0.4249924786062562 0.0983956432962233 0.8507510104876134 0.5146273852011438
0.5024245165367867 0.9740349135905803 0.3508238535684164 0.9175060471078615 0.1583430278757958
0.23138660714671444 0.28632963883791596 0.5673383444690232 0.27868638960383973 0.6620538115891521
0.15803118477519928 0.46886707992955345 0.01744442196435747 0.3736293810275888 0.27284976788462956
0.8418696722646037 0.8828194639511651 0.5967044692349974 0.10910999023021006 0.6863038282198605
0.5381789489750115 0.41068609482468355 0.3076020514583343 0.15055488668414108 0.8686108435026056
0.30178402460517306 0.39444870739907945 0.15960225673484407 0.7320581060538287 0.12375457090169895
0.8505538254545884 0.6827742776768501 0.21342193994643177 0.47046458634466815 0.6824479933703118
0.2248621495079478 0.13068767481895383 0.689066402903594 0.22063602489072676 0.6097151954572846
0.0040415745384022594 0.7635500649062443 0.4740901517257543 0.8920416839623574 0.6921102871967749
0.08066668861862947 0.0033216879357887974 0.2809900569423004 0.4238694852113706 0.6536925971955895
0.9395032237994332 0.2881881564612374 0.010431524736954634 0.724231069281006 0.47340217659834116
0.9232685915185123 0.6078366639054557 0.788224524340181 0.8654259131250696 0.6515107193627241
0.5201360899416974 0.9995768937119046 0.7868673815927002 0.0010805382470541192 0.18146893785692753
0.5932625118743131 0.5924796348071683 0.16145205135428697 0.6365001895385671 0.4395241969337781
0.9457962124316743 0.6499448911284594 0.5504995864604791 0.09173976460810407 0.07115400017702322
0.1399143815490863 0.023506243549135664 0.7227632446004773 0.7901636030134283 0.8419821951071147
0.2574377874226438 0.15802278391190572 0.4154119018086636 0.4087969306799707 0.4306663804577411
0.8083846532530263 0.5204701772883941 0.1941658776793933 0.9714987508762544 0.6817688059484457
0.5828203974973738 0.8390003314347707 0.7901608099808949 0.8097281746419561 0.5051011107476397
0.5793690070262145 0.9283019104906111 0.36368028662773977 0.06011392335426202 0.37605481559705256
0.5156974964887153 0.4552067874253626 0.37632001194365217 0.9503628415137438 0.8857434847326693
0.11581246005839463 0.6830956546398997 0.07752800570746987 0.1944990979190534 0.2337621174283725
0.6688045013459756 0.03692309209640465 0.9124495612470773 0.2890906119418206 0.9697836413480541
0.947368927546523 0.11382373479672203 0.5726072560784781 0.5046293936990509 0.8262005232362353
0.5752160249609567 0.20069278920917066 0.5957077830316965 0.602344103505606 0.31342571066068725
0.6449136613040962 0.07860401962366526 0.9865118213233434 0.34184150523299517 0.6839546991062333
0.8902639197050187 0.05572233569657037 0.1053622791250527 0.6550980391474591 0.9478697043880655
0.6447072146504609 0.2657597893126168 0.6334527201917731 0.4830313193804807 0.15336424003236204
0.25255300355979304 0.6993656147077113 0.37966379802911354 0.17727098999318802 0.2688775272515108
0.7679214729807412 0.4789598316240383 0.44737273034702674 0.24749779716648446 0.5491658918309947
0.26115643121173104 0.9253111141774473 0.5890240853152152 0.08366196955539662 0.791332771620738
0.5424609235695741 0.3825597647518947 0.9552174964279129 0.32526627924830076 0.9935943515548961
0.20841914206904022 0.7210969463379545 0.5114121692122767 0.2001934638543197 0.553219373558937
0.31975786755902746 0.696361620424982 0.5437829889102721 0.3295648618342846 0.21712919818212628
0.4436721270237488 0.7362577143304521 0.9857060074026239 0.8346743837181997 0.009752844396737181
0.24202943206154748 0.21496850045935112 0.36595952542774635 0.18552709350453023 0.49592091123099413
0.3304132899094937 0.43317317274216705 0.6088827489520917 0.771085046447189 0.957101793813975
0.16102041754965668 0.380460772648781 0.4428296620086778 0.8125041938552429 0.15264167868610712
0.5741208181623259 0.567079394202691 0.9950036023493614 0.5406815411526599 0.023462260153680248
0.1463079790564511 0.38111249376239253 0.7563613011488044 0.587067723358573 0.19112602395383949
0.44393163314122464 0.9103836849349343 0.9476755971674496 0.7023100443756213 0.04854657130213935
0.7117265007621375 0.8842765156230077 0.9959113756108084 0.5544698543195543 0.6638569686014012
0.871168891801026 0.37318402346922264 0.8609019891011879 0.872626336151215 0.8042962371475333
0.9974226211144205 0.867497758578229 0.17607993109653364 0.6327293411164706 0.9814032355623222
0.19148887975061946 0.46364507194903604 0.6819448299280872 0.11197104067157393 0.8814276212817257
0.9906355063037747 0.4955904155246841 0.3424207674588525 0.29848067737630257 0.2137376071051681
0.09371719580784466 0.16866709070729602 0.29811606632423715 0.17412021100840935 0.6479972626340322
0.2718039349942344 0.3381901864138348 0.7370364897321863 0.7082347275438904 0.3575032340792028
0.16385627152296034 0.06026287364602634 0.2795170618690296 0.9518047464486024 0.27537935848533
0.5084464390927214 0.24564267900070536 0.02320109856375807 0.4718569553375158 0.8564090423688961
0.8619999026129481 0.6925226154177031 0.38200903279136134 0.03168264178196234 0.2998613737700694
0.9649789820060465 0.042614379839711614 0.8350273189960168 0.5140970140510437 0.372815782980086
0.26583492895898675 0.047409316403163704 0.027597881091046994 0.6523959199651658 0.7485837426936104
0.08289406285295775 0.5782422696455575 0.09611721236991533 0.6202559018900089 0.8791344487125557
0.9580240913144342 0.017428848337015745 0.39955614091604996 0.030612405593448466 0.7890034442418961
0.8463118406771178 0.13682103812303803 0.26451725858643393 0.42702745470688297 0.7329387564116217
0.8551472184072557 0.2351220284594241 0.6617091690888894 0.17883097313593777 0.2718017150122196
0.26974436784204925 0.3899409342372705 0.1376823553961889 0.18080410470478647 0.137856037952244
0.9802581745312399 0.23212013082890603 0.8082347179484569 0.13463129732030332 0.6166580263585983
0.21802537392786514 0.9137364514766497 0.7712008772817366 0.5130168476134465 0.5946368302712914
0.40484288710327654 0.14610506109619137 0.523039348273923 0.30651372993592485 0.7551781816574096
0.6359158107314621 0.33571134417603155 0.8125343449327205 0.5732394857787171 0.887724463873257
0.14251701077805268 0.40745896604883236 0.2553859142053122 0.2221681343736821 0.3902207818722524
0.5731876663907116 0.7748223818637774 0.4628943686169019 0.9918029994920308 0.3096939520367409
0.30778068683483595 0.89684040440327 0.158177358805355 0.8497182143617115 0.5787645697569309
0.5394297879741724 0.8346076867245913 0.8966553383424313 0.5186387385370145 0.12976568006185807
0.5782799167639696 0.5416730737201226 0.07250705720001838 0.31312661042725154 0.5972750469548962
0.3139489504557609 0.7687380114948413 0.2815475120057096 0.5862271886364788 0.3970154642131044
0.9661604581185096 0.7379946880684068 0.9402404374004184 0.904554243106179 0.5333663949764256
0.4256205017252589 0.906176869002347 0.25058233274034414 0.08222145747447862 0.6208099553825929
0.23921752411486097 0.07182419029289444 0.7770981249440496 0.9272077977913585 0.9726368294376277
0.864165677049032 0.17201061588715227 0.4276415219922942 0.980020371542169 0.4804369610952479
0.4897444290170214 0.7518319729343659 0.11169468458786469 0.9033734832626591 0.2502375533675071
0.9000101777828102 0.8209270450035263 0.2554553027974601 0.1798846889654413 0.7260351783445295
0.36049202309502004 0.8364267892363209 0.8890996148433243 0.8283344694294057 0.826491034616036
0.08965028674411335 0.8923846052535491 0.2229652054643254 0.5538495764868724 0.7900489275205002
0.16332094344027093 0.580320660084656 0.6267066489543023 0.41924524160298826 0.5663071962255145
0.9954833889141034 0.5569493048393931 0.647603526981239 0.18753723718096837 0.23195267909334893
0.505434575194902 0.07823655180335476 0.7996232431122069 0.12945076475485817 0.7729801417071169
0.9246369915825452 0.4374333013321311 0.3987385895601091 0.6719940893310915 0.09144734699201784
0.3371273487279359 0.3398487381044507 0.3046531461640205 0.2069823110504243 0.29603911164599506
0.11486947947142878 0.2198279120320602 0.5164700971735413 0.8479656920444751 0.08239045824425628
0.3984926628888916 0.18657989957264243 0.5165909121302487 0.35794738615365995 0.5261461564811737
0.4946550259960416 0.8091819370840031 0.20327916268314783 0.0508095138091853 0.5801722352972241
0.5433634574734573 0.06693809271342543 0.09645538611926086 0.921299812956593 0.5616873261642114
0.09976966596404568 0.9042626806763194 0.4660279893332081 0.8818796629898753 0.7510055030995509
0.10787939999073959 0.3951974150312483 0.8550616320040502 0.6141895005491042 0.8139155542404672
0.8238524393684102 0.9599040776844401 0.0368834418835573 0.15517750284831522 0.35769802239609894
0.4475904995344615 0.134075580094963 0.7116930082321261 0.3130400875757118 0.1706261229268754
0.7524413693309765 0.9533670341762395 0.5814413603461914 0.5779462617045031 0.6210830042128392
0.6481456643911631 0.5744256893267561 0.03943966879789251 0.39410020803782064 8.559803430900903E-4
0.41891570225601116 0.37491787188592207 0.5413219420801154 0.14042764400351715 0.5906902903874086
0.7057249427504801 0.07575454073646648 0.4569921385702519 0.470999753534285 0.5215963144602638
0.9197791469429757 0.20539364319503817 0.890578128936571 0.16103927559404596 0.3068572637865771
0.7379350965113166 0.5856437639662346 0.740422097316472 0.9914800016238388 0.7067222607419944
0.6320808436205145 0.9351225378833696 0.1973232912314511 0.5847570863466499 0.3468459464396454
0.9155005396425533 0.17204769922720653 0.8949711846797269 0.8497453729755466 0.17112410699625724
0.936908177868582 0.6076792081563395 0.46408070100891385 0.9185915704979706 0.320315556015225
0.26947083119285786 0.40126135413182185 0.28145694231037466 0.6467182338630767 0.5603491485309994
0.7223345658312448 0.4551799527160172 0.5156489041843816 0.14096266046672123 0.3984848606165299
0.6256855715102462 0.9505081260125854 0.8480665390063566 0.40290650568787223 0.4970324911606402
0.8226324795582511 0.5238883681026489 0.15805419031172463 0.9018539454145074 0.8634223519278799
0.023862490063026875 0.3351284819762159 0.1176480728317415 0.7657801170061633 0.23723609482039665
0.9567543422193489 0.19265946516549914 0.8458369175138556 0.27633922921056864 0.9891627286213318
0.7970072692067787 0.48692228862309217 0.34285015852414624 0.12678622836484643 0.8578795191508999
0.11995717933200167 0.16317632674315907 0.2700320428710188 0.5120273110597906 0.8079284986463188
0.30011033969665823 0.27609680500650047 0.7144565727291636 0.5968284579005979 0.09420963885165567
0.9230389715305569 0.17912902458463886 0.671420062693585 0.46588706773582156 0.6689267431765945
0.19564842379994374 0.011415331359616254 0.31798929521719643 0.7107306560868536 0.26532174022926647
0.6821301139349367 0.8186786658580426 0.05173138313728043 0.43064939161978655 0.1134061932048468
0.41572291292516417 0.7715653141355229 0.6342125022974429 0.7215666841579403 0.035837128842590826
0.45963163003015395 0.43608914876182214 0.01139908037577031 0.5565102669671222 0.8204364425578393
0.943345985605569 0.8586352329518924 0.30278840497682813 0.7885508109739011 0.8608151647854143
0.018125079730218374 0.017775800335222414 0.10121142766624802 0.15928105237024148 0.028877136072380516
0.48315351491540914 0.1681938454152151 0.97536501702908 0.5943655650595004 0.7248050922179832
0.2514403124892457 0.006810512076338315 0.20497978350549617 0.5286769929034393 0.42102492035069794
0.8475351107873441 0.23921962483110482 0.8132916002467141 0.48939151817302284 0.41873005475423153
0.031215237877314506 0.2578684987889387 0.1424000594778514 0.8954515650959433 0.42437777635045926
0.46879987725787087 0.783570157911974 0.30256297256995257 0.1444631558820033 0.882264183132149
0.18701050222138882 0.25955002245287984 0.9200582445724715 0.5470515859711982 0.9148757925395294
0.19064643899123934 0.6544745284934073 0.9092139146073495 0.5967936318702587 0.6848702355572875
0.11026216202465833 0.7289404449937172 0.5915554226536077 0.5899860274885151 0.5060323226130797
0.3001005422227867 0.25546727191406715 0.8550719733267733 0.14500382651154797 0.2141824966046436
0.027108126823887746 0.09828452960637335 0.6956654085562516 0.01289771133632045 0.8048437992416447
0.3695782259350663 0.02717230600694409 0.20750788188535418 0.6412977740545505 0.602551225373396
0.5655719826885833 0.3079721601232258 0.6080803030723766 0.8052522883835421 0.9816806540636034
0.7013002975826523 0.7944297655642724 0.1266981501736163 0.6474085790425451 0.44603690371504723
0.795021081820852 0.5540146352932277 0.7045589282893665 0.30859058103977133 0.7150481819030564
0.14452922047481254 0.7786012145023965 0.6571616573490398 0.6747885354020956 0.37780596526517884
0.33964741678032806 0.15031033681304318 0.031209670447292726 0.42452888919681253 0.46383467943022627
0.5097465555698033 0.05077902084942032 0.87230288628938 0.2805460638944086 0.050712341881317236
0.5654901289176706 0.7228562154667378 0.7043762277493795 0.05836546666858178 0.223219587191132
0.2807920319541919 0.1454765971134605 0.5448635015050238 0.30388073602817 0.8909507736752077
0.7678901924477932 0.39938527977679816 0.7144420606005771 0.3496093407068176 0.5227135177406261
0.45211686167396936 0.6987291241404331 0.21415672616468628 0.6213993260321524 0.5132672477324604
0.0020307757453776887 0.16655038477435946 0.3342400921026307 0.019468889785012378 0.7158824759997433
0.04777104487973849 4.9593061063668564E-5 0.5224567258831063 0.7949998208533116 0.1736582202256175
0.9152856922682426 0.8887083134218702 0.2861884074821377 0.06692248198186024 0.33433428134338217
0.743767591109599 0.6381565916095853 0.7957948161465551 0.15740097312987167 0.39126257241601403
0.07150993414114148 0.6966871928022621 0.00843383855492541 0.164167494969924 0.8798074394465704
0.3764026759706137 0.3127264674497371 0.9246483901277377 0.7054110465853222 0.5388476185858513
0.6723278149497701 0.21887016819207672 0.28796202307623575 0.3618622842537086 0.30711167431344244
0.41443258618158485 0.9186687379897378 0.861700405739922 0.5803348793351094 6.412954936391158E-4
0.8501923052885386 0.9258523123100535 0.6597403641534206 0.11560937582489761 0.20976810563002313
0.4693201851076373 0.17873741564573853 0.2792238128786855 0.5423026176014916 0.47511834265851516
0.3569183189683185 0.2573003302977366 0.9705365411055431 0.5166850103315519 0.41514673434237037
0.9597892134448424 0.10096704025997527 0.7280566806171971 0.27768017712451776 0.2846835786590618
0.2270732362595843 0.08706983924300538 0.49226533891462376 0.8593210044237833 0.08549034880565687
0.30751908005118045 0.01887123628741527 0.7020580156754923 0.4061305782565595 0.5981144310373423
0.03870246797740151 0.9298364022990868 0.7638486331540553 0.03924528688724427 0.21736059329601376
0.770949118569274 0.7871032510422635 0.3529717525981422 0.9194989136572457 0.3073527589020233
0.6081660564679492 0.3973289517290145 0.717041929013864 0.5671625321125463 0.5497816240977347
0.8029431996751931 0.1590177763416406 0.8155048723844271 0.43478388211491104 0.7881236736253324
0.17827816050771672 0.1506916746872502 0.5780253872737936 0.33800686784042333 0.6988570596303066
0.8027194151988972 0.4740779454255202 0.6139951510083829 0.9774460823224087 0.8523854875448633
0.42951409457319767 0.6716452459817479 0.963440549494615 0.4418527149418682 0.9051811083219699
0.30832583677592773 0.49423752467714877 0.9312828257544651 0.13173034469948564 0.13637832138988693
0.45594309755100526 0.8711980829368957 0.6407664339493683 0.7831781405894073 0.13437293428488828
0.10651948641344755 0.714332343195839 0.4564085958579823 0.8572067599051161 0.8057692914921432
0.39704804406254 0.9810228361325773 0.6853839130705233 0.7177143502576334 0.6380718347633517
0.8137841732124224 0.3503037252079958 0.4977658955205162 0.33415518023379154 0.4719383662251565
0.8531208514576124 0.517740669498019 0.5304134576780419 0.27448611222089714 0.14340265474445868
0.1751270367093345 0.8020361559629663 0.2876877705913763 0.07664185622322861 0.35178895566916346
0.888012395515089 0.8908463617582877 0.41359437564553025 0.33707994001804775 0.9770484285604085
0.4340792644540362 0.9691392511516626 0.22662756737166467 0.6562059087130495 0.04670256903395753
0.14433322967008655 0.5355891669961806 0.4243908892882937 0.7730167680708616 0.9825600963557539
0.5239672505280695 0.8456753753173772 0.8616958765953754 0.5791506817493006 0.5216131262726552
0.871534608081526 0.21564660164828187 0.14357657981347438 0.3618360663107856 0.5964349226249007
0.7211180659668618 0.264296768032684 0.8850738833569356 0.7278085262144341 0.41800659359536185
0.9585629281542161 0.35787075819566416 0.3493031375075524 0.2477142604959358 0.9029663080043029
0.5674465391351442 0.1352960575629799 0.4205839581140377 0.8352347870999557 0.29843080703530833
0.035013676366680735 0.2818474931119933 0.49376578078292166 0.8758746736870094 0.5861990247734878
0.9231880485273551 0.6186075472323946 0.46744156088190136 0.4411215828712063 0.6864312696134024
0.4760769929625299 0.8777177746295087 0.391825151757933 0.136544409397089 0.08892978155808207
0.6388726362995476 0.1668609928699214 0.04303647044065295 0.8549742502202896 0.3044370050520333
0.5383552482541479 0.40201607737025014 0.5192478458595297 0.9867577767302422 0.8261109377736463
0.5555788482115153 0.5283507651675898 0.3437257741413222 0.7145465984436318 0.02085874007037103
0.6402583969001885 0.4166624764121716 0.40862520146902426 0.727993337315975 0.2889109168136944
0.9487910557790613 0.5465284136938399 0.9844157700283042 0.6101043653812388 0.07250560756852653
0.9596827110916688 0.6323013359893518 0.2236845038996047 0.5436918213528442 0.3248460178798295
0.5466595120004235 0.8367714143895435 0.02264132211262504 0.9883143347640602 0.8334775124374939
0.48371904867807813 0.25364095674648635 0.7589097222096878 0.8304848332183847 0.750740487289941
0.37910745813694746 0.26426294660551464 0.28752194525517116 0.6466067776851628 0.03917672427658525
0.5440047525348124 0.9091616650956221 0.8755529915134923 0.3539465957720098 0.9138323564481405
0.7791441720632974 0.14450223922164118 0.3631101022884139 0.7760184021363096 0.054352165955125376
0.793944944901172 0.006506342859967429 0.97478177830159 0.7154654259926843 0.4802868488136167
0.2691543239483617 0.49904089962844844 0.09209931526006321 0.8572061318657208 0.6856246299504237
0.820421934189422 0.34214491123363877 0.20453668744908549 0.0011427169780111601 0.9209957998919895
0.058192814780956725 0.7354205438770846 0.4206066472174014 0.11306910232143441 0.6983370007761355
0.8759498662114681 0.5417412478234528 0.08245664844864475 0.5943187272013566 0.15624462092073366
0.7648995231799173 0.19701328818116703 0.8768849020860702 0.4778894766331401 0.6995617900485374
0.013805838948196203 0.7763990777730169 0.4298790990477125 0.8463709680431836 0.09115670083306582
0.40615766639174566 0.013698537247483045 0.6235828408206355 0.6658919149906336 0.3165276036533604
0.607891122226742 0.628098182708554 0.4914791973162458 0.8199362884917746 0.25344332074094544
0.8737831613852202 0.14934177984721742 0.3299079435914526 0.3735426545852245 0.6335733233244629
0.44348628883347807 0.7317555417905482 0.854740868686605 0.4268955049820955 0.06768398334644343
0.10820057925514837 0.011281471269864118 0.6402315765573157 0.5947965429656912 0.9801076307485843
0.33032747314149424 0.24618585594552567 0.9794390801022383 0.5906846495022773 0.05305100988290945
0.09520848563186668 0.18802426619325496 0.6609136721545538 0.5850241034525354 0.2941650677696034
0.27433375734158283 0.47464100104259455 0.44907533837299296 0.25723230664856156 0.2041138762712451
0.11366985481609859 0.9947548497481892 0.11713870386072323 0.9987945998490226 0.15636264894742646
0.3607754095778619 0.3185578787651868 0.31628225852188674 0.17767386439314736 0.2502751288704639
0.38050158877888907 0.41587795931726557 0.9441989582996753 0.9234729998590089 0.010848435950816082
0.5647252101175727 0.28473829631097114 0.43826540384942514 0.9836832536693288 0.33479207129280764
0.23503972789169147 0.5765384498714318 0.4489112553035277 0.9122442738682351 0.20479702345629636
0.08244697641033794 0.6336503590030558 0.49516774544475284 0.5956455394177439 0.8086384931498208
0.21619353238698213 0.09095026675214157 0.5108109957245576 0.11737590908938433 0.00587279241790839
0.5412337499940301 0.9402304264087233 0.415740417214276 0.9459449820743603 0.40019981215447464
0.07937949027567026 0.017571554491703334 0.871659055392129 0.3710534619003313 0.24570336791684433
0.6195289248332357 0.9019529220554 0.3659208010731573 0.19346328211582764 0.5546357110147921
0.8207677930042097 0.8959784193562337 0.495974609043914 0.6438916644752399 0.31275649395722815
0.42148353084053714 0.06362583581908654 0.9050187559111466 0.4582013114790613 0.49547580267124836
0.796733276068031 0.597130103061012 0.46324624862129804 0.020273230553553234 0.8341987123347654
0.08108900598117641 0.20408749818997862 0.7024854577435163 0.8521024000209928 0.7575514194748403
0.7975549383738477 0.8401208037173883 0.39077777598215757 0.9081616642208568 0.07555642840071408
0.9044630635187991 0.2445775258986288 0.6100983527170638 0.5371463463292173 0.9897474749434857
0.5354559708954886 0.020143207834376287 0.0795177679433291 0.09526545251525664 0.2096554013359514
0.23167261610141732 0.5680080179151813 0.37737992533777476 0.3461993488781697 0.5964481347297904
0.09524535297368109 0.9630346783630807 0.8465588250717917 0.8728086102133653 0.6008541807672504
0.6516921771146905 0.7867723190949513 0.8128435737306532 0.3756751677589256 0.8492366829752825
0.956463932967976 0.8333532919023388 0.8582453067769675 0.37523022347696344 0.8836184513837407
0.22887857876408402 0.04632287067089391 0.36401110514463886 0.9496360540617748 0.9798088053641346
0.7925302522638642 0.34047599957289343 0.03610318359529929 0.5845541263483088 0.2307273650112046
0.6929882694476099 0.5128807645939653 0.5019939039497451 0.5885175716171301 0.18870659371353393
0.27652447416993753 0.7288899884396175 0.6813262146646847 0.8807298301950091 0.9787158925116335
0.7566804036784278 0.4547820223330542 0.7418052574085987 0.5462979068216192 0.6530448948425488
0.044669766285406975 0.6259491763654623 0.587671048233989 0.29586113667554004 0.9575124917158362
0.70718026986571 0.30472225128568786 0.8506462093973101 0.13987966625320936 0.3736677518864716
0.08512091846805703 0.4273053102368187 0.9008078176532446 0.6659478653345113 0.0367319050442404
0.47798522867443605 0.879258328631199 0.7394638069810535 0.3440583847724641 0.9050578514983406
0.5073265474702071 0.5045358079314871 0.4760423317440705 0.0367344838528898 0.7099556160568133
0.5509696380872184 0.955213860118369 0.5975388743818435 0.903196891204969 0.6998633678415954
0.6100949435729481 0.5518434301830902 0.7055986862999115 0.04177358619910365 0.9759272106195626
0.23089931980341627 0.16109327838935716 0.11825435058778189 0.7832073719458047 0.46726825651055626
0.686791780510531 0.9828830523027006 0.27917809688724426 0.555289390102983 0.40538560331442997
0.2382393579475739 0.464335760031104 0.7321927729563612 0.9993915408113325 0.7869049413160207
0.19418151196342948 0.5316956871215536 0.7332675604124714 0.9574031647980235 0.49585489480909983
0.8003961017795042 0.8294647152137536 0.8700993536223868 0.37995438754139965 0.38700351842147473
0.9557700578790617 0.3934341280756757 0.8897628494451612 0.5154236005261701 0.18383417278902414
0.807463479499074 0.12325966544753908 0.634940616352782 0.412566401738824 0.339531266263671
0.48771613993438345 0.1042172267787258 0.9151194984771932 0.06600103124225376 0.502334026467935
0.4105582650743067 0.3644749032024559 0.28432554561305023 0.05130159741408746 0.7518617065541955
0.4201784704449334 0.3513344439619428 0.10780560643886139 0.7159064155087667 0.7175658473878029
0.15647160010623484 0.5989514145858403 0.4801027082144843 0.8908557564304974 0.8528152469031368
0.26220791403626253 0.4245589547038483 0.08277834959271224 0.2040661158959477 0.055907545291860594
0.3022930486619677 0.24594488611743093 0.9222894264849008 0.9294961833258102 0.1426451209826427
0.4249540893464899 0.6690491295792906 0.5336414612020232 0.8774235732669663 0.12326988812948392
0.9716737119048123 0.7559722786511041 0.27404373054433995 0.805193485680601 0.16674444868849947
0.805136033252194 0.1358946394431806 0.56079286475516 0.6244992096197653 0.9340248245058413
0.8873960653375172 0.9704410281739546 0.9306954661098359 0.7924351618105009 0.5996846143496047
0.24565357261937992 0.4065786230243291 0.8300902681855947 0.232594020811697 0.7942058264023131
0.3329527928789746 0.1328679902674944 0.3695716370099592 0.4600474835763766 0.510953058954578
0.5682414510074768 0.0043994900293807815 0.8223237123675571 0.33996954148008907 0.140353497390159
0.0020647498543581166 0.10284847599768199 0.42227514162632807 0.010810058995002314 0.7008513964797222
0.42766705539389316 0.8142609895707991 0.7281920274642466 0.7487008809422475 0.4158822656508764
0.4357841450630482 0.8274486272961739 0.6741166128463626 0.3277085421103497 0.8219846127223758
0.10974979943405316 0.8803636254091409 0.29375721063069804 0.3560298571718049 0.5940391323337771
0.7214407831898237 0.46884520766651694 0.3565965976991783 0.34344278270075623 0.06928043405605655
0.30615826426205617 0.9105011621939888 0.11285385340649046 0.31385581478820235 0.531389186867715
0.1387415624741969 0.03842613725062494 0.05135423958056806 0.8115106582824829 0.6633156151049269
0.3953747852311551 0.8102996622157889 0.5591308529783564 0.4025311847227423 0.7873954642131918
0.04148558447599293 0.7909195000054978 0.46412635976757854 0.999178318775514 0.25480513265045346
0.46738123756277994 0.8283683681336108 0.14290608687243844 0.6245421230132349 0.281291396385845
0.7174025675568712 0.6602908087700915 0.6044137298701917 0.43339964498148287 0.03247305806169587
0.20361673489095344 0.09463092803245488 0.5365445494583964 0.007239651402325298 0.41242176760026505
0.48547088595006416 0.4231126769091941 0.27326588137595964 0.1268636357032793 0.4653305718166346
0.29581344352226135 0.8628555288230731 0.6344806541444882 0.8259587396809525 0.3580311839897429
0.28476607220402417 0.13397169131220998 0.6235388066549792 0.7875543822773824 0.699929136748857
0.717783617280106 0.9615227734684632 0.6762709800145565 0.3971597466685858 0.8247084091681294
0.34959215126654886 0.34845822725315445 0.22293753875633515 0.2943565575034939 0.06284862419559611
0.2915840518065771 0.35469478715123615 0.8672873622226993 0.17631394629954622 0.7860764541753174
0.8236477306567356 0.21774038209822144 0.9820450594325397 0.20430613744933523 0.49105877915850515
0.3803271076073097 0.3096465219749759 0.8640668562589163 0.7609196117240544 0.7377051823764221
0.8656897846545016 0.268127055865683 0.17239586644493632 0.5731720782572777 0.08352443597087378
0.5389651228322888 0.15697610083996982 0.5602792605811358 0.13219396109222603 0.8665901446736611
0.6681193474476202 0.46098126517349935 0.6716444469675658 0.8273885850269712 0.09529688719640861
0.7344992804893853 0.661141764599979 0.5032268391467162 0.8596756179166778 0.7209915101163451
0.02878881687170254 0.4325782600809336 0.3552918916894864 0.557288072800786 0.29226146866268266
0.5592327566563225 0.4474162306420507 0.006361144467116775 0.28435807652610956 0.509185582847586
0.5689108764916926 0.937865795656741 0.9816839870462079 0.7225916397991913 0.5657339826349006
0.28400059288618074 0.06076948284474781 0.1952100529155104 0.8343451522761711 0.9131014209592773
0.21314529215727973 0.8425532469156378 0.9666195100913261 0.012795968075738018 0.4393774735431797
0.7899938655563973 0.07197806644912885 0.2552100754712222 0.5117889500908106 0.2133713867390985
0.18179456226702262 0.22863194000021947 0.5465723846567376 0.7071801348857515 0.6577400206985454
0.36320306580574213 0.1582250319689238 0.5412086999734291 0.32357796520401805 0.8526203454565219
0.982713446444147 0.5815405464858465 0.11902473846811967 0.8794964217607504 0.4505015456919319
0.09811393005255886 0.4346410797374549 0.7889403817628183 0.5665528965635065 0.15857899572142997
0.9283226573244973 0.7230844965335601 0.11164472966192229 0.8169784125390029 0.5468084145462692
0.6286970367226727 0.11780654811554347 0.8458173693726218 0.6797279805621989 0.48068477864625603
0.6904245686660503 0.33137765207567804 0.859059967707736 0.02620378489770714 0.25052804632181946
0.05466957233009517 0.18347543437764713 0.3472599549282607 0.053001478599419394 0.2142045449841692
0.6948915610167598 0.06409586706942594 0.39994232279615616 0.7118103816600734 0.26366306379103743
0.057323908377792554 0.31311073628148833 0.9190002281826013 0.14918922643981847 0.17368023507750785
0.5553948329764458 0.5689450435197174 0.2943173893189298 0.4984374741818518 0.7984405637929811
0.1778890603622011 0.58477402072315 0.4269289184994264 0.4220728679860788 0.18988599406476392
0.7589569819048274 0.9483004961554019 0.9008606149505918 0.8600236937439598 0.38877357339424756
0.2665212322570364 0.9841549229951246 0.7438430445130795 0.3688109196716496 0.1268463123531871
0.9081564976749799 0.5444468839155122 0.6489764685047711 0.9903420062980807 0.6920446741208179
0.9838331209333486 0.5248482510585898 0.504744787431758 0.16492707241876758 0.31127575020048603
0.6603258175080072 0.5568413383946417 0.7463455682892306 0.039115936175465826 0.15877469693826785
0.5597205793086932 0.1603005850931275 0.5051153352261116 0.4217082353776911 0.5276624328083023
0.20123255574593746 0.9005617515670723 0.23815297704698923 0.9220922734088486 0.39012581586612716
0.47460727299889227 0.5331944954049376 0.213944001890099 0.859876768471881 0.7278575089352606
0.47080286666414817 0.6009391689021684 0.09129466734987035 0.5420198702617443 0.15388803752719193
0.3427028471412956 0.18458002436953158 0.3574576470400809 0.9936372273125579 0.7323017004001812
0.1958522915932135 0.7067861629510453 0.9305377173846572 0.8097036257942837 0.6942746699029039
0.6401857414178415 0.08109048249419415 0.5408218250302965 0.10255105273722598 0.836895827843908
0.057070948606364635 0.33522145669253944 0.5720457677163976 0.4873933338748987 0.15829550656165126
0.456229485014895 0.11350468552049553 0.3520473696530835 0.8752033796521861 0.0891039319446898
0.45533119407008626 0.7545819937723837 0.6541652412776067 0.576081661938844 0.6335986857211258
0.6524668138371018 0.676281667494888 0.6015386128147108 0.6314564365495856 0.3413953126186875
0.47953561165961966 0.9161600210737214 0.4803133895800751 0.7972991838220229 0.6145153777098162
0.5259324794657617 0.1111600070654124 0.13688634511892772 0.16552536275856644 0.13993360978831637
0.9016157559409406 0.1864789854518224 0.8917540740674103 0.07030933106329451 0.3027657316087443
0.688967607980155 0.9472697242441627 0.7084926009631086 0.14957650931651534 0.24998580600043452
0.6239663946059395 0.16363156860203665 0.25965858428713084 0.7269491719732594 0.32818377031503576
0.6423595379877144 0.7073683074399322 0.39839173485021295 0.04957682710237232 0.6734524240177124
0.7237195894995867 0.9160714891637612 0.9099117038039645 0.3365843479304832 0.5173017628740768
0.7386061245739666 0.9898167201484465 0.24130525421261773 0.4373767503472621 0.47293906450715084
0.5231186099985813 0.12052921438078357 0.8075552132050823 0.30872470499913507 0.721245592927143
0.5522355835762998 0.4469278028106022 0.5207613529506405 0.9442806035743515 0.5037495691025814
0.36525452550120285 0.8358887701569362 0.670599346951857 0.10488271479613587 0.36979122479796855
0.3133068794782855 0.7336298471048983 0.2993777782875896 0.3535594330599101 0.27106087700034553
0.5921211075873386 0.7985168374082212 0.8483417689832119 0.7064771197035281 0.9794105508110039
0.0664151790495614 0.020412235639090004 0.6046234090930896 0.13753141037340844 0.9034378205840081
0.6629865983598813 0.5064061607978656 0.9836022904523232 0.5623393772241342 0.8966055176573778
0.7167060194704206 0.9787937356420028 0.2311423125071037 0.22713853929871886 0.5729926133044686
0.17426682007836647 0.14743251426986248 0.3308249018240246 0.26614835802791614 0.8938317264689407
0.5706649677572185 0.4367424341785777 0.8077697265702265 0.7796747090922074 0.3322370790587167
0.4593232021106888 0.8720043584093953 0.4753542648143245 0.7075002387911581 0.09701105622334638
0.4050203348072393 0.04936806229985724 0.9095453523312975 0.9578820754819327 0.09149422897987192
0.3729447632447057 0.5915111564348786 0.3990266952748892 0.995042489659683 0.05731534692495943
0.3623289180440139 0.1737175586485592 0.9483104899098613 0.22857086944266947 0.4702309766829539
0.1688647504747165 0.5584724137376511 0.37231496524135477 0.4890141878224399 0.4849858202285676
0.01518417860522192 0.715670724830135 0.05396430498398885 0.8618954609361323 0.24057062354331626
0.13080349994562412 0.4375104696056472 0.9855450600944479 0.30461760276174776 0.34197235449063235
0.029093642363553163 0.524920266841771 0.4443779084050804 0.29722501015183733 0.5893967129602445
0.8426301619630723 0.47169000914785664 0.9262019348360819 0.48599786770562325 0.1987987457837509
0.8316469467898318 0.14711758080209747 0.9856732609832427 0.925096098062131 0.08284188429291384
0.908837687566693 0.07798874210513485 0.48422256462729474 0.11045623915839531 0.25807352572685127
0.2354846295137697 0.5498865652695009 0.9545448884838879 0.9070653922386656 0.9776716441388321
0.24329271209001146 0.7384123995046179 0.5437292161805569 0.09921985963959046 0.44438375470194325
0.8157631019949757 0.17409173699708813 0.9471370913535934 0.6595561170415585 0.9203469408507897
0.1159411064500322 0.18739660577948702 0.27229592041403883 0.7981120261593487 0.872971820163685
0.08838881723516212 0.12915805927691515 0.5294140960287437 0.010303786800043402 0.4667349465339099
0.32073868643665526 0.5076216813093299 0.3251072383036402 0.09041513031981951 0.705766515020886
0.8304956525571411 0.06016698553074762 0.5148276244773387 0.19616651194669776 0.6820098046098985
0.6435706040745738 0.03930939176715054 0.07192470235603454 0.13481926098790087 0.4543069555307748
0.7148126648318613 0.6268104400619525 0.6873717505821529 0.41141313064757634 0.10784628590237633
0.2594882147008255 0.7646963370933088 0.7634090851441777 0.8314544607972196 0.7192784829975475
0.3581930004840822 0.31511128246556763 0.6909196380900198 0.5918026573528888 0.957285741595285
0.47051778713322356 0.6600402813052096 0.266974851034228 0.9345906672784373 0.8933089726666928
0.8032486556130505 0.5702785701049548 0.5862897973925996 0.2906098722559063 0.6894974172557577
0.9579943109797455 0.10069038664279095 0.8110111802781538 0.8057580553466347 0.6780192156722449
0.8304884778102266 0.814447796516281 0.9711381827728796 0.5801477996171706 0.3780445858708097
0.3193857282785083 0.7770390954616675 0.3231581584999028 0.16801839288185294 0.2618688023419815
0.6344383824186145 0.5707757193824593 0.3779985434715645 0.8113291477878984 0.09629729532217746
0.3945623105467949 0.32530247424495584 0.3796664843080566 0.7412558574061161 0.5090051386226339
0.6669104771850636 0.6329527957895367 0.05419327221591519 0.15255721215207174 0.05953702291237051
0.7692208220132273 0.4198951017295991 0.3981068244880035 0.24813184225283824 0.5611458892493896
0.5579827100502133 0.4273302469325655 0.9036418640375675 0.17903297975970034 0.47042440479013303
0.8356089790103011 0.9146542341239557 0.6073712281566144 0.24736220902739614 0.34766855136682995
0.2525803697951099 0.5473211913141247 0.8826516678971751 0.4188233307486783 0.9763288464672908
0.0578502032964644 0.5874266812545386 0.07268756388305952 0.41995523605454077 0.8298339623456004
0.9581651202568326 0.9834401172793078 0.1155651543419135 0.9102932114555077 0.755144959345463
0.24920648981895632 0.5437863939895615 0.8980366033445205 0.9778452829924255 0.5228482740122091
0.37541473614352183 0.11733164918777816 0.38575966294938846 0.16742717096316206 0.47037733718152186
0.04282789931286268 0.6062543844565961 0.8858367909163389 0.5339465689026495 0.29680788351318743
0.4955176102845088 0.8375721815609112 0.9951760590945679 0.8689424298408118 0.474309344412539
0.6003337985057254 0.36882017993915406 0.8190793930285585 0.1471371101835548 0.4601388257580348
0.0895368591297272 0.6151954725201987 0.631644880520886 0.42083954583336036 0.5659627584807194
0.4314932617357712 0.6744183695755569 0.012425104235130435 0.9922892940916642 0.18572629388228057
0.810072638642981 0.44720927305208436 0.2762564239853609 0.8301873904307354 0.5324029421289279
0.9239837364101634 0.2950205556271257 0.4273962467202874 0.6895428929465005 0.9124426255769202
0.5741421794587621 0.8393745558036166 0.08948916078524038 0.06366089455717927 0.39997730459965086
0.4384979175685144 0.6080148737863466 0.987135590056345 0.32204648573611083 0.10826571934693352
0.9279089956210786 0.510875490350233 0.9794936378403372 0.9439316016373532 0.40664200857644606
0.1982512937131521 0.19453684345823052 0.48578864916672704 0.4689732425144362 0.8337954094098968
0.31585098727123717 0.02200519251385069 0.35167845400035 0.3098658633292328 0.8661127582959326
0.48325826424400053 0.9894909236372966 0.8470671676607995 0.6504763958731813 0.7180139799940238
0.3245129738082684 0.763545663083185 0.6165380067658055 0.48515486109917916 0.34576920175383763
0.0717548858886603 0.9213856335962716 0.3297564359059394 0.7212365330978515 0.026012159669142942
0.8576208538628487 0.6181665057469157 0.9716002928429253 0.37014488494191833 0.517776979286654
0.4001422503217904 0.7531498644920335 0.44175057744354473 0.33534810260026704 0.4386518626527034
0.9666411500331162 0.47807256537621856 0.9306820795737508 0.7020489885906175 0.08961720574789056
0.43821865908345503 0.011279559626604652 0.8486796914245563 0.34159282805192936 0.40742724068750735
0.42858055270716555 0.7505834453253948 0.0346724567592519 0.18131185096535196 0.8771088938680827
0.900801096686703 0.7365851149130884 0.9414915208767732 0.13688377226138593 0.6279040732267096
0.6787840821468865 0.02874098287883875 0.20629722649716253 0.4017112312551332 0.17917312397666063
0.6957714295822445 0.15019475946781746 0.1557607193389462 0.7171849105414524 0.3789788283394113
0.9966858836606127 0.4749561282800081 0.6983518726900486 0.4669735460482778 0.5562502970951078
0.7009078007520442 0.8761730747966507 0.7634318013792586 0.6079942404861688 0.4928413401230346
0.8609953101767606 0.8427852732103613 0.5004511431054293 0.1485474429173852 0.13879057951389218
0.2794929451122289 0.8481090952516457 0.037698454515584734 0.5471257976291751 0.29511460512185295
0.6698871648128376 0.8289584667217182 0.21128533033398833 0.7121326393152912 0.012071852412879336
0.8026658006872098 0.5304203472100341 0.22944566636523211 0.8257631451115042 0.43246778474058056
0.9217632678393688 0.9416829066511452 0.6276697820110042 0.5921395277690422 0.6803601077066173
0.7129662104089687 0.2631317909272951 0.19792020457383408 0.49243659698452735 0.4854720800504323
0.9115372839781541 0.8320512862053465 0.8524290822673658 0.8541232526952426 0.3268401648470738
0.9098032518388371 0.876874509029039 0.2709656736253011 0.18967387934751034 0.2501289552480328
0.7827683205957516 0.056263315992258645 0.36259567519842717 0.48918272015122855 0.6036626476611712
0.9880699290601366 0.7862848941396865 0.636296490805203 0.5536920850212179 0.618013307334198
0.7320579423917412 0.21360574693335999 0.817877321405662 0.6182541108192021 0.1348511630506044
0.8433690610470601 0.44647195715050747 0.4030583327191979 0.7708629077653242 0.8511273533483511
0.46178113868677984 0.9881480146664262 0.11533389007620254 0.43819999852566804 0.2477953174639772
0.5519728935714946 0.8184851525682145 0.24361670330741902 0.7861459558815285 0.44527066597953335
0.8714211347601614 0.6634355797496982 0.32630445513286077 0.4587613613561885 0.6988449795858863
0.1244994743338751 0.6336095539637943 0.00354685861826598 0.6117219792436052 0.6200340045084597
0.045622315738982344 0.4847642861114747 0.2805662622963949 0.20609251327505196 0.1854722097457785
0.5562672649597385 0.148814777747734 0.8307047125462186 0.33027149435017134 0.1325867407606034
0.9957916364139143 0.8216869684798793 0.11333952516344703 0.004148894520538904 0.1800555064154452
0.594424476936328 0.4508924294788178 0.6527046683725456 0.446460703431083 0.6575362725990466
0.32701765826060125 0.39615163922920027 0.5640528461108977 0.7921863297997888 0.34516726381578644
0.30540590362020636 0.47695824570020573 0.35990508566908397 0.7600672969665593 0.43070773492272274
0.09671574043159237 0.054137573453247545 0.04085542412467669 0.7507219026603865 0.3420381003129829
0.05233563969252708 0.8844224224645021 0.9150197206685734 0.54078023289528 0.44826349142459554
0.9973473489357444 0.2890063087919509 0.8489292070310784 0.04828748261678595 0.8954805385216027
0.030083792541072407 0.9127213777103317 0.10077225991253624 0.4321424089738909 0.9248168873053048
0.6025300363207426 0.2943071001767874 0.7590700037960603 0.4990943793227519 0.2809566928157563
0.40833823292182914 0.9486575756199062 0.47675678551628287 0.7325976966769625 0.32888356996620405
0.5617013595589921 0.006886203460243268 0.5792474040849177 0.7523590643976743 0.03177277058066241
0.20593177805742202 0.7318378155316476 0.7921463760250506 0.8555084165061778 0.46807043705624585
0.18920370350997529 0.8753834904136584 0.2275192807040911 0.6856790734401118 0.28380166429467746
0.7715620225962004 0.939285553513353 0.9915207617417122 0.2958001137989087 0.3298654657047234
0.07331758089657303 0.8852247666436885 0.2094965845694161 0.518785105952024 0.26702758060591336
0.6388658304510968 0.2698076664898893 0.6594014701490003 0.09517068830825248 0.689925521195547
0.9116160743328107 0.32282068410937936 0.4253781198078268 0.324644394430219 0.5810483974189912
0.22260695516144913 0.43821921938055275 0.33075094710014574 0.9452957475838714 0.5746537746975098
0.3713930275039681 0.45577912411300825 0.9963793211314209 0.8197880228968303 0.9470646976044965
0.44566321920587915 0.5943013995907807 0.30850253022443463 0.8720250280475114 0.1580257075716507
0.06631129121471313 0.5325649266231394 0.7622670675172735 0.7455495008474362 0.5815555029991369
0.7548509880616164 0.3367357320693066 0.18705318812117655 0.15416951326329542 0.4366034479101254
0.7494227765211405 0.5073642612450061 0.292908299876357 0.6904180710523566 0.48464130607842315
0.8718118640126894 0.5117017954557077 0.09761040371789931 0.3272297302293873 0.36713702914620794
0.14305977770183675 0.620218743514286 0.537598227581107 0.687845196084014 0.15504090857310715
0.01074955509708897 0.5109452221531314 0.13550224650900866 0.9625387316307997 0.07687381227688839
0.8806351464381764 0.30820163652003085 0.5449269392746646 0.39363422273961235 0.2376433147970286
0.6084072788015715 0.5346452829978189 0.5723243296784845 0.3811371153247476 0.22960286184437861
0.3250964033392605 0.993052799135139 0.28967758671314825 0.5956550445516192 0.6612630042338762
0.9871072148234871 0.8081886197942475 0.3215247479778839 0.6227440101396624 0.8155833806159235
0.3827559535490974 0.6399370897532578 0.38644689350307726 0.43234807237609585 0.04348154415073757
0.8958469073837293 0.6649633905731773 0.9422538953095965 0.23503333607861354 0.14901393484229386
0.25669347589275304 0.8696275942232439 0.025194287564665574 0.1447275657189736 0.7150731789038617
0.8374037193145996 0.6836287565908375 0.9136984229904437 0.7467992968148098 0.023877664843996227
0.61624827839478 0.0443597097711419 0.5827344850687989 0.8119034625916531 0.16497292719913037
0.23429872606611324 0.2302140919026393 0.3744635631687927 0.8383483023169995 0.07226479981176381
0.21176622985991422 0.5508887157202671 0.12539274008229373 0.1281768934743398 0.12279477240157932
0.2596084935244436 0.16321267615613433 0.335780373026347 0.0995644614902238 0.86616414844104
0.17833884987892534 0.34107945866254297 0.07886651778781917 0.3793165478756291 0.8023996606695118
0.9593977193939566 0.5520317310752159 0.08343465265301053 0.0746623186635148 0.13489633868196405
0.36849734558173697 0.2319504884210022 0.18713621123362678 0.8286059194229837 0.027923368244578195
0.7245187957491359 0.8023472215301684 0.07450407220486355 0.8148922638260485 0.26962060921683795
0.07955566084854515 0.037898432566854434 0.07651613091794218 0.3947020294677991 0.3821047287271513
0.28634984745419345 0.9208132197325631 0.8075408349183322 0.0067500395304112 0.6405986821884566
0.6225060630092775 0.035384912692842496 0.17523543570826616 0.9114324772045236 0.06293130014521353
0.9725084568725217 0.9590438107713004 0.5481605055220669 0.6020415034801835 0.9521831600806775
0.7701659860354779 0.7253367201568724 0.8830172706632851 0.2256634038826102 0.5438949303024447
0.6766001305683954 0.20379774523058647 0.27863555725792966 0.7640661401006146 0.14797685997706478
0.25487666320335167 0.24468385765960354 0.03682967256394609 0.6877157793395292 0.21899926489534627
0.7856760254769476 0.0059528933940998785 0.11570611266361819 0.45593593842809976 0.20057396872000743
0.020817361085001984 0.9227508515842323 0.25429604438702236 0.19702618194643906 0.11768737260545215
0.5384481237120695 0.422385508137452 0.7142001325682035 0.5554912619132466 0.37615755582018817
0.8114001809247867 0.42066441795424225 0.35927137405382603 0.3145064775412316 0.21678638991933274
0.027732096012316965 0.0676219774629041 0.8071166363298361 0.4873889860147661 0.35652802726401
0.15484910136997854 0.12570883082557982 0.08704634621071317 0.1761450032749059 0.4042495030628124
0.3364698021760667 0.7995807626712224 0.1906043547487507 0.8458210935878062 0.48554165925448267
0.7456718702843437 0.1939389125176043 0.7398802016176262 0.12672105078681206 0.38888964760836664
0.3355675200947458 0.4874758782150922 0.7629321027026065 0.7482025046111629 0.6422316316707279
0.27915501512545104 0.9927629035689284 0.6055657151427973 0.4281166492858851 0.7555462435840626
0.1543329057827909 0.09973326551792394 0.991381456341041 0.9463950716076684 0.04098417078350103
0.731226617777649 0.043172086745552285 0.2790958364147461 0.8267669164139803 0.46843190545918634
0.6442959492613348 0.5034311030517514 0.6844153301981932 0.3410868335485714 0.03508579651758337
0.96614268831909 0.7044873256400244 0.6349569879888917 0.6355829640754059 0.7871225274490286
0.6315675332517439 0.5602910856752699 0.6660220900873064 0.13842583166424605 0.6219097462534843
0.056683007561769916 0.291700209384278 0.007973079914769476 0.6966219118420984 0.21825795244466106
0.9316651350933419 0.5417211838398834 0.8154726338352224 0.6756390880433394 0.3872596378036408
0.30124861500455424 0.5286252665285068 0.1549399422967329 0.7444091813654974 0.5481129870078123
0.9770821850168152 0.34906705247449377 0.5826428143973198 0.9720037491474626 0.6073480716515928
0.1829063426118055 0.8841882193097563 0.11662707923632487 0.3417978962016016 0.5315056438385966
0.17808360139081425 0.12542330058616946 0.10346172007733379 0.45915516932434564 0.877100716503052
0.3286322766469544 0.5324151187170826 0.08730656271720738 0.4693743954861026 0.6238851435904212
0.4506904736823819 0.27056016078358414 0.2119863784868249 0.564416045618513 0.1336008457885488
0.3624892878468762 0.24035206841723866 0.562150262970625 0.7275950646384034 0.4868595825703419
0.5551105274679886 0.6373406329173991 0.21823892574562043 0.8948400995939685 0.1773200780359374
0.7020866331086046 0.19664379359247963 0.18509236200722057 0.8731127245413394 0.4519862127786459
0.29864113801725145 0.3911622202058943 0.24056274410447898 0.5583330428083838 0.5982273321937681
0.19938871395233548 0.6243759518483508 0.0026869878387036916 0.42528002085307937 0.8505831539573773
0.2781081188322273 0.07630908040211692 0.047273917979071434 0.6000206350527156 0.42897215327194305
0.7788665421741049 0.40570014809699306 0.9628251650240779 0.4168955729929643 0.09397748237041459
0.6301205753728103 0.3556190480679381 0.8773410386780349 0.8935788825359062 0.36626370669789565
0.16034556479807505 0.016504609615719645 0.028765410089471755 0.049297207276238986 0.6824637557510829
0.3878577640389531 0.5016612648683819 0.12938685621669888 0.9532527986315835 0.22060066100784848
0.4810503289730246 0.9138793772659133 0.8347523078947421 0.273446116778026 0.32390502613502103
0.12892310199413715 0.42590475785425197 0.39125468657684404 0.6956174196999919 0.5230661872919972
0.33975417199717006 0.4273934668709467 0.3436508538164331 0.8363498577646316 0.02409534430332272
0.961292424067182 0.0724941436417631 0.24063958498647664 0.9317563037057242 0.2885234797438828
0.9922144225305716 0.9204144666336949 0.011735750464899608 0.4898297167979131 0.16856873571779685
0.8079612447015475 0.6887067235595212 0.9958829781637881 0.38954904620671504 0.6128959679628186
0.22593650481734806 0.956150089892268 0.8813984330580075 0.1931632446295357 0.1254617268018845
0.8930994036463088 0.45655135722000295 0.0031388120241072626 0.009396887036105084 0.577080931029763
0.7566141009418923 0.8241888852902942 0.24754372766527422 0.7925647504866797 0.9654161617290667
