500 0
499 1
498 2
497 3
496 4
495 5
494 6
493 7
492 8
491 9
490 10
489 11
488 12
487 13
486 14
485 15
484 16
483 17
482 18
481 19
480 20
479 21
478 22
477 23
476 24
475 25
474 26
473 27
472 28
471 29
470 30
469 31
468 32
467 33
466 34
465 35
464 36
463 37
462 38
461 39
460 40
459 41
458 42
457 43
456 44
455 45
454 46
453 47
452 48
451 49
450 50
449 51
448 52
447 53
446 54
445 55
444 56
443 57
442 58
441 59
440 60
439 61
438 62
437 63
436 64
435 65
434 66
433 67
432 68
431 69
430 70
429 71
428 72
427 73
426 74
425 75
424 76
423 77
422 78
421 79
420 80
419 81
418 82
417 83
416 84
415 85
414 86
413 87
412 88
411 89
410 90
409 91
408 92
407 93
406 94
405 95
404 96
403 97
402 98
401 99
400 100
399 101
398 102
397 103
396 104
395 105
394 106
393 107
392 108
391 109
390 110
389 111
388 112
387 113
386 114
385 115
384 116
383 117
382 118
381 119
380 120
379 121
378 122
377 123
376 124
375 125
374 126
373 127
372 128
371 129
370 130
369 131
368 132
367 133
366 134
365 135
364 136
363 137
362 138
361 139
360 140
359 141
358 142
357 143
356 144
355 145
354 146
353 147
352 148
351 149
350 150
349 151
348 152
347 153
346 154
345 155
344 156
343 157
342 158
341 159
340 160
339 161
338 162
337 163
336 164
335 165
334 166
333 167
332 168
331 169
330 170
329 171
328 172
327 173
326 174
325 175
324 176
323 177
322 178
321 179
320 180
319 181
318 182
317 183
316 184
315 185
314 186
313 187
312 188
311 189
310 190
309 191
308 192
307 193
306 194
305 195
304 196
303 197
302 198
301 199
300 200
299 201
298 202
297 203
296 204
295 205
294 206
293 207
292 208
291 209
290 210
289 211
288 212
287 213
286 214
285 215
284 216
283 217
282 218
281 219
280 220
279 221
278 222
277 223
276 224
275 225
274 226
273 227
272 228
271 229
270 230
269 231
268 232
267 233
266 234
265 235
264 236
263 237
262 238
261 239
260 240
259 241
258 242
257 243
256 244
255 245
254 246
253 247
252 248
251 249
250 250
249 251
248 252
247 253
246 254
245 255
244 256
243 257
242 258
241 259
240 260
239 261
238 262
237 263
236 264
235 265
234 266
233 267
232 268
231 269
230 270
229 271
228 272
227 273
226 274
225 275
224 276
223 277
222 278
221 279
220 280
219 281
218 282
217 283
216 284
215 285
214 286
213 287
212 288
211 289
210 290
209 291
208 292
207 293
206 294
205 295
204 296
203 297
202 298
201 299
200 300
199 301
198 302
197 303
196 304
195 305
194 306
193 307
192 308
191 309
190 310
189 311
188 312
187 313
186 314
185 315
184 316
183 317
182 318
181 319
180 320
179 321
178 322
177 323
176 324
175 325
174 326
173 327
172 328
171 329
170 330
169 331
168 332
167 333
166 334
165 335
164 336
163 337
162 338
161 339
160 340
159 341
158 342
157 343
156 344
155 345
154 346
153 347
152 348
151 349
150 350
149 351
148 352
147 353
146 354
145 355
144 356
143 357
142 358
141 359
140 360
139 361
138 362
137 363
136 364
135 365
134 366
133 367
132 368
131 369
130 370
129 371
128 372
127 373
126 374
125 375
124 376
123 377
122 378
121 379
120 380
119 381
118 382
117 383
116 384
115 385
114 386
113 387
112 388
111 389
110 390
109 391
108 392
107 393
106 394
105 395
104 396
103 397
102 398
101 399
100 400
99 401
98 402
97 403
96 404
95 405
94 406
93 407
92 408
91 409
90 410
89 411
88 412
87 413
86 414
85 415
84 416
83 417
82 418
81 419
80 420
79 421
78 422
77 423
76 424
75 425
74 426
73 427
72 428
71 429
70 430
69 431
68 432
67 433
66 434
65 435
64 436
63 437
62 438
61 439
60 440
59 441
58 442
57 443
56 444
55 445
54 446
53 447
52 448
51 449
50 450
49 451
48 452
47 453
46 454
45 455
44 456
43 457
42 458
41 459
40 460
39 461
38 462
37 463
36 464
35 465
34 466
33 467
32 468
31 469
30 470
29 471
28 472
27 473
26 474
25 475
24 476
23 477
22 478
21 479
20 480
19 481
18 482
17 483
16 484
15 485
14 486
13 487
12 488
11 489
10 490
9 491
8 492
7 493
6 494
5 495
4 496
3 497
2 498
1 499
0 500
0 499
0 498
0 497
0 496
0 495
0 494
0 493
0 492
0 491
0 490
0 489
0 488
0 487
0 486
0 485
0 484
0 483
0 482
0 481
0 480
0 479
0 478
0 477
0 476
0 475
0 474
0 473
0 472
0 471
0 470
0 469
0 468
0 467
0 466
0 465
0 464
0 463
0 462
0 461
0 460
0 459
0 458
0 457
0 456
0 455
0 454
0 453
0 452
0 451
0 450
0 449
0 448
0 447
0 446
0 445
0 444
0 443
0 442
0 441
0 440
0 439
0 438
0 437
0 436
0 435
0 434
0 433
0 432
0 431
0 430
0 429
0 428
0 427
0 426
0 425
0 424
0 423
0 422
0 421
0 420
0 419
0 418
0 417
0 416
0 415
0 414
0 413
0 412
0 411
0 410
0 409
0 408
0 407
0 406
0 405
0 404
0 403
0 402
0 401
0 400
0 399
0 398
0 397
0 396
0 395
0 394
0 393
0 392
0 391
0 390
0 389
0 388
0 387
0 386
0 385
0 384
0 383
0 382
0 381
0 380
0 379
0 378
0 377
0 376
0 375
0 374
0 373
0 372
0 371
0 370
0 369
0 368
0 367
0 366
0 365
0 364
0 363
0 362
0 361
0 360
0 359
0 358
0 357
0 356
0 355
0 354
0 353
0 352
0 351
0 350
0 349
0 348
0 347
0 346
0 345
0 344
0 343
0 342
0 341
0 340
0 339
0 338
0 337
0 336
0 335
0 334
0 333
0 332
0 331
0 330
0 329
0 328
0 327
0 326
0 325
0 324
0 323
0 322
0 321
0 320
0 319
0 318
0 317
0 316
0 315
0 314
0 313
0 312
0 311
0 310
0 309
0 308
0 307
0 306
0 305
0 304
0 303
0 302
0 301
0 300
0 299
0 298
0 297
0 296
0 295
0 294
0 293
0 292
0 291
0 290
0 289
0 288
0 287
0 286
0 285
0 284
0 283
0 282
0 281
0 280
0 279
0 278
0 277
0 276
0 275
0 274
0 273
0 272
0 271
0 270
0 269
0 268
0 267
0 266
0 265
0 264
0 263
0 262
0 261
0 260
0 259
0 258
0 257
0 256
0 255
0 254
0 253
0 252
0 251
0 250
0 249
0 248
0 247
0 246
0 245
0 244
0 243
0 242
0 241
0 240
0 239
0 238
0 237
0 236
0 235
0 234
0 233
0 232
0 231
0 230
0 229
0 228
0 227
0 226
0 225
0 224
0 223
0 222
0 221
0 220
0 219
0 218
0 217
0 216
0 215
0 214
0 213
0 212
0 211
0 210
0 209
0 208
0 207
0 206
0 205
0 204
0 203
0 202
0 201
0 200
0 199
0 198
0 197
0 196
0 195
0 194
0 193
0 192
0 191
0 190
0 189
0 188
0 187
0 186
0 185
0 184
0 183
0 182
0 181
0 180
0 179
0 178
0 177
0 176
0 175
0 174
0 173
0 172
0 171
0 170
0 169
0 168
0 167
0 166
0 165
0 164
0 163
0 162
0 161
0 160
0 159
0 158
0 157
0 156
0 155
0 154
0 153
0 152
0 151
0 150
0 149
0 148
0 147
0 146
0 145
0 144
0 143
0 142
0 141
0 140
0 139
0 138
0 137
0 136
0 135
0 134
0 133
0 132
0 131
0 130
0 129
0 128
0 127
0 126
0 125
0 124
0 123
0 122
0 121
0 120
0 119
0 118
0 117
0 116
0 115
0 114
0 113
0 112
0 111
0 110
0 109
0 108
0 107
0 106
0 105
0 104
0 103
0 102
0 101
0 100
0 99
0 98
0 97
0 96
0 95
0 94
0 93
0 92
0 91
0 90
0 89
0 88
0 87
0 86
0 85
0 84
0 83
0 82
0 81
0 80
0 79
0 78
0 77
0 76
0 75
0 74
0 73
0 72
0 71
0 70
0 69
0 68
0 67
0 66
0 65
0 64
0 63
0 62
0 61
0 60
0 59
0 58
0 57
0 56
0 55
0 54
0 53
0 52
0 51
0 50
0 49
0 48
0 47
0 46
0 45
0 44
0 43
0 42
0 41
0 40
0 39
0 38
0 37
0 36
0 35
0 34
0 33
0 32
0 31
0 30
0 29
0 28
0 27
0 26
0 25
0 24
0 23
0 22
0 21
0 20
0 19
0 18
0 17
0 16
0 15
0 14
0 13
0 12
0 11
0 10
0 9
0 8
0 7
0 6
0 5
0 4
0 3
0 2
0 1
