550 0
549 1
548 2
547 3
546 4
545 5
544 6
543 7
542 8
541 9
540 10
539 11
538 12
537 13
536 14
535 15
534 16
533 17
532 18
531 19
530 20
529 21
528 22
527 23
526 24
525 25
524 26
523 27
522 28
521 29
520 30
519 31
518 32
517 33
516 34
515 35
514 36
513 37
512 38
511 39
510 40
509 41
508 42
507 43
506 44
505 45
504 46
503 47
502 48
501 49
500 50
499 51
498 52
497 53
496 54
495 55
494 56
493 57
492 58
491 59
490 60
489 61
488 62
487 63
486 64
485 65
484 66
483 67
482 68
481 69
480 70
479 71
478 72
477 73
476 74
475 75
474 76
473 77
472 78
471 79
470 80
469 81
468 82
467 83
466 84
465 85
464 86
463 87
462 88
461 89
460 90
459 91
458 92
457 93
456 94
455 95
454 96
453 97
452 98
451 99
450 100
449 101
448 102
447 103
446 104
445 105
444 106
443 107
442 108
441 109
440 110
439 111
438 112
437 113
436 114
435 115
434 116
433 117
432 118
431 119
430 120
429 121
428 122
427 123
426 124
425 125
424 126
423 127
422 128
421 129
420 130
419 131
418 132
417 133
416 134
415 135
414 136
413 137
412 138
411 139
410 140
409 141
408 142
407 143
406 144
405 145
404 146
403 147
402 148
401 149
400 150
399 151
398 152
397 153
396 154
395 155
394 156
393 157
392 158
391 159
390 160
389 161
388 162
387 163
386 164
385 165
384 166
383 167
382 168
381 169
380 170
379 171
378 172
377 173
376 174
375 175
374 176
373 177
372 178
371 179
370 180
369 181
368 182
367 183
366 184
365 185
364 186
363 187
362 188
361 189
360 190
359 191
358 192
357 193
356 194
355 195
354 196
353 197
352 198
351 199
350 200
349 201
348 202
347 203
346 204
345 205
344 206
343 207
342 208
341 209
340 210
339 211
338 212
337 213
336 214
335 215
334 216
333 217
332 218
331 219
330 220
329 221
328 222
327 223
326 224
325 225
324 226
323 227
322 228
321 229
320 230
319 231
318 232
317 233
316 234
315 235
314 236
313 237
312 238
311 239
310 240
309 241
308 242
307 243
306 244
305 245
304 246
303 247
302 248
301 249
300 250
299 251
298 252
297 253
296 254
295 255
294 256
293 257
292 258
291 259
290 260
289 261
288 262
287 263
286 264
285 265
284 266
283 267
282 268
281 269
280 270
279 271
278 272
277 273
276 274
275 275
274 276
273 277
272 278
271 279
270 280
269 281
268 282
267 283
266 284
265 285
264 286
263 287
262 288
261 289
260 290
259 291
258 292
257 293
256 294
255 295
254 296
253 297
252 298
251 299
250 300
249 301
248 302
247 303
246 304
245 305
244 306
243 307
242 308
241 309
240 310
239 311
238 312
237 313
236 314
235 315
234 316
233 317
232 318
231 319
230 320
229 321
228 322
227 323
226 324
225 325
224 326
223 327
222 328
221 329
220 330
219 331
218 332
217 333
216 334
215 335
214 336
213 337
212 338
211 339
210 340
209 341
208 342
207 343
206 344
205 345
204 346
203 347
202 348
201 349
200 350
199 351
198 352
197 353
196 354
195 355
194 356
193 357
192 358
191 359
190 360
189 361
188 362
187 363
186 364
185 365
184 366
183 367
182 368
181 369
180 370
179 371
178 372
177 373
176 374
175 375
174 376
173 377
172 378
171 379
170 380
169 381
168 382
167 383
166 384
165 385
164 386
163 387
162 388
161 389
160 390
159 391
158 392
157 393
156 394
155 395
154 396
153 397
152 398
151 399
150 400
149 401
148 402
147 403
146 404
145 405
144 406
143 407
142 408
141 409
140 410
139 411
138 412
137 413
136 414
135 415
134 416
133 417
132 418
131 419
130 420
129 421
128 422
127 423
126 424
125 425
124 426
123 427
122 428
121 429
120 430
119 431
118 432
117 433
116 434
115 435
114 436
113 437
112 438
111 439
110 440
109 441
108 442
107 443
106 444
105 445
104 446
103 447
102 448
101 449
100 450
99 451
98 452
97 453
96 454
95 455
94 456
93 457
92 458
91 459
90 460
89 461
88 462
87 463
86 464
85 465
84 466
83 467
82 468
81 469
80 470
79 471
78 472
77 473
76 474
75 475
74 476
73 477
72 478
71 479
70 480
69 481
68 482
67 483
66 484
65 485
64 486
63 487
62 488
61 489
60 490
59 491
58 492
57 493
56 494
55 495
54 496
53 497
52 498
51 499
50 500
49 501
48 502
47 503
46 504
45 505
44 506
43 507
42 508
41 509
40 510
39 511
38 512
37 513
36 514
35 515
34 516
33 517
32 518
31 519
30 520
29 521
28 522
27 523
26 524
25 525
24 526
23 527
22 528
21 529
20 530
19 531
18 532
17 533
16 534
15 535
14 536
13 537
12 538
11 539
10 540
9 541
8 542
7 543
6 544
5 545
4 546
3 547
2 548
1 549
0 550
0 549
0 548
0 547
0 546
0 545
0 544
0 543
0 542
0 541
0 540
0 539
0 538
0 537
0 536
0 535
0 534
0 533
0 532
0 531
0 530
0 529
0 528
0 527
0 526
0 525
0 524
0 523
0 522
0 521
0 520
0 519
0 518
0 517
0 516
0 515
0 514
0 513
0 512
0 511
0 510
0 509
0 508
0 507
0 506
0 505
0 504
0 503
0 502
0 501
0 500
0 499
0 498
0 497
0 496
0 495
0 494
0 493
0 492
0 491
0 490
0 489
0 488
0 487
0 486
0 485
0 484
0 483
0 482
0 481
0 480
0 479
0 478
0 477
0 476
0 475
0 474
0 473
0 472
0 471
0 470
0 469
0 468
0 467
0 466
0 465
0 464
0 463
0 462
0 461
0 460
0 459
0 458
0 457
0 456
0 455
0 454
0 453
0 452
0 451
0 450
0 449
0 448
0 447
0 446
0 445
0 444
0 443
0 442
0 441
0 440
0 439
0 438
0 437
0 436
0 435
0 434
0 433
0 432
0 431
0 430
0 429
0 428
0 427
0 426
0 425
0 424
0 423
0 422
0 421
0 420
0 419
0 418
0 417
0 416
0 415
0 414
0 413
0 412
0 411
0 410
0 409
0 408
0 407
0 406
0 405
0 404
0 403
0 402
0 401
0 400
0 399
0 398
0 397
0 396
0 395
0 394
0 393
0 392
0 391
0 390
0 389
0 388
0 387
0 386
0 385
0 384
0 383
0 382
0 381
0 380
0 379
0 378
0 377
0 376
0 375
0 374
0 373
0 372
0 371
0 370
0 369
0 368
0 367
0 366
0 365
0 364
0 363
0 362
0 361
0 360
0 359
0 358
0 357
0 356
0 355
0 354
0 353
0 352
0 351
0 350
0 349
0 348
0 347
0 346
0 345
0 344
0 343
0 342
0 341
0 340
0 339
0 338
0 337
0 336
0 335
0 334
0 333
0 332
0 331
0 330
0 329
0 328
0 327
0 326
0 325
0 324
0 323
0 322
0 321
0 320
0 319
0 318
0 317
0 316
0 315
0 314
0 313
0 312
0 311
0 310
0 309
0 308
0 307
0 306
0 305
0 304
0 303
0 302
0 301
0 300
0 299
0 298
0 297
0 296
0 295
0 294
0 293
0 292
0 291
0 290
0 289
0 288
0 287
0 286
0 285
0 284
0 283
0 282
0 281
0 280
0 279
0 278
0 277
0 276
0 275
0 274
0 273
0 272
0 271
0 270
0 269
0 268
0 267
0 266
0 265
0 264
0 263
0 262
0 261
0 260
0 259
0 258
0 257
0 256
0 255
0 254
0 253
0 252
0 251
0 250
0 249
0 248
0 247
0 246
0 245
0 244
0 243
0 242
0 241
0 240
0 239
0 238
0 237
0 236
0 235
0 234
0 233
0 232
0 231
0 230
0 229
0 228
0 227
0 226
0 225
0 224
0 223
0 222
0 221
0 220
0 219
0 218
0 217
0 216
0 215
0 214
0 213
0 212
0 211
0 210
0 209
0 208
0 207
0 206
0 205
0 204
0 203
0 202
0 201
0 200
0 199
0 198
0 197
0 196
0 195
0 194
0 193
0 192
0 191
0 190
0 189
0 188
0 187
0 186
0 185
0 184
0 183
0 182
0 181
0 180
0 179
0 178
0 177
0 176
0 175
0 174
0 173
0 172
0 171
0 170
0 169
0 168
0 167
0 166
0 165
0 164
0 163
0 162
0 161
0 160
0 159
0 158
0 157
0 156
0 155
0 154
0 153
0 152
0 151
0 150
0 149
0 148
0 147
0 146
0 145
0 144
0 143
0 142
0 141
0 140
0 139
0 138
0 137
0 136
0 135
0 134
0 133
0 132
0 131
0 130
0 129
0 128
0 127
0 126
0 125
0 124
0 123
0 122
0 121
0 120
0 119
0 118
0 117
0 116
0 115
0 114
0 113
0 112
0 111
0 110
0 109
0 108
0 107
0 106
0 105
0 104
0 103
0 102
0 101
0 100
0 99
0 98
0 97
0 96
0 95
0 94
0 93
0 92
0 91
0 90
0 89
0 88
0 87
0 86
0 85
0 84
0 83
0 82
0 81
0 80
0 79
0 78
0 77
0 76
0 75
0 74
0 73
0 72
0 71
0 70
0 69
0 68
0 67
0 66
0 65
0 64
0 63
0 62
0 61
0 60
0 59
0 58
0 57
0 56
0 55
0 54
0 53
0 52
0 51
0 50
0 49
0 48
0 47
0 46
0 45
0 44
0 43
0 42
0 41
0 40
0 39
0 38
0 37
0 36
0 35
0 34
0 33
0 32
0 31
0 30
0 29
0 28
0 27
0 26
0 25
0 24
0 23
0 22
0 21
0 20
0 19
0 18
0 17
0 16
0 15
0 14
0 13
0 12
0 11
0 10
0 9
0 8
0 7
0 6
0 5
0 4
0 3
0 2
0 1
