850 0
849 1
848 2
847 3
846 4
845 5
844 6
843 7
842 8
841 9
840 10
839 11
838 12
837 13
836 14
835 15
834 16
833 17
832 18
831 19
830 20
829 21
828 22
827 23
826 24
825 25
824 26
823 27
822 28
821 29
820 30
819 31
818 32
817 33
816 34
815 35
814 36
813 37
812 38
811 39
810 40
809 41
808 42
807 43
806 44
805 45
804 46
803 47
802 48
801 49
800 50
799 51
798 52
797 53
796 54
795 55
794 56
793 57
792 58
791 59
790 60
789 61
788 62
787 63
786 64
785 65
784 66
783 67
782 68
781 69
780 70
779 71
778 72
777 73
776 74
775 75
774 76
773 77
772 78
771 79
770 80
769 81
768 82
767 83
766 84
765 85
764 86
763 87
762 88
761 89
760 90
759 91
758 92
757 93
756 94
755 95
754 96
753 97
752 98
751 99
750 100
749 101
748 102
747 103
746 104
745 105
744 106
743 107
742 108
741 109
740 110
739 111
738 112
737 113
736 114
735 115
734 116
733 117
732 118
731 119
730 120
729 121
728 122
727 123
726 124
725 125
724 126
723 127
722 128
721 129
720 130
719 131
718 132
717 133
716 134
715 135
714 136
713 137
712 138
711 139
710 140
709 141
708 142
707 143
706 144
705 145
704 146
703 147
702 148
701 149
700 150
699 151
698 152
697 153
696 154
695 155
694 156
693 157
692 158
691 159
690 160
689 161
688 162
687 163
686 164
685 165
684 166
683 167
682 168
681 169
680 170
679 171
678 172
677 173
676 174
675 175
674 176
673 177
672 178
671 179
670 180
669 181
668 182
667 183
666 184
665 185
664 186
663 187
662 188
661 189
660 190
659 191
658 192
657 193
656 194
655 195
654 196
653 197
652 198
651 199
650 200
649 201
648 202
647 203
646 204
645 205
644 206
643 207
642 208
641 209
640 210
639 211
638 212
637 213
636 214
635 215
634 216
633 217
632 218
631 219
630 220
629 221
628 222
627 223
626 224
625 225
624 226
623 227
622 228
621 229
620 230
619 231
618 232
617 233
616 234
615 235
614 236
613 237
612 238
611 239
610 240
609 241
608 242
607 243
606 244
605 245
604 246
603 247
602 248
601 249
600 250
599 251
598 252
597 253
596 254
595 255
594 256
593 257
592 258
591 259
590 260
589 261
588 262
587 263
586 264
585 265
584 266
583 267
582 268
581 269
580 270
579 271
578 272
577 273
576 274
575 275
574 276
573 277
572 278
571 279
570 280
569 281
568 282
567 283
566 284
565 285
564 286
563 287
562 288
561 289
560 290
559 291
558 292
557 293
556 294
555 295
554 296
553 297
552 298
551 299
550 300
549 301
548 302
547 303
546 304
545 305
544 306
543 307
542 308
541 309
540 310
539 311
538 312
537 313
536 314
535 315
534 316
533 317
532 318
531 319
530 320
529 321
528 322
527 323
526 324
525 325
524 326
523 327
522 328
521 329
520 330
519 331
518 332
517 333
516 334
515 335
514 336
513 337
512 338
511 339
510 340
509 341
508 342
507 343
506 344
505 345
504 346
503 347
502 348
501 349
500 350
499 351
498 352
497 353
496 354
495 355
494 356
493 357
492 358
491 359
490 360
489 361
488 362
487 363
486 364
485 365
484 366
483 367
482 368
481 369
480 370
479 371
478 372
477 373
476 374
475 375
474 376
473 377
472 378
471 379
470 380
469 381
468 382
467 383
466 384
465 385
464 386
463 387
462 388
461 389
460 390
459 391
458 392
457 393
456 394
455 395
454 396
453 397
452 398
451 399
450 400
449 401
448 402
447 403
446 404
445 405
444 406
443 407
442 408
441 409
440 410
439 411
438 412
437 413
436 414
435 415
434 416
433 417
432 418
431 419
430 420
429 421
428 422
427 423
426 424
425 425
424 426
423 427
422 428
421 429
420 430
419 431
418 432
417 433
416 434
415 435
414 436
413 437
412 438
411 439
410 440
409 441
408 442
407 443
406 444
405 445
404 446
403 447
402 448
401 449
400 450
399 451
398 452
397 453
396 454
395 455
394 456
393 457
392 458
391 459
390 460
389 461
388 462
387 463
386 464
385 465
384 466
383 467
382 468
381 469
380 470
379 471
378 472
377 473
376 474
375 475
374 476
373 477
372 478
371 479
370 480
369 481
368 482
367 483
366 484
365 485
364 486
363 487
362 488
361 489
360 490
359 491
358 492
357 493
356 494
355 495
354 496
353 497
352 498
351 499
350 500
349 501
348 502
347 503
346 504
345 505
344 506
343 507
342 508
341 509
340 510
339 511
338 512
337 513
336 514
335 515
334 516
333 517
332 518
331 519
330 520
329 521
328 522
327 523
326 524
325 525
324 526
323 527
322 528
321 529
320 530
319 531
318 532
317 533
316 534
315 535
314 536
313 537
312 538
311 539
310 540
309 541
308 542
307 543
306 544
305 545
304 546
303 547
302 548
301 549
300 550
299 551
298 552
297 553
296 554
295 555
294 556
293 557
292 558
291 559
290 560
289 561
288 562
287 563
286 564
285 565
284 566
283 567
282 568
281 569
280 570
279 571
278 572
277 573
276 574
275 575
274 576
273 577
272 578
271 579
270 580
269 581
268 582
267 583
266 584
265 585
264 586
263 587
262 588
261 589
260 590
259 591
258 592
257 593
256 594
255 595
254 596
253 597
252 598
251 599
250 600
249 601
248 602
247 603
246 604
245 605
244 606
243 607
242 608
241 609
240 610
239 611
238 612
237 613
236 614
235 615
234 616
233 617
232 618
231 619
230 620
229 621
228 622
227 623
226 624
225 625
224 626
223 627
222 628
221 629
220 630
219 631
218 632
217 633
216 634
215 635
214 636
213 637
212 638
211 639
210 640
209 641
208 642
207 643
206 644
205 645
204 646
203 647
202 648
201 649
200 650
199 651
198 652
197 653
196 654
195 655
194 656
193 657
192 658
191 659
190 660
189 661
188 662
187 663
186 664
185 665
184 666
183 667
182 668
181 669
180 670
179 671
178 672
177 673
176 674
175 675
174 676
173 677
172 678
171 679
170 680
169 681
168 682
167 683
166 684
165 685
164 686
163 687
162 688
161 689
160 690
159 691
158 692
157 693
156 694
155 695
154 696
153 697
152 698
151 699
150 700
149 701
148 702
147 703
146 704
145 705
144 706
143 707
142 708
141 709
140 710
139 711
138 712
137 713
136 714
135 715
134 716
133 717
132 718
131 719
130 720
129 721
128 722
127 723
126 724
125 725
124 726
123 727
122 728
121 729
120 730
119 731
118 732
117 733
116 734
115 735
114 736
113 737
112 738
111 739
110 740
109 741
108 742
107 743
106 744
105 745
104 746
103 747
102 748
101 749
100 750
99 751
98 752
97 753
96 754
95 755
94 756
93 757
92 758
91 759
90 760
89 761
88 762
87 763
86 764
85 765
84 766
83 767
82 768
81 769
80 770
79 771
78 772
77 773
76 774
75 775
74 776
73 777
72 778
71 779
70 780
69 781
68 782
67 783
66 784
65 785
64 786
63 787
62 788
61 789
60 790
59 791
58 792
57 793
56 794
55 795
54 796
53 797
52 798
51 799
50 800
49 801
48 802
47 803
46 804
45 805
44 806
43 807
42 808
41 809
40 810
39 811
38 812
37 813
36 814
35 815
34 816
33 817
32 818
31 819
30 820
29 821
28 822
27 823
26 824
25 825
24 826
23 827
22 828
21 829
20 830
19 831
18 832
17 833
16 834
15 835
14 836
13 837
12 838
11 839
10 840
9 841
8 842
7 843
6 844
5 845
4 846
3 847
2 848
1 849
0 850
0 849
0 848
0 847
0 846
0 845
0 844
0 843
0 842
0 841
0 840
0 839
0 838
0 837
0 836
0 835
0 834
0 833
0 832
0 831
0 830
0 829
0 828
0 827
0 826
0 825
0 824
0 823
0 822
0 821
0 820
0 819
0 818
0 817
0 816
0 815
0 814
0 813
0 812
0 811
0 810
0 809
0 808
0 807
0 806
0 805
0 804
0 803
0 802
0 801
0 800
0 799
0 798
0 797
0 796
0 795
0 794
0 793
0 792
0 791
0 790
0 789
0 788
0 787
0 786
0 785
0 784
0 783
0 782
0 781
0 780
0 779
0 778
0 777
0 776
0 775
0 774
0 773
0 772
0 771
0 770
0 769
0 768
0 767
0 766
0 765
0 764
0 763
0 762
0 761
0 760
0 759
0 758
0 757
0 756
0 755
0 754
0 753
0 752
0 751
0 750
0 749
0 748
0 747
0 746
0 745
0 744
0 743
0 742
0 741
0 740
0 739
0 738
0 737
0 736
0 735
0 734
0 733
0 732
0 731
0 730
0 729
0 728
0 727
0 726
0 725
0 724
0 723
0 722
0 721
0 720
0 719
0 718
0 717
0 716
0 715
0 714
0 713
0 712
0 711
0 710
0 709
0 708
0 707
0 706
0 705
0 704
0 703
0 702
0 701
0 700
0 699
0 698
0 697
0 696
0 695
0 694
0 693
0 692
0 691
0 690
0 689
0 688
0 687
0 686
0 685
0 684
0 683
0 682
0 681
0 680
0 679
0 678
0 677
0 676
0 675
0 674
0 673
0 672
0 671
0 670
0 669
0 668
0 667
0 666
0 665
0 664
0 663
0 662
0 661
0 660
0 659
0 658
0 657
0 656
0 655
0 654
0 653
0 652
0 651
0 650
0 649
0 648
0 647
0 646
0 645
0 644
0 643
0 642
0 641
0 640
0 639
0 638
0 637
0 636
0 635
0 634
0 633
0 632
0 631
0 630
0 629
0 628
0 627
0 626
0 625
0 624
0 623
0 622
0 621
0 620
0 619
0 618
0 617
0 616
0 615
0 614
0 613
0 612
0 611
0 610
0 609
0 608
0 607
0 606
0 605
0 604
0 603
0 602
0 601
0 600
0 599
0 598
0 597
0 596
0 595
0 594
0 593
0 592
0 591
0 590
0 589
0 588
0 587
0 586
0 585
0 584
0 583
0 582
0 581
0 580
0 579
0 578
0 577
0 576
0 575
0 574
0 573
0 572
0 571
0 570
0 569
0 568
0 567
0 566
0 565
0 564
0 563
0 562
0 561
0 560
0 559
0 558
0 557
0 556
0 555
0 554
0 553
0 552
0 551
0 550
0 549
0 548
0 547
0 546
0 545
0 544
0 543
0 542
0 541
0 540
0 539
0 538
0 537
0 536
0 535
0 534
0 533
0 532
0 531
0 530
0 529
0 528
0 527
0 526
0 525
0 524
0 523
0 522
0 521
0 520
0 519
0 518
0 517
0 516
0 515
0 514
0 513
0 512
0 511
0 510
0 509
0 508
0 507
0 506
0 505
0 504
0 503
0 502
0 501
0 500
0 499
0 498
0 497
0 496
0 495
0 494
0 493
0 492
0 491
0 490
0 489
0 488
0 487
0 486
0 485
0 484
0 483
0 482
0 481
0 480
0 479
0 478
0 477
0 476
0 475
0 474
0 473
0 472
0 471
0 470
0 469
0 468
0 467
0 466
0 465
0 464
0 463
0 462
0 461
0 460
0 459
0 458
0 457
0 456
0 455
0 454
0 453
0 452
0 451
0 450
0 449
0 448
0 447
0 446
0 445
0 444
0 443
0 442
0 441
0 440
0 439
0 438
0 437
0 436
0 435
0 434
0 433
0 432
0 431
0 430
0 429
0 428
0 427
0 426
0 425
0 424
0 423
0 422
0 421
0 420
0 419
0 418
0 417
0 416
0 415
0 414
0 413
0 412
0 411
0 410
0 409
0 408
0 407
0 406
0 405
0 404
0 403
0 402
0 401
0 400
0 399
0 398
0 397
0 396
0 395
0 394
0 393
0 392
0 391
0 390
0 389
0 388
0 387
0 386
0 385
0 384
0 383
0 382
0 381
0 380
0 379
0 378
0 377
0 376
0 375
0 374
0 373
0 372
0 371
0 370
0 369
0 368
0 367
0 366
0 365
0 364
0 363
0 362
0 361
0 360
0 359
0 358
0 357
0 356
0 355
0 354
0 353
0 352
0 351
0 350
0 349
0 348
0 347
0 346
0 345
0 344
0 343
0 342
0 341
0 340
0 339
0 338
0 337
0 336
0 335
0 334
0 333
0 332
0 331
0 330
0 329
0 328
0 327
0 326
0 325
0 324
0 323
0 322
0 321
0 320
0 319
0 318
0 317
0 316
0 315
0 314
0 313
0 312
0 311
0 310
0 309
0 308
0 307
0 306
0 305
0 304
0 303
0 302
0 301
0 300
0 299
0 298
0 297
0 296
0 295
0 294
0 293
0 292
0 291
0 290
0 289
0 288
0 287
0 286
0 285
0 284
0 283
0 282
0 281
0 280
0 279
0 278
0 277
0 276
0 275
0 274
0 273
0 272
0 271
0 270
0 269
0 268
0 267
0 266
0 265
0 264
0 263
0 262
0 261
0 260
0 259
0 258
0 257
0 256
0 255
0 254
0 253
0 252
0 251
0 250
0 249
0 248
0 247
0 246
0 245
0 244
0 243
0 242
0 241
0 240
0 239
0 238
0 237
0 236
0 235
0 234
0 233
0 232
0 231
0 230
0 229
0 228
0 227
0 226
0 225
0 224
0 223
0 222
0 221
0 220
0 219
0 218
0 217
0 216
0 215
0 214
0 213
0 212
0 211
0 210
0 209
0 208
0 207
0 206
0 205
0 204
0 203
0 202
0 201
0 200
0 199
0 198
0 197
0 196
0 195
0 194
0 193
0 192
0 191
0 190
0 189
0 188
0 187
0 186
0 185
0 184
0 183
0 182
0 181
0 180
0 179
0 178
0 177
0 176
0 175
0 174
0 173
0 172
0 171
0 170
0 169
0 168
0 167
0 166
0 165
0 164
0 163
0 162
0 161
0 160
0 159
0 158
0 157
0 156
0 155
0 154
0 153
0 152
0 151
0 150
0 149
0 148
0 147
0 146
0 145
0 144
0 143
0 142
0 141
0 140
0 139
0 138
0 137
0 136
0 135
0 134
0 133
0 132
0 131
0 130
0 129
0 128
0 127
0 126
0 125
0 124
0 123
0 122
0 121
0 120
0 119
0 118
0 117
0 116
0 115
0 114
0 113
0 112
0 111
0 110
0 109
0 108
0 107
0 106
0 105
0 104
0 103
0 102
0 101
0 100
0 99
0 98
0 97
0 96
0 95
0 94
0 93
0 92
0 91
0 90
0 89
0 88
0 87
0 86
0 85
0 84
0 83
0 82
0 81
0 80
0 79
0 78
0 77
0 76
0 75
0 74
0 73
0 72
0 71
0 70
0 69
0 68
0 67
0 66
0 65
0 64
0 63
0 62
0 61
0 60
0 59
0 58
0 57
0 56
0 55
0 54
0 53
0 52
0 51
0 50
0 49
0 48
0 47
0 46
0 45
0 44
0 43
0 42
0 41
0 40
0 39
0 38
0 37
0 36
0 35
0 34
0 33
0 32
0 31
0 30
0 29
0 28
0 27
0 26
0 25
0 24
0 23
0 22
0 21
0 20
0 19
0 18
0 17
0 16
0 15
0 14
0 13
0 12
0 11
0 10
0 9
0 8
0 7
0 6
0 5
0 4
0 3
0 2
0 1
