950 0
949 1
948 2
947 3
946 4
945 5
944 6
943 7
942 8
941 9
940 10
939 11
938 12
937 13
936 14
935 15
934 16
933 17
932 18
931 19
930 20
929 21
928 22
927 23
926 24
925 25
924 26
923 27
922 28
921 29
920 30
919 31
918 32
917 33
916 34
915 35
914 36
913 37
912 38
911 39
910 40
909 41
908 42
907 43
906 44
905 45
904 46
903 47
902 48
901 49
900 50
899 51
898 52
897 53
896 54
895 55
894 56
893 57
892 58
891 59
890 60
889 61
888 62
887 63
886 64
885 65
884 66
883 67
882 68
881 69
880 70
879 71
878 72
877 73
876 74
875 75
874 76
873 77
872 78
871 79
870 80
869 81
868 82
867 83
866 84
865 85
864 86
863 87
862 88
861 89
860 90
859 91
858 92
857 93
856 94
855 95
854 96
853 97
852 98
851 99
850 100
849 101
848 102
847 103
846 104
845 105
844 106
843 107
842 108
841 109
840 110
839 111
838 112
837 113
836 114
835 115
834 116
833 117
832 118
831 119
830 120
829 121
828 122
827 123
826 124
825 125
824 126
823 127
822 128
821 129
820 130
819 131
818 132
817 133
816 134
815 135
814 136
813 137
812 138
811 139
810 140
809 141
808 142
807 143
806 144
805 145
804 146
803 147
802 148
801 149
800 150
799 151
798 152
797 153
796 154
795 155
794 156
793 157
792 158
791 159
790 160
789 161
788 162
787 163
786 164
785 165
784 166
783 167
782 168
781 169
780 170
779 171
778 172
777 173
776 174
775 175
774 176
773 177
772 178
771 179
770 180
769 181
768 182
767 183
766 184
765 185
764 186
763 187
762 188
761 189
760 190
759 191
758 192
757 193
756 194
755 195
754 196
753 197
752 198
751 199
750 200
749 201
748 202
747 203
746 204
745 205
744 206
743 207
742 208
741 209
740 210
739 211
738 212
737 213
736 214
735 215
734 216
733 217
732 218
731 219
730 220
729 221
728 222
727 223
726 224
725 225
724 226
723 227
722 228
721 229
720 230
719 231
718 232
717 233
716 234
715 235
714 236
713 237
712 238
711 239
710 240
709 241
708 242
707 243
706 244
705 245
704 246
703 247
702 248
701 249
700 250
699 251
698 252
697 253
696 254
695 255
694 256
693 257
692 258
691 259
690 260
689 261
688 262
687 263
686 264
685 265
684 266
683 267
682 268
681 269
680 270
679 271
678 272
677 273
676 274
675 275
674 276
673 277
672 278
671 279
670 280
669 281
668 282
667 283
666 284
665 285
664 286
663 287
662 288
661 289
660 290
659 291
658 292
657 293
656 294
655 295
654 296
653 297
652 298
651 299
650 300
649 301
648 302
647 303
646 304
645 305
644 306
643 307
642 308
641 309
640 310
639 311
638 312
637 313
636 314
635 315
634 316
633 317
632 318
631 319
630 320
629 321
628 322
627 323
626 324
625 325
624 326
623 327
622 328
621 329
620 330
619 331
618 332
617 333
616 334
615 335
614 336
613 337
612 338
611 339
610 340
609 341
608 342
607 343
606 344
605 345
604 346
603 347
602 348
601 349
600 350
599 351
598 352
597 353
596 354
595 355
594 356
593 357
592 358
591 359
590 360
589 361
588 362
587 363
586 364
585 365
584 366
583 367
582 368
581 369
580 370
579 371
578 372
577 373
576 374
575 375
574 376
573 377
572 378
571 379
570 380
569 381
568 382
567 383
566 384
565 385
564 386
563 387
562 388
561 389
560 390
559 391
558 392
557 393
556 394
555 395
554 396
553 397
552 398
551 399
550 400
549 401
548 402
547 403
546 404
545 405
544 406
543 407
542 408
541 409
540 410
539 411
538 412
537 413
536 414
535 415
534 416
533 417
532 418
531 419
530 420
529 421
528 422
527 423
526 424
525 425
524 426
523 427
522 428
521 429
520 430
519 431
518 432
517 433
516 434
515 435
514 436
513 437
512 438
511 439
510 440
509 441
508 442
507 443
506 444
505 445
504 446
503 447
502 448
501 449
500 450
499 451
498 452
497 453
496 454
495 455
494 456
493 457
492 458
491 459
490 460
489 461
488 462
487 463
486 464
485 465
484 466
483 467
482 468
481 469
480 470
479 471
478 472
477 473
476 474
475 475
474 476
473 477
472 478
471 479
470 480
469 481
468 482
467 483
466 484
465 485
464 486
463 487
462 488
461 489
460 490
459 491
458 492
457 493
456 494
455 495
454 496
453 497
452 498
451 499
450 500
449 501
448 502
447 503
446 504
445 505
444 506
443 507
442 508
441 509
440 510
439 511
438 512
437 513
436 514
435 515
434 516
433 517
432 518
431 519
430 520
429 521
428 522
427 523
426 524
425 525
424 526
423 527
422 528
421 529
420 530
419 531
418 532
417 533
416 534
415 535
414 536
413 537
412 538
411 539
410 540
409 541
408 542
407 543
406 544
405 545
404 546
403 547
402 548
401 549
400 550
399 551
398 552
397 553
396 554
395 555
394 556
393 557
392 558
391 559
390 560
389 561
388 562
387 563
386 564
385 565
384 566
383 567
382 568
381 569
380 570
379 571
378 572
377 573
376 574
375 575
374 576
373 577
372 578
371 579
370 580
369 581
368 582
367 583
366 584
365 585
364 586
363 587
362 588
361 589
360 590
359 591
358 592
357 593
356 594
355 595
354 596
353 597
352 598
351 599
350 600
349 601
348 602
347 603
346 604
345 605
344 606
343 607
342 608
341 609
340 610
339 611
338 612
337 613
336 614
335 615
334 616
333 617
332 618
331 619
330 620
329 621
328 622
327 623
326 624
325 625
324 626
323 627
322 628
321 629
320 630
319 631
318 632
317 633
316 634
315 635
314 636
313 637
312 638
311 639
310 640
309 641
308 642
307 643
306 644
305 645
304 646
303 647
302 648
301 649
300 650
299 651
298 652
297 653
296 654
295 655
294 656
293 657
292 658
291 659
290 660
289 661
288 662
287 663
286 664
285 665
284 666
283 667
282 668
281 669
280 670
279 671
278 672
277 673
276 674
275 675
274 676
273 677
272 678
271 679
270 680
269 681
268 682
267 683
266 684
265 685
264 686
263 687
262 688
261 689
260 690
259 691
258 692
257 693
256 694
255 695
254 696
253 697
252 698
251 699
250 700
249 701
248 702
247 703
246 704
245 705
244 706
243 707
242 708
241 709
240 710
239 711
238 712
237 713
236 714
235 715
234 716
233 717
232 718
231 719
230 720
229 721
228 722
227 723
226 724
225 725
224 726
223 727
222 728
221 729
220 730
219 731
218 732
217 733
216 734
215 735
214 736
213 737
212 738
211 739
210 740
209 741
208 742
207 743
206 744
205 745
204 746
203 747
202 748
201 749
200 750
199 751
198 752
197 753
196 754
195 755
194 756
193 757
192 758
191 759
190 760
189 761
188 762
187 763
186 764
185 765
184 766
183 767
182 768
181 769
180 770
179 771
178 772
177 773
176 774
175 775
174 776
173 777
172 778
171 779
170 780
169 781
168 782
167 783
166 784
165 785
164 786
163 787
162 788
161 789
160 790
159 791
158 792
157 793
156 794
155 795
154 796
153 797
152 798
151 799
150 800
149 801
148 802
147 803
146 804
145 805
144 806
143 807
142 808
141 809
140 810
139 811
138 812
137 813
136 814
135 815
134 816
133 817
132 818
131 819
130 820
129 821
128 822
127 823
126 824
125 825
124 826
123 827
122 828
121 829
120 830
119 831
118 832
117 833
116 834
115 835
114 836
113 837
112 838
111 839
110 840
109 841
108 842
107 843
106 844
105 845
104 846
103 847
102 848
101 849
100 850
99 851
98 852
97 853
96 854
95 855
94 856
93 857
92 858
91 859
90 860
89 861
88 862
87 863
86 864
85 865
84 866
83 867
82 868
81 869
80 870
79 871
78 872
77 873
76 874
75 875
74 876
73 877
72 878
71 879
70 880
69 881
68 882
67 883
66 884
65 885
64 886
63 887
62 888
61 889
60 890
59 891
58 892
57 893
56 894
55 895
54 896
53 897
52 898
51 899
50 900
49 901
48 902
47 903
46 904
45 905
44 906
43 907
42 908
41 909
40 910
39 911
38 912
37 913
36 914
35 915
34 916
33 917
32 918
31 919
30 920
29 921
28 922
27 923
26 924
25 925
24 926
23 927
22 928
21 929
20 930
19 931
18 932
17 933
16 934
15 935
14 936
13 937
12 938
11 939
10 940
9 941
8 942
7 943
6 944
5 945
4 946
3 947
2 948
1 949
0 950
0 949
0 948
0 947
0 946
0 945
0 944
0 943
0 942
0 941
0 940
0 939
0 938
0 937
0 936
0 935
0 934
0 933
0 932
0 931
0 930
0 929
0 928
0 927
0 926
0 925
0 924
0 923
0 922
0 921
0 920
0 919
0 918
0 917
0 916
0 915
0 914
0 913
0 912
0 911
0 910
0 909
0 908
0 907
0 906
0 905
0 904
0 903
0 902
0 901
0 900
0 899
0 898
0 897
0 896
0 895
0 894
0 893
0 892
0 891
0 890
0 889
0 888
0 887
0 886
0 885
0 884
0 883
0 882
0 881
0 880
0 879
0 878
0 877
0 876
0 875
0 874
0 873
0 872
0 871
0 870
0 869
0 868
0 867
0 866
0 865
0 864
0 863
0 862
0 861
0 860
0 859
0 858
0 857
0 856
0 855
0 854
0 853
0 852
0 851
0 850
0 849
0 848
0 847
0 846
0 845
0 844
0 843
0 842
0 841
0 840
0 839
0 838
0 837
0 836
0 835
0 834
0 833
0 832
0 831
0 830
0 829
0 828
0 827
0 826
0 825
0 824
0 823
0 822
0 821
0 820
0 819
0 818
0 817
0 816
0 815
0 814
0 813
0 812
0 811
0 810
0 809
0 808
0 807
0 806
0 805
0 804
0 803
0 802
0 801
0 800
0 799
0 798
0 797
0 796
0 795
0 794
0 793
0 792
0 791
0 790
0 789
0 788
0 787
0 786
0 785
0 784
0 783
0 782
0 781
0 780
0 779
0 778
0 777
0 776
0 775
0 774
0 773
0 772
0 771
0 770
0 769
0 768
0 767
0 766
0 765
0 764
0 763
0 762
0 761
0 760
0 759
0 758
0 757
0 756
0 755
0 754
0 753
0 752
0 751
0 750
0 749
0 748
0 747
0 746
0 745
0 744
0 743
0 742
0 741
0 740
0 739
0 738
0 737
0 736
0 735
0 734
0 733
0 732
0 731
0 730
0 729
0 728
0 727
0 726
0 725
0 724
0 723
0 722
0 721
0 720
0 719
0 718
0 717
0 716
0 715
0 714
0 713
0 712
0 711
0 710
0 709
0 708
0 707
0 706
0 705
0 704
0 703
0 702
0 701
0 700
0 699
0 698
0 697
0 696
0 695
0 694
0 693
0 692
0 691
0 690
0 689
0 688
0 687
0 686
0 685
0 684
0 683
0 682
0 681
0 680
0 679
0 678
0 677
0 676
0 675
0 674
0 673
0 672
0 671
0 670
0 669
0 668
0 667
0 666
0 665
0 664
0 663
0 662
0 661
0 660
0 659
0 658
0 657
0 656
0 655
0 654
0 653
0 652
0 651
0 650
0 649
0 648
0 647
0 646
0 645
0 644
0 643
0 642
0 641
0 640
0 639
0 638
0 637
0 636
0 635
0 634
0 633
0 632
0 631
0 630
0 629
0 628
0 627
0 626
0 625
0 624
0 623
0 622
0 621
0 620
0 619
0 618
0 617
0 616
0 615
0 614
0 613
0 612
0 611
0 610
0 609
0 608
0 607
0 606
0 605
0 604
0 603
0 602
0 601
0 600
0 599
0 598
0 597
0 596
0 595
0 594
0 593
0 592
0 591
0 590
0 589
0 588
0 587
0 586
0 585
0 584
0 583
0 582
0 581
0 580
0 579
0 578
0 577
0 576
0 575
0 574
0 573
0 572
0 571
0 570
0 569
0 568
0 567
0 566
0 565
0 564
0 563
0 562
0 561
0 560
0 559
0 558
0 557
0 556
0 555
0 554
0 553
0 552
0 551
0 550
0 549
0 548
0 547
0 546
0 545
0 544
0 543
0 542
0 541
0 540
0 539
0 538
0 537
0 536
0 535
0 534
0 533
0 532
0 531
0 530
0 529
0 528
0 527
0 526
0 525
0 524
0 523
0 522
0 521
0 520
0 519
0 518
0 517
0 516
0 515
0 514
0 513
0 512
0 511
0 510
0 509
0 508
0 507
0 506
0 505
0 504
0 503
0 502
0 501
0 500
0 499
0 498
0 497
0 496
0 495
0 494
0 493
0 492
0 491
0 490
0 489
0 488
0 487
0 486
0 485
0 484
0 483
0 482
0 481
0 480
0 479
0 478
0 477
0 476
0 475
0 474
0 473
0 472
0 471
0 470
0 469
0 468
0 467
0 466
0 465
0 464
0 463
0 462
0 461
0 460
0 459
0 458
0 457
0 456
0 455
0 454
0 453
0 452
0 451
0 450
0 449
0 448
0 447
0 446
0 445
0 444
0 443
0 442
0 441
0 440
0 439
0 438
0 437
0 436
0 435
0 434
0 433
0 432
0 431
0 430
0 429
0 428
0 427
0 426
0 425
0 424
0 423
0 422
0 421
0 420
0 419
0 418
0 417
0 416
0 415
0 414
0 413
0 412
0 411
0 410
0 409
0 408
0 407
0 406
0 405
0 404
0 403
0 402
0 401
0 400
0 399
0 398
0 397
0 396
0 395
0 394
0 393
0 392
0 391
0 390
0 389
0 388
0 387
0 386
0 385
0 384
0 383
0 382
0 381
0 380
0 379
0 378
0 377
0 376
0 375
0 374
0 373
0 372
0 371
0 370
0 369
0 368
0 367
0 366
0 365
0 364
0 363
0 362
0 361
0 360
0 359
0 358
0 357
0 356
0 355
0 354
0 353
0 352
0 351
0 350
0 349
0 348
0 347
0 346
0 345
0 344
0 343
0 342
0 341
0 340
0 339
0 338
0 337
0 336
0 335
0 334
0 333
0 332
0 331
0 330
0 329
0 328
0 327
0 326
0 325
0 324
0 323
0 322
0 321
0 320
0 319
0 318
0 317
0 316
0 315
0 314
0 313
0 312
0 311
0 310
0 309
0 308
0 307
0 306
0 305
0 304
0 303
0 302
0 301
0 300
0 299
0 298
0 297
0 296
0 295
0 294
0 293
0 292
0 291
0 290
0 289
0 288
0 287
0 286
0 285
0 284
0 283
0 282
0 281
0 280
0 279
0 278
0 277
0 276
0 275
0 274
0 273
0 272
0 271
0 270
0 269
0 268
0 267
0 266
0 265
0 264
0 263
0 262
0 261
0 260
0 259
0 258
0 257
0 256
0 255
0 254
0 253
0 252
0 251
0 250
0 249
0 248
0 247
0 246
0 245
0 244
0 243
0 242
0 241
0 240
0 239
0 238
0 237
0 236
0 235
0 234
0 233
0 232
0 231
0 230
0 229
0 228
0 227
0 226
0 225
0 224
0 223
0 222
0 221
0 220
0 219
0 218
0 217
0 216
0 215
0 214
0 213
0 212
0 211
0 210
0 209
0 208
0 207
0 206
0 205
0 204
0 203
0 202
0 201
0 200
0 199
0 198
0 197
0 196
0 195
0 194
0 193
0 192
0 191
0 190
0 189
0 188
0 187
0 186
0 185
0 184
0 183
0 182
0 181
0 180
0 179
0 178
0 177
0 176
0 175
0 174
0 173
0 172
0 171
0 170
0 169
0 168
0 167
0 166
0 165
0 164
0 163
0 162
0 161
0 160
0 159
0 158
0 157
0 156
0 155
0 154
0 153
0 152
0 151
0 150
0 149
0 148
0 147
0 146
0 145
0 144
0 143
0 142
0 141
0 140
0 139
0 138
0 137
0 136
0 135
0 134
0 133
0 132
0 131
0 130
0 129
0 128
0 127
0 126
0 125
0 124
0 123
0 122
0 121
0 120
0 119
0 118
0 117
0 116
0 115
0 114
0 113
0 112
0 111
0 110
0 109
0 108
0 107
0 106
0 105
0 104
0 103
0 102
0 101
0 100
0 99
0 98
0 97
0 96
0 95
0 94
0 93
0 92
0 91
0 90
0 89
0 88
0 87
0 86
0 85
0 84
0 83
0 82
0 81
0 80
0 79
0 78
0 77
0 76
0 75
0 74
0 73
0 72
0 71
0 70
0 69
0 68
0 67
0 66
0 65
0 64
0 63
0 62
0 61
0 60
0 59
0 58
0 57
0 56
0 55
0 54
0 53
0 52
0 51
0 50
0 49
0 48
0 47
0 46
0 45
0 44
0 43
0 42
0 41
0 40
0 39
0 38
0 37
0 36
0 35
0 34
0 33
0 32
0 31
0 30
0 29
0 28
0 27
0 26
0 25
0 24
0 23
0 22
0 21
0 20
0 19
0 18
0 17
0 16
0 15
0 14
0 13
0 12
0 11
0 10
0 9
0 8
0 7
0 6
0 5
0 4
0 3
0 2
0 1
