1150 0
1149 1
1148 2
1147 3
1146 4
1145 5
1144 6
1143 7
1142 8
1141 9
1140 10
1139 11
1138 12
1137 13
1136 14
1135 15
1134 16
1133 17
1132 18
1131 19
1130 20
1129 21
1128 22
1127 23
1126 24
1125 25
1124 26
1123 27
1122 28
1121 29
1120 30
1119 31
1118 32
1117 33
1116 34
1115 35
1114 36
1113 37
1112 38
1111 39
1110 40
1109 41
1108 42
1107 43
1106 44
1105 45
1104 46
1103 47
1102 48
1101 49
1100 50
1099 51
1098 52
1097 53
1096 54
1095 55
1094 56
1093 57
1092 58
1091 59
1090 60
1089 61
1088 62
1087 63
1086 64
1085 65
1084 66
1083 67
1082 68
1081 69
1080 70
1079 71
1078 72
1077 73
1076 74
1075 75
1074 76
1073 77
1072 78
1071 79
1070 80
1069 81
1068 82
1067 83
1066 84
1065 85
1064 86
1063 87
1062 88
1061 89
1060 90
1059 91
1058 92
1057 93
1056 94
1055 95
1054 96
1053 97
1052 98
1051 99
1050 100
1049 101
1048 102
1047 103
1046 104
1045 105
1044 106
1043 107
1042 108
1041 109
1040 110
1039 111
1038 112
1037 113
1036 114
1035 115
1034 116
1033 117
1032 118
1031 119
1030 120
1029 121
1028 122
1027 123
1026 124
1025 125
1024 126
1023 127
1022 128
1021 129
1020 130
1019 131
1018 132
1017 133
1016 134
1015 135
1014 136
1013 137
1012 138
1011 139
1010 140
1009 141
1008 142
1007 143
1006 144
1005 145
1004 146
1003 147
1002 148
1001 149
1000 150
999 151
998 152
997 153
996 154
995 155
994 156
993 157
992 158
991 159
990 160
989 161
988 162
987 163
986 164
985 165
984 166
983 167
982 168
981 169
980 170
979 171
978 172
977 173
976 174
975 175
974 176
973 177
972 178
971 179
970 180
969 181
968 182
967 183
966 184
965 185
964 186
963 187
962 188
961 189
960 190
959 191
958 192
957 193
956 194
955 195
954 196
953 197
952 198
951 199
950 200
949 201
948 202
947 203
946 204
945 205
944 206
943 207
942 208
941 209
940 210
939 211
938 212
937 213
936 214
935 215
934 216
933 217
932 218
931 219
930 220
929 221
928 222
927 223
926 224
925 225
924 226
923 227
922 228
921 229
920 230
919 231
918 232
917 233
916 234
915 235
914 236
913 237
912 238
911 239
910 240
909 241
908 242
907 243
906 244
905 245
904 246
903 247
902 248
901 249
900 250
899 251
898 252
897 253
896 254
895 255
894 256
893 257
892 258
891 259
890 260
889 261
888 262
887 263
886 264
885 265
884 266
883 267
882 268
881 269
880 270
879 271
878 272
877 273
876 274
875 275
874 276
873 277
872 278
871 279
870 280
869 281
868 282
867 283
866 284
865 285
864 286
863 287
862 288
861 289
860 290
859 291
858 292
857 293
856 294
855 295
854 296
853 297
852 298
851 299
850 300
849 301
848 302
847 303
846 304
845 305
844 306
843 307
842 308
841 309
840 310
839 311
838 312
837 313
836 314
835 315
834 316
833 317
832 318
831 319
830 320
829 321
828 322
827 323
826 324
825 325
824 326
823 327
822 328
821 329
820 330
819 331
818 332
817 333
816 334
815 335
814 336
813 337
812 338
811 339
810 340
809 341
808 342
807 343
806 344
805 345
804 346
803 347
802 348
801 349
800 350
799 351
798 352
797 353
796 354
795 355
794 356
793 357
792 358
791 359
790 360
789 361
788 362
787 363
786 364
785 365
784 366
783 367
782 368
781 369
780 370
779 371
778 372
777 373
776 374
775 375
774 376
773 377
772 378
771 379
770 380
769 381
768 382
767 383
766 384
765 385
764 386
763 387
762 388
761 389
760 390
759 391
758 392
757 393
756 394
755 395
754 396
753 397
752 398
751 399
750 400
749 401
748 402
747 403
746 404
745 405
744 406
743 407
742 408
741 409
740 410
739 411
738 412
737 413
736 414
735 415
734 416
733 417
732 418
731 419
730 420
729 421
728 422
727 423
726 424
725 425
724 426
723 427
722 428
721 429
720 430
719 431
718 432
717 433
716 434
715 435
714 436
713 437
712 438
711 439
710 440
709 441
708 442
707 443
706 444
705 445
704 446
703 447
702 448
701 449
700 450
699 451
698 452
697 453
696 454
695 455
694 456
693 457
692 458
691 459
690 460
689 461
688 462
687 463
686 464
685 465
684 466
683 467
682 468
681 469
680 470
679 471
678 472
677 473
676 474
675 475
674 476
673 477
672 478
671 479
670 480
669 481
668 482
667 483
666 484
665 485
664 486
663 487
662 488
661 489
660 490
659 491
658 492
657 493
656 494
655 495
654 496
653 497
652 498
651 499
650 500
649 501
648 502
647 503
646 504
645 505
644 506
643 507
642 508
641 509
640 510
639 511
638 512
637 513
636 514
635 515
634 516
633 517
632 518
631 519
630 520
629 521
628 522
627 523
626 524
625 525
624 526
623 527
622 528
621 529
620 530
619 531
618 532
617 533
616 534
615 535
614 536
613 537
612 538
611 539
610 540
609 541
608 542
607 543
606 544
605 545
604 546
603 547
602 548
601 549
600 550
599 551
598 552
597 553
596 554
595 555
594 556
593 557
592 558
591 559
590 560
589 561
588 562
587 563
586 564
585 565
584 566
583 567
582 568
581 569
580 570
579 571
578 572
577 573
576 574
575 575
574 576
573 577
572 578
571 579
570 580
569 581
568 582
567 583
566 584
565 585
564 586
563 587
562 588
561 589
560 590
559 591
558 592
557 593
556 594
555 595
554 596
553 597
552 598
551 599
550 600
549 601
548 602
547 603
546 604
545 605
544 606
543 607
542 608
541 609
540 610
539 611
538 612
537 613
536 614
535 615
534 616
533 617
532 618
531 619
530 620
529 621
528 622
527 623
526 624
525 625
524 626
523 627
522 628
521 629
520 630
519 631
518 632
517 633
516 634
515 635
514 636
513 637
512 638
511 639
510 640
509 641
508 642
507 643
506 644
505 645
504 646
503 647
502 648
501 649
500 650
499 651
498 652
497 653
496 654
495 655
494 656
493 657
492 658
491 659
490 660
489 661
488 662
487 663
486 664
485 665
484 666
483 667
482 668
481 669
480 670
479 671
478 672
477 673
476 674
475 675
474 676
473 677
472 678
471 679
470 680
469 681
468 682
467 683
466 684
465 685
464 686
463 687
462 688
461 689
460 690
459 691
458 692
457 693
456 694
455 695
454 696
453 697
452 698
451 699
450 700
449 701
448 702
447 703
446 704
445 705
444 706
443 707
442 708
441 709
440 710
439 711
438 712
437 713
436 714
435 715
434 716
433 717
432 718
431 719
430 720
429 721
428 722
427 723
426 724
425 725
424 726
423 727
422 728
421 729
420 730
419 731
418 732
417 733
416 734
415 735
414 736
413 737
412 738
411 739
410 740
409 741
408 742
407 743
406 744
405 745
404 746
403 747
402 748
401 749
400 750
399 751
398 752
397 753
396 754
395 755
394 756
393 757
392 758
391 759
390 760
389 761
388 762
387 763
386 764
385 765
384 766
383 767
382 768
381 769
380 770
379 771
378 772
377 773
376 774
375 775
374 776
373 777
372 778
371 779
370 780
369 781
368 782
367 783
366 784
365 785
364 786
363 787
362 788
361 789
360 790
359 791
358 792
357 793
356 794
355 795
354 796
353 797
352 798
351 799
350 800
349 801
348 802
347 803
346 804
345 805
344 806
343 807
342 808
341 809
340 810
339 811
338 812
337 813
336 814
335 815
334 816
333 817
332 818
331 819
330 820
329 821
328 822
327 823
326 824
325 825
324 826
323 827
322 828
321 829
320 830
319 831
318 832
317 833
316 834
315 835
314 836
313 837
312 838
311 839
310 840
309 841
308 842
307 843
306 844
305 845
304 846
303 847
302 848
301 849
300 850
299 851
298 852
297 853
296 854
295 855
294 856
293 857
292 858
291 859
290 860
289 861
288 862
287 863
286 864
285 865
284 866
283 867
282 868
281 869
280 870
279 871
278 872
277 873
276 874
275 875
274 876
273 877
272 878
271 879
270 880
269 881
268 882
267 883
266 884
265 885
264 886
263 887
262 888
261 889
260 890
259 891
258 892
257 893
256 894
255 895
254 896
253 897
252 898
251 899
250 900
249 901
248 902
247 903
246 904
245 905
244 906
243 907
242 908
241 909
240 910
239 911
238 912
237 913
236 914
235 915
234 916
233 917
232 918
231 919
230 920
229 921
228 922
227 923
226 924
225 925
224 926
223 927
222 928
221 929
220 930
219 931
218 932
217 933
216 934
215 935
214 936
213 937
212 938
211 939
210 940
209 941
208 942
207 943
206 944
205 945
204 946
203 947
202 948
201 949
200 950
199 951
198 952
197 953
196 954
195 955
194 956
193 957
192 958
191 959
190 960
189 961
188 962
187 963
186 964
185 965
184 966
183 967
182 968
181 969
180 970
179 971
178 972
177 973
176 974
175 975
174 976
173 977
172 978
171 979
170 980
169 981
168 982
167 983
166 984
165 985
164 986
163 987
162 988
161 989
160 990
159 991
158 992
157 993
156 994
155 995
154 996
153 997
152 998
151 999
150 1000
149 1001
148 1002
147 1003
146 1004
145 1005
144 1006
143 1007
142 1008
141 1009
140 1010
139 1011
138 1012
137 1013
136 1014
135 1015
134 1016
133 1017
132 1018
131 1019
130 1020
129 1021
128 1022
127 1023
126 1024
125 1025
124 1026
123 1027
122 1028
121 1029
120 1030
119 1031
118 1032
117 1033
116 1034
115 1035
114 1036
113 1037
112 1038
111 1039
110 1040
109 1041
108 1042
107 1043
106 1044
105 1045
104 1046
103 1047
102 1048
101 1049
100 1050
99 1051
98 1052
97 1053
96 1054
95 1055
94 1056
93 1057
92 1058
91 1059
90 1060
89 1061
88 1062
87 1063
86 1064
85 1065
84 1066
83 1067
82 1068
81 1069
80 1070
79 1071
78 1072
77 1073
76 1074
75 1075
74 1076
73 1077
72 1078
71 1079
70 1080
69 1081
68 1082
67 1083
66 1084
65 1085
64 1086
63 1087
62 1088
61 1089
60 1090
59 1091
58 1092
57 1093
56 1094
55 1095
54 1096
53 1097
52 1098
51 1099
50 1100
49 1101
48 1102
47 1103
46 1104
45 1105
44 1106
43 1107
42 1108
41 1109
40 1110
39 1111
38 1112
37 1113
36 1114
35 1115
34 1116
33 1117
32 1118
31 1119
30 1120
29 1121
28 1122
27 1123
26 1124
25 1125
24 1126
23 1127
22 1128
21 1129
20 1130
19 1131
18 1132
17 1133
16 1134
15 1135
14 1136
13 1137
12 1138
11 1139
10 1140
9 1141
8 1142
7 1143
6 1144
5 1145
4 1146
3 1147
2 1148
1 1149
0 1150
0 1149
0 1148
0 1147
0 1146
0 1145
0 1144
0 1143
0 1142
0 1141
0 1140
0 1139
0 1138
0 1137
0 1136
0 1135
0 1134
0 1133
0 1132
0 1131
0 1130
0 1129
0 1128
0 1127
0 1126
0 1125
0 1124
0 1123
0 1122
0 1121
0 1120
0 1119
0 1118
0 1117
0 1116
0 1115
0 1114
0 1113
0 1112
0 1111
0 1110
0 1109
0 1108
0 1107
0 1106
0 1105
0 1104
0 1103
0 1102
0 1101
0 1100
0 1099
0 1098
0 1097
0 1096
0 1095
0 1094
0 1093
0 1092
0 1091
0 1090
0 1089
0 1088
0 1087
0 1086
0 1085
0 1084
0 1083
0 1082
0 1081
0 1080
0 1079
0 1078
0 1077
0 1076
0 1075
0 1074
0 1073
0 1072
0 1071
0 1070
0 1069
0 1068
0 1067
0 1066
0 1065
0 1064
0 1063
0 1062
0 1061
0 1060
0 1059
0 1058
0 1057
0 1056
0 1055
0 1054
0 1053
0 1052
0 1051
0 1050
0 1049
0 1048
0 1047
0 1046
0 1045
0 1044
0 1043
0 1042
0 1041
0 1040
0 1039
0 1038
0 1037
0 1036
0 1035
0 1034
0 1033
0 1032
0 1031
0 1030
0 1029
0 1028
0 1027
0 1026
0 1025
0 1024
0 1023
0 1022
0 1021
0 1020
0 1019
0 1018
0 1017
0 1016
0 1015
0 1014
0 1013
0 1012
0 1011
0 1010
0 1009
0 1008
0 1007
0 1006
0 1005
0 1004
0 1003
0 1002
0 1001
0 1000
0 999
0 998
0 997
0 996
0 995
0 994
0 993
0 992
0 991
0 990
0 989
0 988
0 987
0 986
0 985
0 984
0 983
0 982
0 981
0 980
0 979
0 978
0 977
0 976
0 975
0 974
0 973
0 972
0 971
0 970
0 969
0 968
0 967
0 966
0 965
0 964
0 963
0 962
0 961
0 960
0 959
0 958
0 957
0 956
0 955
0 954
0 953
0 952
0 951
0 950
0 949
0 948
0 947
0 946
0 945
0 944
0 943
0 942
0 941
0 940
0 939
0 938
0 937
0 936
0 935
0 934
0 933
0 932
0 931
0 930
0 929
0 928
0 927
0 926
0 925
0 924
0 923
0 922
0 921
0 920
0 919
0 918
0 917
0 916
0 915
0 914
0 913
0 912
0 911
0 910
0 909
0 908
0 907
0 906
0 905
0 904
0 903
0 902
0 901
0 900
0 899
0 898
0 897
0 896
0 895
0 894
0 893
0 892
0 891
0 890
0 889
0 888
0 887
0 886
0 885
0 884
0 883
0 882
0 881
0 880
0 879
0 878
0 877
0 876
0 875
0 874
0 873
0 872
0 871
0 870
0 869
0 868
0 867
0 866
0 865
0 864
0 863
0 862
0 861
0 860
0 859
0 858
0 857
0 856
0 855
0 854
0 853
0 852
0 851
0 850
0 849
0 848
0 847
0 846
0 845
0 844
0 843
0 842
0 841
0 840
0 839
0 838
0 837
0 836
0 835
0 834
0 833
0 832
0 831
0 830
0 829
0 828
0 827
0 826
0 825
0 824
0 823
0 822
0 821
0 820
0 819
0 818
0 817
0 816
0 815
0 814
0 813
0 812
0 811
0 810
0 809
0 808
0 807
0 806
0 805
0 804
0 803
0 802
0 801
0 800
0 799
0 798
0 797
0 796
0 795
0 794
0 793
0 792
0 791
0 790
0 789
0 788
0 787
0 786
0 785
0 784
0 783
0 782
0 781
0 780
0 779
0 778
0 777
0 776
0 775
0 774
0 773
0 772
0 771
0 770
0 769
0 768
0 767
0 766
0 765
0 764
0 763
0 762
0 761
0 760
0 759
0 758
0 757
0 756
0 755
0 754
0 753
0 752
0 751
0 750
0 749
0 748
0 747
0 746
0 745
0 744
0 743
0 742
0 741
0 740
0 739
0 738
0 737
0 736
0 735
0 734
0 733
0 732
0 731
0 730
0 729
0 728
0 727
0 726
0 725
0 724
0 723
0 722
0 721
0 720
0 719
0 718
0 717
0 716
0 715
0 714
0 713
0 712
0 711
0 710
0 709
0 708
0 707
0 706
0 705
0 704
0 703
0 702
0 701
0 700
0 699
0 698
0 697
0 696
0 695
0 694
0 693
0 692
0 691
0 690
0 689
0 688
0 687
0 686
0 685
0 684
0 683
0 682
0 681
0 680
0 679
0 678
0 677
0 676
0 675
0 674
0 673
0 672
0 671
0 670
0 669
0 668
0 667
0 666
0 665
0 664
0 663
0 662
0 661
0 660
0 659
0 658
0 657
0 656
0 655
0 654
0 653
0 652
0 651
0 650
0 649
0 648
0 647
0 646
0 645
0 644
0 643
0 642
0 641
0 640
0 639
0 638
0 637
0 636
0 635
0 634
0 633
0 632
0 631
0 630
0 629
0 628
0 627
0 626
0 625
0 624
0 623
0 622
0 621
0 620
0 619
0 618
0 617
0 616
0 615
0 614
0 613
0 612
0 611
0 610
0 609
0 608
0 607
0 606
0 605
0 604
0 603
0 602
0 601
0 600
0 599
0 598
0 597
0 596
0 595
0 594
0 593
0 592
0 591
0 590
0 589
0 588
0 587
0 586
0 585
0 584
0 583
0 582
0 581
0 580
0 579
0 578
0 577
0 576
0 575
0 574
0 573
0 572
0 571
0 570
0 569
0 568
0 567
0 566
0 565
0 564
0 563
0 562
0 561
0 560
0 559
0 558
0 557
0 556
0 555
0 554
0 553
0 552
0 551
0 550
0 549
0 548
0 547
0 546
0 545
0 544
0 543
0 542
0 541
0 540
0 539
0 538
0 537
0 536
0 535
0 534
0 533
0 532
0 531
0 530
0 529
0 528
0 527
0 526
0 525
0 524
0 523
0 522
0 521
0 520
0 519
0 518
0 517
0 516
0 515
0 514
0 513
0 512
0 511
0 510
0 509
0 508
0 507
0 506
0 505
0 504
0 503
0 502
0 501
0 500
0 499
0 498
0 497
0 496
0 495
0 494
0 493
0 492
0 491
0 490
0 489
0 488
0 487
0 486
0 485
0 484
0 483
0 482
0 481
0 480
0 479
0 478
0 477
0 476
0 475
0 474
0 473
0 472
0 471
0 470
0 469
0 468
0 467
0 466
0 465
0 464
0 463
0 462
0 461
0 460
0 459
0 458
0 457
0 456
0 455
0 454
0 453
0 452
0 451
0 450
0 449
0 448
0 447
0 446
0 445
0 444
0 443
0 442
0 441
0 440
0 439
0 438
0 437
0 436
0 435
0 434
0 433
0 432
0 431
0 430
0 429
0 428
0 427
0 426
0 425
0 424
0 423
0 422
0 421
0 420
0 419
0 418
0 417
0 416
0 415
0 414
0 413
0 412
0 411
0 410
0 409
0 408
0 407
0 406
0 405
0 404
0 403
0 402
0 401
0 400
0 399
0 398
0 397
0 396
0 395
0 394
0 393
0 392
0 391
0 390
0 389
0 388
0 387
0 386
0 385
0 384
0 383
0 382
0 381
0 380
0 379
0 378
0 377
0 376
0 375
0 374
0 373
0 372
0 371
0 370
0 369
0 368
0 367
0 366
0 365
0 364
0 363
0 362
0 361
0 360
0 359
0 358
0 357
0 356
0 355
0 354
0 353
0 352
0 351
0 350
0 349
0 348
0 347
0 346
0 345
0 344
0 343
0 342
0 341
0 340
0 339
0 338
0 337
0 336
0 335
0 334
0 333
0 332
0 331
0 330
0 329
0 328
0 327
0 326
0 325
0 324
0 323
0 322
0 321
0 320
0 319
0 318
0 317
0 316
0 315
0 314
0 313
0 312
0 311
0 310
0 309
0 308
0 307
0 306
0 305
0 304
0 303
0 302
0 301
0 300
0 299
0 298
0 297
0 296
0 295
0 294
0 293
0 292
0 291
0 290
0 289
0 288
0 287
0 286
0 285
0 284
0 283
0 282
0 281
0 280
0 279
0 278
0 277
0 276
0 275
0 274
0 273
0 272
0 271
0 270
0 269
0 268
0 267
0 266
0 265
0 264
0 263
0 262
0 261
0 260
0 259
0 258
0 257
0 256
0 255
0 254
0 253
0 252
0 251
0 250
0 249
0 248
0 247
0 246
0 245
0 244
0 243
0 242
0 241
0 240
0 239
0 238
0 237
0 236
0 235
0 234
0 233
0 232
0 231
0 230
0 229
0 228
0 227
0 226
0 225
0 224
0 223
0 222
0 221
0 220
0 219
0 218
0 217
0 216
0 215
0 214
0 213
0 212
0 211
0 210
0 209
0 208
0 207
0 206
0 205
0 204
0 203
0 202
0 201
0 200
0 199
0 198
0 197
0 196
0 195
0 194
0 193
0 192
0 191
0 190
0 189
0 188
0 187
0 186
0 185
0 184
0 183
0 182
0 181
0 180
0 179
0 178
0 177
0 176
0 175
0 174
0 173
0 172
0 171
0 170
0 169
0 168
0 167
0 166
0 165
0 164
0 163
0 162
0 161
0 160
0 159
0 158
0 157
0 156
0 155
0 154
0 153
0 152
0 151
0 150
0 149
0 148
0 147
0 146
0 145
0 144
0 143
0 142
0 141
0 140
0 139
0 138
0 137
0 136
0 135
0 134
0 133
0 132
0 131
0 130
0 129
0 128
0 127
0 126
0 125
0 124
0 123
0 122
0 121
0 120
0 119
0 118
0 117
0 116
0 115
0 114
0 113
0 112
0 111
0 110
0 109
0 108
0 107
0 106
0 105
0 104
0 103
0 102
0 101
0 100
0 99
0 98
0 97
0 96
0 95
0 94
0 93
0 92
0 91
0 90
0 89
0 88
0 87
0 86
0 85
0 84
0 83
0 82
0 81
0 80
0 79
0 78
0 77
0 76
0 75
0 74
0 73
0 72
0 71
0 70
0 69
0 68
0 67
0 66
0 65
0 64
0 63
0 62
0 61
0 60
0 59
0 58
0 57
0 56
0 55
0 54
0 53
0 52
0 51
0 50
0 49
0 48
0 47
0 46
0 45
0 44
0 43
0 42
0 41
0 40
0 39
0 38
0 37
0 36
0 35
0 34
0 33
0 32
0 31
0 30
0 29
0 28
0 27
0 26
0 25
0 24
0 23
0 22
0 21
0 20
0 19
0 18
0 17
0 16
0 15
0 14
0 13
0 12
0 11
0 10
0 9
0 8
0 7
0 6
0 5
0 4
0 3
0 2
0 1
