1250 0
1249 1
1248 2
1247 3
1246 4
1245 5
1244 6
1243 7
1242 8
1241 9
1240 10
1239 11
1238 12
1237 13
1236 14
1235 15
1234 16
1233 17
1232 18
1231 19
1230 20
1229 21
1228 22
1227 23
1226 24
1225 25
1224 26
1223 27
1222 28
1221 29
1220 30
1219 31
1218 32
1217 33
1216 34
1215 35
1214 36
1213 37
1212 38
1211 39
1210 40
1209 41
1208 42
1207 43
1206 44
1205 45
1204 46
1203 47
1202 48
1201 49
1200 50
1199 51
1198 52
1197 53
1196 54
1195 55
1194 56
1193 57
1192 58
1191 59
1190 60
1189 61
1188 62
1187 63
1186 64
1185 65
1184 66
1183 67
1182 68
1181 69
1180 70
1179 71
1178 72
1177 73
1176 74
1175 75
1174 76
1173 77
1172 78
1171 79
1170 80
1169 81
1168 82
1167 83
1166 84
1165 85
1164 86
1163 87
1162 88
1161 89
1160 90
1159 91
1158 92
1157 93
1156 94
1155 95
1154 96
1153 97
1152 98
1151 99
1150 100
1149 101
1148 102
1147 103
1146 104
1145 105
1144 106
1143 107
1142 108
1141 109
1140 110
1139 111
1138 112
1137 113
1136 114
1135 115
1134 116
1133 117
1132 118
1131 119
1130 120
1129 121
1128 122
1127 123
1126 124
1125 125
1124 126
1123 127
1122 128
1121 129
1120 130
1119 131
1118 132
1117 133
1116 134
1115 135
1114 136
1113 137
1112 138
1111 139
1110 140
1109 141
1108 142
1107 143
1106 144
1105 145
1104 146
1103 147
1102 148
1101 149
1100 150
1099 151
1098 152
1097 153
1096 154
1095 155
1094 156
1093 157
1092 158
1091 159
1090 160
1089 161
1088 162
1087 163
1086 164
1085 165
1084 166
1083 167
1082 168
1081 169
1080 170
1079 171
1078 172
1077 173
1076 174
1075 175
1074 176
1073 177
1072 178
1071 179
1070 180
1069 181
1068 182
1067 183
1066 184
1065 185
1064 186
1063 187
1062 188
1061 189
1060 190
1059 191
1058 192
1057 193
1056 194
1055 195
1054 196
1053 197
1052 198
1051 199
1050 200
1049 201
1048 202
1047 203
1046 204
1045 205
1044 206
1043 207
1042 208
1041 209
1040 210
1039 211
1038 212
1037 213
1036 214
1035 215
1034 216
1033 217
1032 218
1031 219
1030 220
1029 221
1028 222
1027 223
1026 224
1025 225
1024 226
1023 227
1022 228
1021 229
1020 230
1019 231
1018 232
1017 233
1016 234
1015 235
1014 236
1013 237
1012 238
1011 239
1010 240
1009 241
1008 242
1007 243
1006 244
1005 245
1004 246
1003 247
1002 248
1001 249
1000 250
999 251
998 252
997 253
996 254
995 255
994 256
993 257
992 258
991 259
990 260
989 261
988 262
987 263
986 264
985 265
984 266
983 267
982 268
981 269
980 270
979 271
978 272
977 273
976 274
975 275
974 276
973 277
972 278
971 279
970 280
969 281
968 282
967 283
966 284
965 285
964 286
963 287
962 288
961 289
960 290
959 291
958 292
957 293
956 294
955 295
954 296
953 297
952 298
951 299
950 300
949 301
948 302
947 303
946 304
945 305
944 306
943 307
942 308
941 309
940 310
939 311
938 312
937 313
936 314
935 315
934 316
933 317
932 318
931 319
930 320
929 321
928 322
927 323
926 324
925 325
924 326
923 327
922 328
921 329
920 330
919 331
918 332
917 333
916 334
915 335
914 336
913 337
912 338
911 339
910 340
909 341
908 342
907 343
906 344
905 345
904 346
903 347
902 348
901 349
900 350
899 351
898 352
897 353
896 354
895 355
894 356
893 357
892 358
891 359
890 360
889 361
888 362
887 363
886 364
885 365
884 366
883 367
882 368
881 369
880 370
879 371
878 372
877 373
876 374
875 375
874 376
873 377
872 378
871 379
870 380
869 381
868 382
867 383
866 384
865 385
864 386
863 387
862 388
861 389
860 390
859 391
858 392
857 393
856 394
855 395
854 396
853 397
852 398
851 399
850 400
849 401
848 402
847 403
846 404
845 405
844 406
843 407
842 408
841 409
840 410
839 411
838 412
837 413
836 414
835 415
834 416
833 417
832 418
831 419
830 420
829 421
828 422
827 423
826 424
825 425
824 426
823 427
822 428
821 429
820 430
819 431
818 432
817 433
816 434
815 435
814 436
813 437
812 438
811 439
810 440
809 441
808 442
807 443
806 444
805 445
804 446
803 447
802 448
801 449
800 450
799 451
798 452
797 453
796 454
795 455
794 456
793 457
792 458
791 459
790 460
789 461
788 462
787 463
786 464
785 465
784 466
783 467
782 468
781 469
780 470
779 471
778 472
777 473
776 474
775 475
774 476
773 477
772 478
771 479
770 480
769 481
768 482
767 483
766 484
765 485
764 486
763 487
762 488
761 489
760 490
759 491
758 492
757 493
756 494
755 495
754 496
753 497
752 498
751 499
750 500
749 501
748 502
747 503
746 504
745 505
744 506
743 507
742 508
741 509
740 510
739 511
738 512
737 513
736 514
735 515
734 516
733 517
732 518
731 519
730 520
729 521
728 522
727 523
726 524
725 525
724 526
723 527
722 528
721 529
720 530
719 531
718 532
717 533
716 534
715 535
714 536
713 537
712 538
711 539
710 540
709 541
708 542
707 543
706 544
705 545
704 546
703 547
702 548
701 549
700 550
699 551
698 552
697 553
696 554
695 555
694 556
693 557
692 558
691 559
690 560
689 561
688 562
687 563
686 564
685 565
684 566
683 567
682 568
681 569
680 570
679 571
678 572
677 573
676 574
675 575
674 576
673 577
672 578
671 579
670 580
669 581
668 582
667 583
666 584
665 585
664 586
663 587
662 588
661 589
660 590
659 591
658 592
657 593
656 594
655 595
654 596
653 597
652 598
651 599
650 600
649 601
648 602
647 603
646 604
645 605
644 606
643 607
642 608
641 609
640 610
639 611
638 612
637 613
636 614
635 615
634 616
633 617
632 618
631 619
630 620
629 621
628 622
627 623
626 624
625 625
624 626
623 627
622 628
621 629
620 630
619 631
618 632
617 633
616 634
615 635
614 636
613 637
612 638
611 639
610 640
609 641
608 642
607 643
606 644
605 645
604 646
603 647
602 648
601 649
600 650
599 651
598 652
597 653
596 654
595 655
594 656
593 657
592 658
591 659
590 660
589 661
588 662
587 663
586 664
585 665
584 666
583 667
582 668
581 669
580 670
579 671
578 672
577 673
576 674
575 675
574 676
573 677
572 678
571 679
570 680
569 681
568 682
567 683
566 684
565 685
564 686
563 687
562 688
561 689
560 690
559 691
558 692
557 693
556 694
555 695
554 696
553 697
552 698
551 699
550 700
549 701
548 702
547 703
546 704
545 705
544 706
543 707
542 708
541 709
540 710
539 711
538 712
537 713
536 714
535 715
534 716
533 717
532 718
531 719
530 720
529 721
528 722
527 723
526 724
525 725
524 726
523 727
522 728
521 729
520 730
519 731
518 732
517 733
516 734
515 735
514 736
513 737
512 738
511 739
510 740
509 741
508 742
507 743
506 744
505 745
504 746
503 747
502 748
501 749
500 750
499 751
498 752
497 753
496 754
495 755
494 756
493 757
492 758
491 759
490 760
489 761
488 762
487 763
486 764
485 765
484 766
483 767
482 768
481 769
480 770
479 771
478 772
477 773
476 774
475 775
474 776
473 777
472 778
471 779
470 780
469 781
468 782
467 783
466 784
465 785
464 786
463 787
462 788
461 789
460 790
459 791
458 792
457 793
456 794
455 795
454 796
453 797
452 798
451 799
450 800
449 801
448 802
447 803
446 804
445 805
444 806
443 807
442 808
441 809
440 810
439 811
438 812
437 813
436 814
435 815
434 816
433 817
432 818
431 819
430 820
429 821
428 822
427 823
426 824
425 825
424 826
423 827
422 828
421 829
420 830
419 831
418 832
417 833
416 834
415 835
414 836
413 837
412 838
411 839
410 840
409 841
408 842
407 843
406 844
405 845
404 846
403 847
402 848
401 849
400 850
399 851
398 852
397 853
396 854
395 855
394 856
393 857
392 858
391 859
390 860
389 861
388 862
387 863
386 864
385 865
384 866
383 867
382 868
381 869
380 870
379 871
378 872
377 873
376 874
375 875
374 876
373 877
372 878
371 879
370 880
369 881
368 882
367 883
366 884
365 885
364 886
363 887
362 888
361 889
360 890
359 891
358 892
357 893
356 894
355 895
354 896
353 897
352 898
351 899
350 900
349 901
348 902
347 903
346 904
345 905
344 906
343 907
342 908
341 909
340 910
339 911
338 912
337 913
336 914
335 915
334 916
333 917
332 918
331 919
330 920
329 921
328 922
327 923
326 924
325 925
324 926
323 927
322 928
321 929
320 930
319 931
318 932
317 933
316 934
315 935
314 936
313 937
312 938
311 939
310 940
309 941
308 942
307 943
306 944
305 945
304 946
303 947
302 948
301 949
300 950
299 951
298 952
297 953
296 954
295 955
294 956
293 957
292 958
291 959
290 960
289 961
288 962
287 963
286 964
285 965
284 966
283 967
282 968
281 969
280 970
279 971
278 972
277 973
276 974
275 975
274 976
273 977
272 978
271 979
270 980
269 981
268 982
267 983
266 984
265 985
264 986
263 987
262 988
261 989
260 990
259 991
258 992
257 993
256 994
255 995
254 996
253 997
252 998
251 999
250 1000
249 1001
248 1002
247 1003
246 1004
245 1005
244 1006
243 1007
242 1008
241 1009
240 1010
239 1011
238 1012
237 1013
236 1014
235 1015
234 1016
233 1017
232 1018
231 1019
230 1020
229 1021
228 1022
227 1023
226 1024
225 1025
224 1026
223 1027
222 1028
221 1029
220 1030
219 1031
218 1032
217 1033
216 1034
215 1035
214 1036
213 1037
212 1038
211 1039
210 1040
209 1041
208 1042
207 1043
206 1044
205 1045
204 1046
203 1047
202 1048
201 1049
200 1050
199 1051
198 1052
197 1053
196 1054
195 1055
194 1056
193 1057
192 1058
191 1059
190 1060
189 1061
188 1062
187 1063
186 1064
185 1065
184 1066
183 1067
182 1068
181 1069
180 1070
179 1071
178 1072
177 1073
176 1074
175 1075
174 1076
173 1077
172 1078
171 1079
170 1080
169 1081
168 1082
167 1083
166 1084
165 1085
164 1086
163 1087
162 1088
161 1089
160 1090
159 1091
158 1092
157 1093
156 1094
155 1095
154 1096
153 1097
152 1098
151 1099
150 1100
149 1101
148 1102
147 1103
146 1104
145 1105
144 1106
143 1107
142 1108
141 1109
140 1110
139 1111
138 1112
137 1113
136 1114
135 1115
134 1116
133 1117
132 1118
131 1119
130 1120
129 1121
128 1122
127 1123
126 1124
125 1125
124 1126
123 1127
122 1128
121 1129
120 1130
119 1131
118 1132
117 1133
116 1134
115 1135
114 1136
113 1137
112 1138
111 1139
110 1140
109 1141
108 1142
107 1143
106 1144
105 1145
104 1146
103 1147
102 1148
101 1149
100 1150
99 1151
98 1152
97 1153
96 1154
95 1155
94 1156
93 1157
92 1158
91 1159
90 1160
89 1161
88 1162
87 1163
86 1164
85 1165
84 1166
83 1167
82 1168
81 1169
80 1170
79 1171
78 1172
77 1173
76 1174
75 1175
74 1176
73 1177
72 1178
71 1179
70 1180
69 1181
68 1182
67 1183
66 1184
65 1185
64 1186
63 1187
62 1188
61 1189
60 1190
59 1191
58 1192
57 1193
56 1194
55 1195
54 1196
53 1197
52 1198
51 1199
50 1200
49 1201
48 1202
47 1203
46 1204
45 1205
44 1206
43 1207
42 1208
41 1209
40 1210
39 1211
38 1212
37 1213
36 1214
35 1215
34 1216
33 1217
32 1218
31 1219
30 1220
29 1221
28 1222
27 1223
26 1224
25 1225
24 1226
23 1227
22 1228
21 1229
20 1230
19 1231
18 1232
17 1233
16 1234
15 1235
14 1236
13 1237
12 1238
11 1239
10 1240
9 1241
8 1242
7 1243
6 1244
5 1245
4 1246
3 1247
2 1248
1 1249
0 1250
0 1249
0 1248
0 1247
0 1246
0 1245
0 1244
0 1243
0 1242
0 1241
0 1240
0 1239
0 1238
0 1237
0 1236
0 1235
0 1234
0 1233
0 1232
0 1231
0 1230
0 1229
0 1228
0 1227
0 1226
0 1225
0 1224
0 1223
0 1222
0 1221
0 1220
0 1219
0 1218
0 1217
0 1216
0 1215
0 1214
0 1213
0 1212
0 1211
0 1210
0 1209
0 1208
0 1207
0 1206
0 1205
0 1204
0 1203
0 1202
0 1201
0 1200
0 1199
0 1198
0 1197
0 1196
0 1195
0 1194
0 1193
0 1192
0 1191
0 1190
0 1189
0 1188
0 1187
0 1186
0 1185
0 1184
0 1183
0 1182
0 1181
0 1180
0 1179
0 1178
0 1177
0 1176
0 1175
0 1174
0 1173
0 1172
0 1171
0 1170
0 1169
0 1168
0 1167
0 1166
0 1165
0 1164
0 1163
0 1162
0 1161
0 1160
0 1159
0 1158
0 1157
0 1156
0 1155
0 1154
0 1153
0 1152
0 1151
0 1150
0 1149
0 1148
0 1147
0 1146
0 1145
0 1144
0 1143
0 1142
0 1141
0 1140
0 1139
0 1138
0 1137
0 1136
0 1135
0 1134
0 1133
0 1132
0 1131
0 1130
0 1129
0 1128
0 1127
0 1126
0 1125
0 1124
0 1123
0 1122
0 1121
0 1120
0 1119
0 1118
0 1117
0 1116
0 1115
0 1114
0 1113
0 1112
0 1111
0 1110
0 1109
0 1108
0 1107
0 1106
0 1105
0 1104
0 1103
0 1102
0 1101
0 1100
0 1099
0 1098
0 1097
0 1096
0 1095
0 1094
0 1093
0 1092
0 1091
0 1090
0 1089
0 1088
0 1087
0 1086
0 1085
0 1084
0 1083
0 1082
0 1081
0 1080
0 1079
0 1078
0 1077
0 1076
0 1075
0 1074
0 1073
0 1072
0 1071
0 1070
0 1069
0 1068
0 1067
0 1066
0 1065
0 1064
0 1063
0 1062
0 1061
0 1060
0 1059
0 1058
0 1057
0 1056
0 1055
0 1054
0 1053
0 1052
0 1051
0 1050
0 1049
0 1048
0 1047
0 1046
0 1045
0 1044
0 1043
0 1042
0 1041
0 1040
0 1039
0 1038
0 1037
0 1036
0 1035
0 1034
0 1033
0 1032
0 1031
0 1030
0 1029
0 1028
0 1027
0 1026
0 1025
0 1024
0 1023
0 1022
0 1021
0 1020
0 1019
0 1018
0 1017
0 1016
0 1015
0 1014
0 1013
0 1012
0 1011
0 1010
0 1009
0 1008
0 1007
0 1006
0 1005
0 1004
0 1003
0 1002
0 1001
0 1000
0 999
0 998
0 997
0 996
0 995
0 994
0 993
0 992
0 991
0 990
0 989
0 988
0 987
0 986
0 985
0 984
0 983
0 982
0 981
0 980
0 979
0 978
0 977
0 976
0 975
0 974
0 973
0 972
0 971
0 970
0 969
0 968
0 967
0 966
0 965
0 964
0 963
0 962
0 961
0 960
0 959
0 958
0 957
0 956
0 955
0 954
0 953
0 952
0 951
0 950
0 949
0 948
0 947
0 946
0 945
0 944
0 943
0 942
0 941
0 940
0 939
0 938
0 937
0 936
0 935
0 934
0 933
0 932
0 931
0 930
0 929
0 928
0 927
0 926
0 925
0 924
0 923
0 922
0 921
0 920
0 919
0 918
0 917
0 916
0 915
0 914
0 913
0 912
0 911
0 910
0 909
0 908
0 907
0 906
0 905
0 904
0 903
0 902
0 901
0 900
0 899
0 898
0 897
0 896
0 895
0 894
0 893
0 892
0 891
0 890
0 889
0 888
0 887
0 886
0 885
0 884
0 883
0 882
0 881
0 880
0 879
0 878
0 877
0 876
0 875
0 874
0 873
0 872
0 871
0 870
0 869
0 868
0 867
0 866
0 865
0 864
0 863
0 862
0 861
0 860
0 859
0 858
0 857
0 856
0 855
0 854
0 853
0 852
0 851
0 850
0 849
0 848
0 847
0 846
0 845
0 844
0 843
0 842
0 841
0 840
0 839
0 838
0 837
0 836
0 835
0 834
0 833
0 832
0 831
0 830
0 829
0 828
0 827
0 826
0 825
0 824
0 823
0 822
0 821
0 820
0 819
0 818
0 817
0 816
0 815
0 814
0 813
0 812
0 811
0 810
0 809
0 808
0 807
0 806
0 805
0 804
0 803
0 802
0 801
0 800
0 799
0 798
0 797
0 796
0 795
0 794
0 793
0 792
0 791
0 790
0 789
0 788
0 787
0 786
0 785
0 784
0 783
0 782
0 781
0 780
0 779
0 778
0 777
0 776
0 775
0 774
0 773
0 772
0 771
0 770
0 769
0 768
0 767
0 766
0 765
0 764
0 763
0 762
0 761
0 760
0 759
0 758
0 757
0 756
0 755
0 754
0 753
0 752
0 751
0 750
0 749
0 748
0 747
0 746
0 745
0 744
0 743
0 742
0 741
0 740
0 739
0 738
0 737
0 736
0 735
0 734
0 733
0 732
0 731
0 730
0 729
0 728
0 727
0 726
0 725
0 724
0 723
0 722
0 721
0 720
0 719
0 718
0 717
0 716
0 715
0 714
0 713
0 712
0 711
0 710
0 709
0 708
0 707
0 706
0 705
0 704
0 703
0 702
0 701
0 700
0 699
0 698
0 697
0 696
0 695
0 694
0 693
0 692
0 691
0 690
0 689
0 688
0 687
0 686
0 685
0 684
0 683
0 682
0 681
0 680
0 679
0 678
0 677
0 676
0 675
0 674
0 673
0 672
0 671
0 670
0 669
0 668
0 667
0 666
0 665
0 664
0 663
0 662
0 661
0 660
0 659
0 658
0 657
0 656
0 655
0 654
0 653
0 652
0 651
0 650
0 649
0 648
0 647
0 646
0 645
0 644
0 643
0 642
0 641
0 640
0 639
0 638
0 637
0 636
0 635
0 634
0 633
0 632
0 631
0 630
0 629
0 628
0 627
0 626
0 625
0 624
0 623
0 622
0 621
0 620
0 619
0 618
0 617
0 616
0 615
0 614
0 613
0 612
0 611
0 610
0 609
0 608
0 607
0 606
0 605
0 604
0 603
0 602
0 601
0 600
0 599
0 598
0 597
0 596
0 595
0 594
0 593
0 592
0 591
0 590
0 589
0 588
0 587
0 586
0 585
0 584
0 583
0 582
0 581
0 580
0 579
0 578
0 577
0 576
0 575
0 574
0 573
0 572
0 571
0 570
0 569
0 568
0 567
0 566
0 565
0 564
0 563
0 562
0 561
0 560
0 559
0 558
0 557
0 556
0 555
0 554
0 553
0 552
0 551
0 550
0 549
0 548
0 547
0 546
0 545
0 544
0 543
0 542
0 541
0 540
0 539
0 538
0 537
0 536
0 535
0 534
0 533
0 532
0 531
0 530
0 529
0 528
0 527
0 526
0 525
0 524
0 523
0 522
0 521
0 520
0 519
0 518
0 517
0 516
0 515
0 514
0 513
0 512
0 511
0 510
0 509
0 508
0 507
0 506
0 505
0 504
0 503
0 502
0 501
0 500
0 499
0 498
0 497
0 496
0 495
0 494
0 493
0 492
0 491
0 490
0 489
0 488
0 487
0 486
0 485
0 484
0 483
0 482
0 481
0 480
0 479
0 478
0 477
0 476
0 475
0 474
0 473
0 472
0 471
0 470
0 469
0 468
0 467
0 466
0 465
0 464
0 463
0 462
0 461
0 460
0 459
0 458
0 457
0 456
0 455
0 454
0 453
0 452
0 451
0 450
0 449
0 448
0 447
0 446
0 445
0 444
0 443
0 442
0 441
0 440
0 439
0 438
0 437
0 436
0 435
0 434
0 433
0 432
0 431
0 430
0 429
0 428
0 427
0 426
0 425
0 424
0 423
0 422
0 421
0 420
0 419
0 418
0 417
0 416
0 415
0 414
0 413
0 412
0 411
0 410
0 409
0 408
0 407
0 406
0 405
0 404
0 403
0 402
0 401
0 400
0 399
0 398
0 397
0 396
0 395
0 394
0 393
0 392
0 391
0 390
0 389
0 388
0 387
0 386
0 385
0 384
0 383
0 382
0 381
0 380
0 379
0 378
0 377
0 376
0 375
0 374
0 373
0 372
0 371
0 370
0 369
0 368
0 367
0 366
0 365
0 364
0 363
0 362
0 361
0 360
0 359
0 358
0 357
0 356
0 355
0 354
0 353
0 352
0 351
0 350
0 349
0 348
0 347
0 346
0 345
0 344
0 343
0 342
0 341
0 340
0 339
0 338
0 337
0 336
0 335
0 334
0 333
0 332
0 331
0 330
0 329
0 328
0 327
0 326
0 325
0 324
0 323
0 322
0 321
0 320
0 319
0 318
0 317
0 316
0 315
0 314
0 313
0 312
0 311
0 310
0 309
0 308
0 307
0 306
0 305
0 304
0 303
0 302
0 301
0 300
0 299
0 298
0 297
0 296
0 295
0 294
0 293
0 292
0 291
0 290
0 289
0 288
0 287
0 286
0 285
0 284
0 283
0 282
0 281
0 280
0 279
0 278
0 277
0 276
0 275
0 274
0 273
0 272
0 271
0 270
0 269
0 268
0 267
0 266
0 265
0 264
0 263
0 262
0 261
0 260
0 259
0 258
0 257
0 256
0 255
0 254
0 253
0 252
0 251
0 250
0 249
0 248
0 247
0 246
0 245
0 244
0 243
0 242
0 241
0 240
0 239
0 238
0 237
0 236
0 235
0 234
0 233
0 232
0 231
0 230
0 229
0 228
0 227
0 226
0 225
0 224
0 223
0 222
0 221
0 220
0 219
0 218
0 217
0 216
0 215
0 214
0 213
0 212
0 211
0 210
0 209
0 208
0 207
0 206
0 205
0 204
0 203
0 202
0 201
0 200
0 199
0 198
0 197
0 196
0 195
0 194
0 193
0 192
0 191
0 190
0 189
0 188
0 187
0 186
0 185
0 184
0 183
0 182
0 181
0 180
0 179
0 178
0 177
0 176
0 175
0 174
0 173
0 172
0 171
0 170
0 169
0 168
0 167
0 166
0 165
0 164
0 163
0 162
0 161
0 160
0 159
0 158
0 157
0 156
0 155
0 154
0 153
0 152
0 151
0 150
0 149
0 148
0 147
0 146
0 145
0 144
0 143
0 142
0 141
0 140
0 139
0 138
0 137
0 136
0 135
0 134
0 133
0 132
0 131
0 130
0 129
0 128
0 127
0 126
0 125
0 124
0 123
0 122
0 121
0 120
0 119
0 118
0 117
0 116
0 115
0 114
0 113
0 112
0 111
0 110
0 109
0 108
0 107
0 106
0 105
0 104
0 103
0 102
0 101
0 100
0 99
0 98
0 97
0 96
0 95
0 94
0 93
0 92
0 91
0 90
0 89
0 88
0 87
0 86
0 85
0 84
0 83
0 82
0 81
0 80
0 79
0 78
0 77
0 76
0 75
0 74
0 73
0 72
0 71
0 70
0 69
0 68
0 67
0 66
0 65
0 64
0 63
0 62
0 61
0 60
0 59
0 58
0 57
0 56
0 55
0 54
0 53
0 52
0 51
0 50
0 49
0 48
0 47
0 46
0 45
0 44
0 43
0 42
0 41
0 40
0 39
0 38
0 37
0 36
0 35
0 34
0 33
0 32
0 31
0 30
0 29
0 28
0 27
0 26
0 25
0 24
0 23
0 22
0 21
0 20
0 19
0 18
0 17
0 16
0 15
0 14
0 13
0 12
0 11
0 10
0 9
0 8
0 7
0 6
0 5
0 4
0 3
0 2
0 1
