1300 0
1299 1
1298 2
1297 3
1296 4
1295 5
1294 6
1293 7
1292 8
1291 9
1290 10
1289 11
1288 12
1287 13
1286 14
1285 15
1284 16
1283 17
1282 18
1281 19
1280 20
1279 21
1278 22
1277 23
1276 24
1275 25
1274 26
1273 27
1272 28
1271 29
1270 30
1269 31
1268 32
1267 33
1266 34
1265 35
1264 36
1263 37
1262 38
1261 39
1260 40
1259 41
1258 42
1257 43
1256 44
1255 45
1254 46
1253 47
1252 48
1251 49
1250 50
1249 51
1248 52
1247 53
1246 54
1245 55
1244 56
1243 57
1242 58
1241 59
1240 60
1239 61
1238 62
1237 63
1236 64
1235 65
1234 66
1233 67
1232 68
1231 69
1230 70
1229 71
1228 72
1227 73
1226 74
1225 75
1224 76
1223 77
1222 78
1221 79
1220 80
1219 81
1218 82
1217 83
1216 84
1215 85
1214 86
1213 87
1212 88
1211 89
1210 90
1209 91
1208 92
1207 93
1206 94
1205 95
1204 96
1203 97
1202 98
1201 99
1200 100
1199 101
1198 102
1197 103
1196 104
1195 105
1194 106
1193 107
1192 108
1191 109
1190 110
1189 111
1188 112
1187 113
1186 114
1185 115
1184 116
1183 117
1182 118
1181 119
1180 120
1179 121
1178 122
1177 123
1176 124
1175 125
1174 126
1173 127
1172 128
1171 129
1170 130
1169 131
1168 132
1167 133
1166 134
1165 135
1164 136
1163 137
1162 138
1161 139
1160 140
1159 141
1158 142
1157 143
1156 144
1155 145
1154 146
1153 147
1152 148
1151 149
1150 150
1149 151
1148 152
1147 153
1146 154
1145 155
1144 156
1143 157
1142 158
1141 159
1140 160
1139 161
1138 162
1137 163
1136 164
1135 165
1134 166
1133 167
1132 168
1131 169
1130 170
1129 171
1128 172
1127 173
1126 174
1125 175
1124 176
1123 177
1122 178
1121 179
1120 180
1119 181
1118 182
1117 183
1116 184
1115 185
1114 186
1113 187
1112 188
1111 189
1110 190
1109 191
1108 192
1107 193
1106 194
1105 195
1104 196
1103 197
1102 198
1101 199
1100 200
1099 201
1098 202
1097 203
1096 204
1095 205
1094 206
1093 207
1092 208
1091 209
1090 210
1089 211
1088 212
1087 213
1086 214
1085 215
1084 216
1083 217
1082 218
1081 219
1080 220
1079 221
1078 222
1077 223
1076 224
1075 225
1074 226
1073 227
1072 228
1071 229
1070 230
1069 231
1068 232
1067 233
1066 234
1065 235
1064 236
1063 237
1062 238
1061 239
1060 240
1059 241
1058 242
1057 243
1056 244
1055 245
1054 246
1053 247
1052 248
1051 249
1050 250
1049 251
1048 252
1047 253
1046 254
1045 255
1044 256
1043 257
1042 258
1041 259
1040 260
1039 261
1038 262
1037 263
1036 264
1035 265
1034 266
1033 267
1032 268
1031 269
1030 270
1029 271
1028 272
1027 273
1026 274
1025 275
1024 276
1023 277
1022 278
1021 279
1020 280
1019 281
1018 282
1017 283
1016 284
1015 285
1014 286
1013 287
1012 288
1011 289
1010 290
1009 291
1008 292
1007 293
1006 294
1005 295
1004 296
1003 297
1002 298
1001 299
1000 300
999 301
998 302
997 303
996 304
995 305
994 306
993 307
992 308
991 309
990 310
989 311
988 312
987 313
986 314
985 315
984 316
983 317
982 318
981 319
980 320
979 321
978 322
977 323
976 324
975 325
974 326
973 327
972 328
971 329
970 330
969 331
968 332
967 333
966 334
965 335
964 336
963 337
962 338
961 339
960 340
959 341
958 342
957 343
956 344
955 345
954 346
953 347
952 348
951 349
950 350
949 351
948 352
947 353
946 354
945 355
944 356
943 357
942 358
941 359
940 360
939 361
938 362
937 363
936 364
935 365
934 366
933 367
932 368
931 369
930 370
929 371
928 372
927 373
926 374
925 375
924 376
923 377
922 378
921 379
920 380
919 381
918 382
917 383
916 384
915 385
914 386
913 387
912 388
911 389
910 390
909 391
908 392
907 393
906 394
905 395
904 396
903 397
902 398
901 399
900 400
899 401
898 402
897 403
896 404
895 405
894 406
893 407
892 408
891 409
890 410
889 411
888 412
887 413
886 414
885 415
884 416
883 417
882 418
881 419
880 420
879 421
878 422
877 423
876 424
875 425
874 426
873 427
872 428
871 429
870 430
869 431
868 432
867 433
866 434
865 435
864 436
863 437
862 438
861 439
860 440
859 441
858 442
857 443
856 444
855 445
854 446
853 447
852 448
851 449
850 450
849 451
848 452
847 453
846 454
845 455
844 456
843 457
842 458
841 459
840 460
839 461
838 462
837 463
836 464
835 465
834 466
833 467
832 468
831 469
830 470
829 471
828 472
827 473
826 474
825 475
824 476
823 477
822 478
821 479
820 480
819 481
818 482
817 483
816 484
815 485
814 486
813 487
812 488
811 489
810 490
809 491
808 492
807 493
806 494
805 495
804 496
803 497
802 498
801 499
800 500
799 501
798 502
797 503
796 504
795 505
794 506
793 507
792 508
791 509
790 510
789 511
788 512
787 513
786 514
785 515
784 516
783 517
782 518
781 519
780 520
779 521
778 522
777 523
776 524
775 525
774 526
773 527
772 528
771 529
770 530
769 531
768 532
767 533
766 534
765 535
764 536
763 537
762 538
761 539
760 540
759 541
758 542
757 543
756 544
755 545
754 546
753 547
752 548
751 549
750 550
749 551
748 552
747 553
746 554
745 555
744 556
743 557
742 558
741 559
740 560
739 561
738 562
737 563
736 564
735 565
734 566
733 567
732 568
731 569
730 570
729 571
728 572
727 573
726 574
725 575
724 576
723 577
722 578
721 579
720 580
719 581
718 582
717 583
716 584
715 585
714 586
713 587
712 588
711 589
710 590
709 591
708 592
707 593
706 594
705 595
704 596
703 597
702 598
701 599
700 600
699 601
698 602
697 603
696 604
695 605
694 606
693 607
692 608
691 609
690 610
689 611
688 612
687 613
686 614
685 615
684 616
683 617
682 618
681 619
680 620
679 621
678 622
677 623
676 624
675 625
674 626
673 627
672 628
671 629
670 630
669 631
668 632
667 633
666 634
665 635
664 636
663 637
662 638
661 639
660 640
659 641
658 642
657 643
656 644
655 645
654 646
653 647
652 648
651 649
650 650
649 651
648 652
647 653
646 654
645 655
644 656
643 657
642 658
641 659
640 660
639 661
638 662
637 663
636 664
635 665
634 666
633 667
632 668
631 669
630 670
629 671
628 672
627 673
626 674
625 675
624 676
623 677
622 678
621 679
620 680
619 681
618 682
617 683
616 684
615 685
614 686
613 687
612 688
611 689
610 690
609 691
608 692
607 693
606 694
605 695
604 696
603 697
602 698
601 699
600 700
599 701
598 702
597 703
596 704
595 705
594 706
593 707
592 708
591 709
590 710
589 711
588 712
587 713
586 714
585 715
584 716
583 717
582 718
581 719
580 720
579 721
578 722
577 723
576 724
575 725
574 726
573 727
572 728
571 729
570 730
569 731
568 732
567 733
566 734
565 735
564 736
563 737
562 738
561 739
560 740
559 741
558 742
557 743
556 744
555 745
554 746
553 747
552 748
551 749
550 750
549 751
548 752
547 753
546 754
545 755
544 756
543 757
542 758
541 759
540 760
539 761
538 762
537 763
536 764
535 765
534 766
533 767
532 768
531 769
530 770
529 771
528 772
527 773
526 774
525 775
524 776
523 777
522 778
521 779
520 780
519 781
518 782
517 783
516 784
515 785
514 786
513 787
512 788
511 789
510 790
509 791
508 792
507 793
506 794
505 795
504 796
503 797
502 798
501 799
500 800
499 801
498 802
497 803
496 804
495 805
494 806
493 807
492 808
491 809
490 810
489 811
488 812
487 813
486 814
485 815
484 816
483 817
482 818
481 819
480 820
479 821
478 822
477 823
476 824
475 825
474 826
473 827
472 828
471 829
470 830
469 831
468 832
467 833
466 834
465 835
464 836
463 837
462 838
461 839
460 840
459 841
458 842
457 843
456 844
455 845
454 846
453 847
452 848
451 849
450 850
449 851
448 852
447 853
446 854
445 855
444 856
443 857
442 858
441 859
440 860
439 861
438 862
437 863
436 864
435 865
434 866
433 867
432 868
431 869
430 870
429 871
428 872
427 873
426 874
425 875
424 876
423 877
422 878
421 879
420 880
419 881
418 882
417 883
416 884
415 885
414 886
413 887
412 888
411 889
410 890
409 891
408 892
407 893
406 894
405 895
404 896
403 897
402 898
401 899
400 900
399 901
398 902
397 903
396 904
395 905
394 906
393 907
392 908
391 909
390 910
389 911
388 912
387 913
386 914
385 915
384 916
383 917
382 918
381 919
380 920
379 921
378 922
377 923
376 924
375 925
374 926
373 927
372 928
371 929
370 930
369 931
368 932
367 933
366 934
365 935
364 936
363 937
362 938
361 939
360 940
359 941
358 942
357 943
356 944
355 945
354 946
353 947
352 948
351 949
350 950
349 951
348 952
347 953
346 954
345 955
344 956
343 957
342 958
341 959
340 960
339 961
338 962
337 963
336 964
335 965
334 966
333 967
332 968
331 969
330 970
329 971
328 972
327 973
326 974
325 975
324 976
323 977
322 978
321 979
320 980
319 981
318 982
317 983
316 984
315 985
314 986
313 987
312 988
311 989
310 990
309 991
308 992
307 993
306 994
305 995
304 996
303 997
302 998
301 999
300 1000
299 1001
298 1002
297 1003
296 1004
295 1005
294 1006
293 1007
292 1008
291 1009
290 1010
289 1011
288 1012
287 1013
286 1014
285 1015
284 1016
283 1017
282 1018
281 1019
280 1020
279 1021
278 1022
277 1023
276 1024
275 1025
274 1026
273 1027
272 1028
271 1029
270 1030
269 1031
268 1032
267 1033
266 1034
265 1035
264 1036
263 1037
262 1038
261 1039
260 1040
259 1041
258 1042
257 1043
256 1044
255 1045
254 1046
253 1047
252 1048
251 1049
250 1050
249 1051
248 1052
247 1053
246 1054
245 1055
244 1056
243 1057
242 1058
241 1059
240 1060
239 1061
238 1062
237 1063
236 1064
235 1065
234 1066
233 1067
232 1068
231 1069
230 1070
229 1071
228 1072
227 1073
226 1074
225 1075
224 1076
223 1077
222 1078
221 1079
220 1080
219 1081
218 1082
217 1083
216 1084
215 1085
214 1086
213 1087
212 1088
211 1089
210 1090
209 1091
208 1092
207 1093
206 1094
205 1095
204 1096
203 1097
202 1098
201 1099
200 1100
199 1101
198 1102
197 1103
196 1104
195 1105
194 1106
193 1107
192 1108
191 1109
190 1110
189 1111
188 1112
187 1113
186 1114
185 1115
184 1116
183 1117
182 1118
181 1119
180 1120
179 1121
178 1122
177 1123
176 1124
175 1125
174 1126
173 1127
172 1128
171 1129
170 1130
169 1131
168 1132
167 1133
166 1134
165 1135
164 1136
163 1137
162 1138
161 1139
160 1140
159 1141
158 1142
157 1143
156 1144
155 1145
154 1146
153 1147
152 1148
151 1149
150 1150
149 1151
148 1152
147 1153
146 1154
145 1155
144 1156
143 1157
142 1158
141 1159
140 1160
139 1161
138 1162
137 1163
136 1164
135 1165
134 1166
133 1167
132 1168
131 1169
130 1170
129 1171
128 1172
127 1173
126 1174
125 1175
124 1176
123 1177
122 1178
121 1179
120 1180
119 1181
118 1182
117 1183
116 1184
115 1185
114 1186
113 1187
112 1188
111 1189
110 1190
109 1191
108 1192
107 1193
106 1194
105 1195
104 1196
103 1197
102 1198
101 1199
100 1200
99 1201
98 1202
97 1203
96 1204
95 1205
94 1206
93 1207
92 1208
91 1209
90 1210
89 1211
88 1212
87 1213
86 1214
85 1215
84 1216
83 1217
82 1218
81 1219
80 1220
79 1221
78 1222
77 1223
76 1224
75 1225
74 1226
73 1227
72 1228
71 1229
70 1230
69 1231
68 1232
67 1233
66 1234
65 1235
64 1236
63 1237
62 1238
61 1239
60 1240
59 1241
58 1242
57 1243
56 1244
55 1245
54 1246
53 1247
52 1248
51 1249
50 1250
49 1251
48 1252
47 1253
46 1254
45 1255
44 1256
43 1257
42 1258
41 1259
40 1260
39 1261
38 1262
37 1263
36 1264
35 1265
34 1266
33 1267
32 1268
31 1269
30 1270
29 1271
28 1272
27 1273
26 1274
25 1275
24 1276
23 1277
22 1278
21 1279
20 1280
19 1281
18 1282
17 1283
16 1284
15 1285
14 1286
13 1287
12 1288
11 1289
10 1290
9 1291
8 1292
7 1293
6 1294
5 1295
4 1296
3 1297
2 1298
1 1299
0 1300
0 1299
0 1298
0 1297
0 1296
0 1295
0 1294
0 1293
0 1292
0 1291
0 1290
0 1289
0 1288
0 1287
0 1286
0 1285
0 1284
0 1283
0 1282
0 1281
0 1280
0 1279
0 1278
0 1277
0 1276
0 1275
0 1274
0 1273
0 1272
0 1271
0 1270
0 1269
0 1268
0 1267
0 1266
0 1265
0 1264
0 1263
0 1262
0 1261
0 1260
0 1259
0 1258
0 1257
0 1256
0 1255
0 1254
0 1253
0 1252
0 1251
0 1250
0 1249
0 1248
0 1247
0 1246
0 1245
0 1244
0 1243
0 1242
0 1241
0 1240
0 1239
0 1238
0 1237
0 1236
0 1235
0 1234
0 1233
0 1232
0 1231
0 1230
0 1229
0 1228
0 1227
0 1226
0 1225
0 1224
0 1223
0 1222
0 1221
0 1220
0 1219
0 1218
0 1217
0 1216
0 1215
0 1214
0 1213
0 1212
0 1211
0 1210
0 1209
0 1208
0 1207
0 1206
0 1205
0 1204
0 1203
0 1202
0 1201
0 1200
0 1199
0 1198
0 1197
0 1196
0 1195
0 1194
0 1193
0 1192
0 1191
0 1190
0 1189
0 1188
0 1187
0 1186
0 1185
0 1184
0 1183
0 1182
0 1181
0 1180
0 1179
0 1178
0 1177
0 1176
0 1175
0 1174
0 1173
0 1172
0 1171
0 1170
0 1169
0 1168
0 1167
0 1166
0 1165
0 1164
0 1163
0 1162
0 1161
0 1160
0 1159
0 1158
0 1157
0 1156
0 1155
0 1154
0 1153
0 1152
0 1151
0 1150
0 1149
0 1148
0 1147
0 1146
0 1145
0 1144
0 1143
0 1142
0 1141
0 1140
0 1139
0 1138
0 1137
0 1136
0 1135
0 1134
0 1133
0 1132
0 1131
0 1130
0 1129
0 1128
0 1127
0 1126
0 1125
0 1124
0 1123
0 1122
0 1121
0 1120
0 1119
0 1118
0 1117
0 1116
0 1115
0 1114
0 1113
0 1112
0 1111
0 1110
0 1109
0 1108
0 1107
0 1106
0 1105
0 1104
0 1103
0 1102
0 1101
0 1100
0 1099
0 1098
0 1097
0 1096
0 1095
0 1094
0 1093
0 1092
0 1091
0 1090
0 1089
0 1088
0 1087
0 1086
0 1085
0 1084
0 1083
0 1082
0 1081
0 1080
0 1079
0 1078
0 1077
0 1076
0 1075
0 1074
0 1073
0 1072
0 1071
0 1070
0 1069
0 1068
0 1067
0 1066
0 1065
0 1064
0 1063
0 1062
0 1061
0 1060
0 1059
0 1058
0 1057
0 1056
0 1055
0 1054
0 1053
0 1052
0 1051
0 1050
0 1049
0 1048
0 1047
0 1046
0 1045
0 1044
0 1043
0 1042
0 1041
0 1040
0 1039
0 1038
0 1037
0 1036
0 1035
0 1034
0 1033
0 1032
0 1031
0 1030
0 1029
0 1028
0 1027
0 1026
0 1025
0 1024
0 1023
0 1022
0 1021
0 1020
0 1019
0 1018
0 1017
0 1016
0 1015
0 1014
0 1013
0 1012
0 1011
0 1010
0 1009
0 1008
0 1007
0 1006
0 1005
0 1004
0 1003
0 1002
0 1001
0 1000
0 999
0 998
0 997
0 996
0 995
0 994
0 993
0 992
0 991
0 990
0 989
0 988
0 987
0 986
0 985
0 984
0 983
0 982
0 981
0 980
0 979
0 978
0 977
0 976
0 975
0 974
0 973
0 972
0 971
0 970
0 969
0 968
0 967
0 966
0 965
0 964
0 963
0 962
0 961
0 960
0 959
0 958
0 957
0 956
0 955
0 954
0 953
0 952
0 951
0 950
0 949
0 948
0 947
0 946
0 945
0 944
0 943
0 942
0 941
0 940
0 939
0 938
0 937
0 936
0 935
0 934
0 933
0 932
0 931
0 930
0 929
0 928
0 927
0 926
0 925
0 924
0 923
0 922
0 921
0 920
0 919
0 918
0 917
0 916
0 915
0 914
0 913
0 912
0 911
0 910
0 909
0 908
0 907
0 906
0 905
0 904
0 903
0 902
0 901
0 900
0 899
0 898
0 897
0 896
0 895
0 894
0 893
0 892
0 891
0 890
0 889
0 888
0 887
0 886
0 885
0 884
0 883
0 882
0 881
0 880
0 879
0 878
0 877
0 876
0 875
0 874
0 873
0 872
0 871
0 870
0 869
0 868
0 867
0 866
0 865
0 864
0 863
0 862
0 861
0 860
0 859
0 858
0 857
0 856
0 855
0 854
0 853
0 852
0 851
0 850
0 849
0 848
0 847
0 846
0 845
0 844
0 843
0 842
0 841
0 840
0 839
0 838
0 837
0 836
0 835
0 834
0 833
0 832
0 831
0 830
0 829
0 828
0 827
0 826
0 825
0 824
0 823
0 822
0 821
0 820
0 819
0 818
0 817
0 816
0 815
0 814
0 813
0 812
0 811
0 810
0 809
0 808
0 807
0 806
0 805
0 804
0 803
0 802
0 801
0 800
0 799
0 798
0 797
0 796
0 795
0 794
0 793
0 792
0 791
0 790
0 789
0 788
0 787
0 786
0 785
0 784
0 783
0 782
0 781
0 780
0 779
0 778
0 777
0 776
0 775
0 774
0 773
0 772
0 771
0 770
0 769
0 768
0 767
0 766
0 765
0 764
0 763
0 762
0 761
0 760
0 759
0 758
0 757
0 756
0 755
0 754
0 753
0 752
0 751
0 750
0 749
0 748
0 747
0 746
0 745
0 744
0 743
0 742
0 741
0 740
0 739
0 738
0 737
0 736
0 735
0 734
0 733
0 732
0 731
0 730
0 729
0 728
0 727
0 726
0 725
0 724
0 723
0 722
0 721
0 720
0 719
0 718
0 717
0 716
0 715
0 714
0 713
0 712
0 711
0 710
0 709
0 708
0 707
0 706
0 705
0 704
0 703
0 702
0 701
0 700
0 699
0 698
0 697
0 696
0 695
0 694
0 693
0 692
0 691
0 690
0 689
0 688
0 687
0 686
0 685
0 684
0 683
0 682
0 681
0 680
0 679
0 678
0 677
0 676
0 675
0 674
0 673
0 672
0 671
0 670
0 669
0 668
0 667
0 666
0 665
0 664
0 663
0 662
0 661
0 660
0 659
0 658
0 657
0 656
0 655
0 654
0 653
0 652
0 651
0 650
0 649
0 648
0 647
0 646
0 645
0 644
0 643
0 642
0 641
0 640
0 639
0 638
0 637
0 636
0 635
0 634
0 633
0 632
0 631
0 630
0 629
0 628
0 627
0 626
0 625
0 624
0 623
0 622
0 621
0 620
0 619
0 618
0 617
0 616
0 615
0 614
0 613
0 612
0 611
0 610
0 609
0 608
0 607
0 606
0 605
0 604
0 603
0 602
0 601
0 600
0 599
0 598
0 597
0 596
0 595
0 594
0 593
0 592
0 591
0 590
0 589
0 588
0 587
0 586
0 585
0 584
0 583
0 582
0 581
0 580
0 579
0 578
0 577
0 576
0 575
0 574
0 573
0 572
0 571
0 570
0 569
0 568
0 567
0 566
0 565
0 564
0 563
0 562
0 561
0 560
0 559
0 558
0 557
0 556
0 555
0 554
0 553
0 552
0 551
0 550
0 549
0 548
0 547
0 546
0 545
0 544
0 543
0 542
0 541
0 540
0 539
0 538
0 537
0 536
0 535
0 534
0 533
0 532
0 531
0 530
0 529
0 528
0 527
0 526
0 525
0 524
0 523
0 522
0 521
0 520
0 519
0 518
0 517
0 516
0 515
0 514
0 513
0 512
0 511
0 510
0 509
0 508
0 507
0 506
0 505
0 504
0 503
0 502
0 501
0 500
0 499
0 498
0 497
0 496
0 495
0 494
0 493
0 492
0 491
0 490
0 489
0 488
0 487
0 486
0 485
0 484
0 483
0 482
0 481
0 480
0 479
0 478
0 477
0 476
0 475
0 474
0 473
0 472
0 471
0 470
0 469
0 468
0 467
0 466
0 465
0 464
0 463
0 462
0 461
0 460
0 459
0 458
0 457
0 456
0 455
0 454
0 453
0 452
0 451
0 450
0 449
0 448
0 447
0 446
0 445
0 444
0 443
0 442
0 441
0 440
0 439
0 438
0 437
0 436
0 435
0 434
0 433
0 432
0 431
0 430
0 429
0 428
0 427
0 426
0 425
0 424
0 423
0 422
0 421
0 420
0 419
0 418
0 417
0 416
0 415
0 414
0 413
0 412
0 411
0 410
0 409
0 408
0 407
0 406
0 405
0 404
0 403
0 402
0 401
0 400
0 399
0 398
0 397
0 396
0 395
0 394
0 393
0 392
0 391
0 390
0 389
0 388
0 387
0 386
0 385
0 384
0 383
0 382
0 381
0 380
0 379
0 378
0 377
0 376
0 375
0 374
0 373
0 372
0 371
0 370
0 369
0 368
0 367
0 366
0 365
0 364
0 363
0 362
0 361
0 360
0 359
0 358
0 357
0 356
0 355
0 354
0 353
0 352
0 351
0 350
0 349
0 348
0 347
0 346
0 345
0 344
0 343
0 342
0 341
0 340
0 339
0 338
0 337
0 336
0 335
0 334
0 333
0 332
0 331
0 330
0 329
0 328
0 327
0 326
0 325
0 324
0 323
0 322
0 321
0 320
0 319
0 318
0 317
0 316
0 315
0 314
0 313
0 312
0 311
0 310
0 309
0 308
0 307
0 306
0 305
0 304
0 303
0 302
0 301
0 300
0 299
0 298
0 297
0 296
0 295
0 294
0 293
0 292
0 291
0 290
0 289
0 288
0 287
0 286
0 285
0 284
0 283
0 282
0 281
0 280
0 279
0 278
0 277
0 276
0 275
0 274
0 273
0 272
0 271
0 270
0 269
0 268
0 267
0 266
0 265
0 264
0 263
0 262
0 261
0 260
0 259
0 258
0 257
0 256
0 255
0 254
0 253
0 252
0 251
0 250
0 249
0 248
0 247
0 246
0 245
0 244
0 243
0 242
0 241
0 240
0 239
0 238
0 237
0 236
0 235
0 234
0 233
0 232
0 231
0 230
0 229
0 228
0 227
0 226
0 225
0 224
0 223
0 222
0 221
0 220
0 219
0 218
0 217
0 216
0 215
0 214
0 213
0 212
0 211
0 210
0 209
0 208
0 207
0 206
0 205
0 204
0 203
0 202
0 201
0 200
0 199
0 198
0 197
0 196
0 195
0 194
0 193
0 192
0 191
0 190
0 189
0 188
0 187
0 186
0 185
0 184
0 183
0 182
0 181
0 180
0 179
0 178
0 177
0 176
0 175
0 174
0 173
0 172
0 171
0 170
0 169
0 168
0 167
0 166
0 165
0 164
0 163
0 162
0 161
0 160
0 159
0 158
0 157
0 156
0 155
0 154
0 153
0 152
0 151
0 150
0 149
0 148
0 147
0 146
0 145
0 144
0 143
0 142
0 141
0 140
0 139
0 138
0 137
0 136
0 135
0 134
0 133
0 132
0 131
0 130
0 129
0 128
0 127
0 126
0 125
0 124
0 123
0 122
0 121
0 120
0 119
0 118
0 117
0 116
0 115
0 114
0 113
0 112
0 111
0 110
0 109
0 108
0 107
0 106
0 105
0 104
0 103
0 102
0 101
0 100
0 99
0 98
0 97
0 96
0 95
0 94
0 93
0 92
0 91
0 90
0 89
0 88
0 87
0 86
0 85
0 84
0 83
0 82
0 81
0 80
0 79
0 78
0 77
0 76
0 75
0 74
0 73
0 72
0 71
0 70
0 69
0 68
0 67
0 66
0 65
0 64
0 63
0 62
0 61
0 60
0 59
0 58
0 57
0 56
0 55
0 54
0 53
0 52
0 51
0 50
0 49
0 48
0 47
0 46
0 45
0 44
0 43
0 42
0 41
0 40
0 39
0 38
0 37
0 36
0 35
0 34
0 33
0 32
0 31
0 30
0 29
0 28
0 27
0 26
0 25
0 24
0 23
0 22
0 21
0 20
0 19
0 18
0 17
0 16
0 15
0 14
0 13
0 12
0 11
0 10
0 9
0 8
0 7
0 6
0 5
0 4
0 3
0 2
0 1
