1350 0
1349 1
1348 2
1347 3
1346 4
1345 5
1344 6
1343 7
1342 8
1341 9
1340 10
1339 11
1338 12
1337 13
1336 14
1335 15
1334 16
1333 17
1332 18
1331 19
1330 20
1329 21
1328 22
1327 23
1326 24
1325 25
1324 26
1323 27
1322 28
1321 29
1320 30
1319 31
1318 32
1317 33
1316 34
1315 35
1314 36
1313 37
1312 38
1311 39
1310 40
1309 41
1308 42
1307 43
1306 44
1305 45
1304 46
1303 47
1302 48
1301 49
1300 50
1299 51
1298 52
1297 53
1296 54
1295 55
1294 56
1293 57
1292 58
1291 59
1290 60
1289 61
1288 62
1287 63
1286 64
1285 65
1284 66
1283 67
1282 68
1281 69
1280 70
1279 71
1278 72
1277 73
1276 74
1275 75
1274 76
1273 77
1272 78
1271 79
1270 80
1269 81
1268 82
1267 83
1266 84
1265 85
1264 86
1263 87
1262 88
1261 89
1260 90
1259 91
1258 92
1257 93
1256 94
1255 95
1254 96
1253 97
1252 98
1251 99
1250 100
1249 101
1248 102
1247 103
1246 104
1245 105
1244 106
1243 107
1242 108
1241 109
1240 110
1239 111
1238 112
1237 113
1236 114
1235 115
1234 116
1233 117
1232 118
1231 119
1230 120
1229 121
1228 122
1227 123
1226 124
1225 125
1224 126
1223 127
1222 128
1221 129
1220 130
1219 131
1218 132
1217 133
1216 134
1215 135
1214 136
1213 137
1212 138
1211 139
1210 140
1209 141
1208 142
1207 143
1206 144
1205 145
1204 146
1203 147
1202 148
1201 149
1200 150
1199 151
1198 152
1197 153
1196 154
1195 155
1194 156
1193 157
1192 158
1191 159
1190 160
1189 161
1188 162
1187 163
1186 164
1185 165
1184 166
1183 167
1182 168
1181 169
1180 170
1179 171
1178 172
1177 173
1176 174
1175 175
1174 176
1173 177
1172 178
1171 179
1170 180
1169 181
1168 182
1167 183
1166 184
1165 185
1164 186
1163 187
1162 188
1161 189
1160 190
1159 191
1158 192
1157 193
1156 194
1155 195
1154 196
1153 197
1152 198
1151 199
1150 200
1149 201
1148 202
1147 203
1146 204
1145 205
1144 206
1143 207
1142 208
1141 209
1140 210
1139 211
1138 212
1137 213
1136 214
1135 215
1134 216
1133 217
1132 218
1131 219
1130 220
1129 221
1128 222
1127 223
1126 224
1125 225
1124 226
1123 227
1122 228
1121 229
1120 230
1119 231
1118 232
1117 233
1116 234
1115 235
1114 236
1113 237
1112 238
1111 239
1110 240
1109 241
1108 242
1107 243
1106 244
1105 245
1104 246
1103 247
1102 248
1101 249
1100 250
1099 251
1098 252
1097 253
1096 254
1095 255
1094 256
1093 257
1092 258
1091 259
1090 260
1089 261
1088 262
1087 263
1086 264
1085 265
1084 266
1083 267
1082 268
1081 269
1080 270
1079 271
1078 272
1077 273
1076 274
1075 275
1074 276
1073 277
1072 278
1071 279
1070 280
1069 281
1068 282
1067 283
1066 284
1065 285
1064 286
1063 287
1062 288
1061 289
1060 290
1059 291
1058 292
1057 293
1056 294
1055 295
1054 296
1053 297
1052 298
1051 299
1050 300
1049 301
1048 302
1047 303
1046 304
1045 305
1044 306
1043 307
1042 308
1041 309
1040 310
1039 311
1038 312
1037 313
1036 314
1035 315
1034 316
1033 317
1032 318
1031 319
1030 320
1029 321
1028 322
1027 323
1026 324
1025 325
1024 326
1023 327
1022 328
1021 329
1020 330
1019 331
1018 332
1017 333
1016 334
1015 335
1014 336
1013 337
1012 338
1011 339
1010 340
1009 341
1008 342
1007 343
1006 344
1005 345
1004 346
1003 347
1002 348
1001 349
1000 350
999 351
998 352
997 353
996 354
995 355
994 356
993 357
992 358
991 359
990 360
989 361
988 362
987 363
986 364
985 365
984 366
983 367
982 368
981 369
980 370
979 371
978 372
977 373
976 374
975 375
974 376
973 377
972 378
971 379
970 380
969 381
968 382
967 383
966 384
965 385
964 386
963 387
962 388
961 389
960 390
959 391
958 392
957 393
956 394
955 395
954 396
953 397
952 398
951 399
950 400
949 401
948 402
947 403
946 404
945 405
944 406
943 407
942 408
941 409
940 410
939 411
938 412
937 413
936 414
935 415
934 416
933 417
932 418
931 419
930 420
929 421
928 422
927 423
926 424
925 425
924 426
923 427
922 428
921 429
920 430
919 431
918 432
917 433
916 434
915 435
914 436
913 437
912 438
911 439
910 440
909 441
908 442
907 443
906 444
905 445
904 446
903 447
902 448
901 449
900 450
899 451
898 452
897 453
896 454
895 455
894 456
893 457
892 458
891 459
890 460
889 461
888 462
887 463
886 464
885 465
884 466
883 467
882 468
881 469
880 470
879 471
878 472
877 473
876 474
875 475
874 476
873 477
872 478
871 479
870 480
869 481
868 482
867 483
866 484
865 485
864 486
863 487
862 488
861 489
860 490
859 491
858 492
857 493
856 494
855 495
854 496
853 497
852 498
851 499
850 500
849 501
848 502
847 503
846 504
845 505
844 506
843 507
842 508
841 509
840 510
839 511
838 512
837 513
836 514
835 515
834 516
833 517
832 518
831 519
830 520
829 521
828 522
827 523
826 524
825 525
824 526
823 527
822 528
821 529
820 530
819 531
818 532
817 533
816 534
815 535
814 536
813 537
812 538
811 539
810 540
809 541
808 542
807 543
806 544
805 545
804 546
803 547
802 548
801 549
800 550
799 551
798 552
797 553
796 554
795 555
794 556
793 557
792 558
791 559
790 560
789 561
788 562
787 563
786 564
785 565
784 566
783 567
782 568
781 569
780 570
779 571
778 572
777 573
776 574
775 575
774 576
773 577
772 578
771 579
770 580
769 581
768 582
767 583
766 584
765 585
764 586
763 587
762 588
761 589
760 590
759 591
758 592
757 593
756 594
755 595
754 596
753 597
752 598
751 599
750 600
749 601
748 602
747 603
746 604
745 605
744 606
743 607
742 608
741 609
740 610
739 611
738 612
737 613
736 614
735 615
734 616
733 617
732 618
731 619
730 620
729 621
728 622
727 623
726 624
725 625
724 626
723 627
722 628
721 629
720 630
719 631
718 632
717 633
716 634
715 635
714 636
713 637
712 638
711 639
710 640
709 641
708 642
707 643
706 644
705 645
704 646
703 647
702 648
701 649
700 650
699 651
698 652
697 653
696 654
695 655
694 656
693 657
692 658
691 659
690 660
689 661
688 662
687 663
686 664
685 665
684 666
683 667
682 668
681 669
680 670
679 671
678 672
677 673
676 674
675 675
674 676
673 677
672 678
671 679
670 680
669 681
668 682
667 683
666 684
665 685
664 686
663 687
662 688
661 689
660 690
659 691
658 692
657 693
656 694
655 695
654 696
653 697
652 698
651 699
650 700
649 701
648 702
647 703
646 704
645 705
644 706
643 707
642 708
641 709
640 710
639 711
638 712
637 713
636 714
635 715
634 716
633 717
632 718
631 719
630 720
629 721
628 722
627 723
626 724
625 725
624 726
623 727
622 728
621 729
620 730
619 731
618 732
617 733
616 734
615 735
614 736
613 737
612 738
611 739
610 740
609 741
608 742
607 743
606 744
605 745
604 746
603 747
602 748
601 749
600 750
599 751
598 752
597 753
596 754
595 755
594 756
593 757
592 758
591 759
590 760
589 761
588 762
587 763
586 764
585 765
584 766
583 767
582 768
581 769
580 770
579 771
578 772
577 773
576 774
575 775
574 776
573 777
572 778
571 779
570 780
569 781
568 782
567 783
566 784
565 785
564 786
563 787
562 788
561 789
560 790
559 791
558 792
557 793
556 794
555 795
554 796
553 797
552 798
551 799
550 800
549 801
548 802
547 803
546 804
545 805
544 806
543 807
542 808
541 809
540 810
539 811
538 812
537 813
536 814
535 815
534 816
533 817
532 818
531 819
530 820
529 821
528 822
527 823
526 824
525 825
524 826
523 827
522 828
521 829
520 830
519 831
518 832
517 833
516 834
515 835
514 836
513 837
512 838
511 839
510 840
509 841
508 842
507 843
506 844
505 845
504 846
503 847
502 848
501 849
500 850
499 851
498 852
497 853
496 854
495 855
494 856
493 857
492 858
491 859
490 860
489 861
488 862
487 863
486 864
485 865
484 866
483 867
482 868
481 869
480 870
479 871
478 872
477 873
476 874
475 875
474 876
473 877
472 878
471 879
470 880
469 881
468 882
467 883
466 884
465 885
464 886
463 887
462 888
461 889
460 890
459 891
458 892
457 893
456 894
455 895
454 896
453 897
452 898
451 899
450 900
449 901
448 902
447 903
446 904
445 905
444 906
443 907
442 908
441 909
440 910
439 911
438 912
437 913
436 914
435 915
434 916
433 917
432 918
431 919
430 920
429 921
428 922
427 923
426 924
425 925
424 926
423 927
422 928
421 929
420 930
419 931
418 932
417 933
416 934
415 935
414 936
413 937
412 938
411 939
410 940
409 941
408 942
407 943
406 944
405 945
404 946
403 947
402 948
401 949
400 950
399 951
398 952
397 953
396 954
395 955
394 956
393 957
392 958
391 959
390 960
389 961
388 962
387 963
386 964
385 965
384 966
383 967
382 968
381 969
380 970
379 971
378 972
377 973
376 974
375 975
374 976
373 977
372 978
371 979
370 980
369 981
368 982
367 983
366 984
365 985
364 986
363 987
362 988
361 989
360 990
359 991
358 992
357 993
356 994
355 995
354 996
353 997
352 998
351 999
350 1000
349 1001
348 1002
347 1003
346 1004
345 1005
344 1006
343 1007
342 1008
341 1009
340 1010
339 1011
338 1012
337 1013
336 1014
335 1015
334 1016
333 1017
332 1018
331 1019
330 1020
329 1021
328 1022
327 1023
326 1024
325 1025
324 1026
323 1027
322 1028
321 1029
320 1030
319 1031
318 1032
317 1033
316 1034
315 1035
314 1036
313 1037
312 1038
311 1039
310 1040
309 1041
308 1042
307 1043
306 1044
305 1045
304 1046
303 1047
302 1048
301 1049
300 1050
299 1051
298 1052
297 1053
296 1054
295 1055
294 1056
293 1057
292 1058
291 1059
290 1060
289 1061
288 1062
287 1063
286 1064
285 1065
284 1066
283 1067
282 1068
281 1069
280 1070
279 1071
278 1072
277 1073
276 1074
275 1075
274 1076
273 1077
272 1078
271 1079
270 1080
269 1081
268 1082
267 1083
266 1084
265 1085
264 1086
263 1087
262 1088
261 1089
260 1090
259 1091
258 1092
257 1093
256 1094
255 1095
254 1096
253 1097
252 1098
251 1099
250 1100
249 1101
248 1102
247 1103
246 1104
245 1105
244 1106
243 1107
242 1108
241 1109
240 1110
239 1111
238 1112
237 1113
236 1114
235 1115
234 1116
233 1117
232 1118
231 1119
230 1120
229 1121
228 1122
227 1123
226 1124
225 1125
224 1126
223 1127
222 1128
221 1129
220 1130
219 1131
218 1132
217 1133
216 1134
215 1135
214 1136
213 1137
212 1138
211 1139
210 1140
209 1141
208 1142
207 1143
206 1144
205 1145
204 1146
203 1147
202 1148
201 1149
200 1150
199 1151
198 1152
197 1153
196 1154
195 1155
194 1156
193 1157
192 1158
191 1159
190 1160
189 1161
188 1162
187 1163
186 1164
185 1165
184 1166
183 1167
182 1168
181 1169
180 1170
179 1171
178 1172
177 1173
176 1174
175 1175
174 1176
173 1177
172 1178
171 1179
170 1180
169 1181
168 1182
167 1183
166 1184
165 1185
164 1186
163 1187
162 1188
161 1189
160 1190
159 1191
158 1192
157 1193
156 1194
155 1195
154 1196
153 1197
152 1198
151 1199
150 1200
149 1201
148 1202
147 1203
146 1204
145 1205
144 1206
143 1207
142 1208
141 1209
140 1210
139 1211
138 1212
137 1213
136 1214
135 1215
134 1216
133 1217
132 1218
131 1219
130 1220
129 1221
128 1222
127 1223
126 1224
125 1225
124 1226
123 1227
122 1228
121 1229
120 1230
119 1231
118 1232
117 1233
116 1234
115 1235
114 1236
113 1237
112 1238
111 1239
110 1240
109 1241
108 1242
107 1243
106 1244
105 1245
104 1246
103 1247
102 1248
101 1249
100 1250
99 1251
98 1252
97 1253
96 1254
95 1255
94 1256
93 1257
92 1258
91 1259
90 1260
89 1261
88 1262
87 1263
86 1264
85 1265
84 1266
83 1267
82 1268
81 1269
80 1270
79 1271
78 1272
77 1273
76 1274
75 1275
74 1276
73 1277
72 1278
71 1279
70 1280
69 1281
68 1282
67 1283
66 1284
65 1285
64 1286
63 1287
62 1288
61 1289
60 1290
59 1291
58 1292
57 1293
56 1294
55 1295
54 1296
53 1297
52 1298
51 1299
50 1300
49 1301
48 1302
47 1303
46 1304
45 1305
44 1306
43 1307
42 1308
41 1309
40 1310
39 1311
38 1312
37 1313
36 1314
35 1315
34 1316
33 1317
32 1318
31 1319
30 1320
29 1321
28 1322
27 1323
26 1324
25 1325
24 1326
23 1327
22 1328
21 1329
20 1330
19 1331
18 1332
17 1333
16 1334
15 1335
14 1336
13 1337
12 1338
11 1339
10 1340
9 1341
8 1342
7 1343
6 1344
5 1345
4 1346
3 1347
2 1348
1 1349
0 1350
0 1349
0 1348
0 1347
0 1346
0 1345
0 1344
0 1343
0 1342
0 1341
0 1340
0 1339
0 1338
0 1337
0 1336
0 1335
0 1334
0 1333
0 1332
0 1331
0 1330
0 1329
0 1328
0 1327
0 1326
0 1325
0 1324
0 1323
0 1322
0 1321
0 1320
0 1319
0 1318
0 1317
0 1316
0 1315
0 1314
0 1313
0 1312
0 1311
0 1310
0 1309
0 1308
0 1307
0 1306
0 1305
0 1304
0 1303
0 1302
0 1301
0 1300
0 1299
0 1298
0 1297
0 1296
0 1295
0 1294
0 1293
0 1292
0 1291
0 1290
0 1289
0 1288
0 1287
0 1286
0 1285
0 1284
0 1283
0 1282
0 1281
0 1280
0 1279
0 1278
0 1277
0 1276
0 1275
0 1274
0 1273
0 1272
0 1271
0 1270
0 1269
0 1268
0 1267
0 1266
0 1265
0 1264
0 1263
0 1262
0 1261
0 1260
0 1259
0 1258
0 1257
0 1256
0 1255
0 1254
0 1253
0 1252
0 1251
0 1250
0 1249
0 1248
0 1247
0 1246
0 1245
0 1244
0 1243
0 1242
0 1241
0 1240
0 1239
0 1238
0 1237
0 1236
0 1235
0 1234
0 1233
0 1232
0 1231
0 1230
0 1229
0 1228
0 1227
0 1226
0 1225
0 1224
0 1223
0 1222
0 1221
0 1220
0 1219
0 1218
0 1217
0 1216
0 1215
0 1214
0 1213
0 1212
0 1211
0 1210
0 1209
0 1208
0 1207
0 1206
0 1205
0 1204
0 1203
0 1202
0 1201
0 1200
0 1199
0 1198
0 1197
0 1196
0 1195
0 1194
0 1193
0 1192
0 1191
0 1190
0 1189
0 1188
0 1187
0 1186
0 1185
0 1184
0 1183
0 1182
0 1181
0 1180
0 1179
0 1178
0 1177
0 1176
0 1175
0 1174
0 1173
0 1172
0 1171
0 1170
0 1169
0 1168
0 1167
0 1166
0 1165
0 1164
0 1163
0 1162
0 1161
0 1160
0 1159
0 1158
0 1157
0 1156
0 1155
0 1154
0 1153
0 1152
0 1151
0 1150
0 1149
0 1148
0 1147
0 1146
0 1145
0 1144
0 1143
0 1142
0 1141
0 1140
0 1139
0 1138
0 1137
0 1136
0 1135
0 1134
0 1133
0 1132
0 1131
0 1130
0 1129
0 1128
0 1127
0 1126
0 1125
0 1124
0 1123
0 1122
0 1121
0 1120
0 1119
0 1118
0 1117
0 1116
0 1115
0 1114
0 1113
0 1112
0 1111
0 1110
0 1109
0 1108
0 1107
0 1106
0 1105
0 1104
0 1103
0 1102
0 1101
0 1100
0 1099
0 1098
0 1097
0 1096
0 1095
0 1094
0 1093
0 1092
0 1091
0 1090
0 1089
0 1088
0 1087
0 1086
0 1085
0 1084
0 1083
0 1082
0 1081
0 1080
0 1079
0 1078
0 1077
0 1076
0 1075
0 1074
0 1073
0 1072
0 1071
0 1070
0 1069
0 1068
0 1067
0 1066
0 1065
0 1064
0 1063
0 1062
0 1061
0 1060
0 1059
0 1058
0 1057
0 1056
0 1055
0 1054
0 1053
0 1052
0 1051
0 1050
0 1049
0 1048
0 1047
0 1046
0 1045
0 1044
0 1043
0 1042
0 1041
0 1040
0 1039
0 1038
0 1037
0 1036
0 1035
0 1034
0 1033
0 1032
0 1031
0 1030
0 1029
0 1028
0 1027
0 1026
0 1025
0 1024
0 1023
0 1022
0 1021
0 1020
0 1019
0 1018
0 1017
0 1016
0 1015
0 1014
0 1013
0 1012
0 1011
0 1010
0 1009
0 1008
0 1007
0 1006
0 1005
0 1004
0 1003
0 1002
0 1001
0 1000
0 999
0 998
0 997
0 996
0 995
0 994
0 993
0 992
0 991
0 990
0 989
0 988
0 987
0 986
0 985
0 984
0 983
0 982
0 981
0 980
0 979
0 978
0 977
0 976
0 975
0 974
0 973
0 972
0 971
0 970
0 969
0 968
0 967
0 966
0 965
0 964
0 963
0 962
0 961
0 960
0 959
0 958
0 957
0 956
0 955
0 954
0 953
0 952
0 951
0 950
0 949
0 948
0 947
0 946
0 945
0 944
0 943
0 942
0 941
0 940
0 939
0 938
0 937
0 936
0 935
0 934
0 933
0 932
0 931
0 930
0 929
0 928
0 927
0 926
0 925
0 924
0 923
0 922
0 921
0 920
0 919
0 918
0 917
0 916
0 915
0 914
0 913
0 912
0 911
0 910
0 909
0 908
0 907
0 906
0 905
0 904
0 903
0 902
0 901
0 900
0 899
0 898
0 897
0 896
0 895
0 894
0 893
0 892
0 891
0 890
0 889
0 888
0 887
0 886
0 885
0 884
0 883
0 882
0 881
0 880
0 879
0 878
0 877
0 876
0 875
0 874
0 873
0 872
0 871
0 870
0 869
0 868
0 867
0 866
0 865
0 864
0 863
0 862
0 861
0 860
0 859
0 858
0 857
0 856
0 855
0 854
0 853
0 852
0 851
0 850
0 849
0 848
0 847
0 846
0 845
0 844
0 843
0 842
0 841
0 840
0 839
0 838
0 837
0 836
0 835
0 834
0 833
0 832
0 831
0 830
0 829
0 828
0 827
0 826
0 825
0 824
0 823
0 822
0 821
0 820
0 819
0 818
0 817
0 816
0 815
0 814
0 813
0 812
0 811
0 810
0 809
0 808
0 807
0 806
0 805
0 804
0 803
0 802
0 801
0 800
0 799
0 798
0 797
0 796
0 795
0 794
0 793
0 792
0 791
0 790
0 789
0 788
0 787
0 786
0 785
0 784
0 783
0 782
0 781
0 780
0 779
0 778
0 777
0 776
0 775
0 774
0 773
0 772
0 771
0 770
0 769
0 768
0 767
0 766
0 765
0 764
0 763
0 762
0 761
0 760
0 759
0 758
0 757
0 756
0 755
0 754
0 753
0 752
0 751
0 750
0 749
0 748
0 747
0 746
0 745
0 744
0 743
0 742
0 741
0 740
0 739
0 738
0 737
0 736
0 735
0 734
0 733
0 732
0 731
0 730
0 729
0 728
0 727
0 726
0 725
0 724
0 723
0 722
0 721
0 720
0 719
0 718
0 717
0 716
0 715
0 714
0 713
0 712
0 711
0 710
0 709
0 708
0 707
0 706
0 705
0 704
0 703
0 702
0 701
0 700
0 699
0 698
0 697
0 696
0 695
0 694
0 693
0 692
0 691
0 690
0 689
0 688
0 687
0 686
0 685
0 684
0 683
0 682
0 681
0 680
0 679
0 678
0 677
0 676
0 675
0 674
0 673
0 672
0 671
0 670
0 669
0 668
0 667
0 666
0 665
0 664
0 663
0 662
0 661
0 660
0 659
0 658
0 657
0 656
0 655
0 654
0 653
0 652
0 651
0 650
0 649
0 648
0 647
0 646
0 645
0 644
0 643
0 642
0 641
0 640
0 639
0 638
0 637
0 636
0 635
0 634
0 633
0 632
0 631
0 630
0 629
0 628
0 627
0 626
0 625
0 624
0 623
0 622
0 621
0 620
0 619
0 618
0 617
0 616
0 615
0 614
0 613
0 612
0 611
0 610
0 609
0 608
0 607
0 606
0 605
0 604
0 603
0 602
0 601
0 600
0 599
0 598
0 597
0 596
0 595
0 594
0 593
0 592
0 591
0 590
0 589
0 588
0 587
0 586
0 585
0 584
0 583
0 582
0 581
0 580
0 579
0 578
0 577
0 576
0 575
0 574
0 573
0 572
0 571
0 570
0 569
0 568
0 567
0 566
0 565
0 564
0 563
0 562
0 561
0 560
0 559
0 558
0 557
0 556
0 555
0 554
0 553
0 552
0 551
0 550
0 549
0 548
0 547
0 546
0 545
0 544
0 543
0 542
0 541
0 540
0 539
0 538
0 537
0 536
0 535
0 534
0 533
0 532
0 531
0 530
0 529
0 528
0 527
0 526
0 525
0 524
0 523
0 522
0 521
0 520
0 519
0 518
0 517
0 516
0 515
0 514
0 513
0 512
0 511
0 510
0 509
0 508
0 507
0 506
0 505
0 504
0 503
0 502
0 501
0 500
0 499
0 498
0 497
0 496
0 495
0 494
0 493
0 492
0 491
0 490
0 489
0 488
0 487
0 486
0 485
0 484
0 483
0 482
0 481
0 480
0 479
0 478
0 477
0 476
0 475
0 474
0 473
0 472
0 471
0 470
0 469
0 468
0 467
0 466
0 465
0 464
0 463
0 462
0 461
0 460
0 459
0 458
0 457
0 456
0 455
0 454
0 453
0 452
0 451
0 450
0 449
0 448
0 447
0 446
0 445
0 444
0 443
0 442
0 441
0 440
0 439
0 438
0 437
0 436
0 435
0 434
0 433
0 432
0 431
0 430
0 429
0 428
0 427
0 426
0 425
0 424
0 423
0 422
0 421
0 420
0 419
0 418
0 417
0 416
0 415
0 414
0 413
0 412
0 411
0 410
0 409
0 408
0 407
0 406
0 405
0 404
0 403
0 402
0 401
0 400
0 399
0 398
0 397
0 396
0 395
0 394
0 393
0 392
0 391
0 390
0 389
0 388
0 387
0 386
0 385
0 384
0 383
0 382
0 381
0 380
0 379
0 378
0 377
0 376
0 375
0 374
0 373
0 372
0 371
0 370
0 369
0 368
0 367
0 366
0 365
0 364
0 363
0 362
0 361
0 360
0 359
0 358
0 357
0 356
0 355
0 354
0 353
0 352
0 351
0 350
0 349
0 348
0 347
0 346
0 345
0 344
0 343
0 342
0 341
0 340
0 339
0 338
0 337
0 336
0 335
0 334
0 333
0 332
0 331
0 330
0 329
0 328
0 327
0 326
0 325
0 324
0 323
0 322
0 321
0 320
0 319
0 318
0 317
0 316
0 315
0 314
0 313
0 312
0 311
0 310
0 309
0 308
0 307
0 306
0 305
0 304
0 303
0 302
0 301
0 300
0 299
0 298
0 297
0 296
0 295
0 294
0 293
0 292
0 291
0 290
0 289
0 288
0 287
0 286
0 285
0 284
0 283
0 282
0 281
0 280
0 279
0 278
0 277
0 276
0 275
0 274
0 273
0 272
0 271
0 270
0 269
0 268
0 267
0 266
0 265
0 264
0 263
0 262
0 261
0 260
0 259
0 258
0 257
0 256
0 255
0 254
0 253
0 252
0 251
0 250
0 249
0 248
0 247
0 246
0 245
0 244
0 243
0 242
0 241
0 240
0 239
0 238
0 237
0 236
0 235
0 234
0 233
0 232
0 231
0 230
0 229
0 228
0 227
0 226
0 225
0 224
0 223
0 222
0 221
0 220
0 219
0 218
0 217
0 216
0 215
0 214
0 213
0 212
0 211
0 210
0 209
0 208
0 207
0 206
0 205
0 204
0 203
0 202
0 201
0 200
0 199
0 198
0 197
0 196
0 195
0 194
0 193
0 192
0 191
0 190
0 189
0 188
0 187
0 186
0 185
0 184
0 183
0 182
0 181
0 180
0 179
0 178
0 177
0 176
0 175
0 174
0 173
0 172
0 171
0 170
0 169
0 168
0 167
0 166
0 165
0 164
0 163
0 162
0 161
0 160
0 159
0 158
0 157
0 156
0 155
0 154
0 153
0 152
0 151
0 150
0 149
0 148
0 147
0 146
0 145
0 144
0 143
0 142
0 141
0 140
0 139
0 138
0 137
0 136
0 135
0 134
0 133
0 132
0 131
0 130
0 129
0 128
0 127
0 126
0 125
0 124
0 123
0 122
0 121
0 120
0 119
0 118
0 117
0 116
0 115
0 114
0 113
0 112
0 111
0 110
0 109
0 108
0 107
0 106
0 105
0 104
0 103
0 102
0 101
0 100
0 99
0 98
0 97
0 96
0 95
0 94
0 93
0 92
0 91
0 90
0 89
0 88
0 87
0 86
0 85
0 84
0 83
0 82
0 81
0 80
0 79
0 78
0 77
0 76
0 75
0 74
0 73
0 72
0 71
0 70
0 69
0 68
0 67
0 66
0 65
0 64
0 63
0 62
0 61
0 60
0 59
0 58
0 57
0 56
0 55
0 54
0 53
0 52
0 51
0 50
0 49
0 48
0 47
0 46
0 45
0 44
0 43
0 42
0 41
0 40
0 39
0 38
0 37
0 36
0 35
0 34
0 33
0 32
0 31
0 30
0 29
0 28
0 27
0 26
0 25
0 24
0 23
0 22
0 21
0 20
0 19
0 18
0 17
0 16
0 15
0 14
0 13
0 12
0 11
0 10
0 9
0 8
0 7
0 6
0 5
0 4
0 3
0 2
0 1
