1450 0
1449 1
1448 2
1447 3
1446 4
1445 5
1444 6
1443 7
1442 8
1441 9
1440 10
1439 11
1438 12
1437 13
1436 14
1435 15
1434 16
1433 17
1432 18
1431 19
1430 20
1429 21
1428 22
1427 23
1426 24
1425 25
1424 26
1423 27
1422 28
1421 29
1420 30
1419 31
1418 32
1417 33
1416 34
1415 35
1414 36
1413 37
1412 38
1411 39
1410 40
1409 41
1408 42
1407 43
1406 44
1405 45
1404 46
1403 47
1402 48
1401 49
1400 50
1399 51
1398 52
1397 53
1396 54
1395 55
1394 56
1393 57
1392 58
1391 59
1390 60
1389 61
1388 62
1387 63
1386 64
1385 65
1384 66
1383 67
1382 68
1381 69
1380 70
1379 71
1378 72
1377 73
1376 74
1375 75
1374 76
1373 77
1372 78
1371 79
1370 80
1369 81
1368 82
1367 83
1366 84
1365 85
1364 86
1363 87
1362 88
1361 89
1360 90
1359 91
1358 92
1357 93
1356 94
1355 95
1354 96
1353 97
1352 98
1351 99
1350 100
1349 101
1348 102
1347 103
1346 104
1345 105
1344 106
1343 107
1342 108
1341 109
1340 110
1339 111
1338 112
1337 113
1336 114
1335 115
1334 116
1333 117
1332 118
1331 119
1330 120
1329 121
1328 122
1327 123
1326 124
1325 125
1324 126
1323 127
1322 128
1321 129
1320 130
1319 131
1318 132
1317 133
1316 134
1315 135
1314 136
1313 137
1312 138
1311 139
1310 140
1309 141
1308 142
1307 143
1306 144
1305 145
1304 146
1303 147
1302 148
1301 149
1300 150
1299 151
1298 152
1297 153
1296 154
1295 155
1294 156
1293 157
1292 158
1291 159
1290 160
1289 161
1288 162
1287 163
1286 164
1285 165
1284 166
1283 167
1282 168
1281 169
1280 170
1279 171
1278 172
1277 173
1276 174
1275 175
1274 176
1273 177
1272 178
1271 179
1270 180
1269 181
1268 182
1267 183
1266 184
1265 185
1264 186
1263 187
1262 188
1261 189
1260 190
1259 191
1258 192
1257 193
1256 194
1255 195
1254 196
1253 197
1252 198
1251 199
1250 200
1249 201
1248 202
1247 203
1246 204
1245 205
1244 206
1243 207
1242 208
1241 209
1240 210
1239 211
1238 212
1237 213
1236 214
1235 215
1234 216
1233 217
1232 218
1231 219
1230 220
1229 221
1228 222
1227 223
1226 224
1225 225
1224 226
1223 227
1222 228
1221 229
1220 230
1219 231
1218 232
1217 233
1216 234
1215 235
1214 236
1213 237
1212 238
1211 239
1210 240
1209 241
1208 242
1207 243
1206 244
1205 245
1204 246
1203 247
1202 248
1201 249
1200 250
1199 251
1198 252
1197 253
1196 254
1195 255
1194 256
1193 257
1192 258
1191 259
1190 260
1189 261
1188 262
1187 263
1186 264
1185 265
1184 266
1183 267
1182 268
1181 269
1180 270
1179 271
1178 272
1177 273
1176 274
1175 275
1174 276
1173 277
1172 278
1171 279
1170 280
1169 281
1168 282
1167 283
1166 284
1165 285
1164 286
1163 287
1162 288
1161 289
1160 290
1159 291
1158 292
1157 293
1156 294
1155 295
1154 296
1153 297
1152 298
1151 299
1150 300
1149 301
1148 302
1147 303
1146 304
1145 305
1144 306
1143 307
1142 308
1141 309
1140 310
1139 311
1138 312
1137 313
1136 314
1135 315
1134 316
1133 317
1132 318
1131 319
1130 320
1129 321
1128 322
1127 323
1126 324
1125 325
1124 326
1123 327
1122 328
1121 329
1120 330
1119 331
1118 332
1117 333
1116 334
1115 335
1114 336
1113 337
1112 338
1111 339
1110 340
1109 341
1108 342
1107 343
1106 344
1105 345
1104 346
1103 347
1102 348
1101 349
1100 350
1099 351
1098 352
1097 353
1096 354
1095 355
1094 356
1093 357
1092 358
1091 359
1090 360
1089 361
1088 362
1087 363
1086 364
1085 365
1084 366
1083 367
1082 368
1081 369
1080 370
1079 371
1078 372
1077 373
1076 374
1075 375
1074 376
1073 377
1072 378
1071 379
1070 380
1069 381
1068 382
1067 383
1066 384
1065 385
1064 386
1063 387
1062 388
1061 389
1060 390
1059 391
1058 392
1057 393
1056 394
1055 395
1054 396
1053 397
1052 398
1051 399
1050 400
1049 401
1048 402
1047 403
1046 404
1045 405
1044 406
1043 407
1042 408
1041 409
1040 410
1039 411
1038 412
1037 413
1036 414
1035 415
1034 416
1033 417
1032 418
1031 419
1030 420
1029 421
1028 422
1027 423
1026 424
1025 425
1024 426
1023 427
1022 428
1021 429
1020 430
1019 431
1018 432
1017 433
1016 434
1015 435
1014 436
1013 437
1012 438
1011 439
1010 440
1009 441
1008 442
1007 443
1006 444
1005 445
1004 446
1003 447
1002 448
1001 449
1000 450
999 451
998 452
997 453
996 454
995 455
994 456
993 457
992 458
991 459
990 460
989 461
988 462
987 463
986 464
985 465
984 466
983 467
982 468
981 469
980 470
979 471
978 472
977 473
976 474
975 475
974 476
973 477
972 478
971 479
970 480
969 481
968 482
967 483
966 484
965 485
964 486
963 487
962 488
961 489
960 490
959 491
958 492
957 493
956 494
955 495
954 496
953 497
952 498
951 499
950 500
949 501
948 502
947 503
946 504
945 505
944 506
943 507
942 508
941 509
940 510
939 511
938 512
937 513
936 514
935 515
934 516
933 517
932 518
931 519
930 520
929 521
928 522
927 523
926 524
925 525
924 526
923 527
922 528
921 529
920 530
919 531
918 532
917 533
916 534
915 535
914 536
913 537
912 538
911 539
910 540
909 541
908 542
907 543
906 544
905 545
904 546
903 547
902 548
901 549
900 550
899 551
898 552
897 553
896 554
895 555
894 556
893 557
892 558
891 559
890 560
889 561
888 562
887 563
886 564
885 565
884 566
883 567
882 568
881 569
880 570
879 571
878 572
877 573
876 574
875 575
874 576
873 577
872 578
871 579
870 580
869 581
868 582
867 583
866 584
865 585
864 586
863 587
862 588
861 589
860 590
859 591
858 592
857 593
856 594
855 595
854 596
853 597
852 598
851 599
850 600
849 601
848 602
847 603
846 604
845 605
844 606
843 607
842 608
841 609
840 610
839 611
838 612
837 613
836 614
835 615
834 616
833 617
832 618
831 619
830 620
829 621
828 622
827 623
826 624
825 625
824 626
823 627
822 628
821 629
820 630
819 631
818 632
817 633
816 634
815 635
814 636
813 637
812 638
811 639
810 640
809 641
808 642
807 643
806 644
805 645
804 646
803 647
802 648
801 649
800 650
799 651
798 652
797 653
796 654
795 655
794 656
793 657
792 658
791 659
790 660
789 661
788 662
787 663
786 664
785 665
784 666
783 667
782 668
781 669
780 670
779 671
778 672
777 673
776 674
775 675
774 676
773 677
772 678
771 679
770 680
769 681
768 682
767 683
766 684
765 685
764 686
763 687
762 688
761 689
760 690
759 691
758 692
757 693
756 694
755 695
754 696
753 697
752 698
751 699
750 700
749 701
748 702
747 703
746 704
745 705
744 706
743 707
742 708
741 709
740 710
739 711
738 712
737 713
736 714
735 715
734 716
733 717
732 718
731 719
730 720
729 721
728 722
727 723
726 724
725 725
724 726
723 727
722 728
721 729
720 730
719 731
718 732
717 733
716 734
715 735
714 736
713 737
712 738
711 739
710 740
709 741
708 742
707 743
706 744
705 745
704 746
703 747
702 748
701 749
700 750
699 751
698 752
697 753
696 754
695 755
694 756
693 757
692 758
691 759
690 760
689 761
688 762
687 763
686 764
685 765
684 766
683 767
682 768
681 769
680 770
679 771
678 772
677 773
676 774
675 775
674 776
673 777
672 778
671 779
670 780
669 781
668 782
667 783
666 784
665 785
664 786
663 787
662 788
661 789
660 790
659 791
658 792
657 793
656 794
655 795
654 796
653 797
652 798
651 799
650 800
649 801
648 802
647 803
646 804
645 805
644 806
643 807
642 808
641 809
640 810
639 811
638 812
637 813
636 814
635 815
634 816
633 817
632 818
631 819
630 820
629 821
628 822
627 823
626 824
625 825
624 826
623 827
622 828
621 829
620 830
619 831
618 832
617 833
616 834
615 835
614 836
613 837
612 838
611 839
610 840
609 841
608 842
607 843
606 844
605 845
604 846
603 847
602 848
601 849
600 850
599 851
598 852
597 853
596 854
595 855
594 856
593 857
592 858
591 859
590 860
589 861
588 862
587 863
586 864
585 865
584 866
583 867
582 868
581 869
580 870
579 871
578 872
577 873
576 874
575 875
574 876
573 877
572 878
571 879
570 880
569 881
568 882
567 883
566 884
565 885
564 886
563 887
562 888
561 889
560 890
559 891
558 892
557 893
556 894
555 895
554 896
553 897
552 898
551 899
550 900
549 901
548 902
547 903
546 904
545 905
544 906
543 907
542 908
541 909
540 910
539 911
538 912
537 913
536 914
535 915
534 916
533 917
532 918
531 919
530 920
529 921
528 922
527 923
526 924
525 925
524 926
523 927
522 928
521 929
520 930
519 931
518 932
517 933
516 934
515 935
514 936
513 937
512 938
511 939
510 940
509 941
508 942
507 943
506 944
505 945
504 946
503 947
502 948
501 949
500 950
499 951
498 952
497 953
496 954
495 955
494 956
493 957
492 958
491 959
490 960
489 961
488 962
487 963
486 964
485 965
484 966
483 967
482 968
481 969
480 970
479 971
478 972
477 973
476 974
475 975
474 976
473 977
472 978
471 979
470 980
469 981
468 982
467 983
466 984
465 985
464 986
463 987
462 988
461 989
460 990
459 991
458 992
457 993
456 994
455 995
454 996
453 997
452 998
451 999
450 1000
449 1001
448 1002
447 1003
446 1004
445 1005
444 1006
443 1007
442 1008
441 1009
440 1010
439 1011
438 1012
437 1013
436 1014
435 1015
434 1016
433 1017
432 1018
431 1019
430 1020
429 1021
428 1022
427 1023
426 1024
425 1025
424 1026
423 1027
422 1028
421 1029
420 1030
419 1031
418 1032
417 1033
416 1034
415 1035
414 1036
413 1037
412 1038
411 1039
410 1040
409 1041
408 1042
407 1043
406 1044
405 1045
404 1046
403 1047
402 1048
401 1049
400 1050
399 1051
398 1052
397 1053
396 1054
395 1055
394 1056
393 1057
392 1058
391 1059
390 1060
389 1061
388 1062
387 1063
386 1064
385 1065
384 1066
383 1067
382 1068
381 1069
380 1070
379 1071
378 1072
377 1073
376 1074
375 1075
374 1076
373 1077
372 1078
371 1079
370 1080
369 1081
368 1082
367 1083
366 1084
365 1085
364 1086
363 1087
362 1088
361 1089
360 1090
359 1091
358 1092
357 1093
356 1094
355 1095
354 1096
353 1097
352 1098
351 1099
350 1100
349 1101
348 1102
347 1103
346 1104
345 1105
344 1106
343 1107
342 1108
341 1109
340 1110
339 1111
338 1112
337 1113
336 1114
335 1115
334 1116
333 1117
332 1118
331 1119
330 1120
329 1121
328 1122
327 1123
326 1124
325 1125
324 1126
323 1127
322 1128
321 1129
320 1130
319 1131
318 1132
317 1133
316 1134
315 1135
314 1136
313 1137
312 1138
311 1139
310 1140
309 1141
308 1142
307 1143
306 1144
305 1145
304 1146
303 1147
302 1148
301 1149
300 1150
299 1151
298 1152
297 1153
296 1154
295 1155
294 1156
293 1157
292 1158
291 1159
290 1160
289 1161
288 1162
287 1163
286 1164
285 1165
284 1166
283 1167
282 1168
281 1169
280 1170
279 1171
278 1172
277 1173
276 1174
275 1175
274 1176
273 1177
272 1178
271 1179
270 1180
269 1181
268 1182
267 1183
266 1184
265 1185
264 1186
263 1187
262 1188
261 1189
260 1190
259 1191
258 1192
257 1193
256 1194
255 1195
254 1196
253 1197
252 1198
251 1199
250 1200
249 1201
248 1202
247 1203
246 1204
245 1205
244 1206
243 1207
242 1208
241 1209
240 1210
239 1211
238 1212
237 1213
236 1214
235 1215
234 1216
233 1217
232 1218
231 1219
230 1220
229 1221
228 1222
227 1223
226 1224
225 1225
224 1226
223 1227
222 1228
221 1229
220 1230
219 1231
218 1232
217 1233
216 1234
215 1235
214 1236
213 1237
212 1238
211 1239
210 1240
209 1241
208 1242
207 1243
206 1244
205 1245
204 1246
203 1247
202 1248
201 1249
200 1250
199 1251
198 1252
197 1253
196 1254
195 1255
194 1256
193 1257
192 1258
191 1259
190 1260
189 1261
188 1262
187 1263
186 1264
185 1265
184 1266
183 1267
182 1268
181 1269
180 1270
179 1271
178 1272
177 1273
176 1274
175 1275
174 1276
173 1277
172 1278
171 1279
170 1280
169 1281
168 1282
167 1283
166 1284
165 1285
164 1286
163 1287
162 1288
161 1289
160 1290
159 1291
158 1292
157 1293
156 1294
155 1295
154 1296
153 1297
152 1298
151 1299
150 1300
149 1301
148 1302
147 1303
146 1304
145 1305
144 1306
143 1307
142 1308
141 1309
140 1310
139 1311
138 1312
137 1313
136 1314
135 1315
134 1316
133 1317
132 1318
131 1319
130 1320
129 1321
128 1322
127 1323
126 1324
125 1325
124 1326
123 1327
122 1328
121 1329
120 1330
119 1331
118 1332
117 1333
116 1334
115 1335
114 1336
113 1337
112 1338
111 1339
110 1340
109 1341
108 1342
107 1343
106 1344
105 1345
104 1346
103 1347
102 1348
101 1349
100 1350
99 1351
98 1352
97 1353
96 1354
95 1355
94 1356
93 1357
92 1358
91 1359
90 1360
89 1361
88 1362
87 1363
86 1364
85 1365
84 1366
83 1367
82 1368
81 1369
80 1370
79 1371
78 1372
77 1373
76 1374
75 1375
74 1376
73 1377
72 1378
71 1379
70 1380
69 1381
68 1382
67 1383
66 1384
65 1385
64 1386
63 1387
62 1388
61 1389
60 1390
59 1391
58 1392
57 1393
56 1394
55 1395
54 1396
53 1397
52 1398
51 1399
50 1400
49 1401
48 1402
47 1403
46 1404
45 1405
44 1406
43 1407
42 1408
41 1409
40 1410
39 1411
38 1412
37 1413
36 1414
35 1415
34 1416
33 1417
32 1418
31 1419
30 1420
29 1421
28 1422
27 1423
26 1424
25 1425
24 1426
23 1427
22 1428
21 1429
20 1430
19 1431
18 1432
17 1433
16 1434
15 1435
14 1436
13 1437
12 1438
11 1439
10 1440
9 1441
8 1442
7 1443
6 1444
5 1445
4 1446
3 1447
2 1448
1 1449
0 1450
0 1449
0 1448
0 1447
0 1446
0 1445
0 1444
0 1443
0 1442
0 1441
0 1440
0 1439
0 1438
0 1437
0 1436
0 1435
0 1434
0 1433
0 1432
0 1431
0 1430
0 1429
0 1428
0 1427
0 1426
0 1425
0 1424
0 1423
0 1422
0 1421
0 1420
0 1419
0 1418
0 1417
0 1416
0 1415
0 1414
0 1413
0 1412
0 1411
0 1410
0 1409
0 1408
0 1407
0 1406
0 1405
0 1404
0 1403
0 1402
0 1401
0 1400
0 1399
0 1398
0 1397
0 1396
0 1395
0 1394
0 1393
0 1392
0 1391
0 1390
0 1389
0 1388
0 1387
0 1386
0 1385
0 1384
0 1383
0 1382
0 1381
0 1380
0 1379
0 1378
0 1377
0 1376
0 1375
0 1374
0 1373
0 1372
0 1371
0 1370
0 1369
0 1368
0 1367
0 1366
0 1365
0 1364
0 1363
0 1362
0 1361
0 1360
0 1359
0 1358
0 1357
0 1356
0 1355
0 1354
0 1353
0 1352
0 1351
0 1350
0 1349
0 1348
0 1347
0 1346
0 1345
0 1344
0 1343
0 1342
0 1341
0 1340
0 1339
0 1338
0 1337
0 1336
0 1335
0 1334
0 1333
0 1332
0 1331
0 1330
0 1329
0 1328
0 1327
0 1326
0 1325
0 1324
0 1323
0 1322
0 1321
0 1320
0 1319
0 1318
0 1317
0 1316
0 1315
0 1314
0 1313
0 1312
0 1311
0 1310
0 1309
0 1308
0 1307
0 1306
0 1305
0 1304
0 1303
0 1302
0 1301
0 1300
0 1299
0 1298
0 1297
0 1296
0 1295
0 1294
0 1293
0 1292
0 1291
0 1290
0 1289
0 1288
0 1287
0 1286
0 1285
0 1284
0 1283
0 1282
0 1281
0 1280
0 1279
0 1278
0 1277
0 1276
0 1275
0 1274
0 1273
0 1272
0 1271
0 1270
0 1269
0 1268
0 1267
0 1266
0 1265
0 1264
0 1263
0 1262
0 1261
0 1260
0 1259
0 1258
0 1257
0 1256
0 1255
0 1254
0 1253
0 1252
0 1251
0 1250
0 1249
0 1248
0 1247
0 1246
0 1245
0 1244
0 1243
0 1242
0 1241
0 1240
0 1239
0 1238
0 1237
0 1236
0 1235
0 1234
0 1233
0 1232
0 1231
0 1230
0 1229
0 1228
0 1227
0 1226
0 1225
0 1224
0 1223
0 1222
0 1221
0 1220
0 1219
0 1218
0 1217
0 1216
0 1215
0 1214
0 1213
0 1212
0 1211
0 1210
0 1209
0 1208
0 1207
0 1206
0 1205
0 1204
0 1203
0 1202
0 1201
0 1200
0 1199
0 1198
0 1197
0 1196
0 1195
0 1194
0 1193
0 1192
0 1191
0 1190
0 1189
0 1188
0 1187
0 1186
0 1185
0 1184
0 1183
0 1182
0 1181
0 1180
0 1179
0 1178
0 1177
0 1176
0 1175
0 1174
0 1173
0 1172
0 1171
0 1170
0 1169
0 1168
0 1167
0 1166
0 1165
0 1164
0 1163
0 1162
0 1161
0 1160
0 1159
0 1158
0 1157
0 1156
0 1155
0 1154
0 1153
0 1152
0 1151
0 1150
0 1149
0 1148
0 1147
0 1146
0 1145
0 1144
0 1143
0 1142
0 1141
0 1140
0 1139
0 1138
0 1137
0 1136
0 1135
0 1134
0 1133
0 1132
0 1131
0 1130
0 1129
0 1128
0 1127
0 1126
0 1125
0 1124
0 1123
0 1122
0 1121
0 1120
0 1119
0 1118
0 1117
0 1116
0 1115
0 1114
0 1113
0 1112
0 1111
0 1110
0 1109
0 1108
0 1107
0 1106
0 1105
0 1104
0 1103
0 1102
0 1101
0 1100
0 1099
0 1098
0 1097
0 1096
0 1095
0 1094
0 1093
0 1092
0 1091
0 1090
0 1089
0 1088
0 1087
0 1086
0 1085
0 1084
0 1083
0 1082
0 1081
0 1080
0 1079
0 1078
0 1077
0 1076
0 1075
0 1074
0 1073
0 1072
0 1071
0 1070
0 1069
0 1068
0 1067
0 1066
0 1065
0 1064
0 1063
0 1062
0 1061
0 1060
0 1059
0 1058
0 1057
0 1056
0 1055
0 1054
0 1053
0 1052
0 1051
0 1050
0 1049
0 1048
0 1047
0 1046
0 1045
0 1044
0 1043
0 1042
0 1041
0 1040
0 1039
0 1038
0 1037
0 1036
0 1035
0 1034
0 1033
0 1032
0 1031
0 1030
0 1029
0 1028
0 1027
0 1026
0 1025
0 1024
0 1023
0 1022
0 1021
0 1020
0 1019
0 1018
0 1017
0 1016
0 1015
0 1014
0 1013
0 1012
0 1011
0 1010
0 1009
0 1008
0 1007
0 1006
0 1005
0 1004
0 1003
0 1002
0 1001
0 1000
0 999
0 998
0 997
0 996
0 995
0 994
0 993
0 992
0 991
0 990
0 989
0 988
0 987
0 986
0 985
0 984
0 983
0 982
0 981
0 980
0 979
0 978
0 977
0 976
0 975
0 974
0 973
0 972
0 971
0 970
0 969
0 968
0 967
0 966
0 965
0 964
0 963
0 962
0 961
0 960
0 959
0 958
0 957
0 956
0 955
0 954
0 953
0 952
0 951
0 950
0 949
0 948
0 947
0 946
0 945
0 944
0 943
0 942
0 941
0 940
0 939
0 938
0 937
0 936
0 935
0 934
0 933
0 932
0 931
0 930
0 929
0 928
0 927
0 926
0 925
0 924
0 923
0 922
0 921
0 920
0 919
0 918
0 917
0 916
0 915
0 914
0 913
0 912
0 911
0 910
0 909
0 908
0 907
0 906
0 905
0 904
0 903
0 902
0 901
0 900
0 899
0 898
0 897
0 896
0 895
0 894
0 893
0 892
0 891
0 890
0 889
0 888
0 887
0 886
0 885
0 884
0 883
0 882
0 881
0 880
0 879
0 878
0 877
0 876
0 875
0 874
0 873
0 872
0 871
0 870
0 869
0 868
0 867
0 866
0 865
0 864
0 863
0 862
0 861
0 860
0 859
0 858
0 857
0 856
0 855
0 854
0 853
0 852
0 851
0 850
0 849
0 848
0 847
0 846
0 845
0 844
0 843
0 842
0 841
0 840
0 839
0 838
0 837
0 836
0 835
0 834
0 833
0 832
0 831
0 830
0 829
0 828
0 827
0 826
0 825
0 824
0 823
0 822
0 821
0 820
0 819
0 818
0 817
0 816
0 815
0 814
0 813
0 812
0 811
0 810
0 809
0 808
0 807
0 806
0 805
0 804
0 803
0 802
0 801
0 800
0 799
0 798
0 797
0 796
0 795
0 794
0 793
0 792
0 791
0 790
0 789
0 788
0 787
0 786
0 785
0 784
0 783
0 782
0 781
0 780
0 779
0 778
0 777
0 776
0 775
0 774
0 773
0 772
0 771
0 770
0 769
0 768
0 767
0 766
0 765
0 764
0 763
0 762
0 761
0 760
0 759
0 758
0 757
0 756
0 755
0 754
0 753
0 752
0 751
0 750
0 749
0 748
0 747
0 746
0 745
0 744
0 743
0 742
0 741
0 740
0 739
0 738
0 737
0 736
0 735
0 734
0 733
0 732
0 731
0 730
0 729
0 728
0 727
0 726
0 725
0 724
0 723
0 722
0 721
0 720
0 719
0 718
0 717
0 716
0 715
0 714
0 713
0 712
0 711
0 710
0 709
0 708
0 707
0 706
0 705
0 704
0 703
0 702
0 701
0 700
0 699
0 698
0 697
0 696
0 695
0 694
0 693
0 692
0 691
0 690
0 689
0 688
0 687
0 686
0 685
0 684
0 683
0 682
0 681
0 680
0 679
0 678
0 677
0 676
0 675
0 674
0 673
0 672
0 671
0 670
0 669
0 668
0 667
0 666
0 665
0 664
0 663
0 662
0 661
0 660
0 659
0 658
0 657
0 656
0 655
0 654
0 653
0 652
0 651
0 650
0 649
0 648
0 647
0 646
0 645
0 644
0 643
0 642
0 641
0 640
0 639
0 638
0 637
0 636
0 635
0 634
0 633
0 632
0 631
0 630
0 629
0 628
0 627
0 626
0 625
0 624
0 623
0 622
0 621
0 620
0 619
0 618
0 617
0 616
0 615
0 614
0 613
0 612
0 611
0 610
0 609
0 608
0 607
0 606
0 605
0 604
0 603
0 602
0 601
0 600
0 599
0 598
0 597
0 596
0 595
0 594
0 593
0 592
0 591
0 590
0 589
0 588
0 587
0 586
0 585
0 584
0 583
0 582
0 581
0 580
0 579
0 578
0 577
0 576
0 575
0 574
0 573
0 572
0 571
0 570
0 569
0 568
0 567
0 566
0 565
0 564
0 563
0 562
0 561
0 560
0 559
0 558
0 557
0 556
0 555
0 554
0 553
0 552
0 551
0 550
0 549
0 548
0 547
0 546
0 545
0 544
0 543
0 542
0 541
0 540
0 539
0 538
0 537
0 536
0 535
0 534
0 533
0 532
0 531
0 530
0 529
0 528
0 527
0 526
0 525
0 524
0 523
0 522
0 521
0 520
0 519
0 518
0 517
0 516
0 515
0 514
0 513
0 512
0 511
0 510
0 509
0 508
0 507
0 506
0 505
0 504
0 503
0 502
0 501
0 500
0 499
0 498
0 497
0 496
0 495
0 494
0 493
0 492
0 491
0 490
0 489
0 488
0 487
0 486
0 485
0 484
0 483
0 482
0 481
0 480
0 479
0 478
0 477
0 476
0 475
0 474
0 473
0 472
0 471
0 470
0 469
0 468
0 467
0 466
0 465
0 464
0 463
0 462
0 461
0 460
0 459
0 458
0 457
0 456
0 455
0 454
0 453
0 452
0 451
0 450
0 449
0 448
0 447
0 446
0 445
0 444
0 443
0 442
0 441
0 440
0 439
0 438
0 437
0 436
0 435
0 434
0 433
0 432
0 431
0 430
0 429
0 428
0 427
0 426
0 425
0 424
0 423
0 422
0 421
0 420
0 419
0 418
0 417
0 416
0 415
0 414
0 413
0 412
0 411
0 410
0 409
0 408
0 407
0 406
0 405
0 404
0 403
0 402
0 401
0 400
0 399
0 398
0 397
0 396
0 395
0 394
0 393
0 392
0 391
0 390
0 389
0 388
0 387
0 386
0 385
0 384
0 383
0 382
0 381
0 380
0 379
0 378
0 377
0 376
0 375
0 374
0 373
0 372
0 371
0 370
0 369
0 368
0 367
0 366
0 365
0 364
0 363
0 362
0 361
0 360
0 359
0 358
0 357
0 356
0 355
0 354
0 353
0 352
0 351
0 350
0 349
0 348
0 347
0 346
0 345
0 344
0 343
0 342
0 341
0 340
0 339
0 338
0 337
0 336
0 335
0 334
0 333
0 332
0 331
0 330
0 329
0 328
0 327
0 326
0 325
0 324
0 323
0 322
0 321
0 320
0 319
0 318
0 317
0 316
0 315
0 314
0 313
0 312
0 311
0 310
0 309
0 308
0 307
0 306
0 305
0 304
0 303
0 302
0 301
0 300
0 299
0 298
0 297
0 296
0 295
0 294
0 293
0 292
0 291
0 290
0 289
0 288
0 287
0 286
0 285
0 284
0 283
0 282
0 281
0 280
0 279
0 278
0 277
0 276
0 275
0 274
0 273
0 272
0 271
0 270
0 269
0 268
0 267
0 266
0 265
0 264
0 263
0 262
0 261
0 260
0 259
0 258
0 257
0 256
0 255
0 254
0 253
0 252
0 251
0 250
0 249
0 248
0 247
0 246
0 245
0 244
0 243
0 242
0 241
0 240
0 239
0 238
0 237
0 236
0 235
0 234
0 233
0 232
0 231
0 230
0 229
0 228
0 227
0 226
0 225
0 224
0 223
0 222
0 221
0 220
0 219
0 218
0 217
0 216
0 215
0 214
0 213
0 212
0 211
0 210
0 209
0 208
0 207
0 206
0 205
0 204
0 203
0 202
0 201
0 200
0 199
0 198
0 197
0 196
0 195
0 194
0 193
0 192
0 191
0 190
0 189
0 188
0 187
0 186
0 185
0 184
0 183
0 182
0 181
0 180
0 179
0 178
0 177
0 176
0 175
0 174
0 173
0 172
0 171
0 170
0 169
0 168
0 167
0 166
0 165
0 164
0 163
0 162
0 161
0 160
0 159
0 158
0 157
0 156
0 155
0 154
0 153
0 152
0 151
0 150
0 149
0 148
0 147
0 146
0 145
0 144
0 143
0 142
0 141
0 140
0 139
0 138
0 137
0 136
0 135
0 134
0 133
0 132
0 131
0 130
0 129
0 128
0 127
0 126
0 125
0 124
0 123
0 122
0 121
0 120
0 119
0 118
0 117
0 116
0 115
0 114
0 113
0 112
0 111
0 110
0 109
0 108
0 107
0 106
0 105
0 104
0 103
0 102
0 101
0 100
0 99
0 98
0 97
0 96
0 95
0 94
0 93
0 92
0 91
0 90
0 89
0 88
0 87
0 86
0 85
0 84
0 83
0 82
0 81
0 80
0 79
0 78
0 77
0 76
0 75
0 74
0 73
0 72
0 71
0 70
0 69
0 68
0 67
0 66
0 65
0 64
0 63
0 62
0 61
0 60
0 59
0 58
0 57
0 56
0 55
0 54
0 53
0 52
0 51
0 50
0 49
0 48
0 47
0 46
0 45
0 44
0 43
0 42
0 41
0 40
0 39
0 38
0 37
0 36
0 35
0 34
0 33
0 32
0 31
0 30
0 29
0 28
0 27
0 26
0 25
0 24
0 23
0 22
0 21
0 20
0 19
0 18
0 17
0 16
0 15
0 14
0 13
0 12
0 11
0 10
0 9
0 8
0 7
0 6
0 5
0 4
0 3
0 2
0 1
