1550 0
1549 1
1548 2
1547 3
1546 4
1545 5
1544 6
1543 7
1542 8
1541 9
1540 10
1539 11
1538 12
1537 13
1536 14
1535 15
1534 16
1533 17
1532 18
1531 19
1530 20
1529 21
1528 22
1527 23
1526 24
1525 25
1524 26
1523 27
1522 28
1521 29
1520 30
1519 31
1518 32
1517 33
1516 34
1515 35
1514 36
1513 37
1512 38
1511 39
1510 40
1509 41
1508 42
1507 43
1506 44
1505 45
1504 46
1503 47
1502 48
1501 49
1500 50
1499 51
1498 52
1497 53
1496 54
1495 55
1494 56
1493 57
1492 58
1491 59
1490 60
1489 61
1488 62
1487 63
1486 64
1485 65
1484 66
1483 67
1482 68
1481 69
1480 70
1479 71
1478 72
1477 73
1476 74
1475 75
1474 76
1473 77
1472 78
1471 79
1470 80
1469 81
1468 82
1467 83
1466 84
1465 85
1464 86
1463 87
1462 88
1461 89
1460 90
1459 91
1458 92
1457 93
1456 94
1455 95
1454 96
1453 97
1452 98
1451 99
1450 100
1449 101
1448 102
1447 103
1446 104
1445 105
1444 106
1443 107
1442 108
1441 109
1440 110
1439 111
1438 112
1437 113
1436 114
1435 115
1434 116
1433 117
1432 118
1431 119
1430 120
1429 121
1428 122
1427 123
1426 124
1425 125
1424 126
1423 127
1422 128
1421 129
1420 130
1419 131
1418 132
1417 133
1416 134
1415 135
1414 136
1413 137
1412 138
1411 139
1410 140
1409 141
1408 142
1407 143
1406 144
1405 145
1404 146
1403 147
1402 148
1401 149
1400 150
1399 151
1398 152
1397 153
1396 154
1395 155
1394 156
1393 157
1392 158
1391 159
1390 160
1389 161
1388 162
1387 163
1386 164
1385 165
1384 166
1383 167
1382 168
1381 169
1380 170
1379 171
1378 172
1377 173
1376 174
1375 175
1374 176
1373 177
1372 178
1371 179
1370 180
1369 181
1368 182
1367 183
1366 184
1365 185
1364 186
1363 187
1362 188
1361 189
1360 190
1359 191
1358 192
1357 193
1356 194
1355 195
1354 196
1353 197
1352 198
1351 199
1350 200
1349 201
1348 202
1347 203
1346 204
1345 205
1344 206
1343 207
1342 208
1341 209
1340 210
1339 211
1338 212
1337 213
1336 214
1335 215
1334 216
1333 217
1332 218
1331 219
1330 220
1329 221
1328 222
1327 223
1326 224
1325 225
1324 226
1323 227
1322 228
1321 229
1320 230
1319 231
1318 232
1317 233
1316 234
1315 235
1314 236
1313 237
1312 238
1311 239
1310 240
1309 241
1308 242
1307 243
1306 244
1305 245
1304 246
1303 247
1302 248
1301 249
1300 250
1299 251
1298 252
1297 253
1296 254
1295 255
1294 256
1293 257
1292 258
1291 259
1290 260
1289 261
1288 262
1287 263
1286 264
1285 265
1284 266
1283 267
1282 268
1281 269
1280 270
1279 271
1278 272
1277 273
1276 274
1275 275
1274 276
1273 277
1272 278
1271 279
1270 280
1269 281
1268 282
1267 283
1266 284
1265 285
1264 286
1263 287
1262 288
1261 289
1260 290
1259 291
1258 292
1257 293
1256 294
1255 295
1254 296
1253 297
1252 298
1251 299
1250 300
1249 301
1248 302
1247 303
1246 304
1245 305
1244 306
1243 307
1242 308
1241 309
1240 310
1239 311
1238 312
1237 313
1236 314
1235 315
1234 316
1233 317
1232 318
1231 319
1230 320
1229 321
1228 322
1227 323
1226 324
1225 325
1224 326
1223 327
1222 328
1221 329
1220 330
1219 331
1218 332
1217 333
1216 334
1215 335
1214 336
1213 337
1212 338
1211 339
1210 340
1209 341
1208 342
1207 343
1206 344
1205 345
1204 346
1203 347
1202 348
1201 349
1200 350
1199 351
1198 352
1197 353
1196 354
1195 355
1194 356
1193 357
1192 358
1191 359
1190 360
1189 361
1188 362
1187 363
1186 364
1185 365
1184 366
1183 367
1182 368
1181 369
1180 370
1179 371
1178 372
1177 373
1176 374
1175 375
1174 376
1173 377
1172 378
1171 379
1170 380
1169 381
1168 382
1167 383
1166 384
1165 385
1164 386
1163 387
1162 388
1161 389
1160 390
1159 391
1158 392
1157 393
1156 394
1155 395
1154 396
1153 397
1152 398
1151 399
1150 400
1149 401
1148 402
1147 403
1146 404
1145 405
1144 406
1143 407
1142 408
1141 409
1140 410
1139 411
1138 412
1137 413
1136 414
1135 415
1134 416
1133 417
1132 418
1131 419
1130 420
1129 421
1128 422
1127 423
1126 424
1125 425
1124 426
1123 427
1122 428
1121 429
1120 430
1119 431
1118 432
1117 433
1116 434
1115 435
1114 436
1113 437
1112 438
1111 439
1110 440
1109 441
1108 442
1107 443
1106 444
1105 445
1104 446
1103 447
1102 448
1101 449
1100 450
1099 451
1098 452
1097 453
1096 454
1095 455
1094 456
1093 457
1092 458
1091 459
1090 460
1089 461
1088 462
1087 463
1086 464
1085 465
1084 466
1083 467
1082 468
1081 469
1080 470
1079 471
1078 472
1077 473
1076 474
1075 475
1074 476
1073 477
1072 478
1071 479
1070 480
1069 481
1068 482
1067 483
1066 484
1065 485
1064 486
1063 487
1062 488
1061 489
1060 490
1059 491
1058 492
1057 493
1056 494
1055 495
1054 496
1053 497
1052 498
1051 499
1050 500
1049 501
1048 502
1047 503
1046 504
1045 505
1044 506
1043 507
1042 508
1041 509
1040 510
1039 511
1038 512
1037 513
1036 514
1035 515
1034 516
1033 517
1032 518
1031 519
1030 520
1029 521
1028 522
1027 523
1026 524
1025 525
1024 526
1023 527
1022 528
1021 529
1020 530
1019 531
1018 532
1017 533
1016 534
1015 535
1014 536
1013 537
1012 538
1011 539
1010 540
1009 541
1008 542
1007 543
1006 544
1005 545
1004 546
1003 547
1002 548
1001 549
1000 550
999 551
998 552
997 553
996 554
995 555
994 556
993 557
992 558
991 559
990 560
989 561
988 562
987 563
986 564
985 565
984 566
983 567
982 568
981 569
980 570
979 571
978 572
977 573
976 574
975 575
974 576
973 577
972 578
971 579
970 580
969 581
968 582
967 583
966 584
965 585
964 586
963 587
962 588
961 589
960 590
959 591
958 592
957 593
956 594
955 595
954 596
953 597
952 598
951 599
950 600
949 601
948 602
947 603
946 604
945 605
944 606
943 607
942 608
941 609
940 610
939 611
938 612
937 613
936 614
935 615
934 616
933 617
932 618
931 619
930 620
929 621
928 622
927 623
926 624
925 625
924 626
923 627
922 628
921 629
920 630
919 631
918 632
917 633
916 634
915 635
914 636
913 637
912 638
911 639
910 640
909 641
908 642
907 643
906 644
905 645
904 646
903 647
902 648
901 649
900 650
899 651
898 652
897 653
896 654
895 655
894 656
893 657
892 658
891 659
890 660
889 661
888 662
887 663
886 664
885 665
884 666
883 667
882 668
881 669
880 670
879 671
878 672
877 673
876 674
875 675
874 676
873 677
872 678
871 679
870 680
869 681
868 682
867 683
866 684
865 685
864 686
863 687
862 688
861 689
860 690
859 691
858 692
857 693
856 694
855 695
854 696
853 697
852 698
851 699
850 700
849 701
848 702
847 703
846 704
845 705
844 706
843 707
842 708
841 709
840 710
839 711
838 712
837 713
836 714
835 715
834 716
833 717
832 718
831 719
830 720
829 721
828 722
827 723
826 724
825 725
824 726
823 727
822 728
821 729
820 730
819 731
818 732
817 733
816 734
815 735
814 736
813 737
812 738
811 739
810 740
809 741
808 742
807 743
806 744
805 745
804 746
803 747
802 748
801 749
800 750
799 751
798 752
797 753
796 754
795 755
794 756
793 757
792 758
791 759
790 760
789 761
788 762
787 763
786 764
785 765
784 766
783 767
782 768
781 769
780 770
779 771
778 772
777 773
776 774
775 775
774 776
773 777
772 778
771 779
770 780
769 781
768 782
767 783
766 784
765 785
764 786
763 787
762 788
761 789
760 790
759 791
758 792
757 793
756 794
755 795
754 796
753 797
752 798
751 799
750 800
749 801
748 802
747 803
746 804
745 805
744 806
743 807
742 808
741 809
740 810
739 811
738 812
737 813
736 814
735 815
734 816
733 817
732 818
731 819
730 820
729 821
728 822
727 823
726 824
725 825
724 826
723 827
722 828
721 829
720 830
719 831
718 832
717 833
716 834
715 835
714 836
713 837
712 838
711 839
710 840
709 841
708 842
707 843
706 844
705 845
704 846
703 847
702 848
701 849
700 850
699 851
698 852
697 853
696 854
695 855
694 856
693 857
692 858
691 859
690 860
689 861
688 862
687 863
686 864
685 865
684 866
683 867
682 868
681 869
680 870
679 871
678 872
677 873
676 874
675 875
674 876
673 877
672 878
671 879
670 880
669 881
668 882
667 883
666 884
665 885
664 886
663 887
662 888
661 889
660 890
659 891
658 892
657 893
656 894
655 895
654 896
653 897
652 898
651 899
650 900
649 901
648 902
647 903
646 904
645 905
644 906
643 907
642 908
641 909
640 910
639 911
638 912
637 913
636 914
635 915
634 916
633 917
632 918
631 919
630 920
629 921
628 922
627 923
626 924
625 925
624 926
623 927
622 928
621 929
620 930
619 931
618 932
617 933
616 934
615 935
614 936
613 937
612 938
611 939
610 940
609 941
608 942
607 943
606 944
605 945
604 946
603 947
602 948
601 949
600 950
599 951
598 952
597 953
596 954
595 955
594 956
593 957
592 958
591 959
590 960
589 961
588 962
587 963
586 964
585 965
584 966
583 967
582 968
581 969
580 970
579 971
578 972
577 973
576 974
575 975
574 976
573 977
572 978
571 979
570 980
569 981
568 982
567 983
566 984
565 985
564 986
563 987
562 988
561 989
560 990
559 991
558 992
557 993
556 994
555 995
554 996
553 997
552 998
551 999
550 1000
549 1001
548 1002
547 1003
546 1004
545 1005
544 1006
543 1007
542 1008
541 1009
540 1010
539 1011
538 1012
537 1013
536 1014
535 1015
534 1016
533 1017
532 1018
531 1019
530 1020
529 1021
528 1022
527 1023
526 1024
525 1025
524 1026
523 1027
522 1028
521 1029
520 1030
519 1031
518 1032
517 1033
516 1034
515 1035
514 1036
513 1037
512 1038
511 1039
510 1040
509 1041
508 1042
507 1043
506 1044
505 1045
504 1046
503 1047
502 1048
501 1049
500 1050
499 1051
498 1052
497 1053
496 1054
495 1055
494 1056
493 1057
492 1058
491 1059
490 1060
489 1061
488 1062
487 1063
486 1064
485 1065
484 1066
483 1067
482 1068
481 1069
480 1070
479 1071
478 1072
477 1073
476 1074
475 1075
474 1076
473 1077
472 1078
471 1079
470 1080
469 1081
468 1082
467 1083
466 1084
465 1085
464 1086
463 1087
462 1088
461 1089
460 1090
459 1091
458 1092
457 1093
456 1094
455 1095
454 1096
453 1097
452 1098
451 1099
450 1100
449 1101
448 1102
447 1103
446 1104
445 1105
444 1106
443 1107
442 1108
441 1109
440 1110
439 1111
438 1112
437 1113
436 1114
435 1115
434 1116
433 1117
432 1118
431 1119
430 1120
429 1121
428 1122
427 1123
426 1124
425 1125
424 1126
423 1127
422 1128
421 1129
420 1130
419 1131
418 1132
417 1133
416 1134
415 1135
414 1136
413 1137
412 1138
411 1139
410 1140
409 1141
408 1142
407 1143
406 1144
405 1145
404 1146
403 1147
402 1148
401 1149
400 1150
399 1151
398 1152
397 1153
396 1154
395 1155
394 1156
393 1157
392 1158
391 1159
390 1160
389 1161
388 1162
387 1163
386 1164
385 1165
384 1166
383 1167
382 1168
381 1169
380 1170
379 1171
378 1172
377 1173
376 1174
375 1175
374 1176
373 1177
372 1178
371 1179
370 1180
369 1181
368 1182
367 1183
366 1184
365 1185
364 1186
363 1187
362 1188
361 1189
360 1190
359 1191
358 1192
357 1193
356 1194
355 1195
354 1196
353 1197
352 1198
351 1199
350 1200
349 1201
348 1202
347 1203
346 1204
345 1205
344 1206
343 1207
342 1208
341 1209
340 1210
339 1211
338 1212
337 1213
336 1214
335 1215
334 1216
333 1217
332 1218
331 1219
330 1220
329 1221
328 1222
327 1223
326 1224
325 1225
324 1226
323 1227
322 1228
321 1229
320 1230
319 1231
318 1232
317 1233
316 1234
315 1235
314 1236
313 1237
312 1238
311 1239
310 1240
309 1241
308 1242
307 1243
306 1244
305 1245
304 1246
303 1247
302 1248
301 1249
300 1250
299 1251
298 1252
297 1253
296 1254
295 1255
294 1256
293 1257
292 1258
291 1259
290 1260
289 1261
288 1262
287 1263
286 1264
285 1265
284 1266
283 1267
282 1268
281 1269
280 1270
279 1271
278 1272
277 1273
276 1274
275 1275
274 1276
273 1277
272 1278
271 1279
270 1280
269 1281
268 1282
267 1283
266 1284
265 1285
264 1286
263 1287
262 1288
261 1289
260 1290
259 1291
258 1292
257 1293
256 1294
255 1295
254 1296
253 1297
252 1298
251 1299
250 1300
249 1301
248 1302
247 1303
246 1304
245 1305
244 1306
243 1307
242 1308
241 1309
240 1310
239 1311
238 1312
237 1313
236 1314
235 1315
234 1316
233 1317
232 1318
231 1319
230 1320
229 1321
228 1322
227 1323
226 1324
225 1325
224 1326
223 1327
222 1328
221 1329
220 1330
219 1331
218 1332
217 1333
216 1334
215 1335
214 1336
213 1337
212 1338
211 1339
210 1340
209 1341
208 1342
207 1343
206 1344
205 1345
204 1346
203 1347
202 1348
201 1349
200 1350
199 1351
198 1352
197 1353
196 1354
195 1355
194 1356
193 1357
192 1358
191 1359
190 1360
189 1361
188 1362
187 1363
186 1364
185 1365
184 1366
183 1367
182 1368
181 1369
180 1370
179 1371
178 1372
177 1373
176 1374
175 1375
174 1376
173 1377
172 1378
171 1379
170 1380
169 1381
168 1382
167 1383
166 1384
165 1385
164 1386
163 1387
162 1388
161 1389
160 1390
159 1391
158 1392
157 1393
156 1394
155 1395
154 1396
153 1397
152 1398
151 1399
150 1400
149 1401
148 1402
147 1403
146 1404
145 1405
144 1406
143 1407
142 1408
141 1409
140 1410
139 1411
138 1412
137 1413
136 1414
135 1415
134 1416
133 1417
132 1418
131 1419
130 1420
129 1421
128 1422
127 1423
126 1424
125 1425
124 1426
123 1427
122 1428
121 1429
120 1430
119 1431
118 1432
117 1433
116 1434
115 1435
114 1436
113 1437
112 1438
111 1439
110 1440
109 1441
108 1442
107 1443
106 1444
105 1445
104 1446
103 1447
102 1448
101 1449
100 1450
99 1451
98 1452
97 1453
96 1454
95 1455
94 1456
93 1457
92 1458
91 1459
90 1460
89 1461
88 1462
87 1463
86 1464
85 1465
84 1466
83 1467
82 1468
81 1469
80 1470
79 1471
78 1472
77 1473
76 1474
75 1475
74 1476
73 1477
72 1478
71 1479
70 1480
69 1481
68 1482
67 1483
66 1484
65 1485
64 1486
63 1487
62 1488
61 1489
60 1490
59 1491
58 1492
57 1493
56 1494
55 1495
54 1496
53 1497
52 1498
51 1499
50 1500
49 1501
48 1502
47 1503
46 1504
45 1505
44 1506
43 1507
42 1508
41 1509
40 1510
39 1511
38 1512
37 1513
36 1514
35 1515
34 1516
33 1517
32 1518
31 1519
30 1520
29 1521
28 1522
27 1523
26 1524
25 1525
24 1526
23 1527
22 1528
21 1529
20 1530
19 1531
18 1532
17 1533
16 1534
15 1535
14 1536
13 1537
12 1538
11 1539
10 1540
9 1541
8 1542
7 1543
6 1544
5 1545
4 1546
3 1547
2 1548
1 1549
0 1550
0 1549
0 1548
0 1547
0 1546
0 1545
0 1544
0 1543
0 1542
0 1541
0 1540
0 1539
0 1538
0 1537
0 1536
0 1535
0 1534
0 1533
0 1532
0 1531
0 1530
0 1529
0 1528
0 1527
0 1526
0 1525
0 1524
0 1523
0 1522
0 1521
0 1520
0 1519
0 1518
0 1517
0 1516
0 1515
0 1514
0 1513
0 1512
0 1511
0 1510
0 1509
0 1508
0 1507
0 1506
0 1505
0 1504
0 1503
0 1502
0 1501
0 1500
0 1499
0 1498
0 1497
0 1496
0 1495
0 1494
0 1493
0 1492
0 1491
0 1490
0 1489
0 1488
0 1487
0 1486
0 1485
0 1484
0 1483
0 1482
0 1481
0 1480
0 1479
0 1478
0 1477
0 1476
0 1475
0 1474
0 1473
0 1472
0 1471
0 1470
0 1469
0 1468
0 1467
0 1466
0 1465
0 1464
0 1463
0 1462
0 1461
0 1460
0 1459
0 1458
0 1457
0 1456
0 1455
0 1454
0 1453
0 1452
0 1451
0 1450
0 1449
0 1448
0 1447
0 1446
0 1445
0 1444
0 1443
0 1442
0 1441
0 1440
0 1439
0 1438
0 1437
0 1436
0 1435
0 1434
0 1433
0 1432
0 1431
0 1430
0 1429
0 1428
0 1427
0 1426
0 1425
0 1424
0 1423
0 1422
0 1421
0 1420
0 1419
0 1418
0 1417
0 1416
0 1415
0 1414
0 1413
0 1412
0 1411
0 1410
0 1409
0 1408
0 1407
0 1406
0 1405
0 1404
0 1403
0 1402
0 1401
0 1400
0 1399
0 1398
0 1397
0 1396
0 1395
0 1394
0 1393
0 1392
0 1391
0 1390
0 1389
0 1388
0 1387
0 1386
0 1385
0 1384
0 1383
0 1382
0 1381
0 1380
0 1379
0 1378
0 1377
0 1376
0 1375
0 1374
0 1373
0 1372
0 1371
0 1370
0 1369
0 1368
0 1367
0 1366
0 1365
0 1364
0 1363
0 1362
0 1361
0 1360
0 1359
0 1358
0 1357
0 1356
0 1355
0 1354
0 1353
0 1352
0 1351
0 1350
0 1349
0 1348
0 1347
0 1346
0 1345
0 1344
0 1343
0 1342
0 1341
0 1340
0 1339
0 1338
0 1337
0 1336
0 1335
0 1334
0 1333
0 1332
0 1331
0 1330
0 1329
0 1328
0 1327
0 1326
0 1325
0 1324
0 1323
0 1322
0 1321
0 1320
0 1319
0 1318
0 1317
0 1316
0 1315
0 1314
0 1313
0 1312
0 1311
0 1310
0 1309
0 1308
0 1307
0 1306
0 1305
0 1304
0 1303
0 1302
0 1301
0 1300
0 1299
0 1298
0 1297
0 1296
0 1295
0 1294
0 1293
0 1292
0 1291
0 1290
0 1289
0 1288
0 1287
0 1286
0 1285
0 1284
0 1283
0 1282
0 1281
0 1280
0 1279
0 1278
0 1277
0 1276
0 1275
0 1274
0 1273
0 1272
0 1271
0 1270
0 1269
0 1268
0 1267
0 1266
0 1265
0 1264
0 1263
0 1262
0 1261
0 1260
0 1259
0 1258
0 1257
0 1256
0 1255
0 1254
0 1253
0 1252
0 1251
0 1250
0 1249
0 1248
0 1247
0 1246
0 1245
0 1244
0 1243
0 1242
0 1241
0 1240
0 1239
0 1238
0 1237
0 1236
0 1235
0 1234
0 1233
0 1232
0 1231
0 1230
0 1229
0 1228
0 1227
0 1226
0 1225
0 1224
0 1223
0 1222
0 1221
0 1220
0 1219
0 1218
0 1217
0 1216
0 1215
0 1214
0 1213
0 1212
0 1211
0 1210
0 1209
0 1208
0 1207
0 1206
0 1205
0 1204
0 1203
0 1202
0 1201
0 1200
0 1199
0 1198
0 1197
0 1196
0 1195
0 1194
0 1193
0 1192
0 1191
0 1190
0 1189
0 1188
0 1187
0 1186
0 1185
0 1184
0 1183
0 1182
0 1181
0 1180
0 1179
0 1178
0 1177
0 1176
0 1175
0 1174
0 1173
0 1172
0 1171
0 1170
0 1169
0 1168
0 1167
0 1166
0 1165
0 1164
0 1163
0 1162
0 1161
0 1160
0 1159
0 1158
0 1157
0 1156
0 1155
0 1154
0 1153
0 1152
0 1151
0 1150
0 1149
0 1148
0 1147
0 1146
0 1145
0 1144
0 1143
0 1142
0 1141
0 1140
0 1139
0 1138
0 1137
0 1136
0 1135
0 1134
0 1133
0 1132
0 1131
0 1130
0 1129
0 1128
0 1127
0 1126
0 1125
0 1124
0 1123
0 1122
0 1121
0 1120
0 1119
0 1118
0 1117
0 1116
0 1115
0 1114
0 1113
0 1112
0 1111
0 1110
0 1109
0 1108
0 1107
0 1106
0 1105
0 1104
0 1103
0 1102
0 1101
0 1100
0 1099
0 1098
0 1097
0 1096
0 1095
0 1094
0 1093
0 1092
0 1091
0 1090
0 1089
0 1088
0 1087
0 1086
0 1085
0 1084
0 1083
0 1082
0 1081
0 1080
0 1079
0 1078
0 1077
0 1076
0 1075
0 1074
0 1073
0 1072
0 1071
0 1070
0 1069
0 1068
0 1067
0 1066
0 1065
0 1064
0 1063
0 1062
0 1061
0 1060
0 1059
0 1058
0 1057
0 1056
0 1055
0 1054
0 1053
0 1052
0 1051
0 1050
0 1049
0 1048
0 1047
0 1046
0 1045
0 1044
0 1043
0 1042
0 1041
0 1040
0 1039
0 1038
0 1037
0 1036
0 1035
0 1034
0 1033
0 1032
0 1031
0 1030
0 1029
0 1028
0 1027
0 1026
0 1025
0 1024
0 1023
0 1022
0 1021
0 1020
0 1019
0 1018
0 1017
0 1016
0 1015
0 1014
0 1013
0 1012
0 1011
0 1010
0 1009
0 1008
0 1007
0 1006
0 1005
0 1004
0 1003
0 1002
0 1001
0 1000
0 999
0 998
0 997
0 996
0 995
0 994
0 993
0 992
0 991
0 990
0 989
0 988
0 987
0 986
0 985
0 984
0 983
0 982
0 981
0 980
0 979
0 978
0 977
0 976
0 975
0 974
0 973
0 972
0 971
0 970
0 969
0 968
0 967
0 966
0 965
0 964
0 963
0 962
0 961
0 960
0 959
0 958
0 957
0 956
0 955
0 954
0 953
0 952
0 951
0 950
0 949
0 948
0 947
0 946
0 945
0 944
0 943
0 942
0 941
0 940
0 939
0 938
0 937
0 936
0 935
0 934
0 933
0 932
0 931
0 930
0 929
0 928
0 927
0 926
0 925
0 924
0 923
0 922
0 921
0 920
0 919
0 918
0 917
0 916
0 915
0 914
0 913
0 912
0 911
0 910
0 909
0 908
0 907
0 906
0 905
0 904
0 903
0 902
0 901
0 900
0 899
0 898
0 897
0 896
0 895
0 894
0 893
0 892
0 891
0 890
0 889
0 888
0 887
0 886
0 885
0 884
0 883
0 882
0 881
0 880
0 879
0 878
0 877
0 876
0 875
0 874
0 873
0 872
0 871
0 870
0 869
0 868
0 867
0 866
0 865
0 864
0 863
0 862
0 861
0 860
0 859
0 858
0 857
0 856
0 855
0 854
0 853
0 852
0 851
0 850
0 849
0 848
0 847
0 846
0 845
0 844
0 843
0 842
0 841
0 840
0 839
0 838
0 837
0 836
0 835
0 834
0 833
0 832
0 831
0 830
0 829
0 828
0 827
0 826
0 825
0 824
0 823
0 822
0 821
0 820
0 819
0 818
0 817
0 816
0 815
0 814
0 813
0 812
0 811
0 810
0 809
0 808
0 807
0 806
0 805
0 804
0 803
0 802
0 801
0 800
0 799
0 798
0 797
0 796
0 795
0 794
0 793
0 792
0 791
0 790
0 789
0 788
0 787
0 786
0 785
0 784
0 783
0 782
0 781
0 780
0 779
0 778
0 777
0 776
0 775
0 774
0 773
0 772
0 771
0 770
0 769
0 768
0 767
0 766
0 765
0 764
0 763
0 762
0 761
0 760
0 759
0 758
0 757
0 756
0 755
0 754
0 753
0 752
0 751
0 750
0 749
0 748
0 747
0 746
0 745
0 744
0 743
0 742
0 741
0 740
0 739
0 738
0 737
0 736
0 735
0 734
0 733
0 732
0 731
0 730
0 729
0 728
0 727
0 726
0 725
0 724
0 723
0 722
0 721
0 720
0 719
0 718
0 717
0 716
0 715
0 714
0 713
0 712
0 711
0 710
0 709
0 708
0 707
0 706
0 705
0 704
0 703
0 702
0 701
0 700
0 699
0 698
0 697
0 696
0 695
0 694
0 693
0 692
0 691
0 690
0 689
0 688
0 687
0 686
0 685
0 684
0 683
0 682
0 681
0 680
0 679
0 678
0 677
0 676
0 675
0 674
0 673
0 672
0 671
0 670
0 669
0 668
0 667
0 666
0 665
0 664
0 663
0 662
0 661
0 660
0 659
0 658
0 657
0 656
0 655
0 654
0 653
0 652
0 651
0 650
0 649
0 648
0 647
0 646
0 645
0 644
0 643
0 642
0 641
0 640
0 639
0 638
0 637
0 636
0 635
0 634
0 633
0 632
0 631
0 630
0 629
0 628
0 627
0 626
0 625
0 624
0 623
0 622
0 621
0 620
0 619
0 618
0 617
0 616
0 615
0 614
0 613
0 612
0 611
0 610
0 609
0 608
0 607
0 606
0 605
0 604
0 603
0 602
0 601
0 600
0 599
0 598
0 597
0 596
0 595
0 594
0 593
0 592
0 591
0 590
0 589
0 588
0 587
0 586
0 585
0 584
0 583
0 582
0 581
0 580
0 579
0 578
0 577
0 576
0 575
0 574
0 573
0 572
0 571
0 570
0 569
0 568
0 567
0 566
0 565
0 564
0 563
0 562
0 561
0 560
0 559
0 558
0 557
0 556
0 555
0 554
0 553
0 552
0 551
0 550
0 549
0 548
0 547
0 546
0 545
0 544
0 543
0 542
0 541
0 540
0 539
0 538
0 537
0 536
0 535
0 534
0 533
0 532
0 531
0 530
0 529
0 528
0 527
0 526
0 525
0 524
0 523
0 522
0 521
0 520
0 519
0 518
0 517
0 516
0 515
0 514
0 513
0 512
0 511
0 510
0 509
0 508
0 507
0 506
0 505
0 504
0 503
0 502
0 501
0 500
0 499
0 498
0 497
0 496
0 495
0 494
0 493
0 492
0 491
0 490
0 489
0 488
0 487
0 486
0 485
0 484
0 483
0 482
0 481
0 480
0 479
0 478
0 477
0 476
0 475
0 474
0 473
0 472
0 471
0 470
0 469
0 468
0 467
0 466
0 465
0 464
0 463
0 462
0 461
0 460
0 459
0 458
0 457
0 456
0 455
0 454
0 453
0 452
0 451
0 450
0 449
0 448
0 447
0 446
0 445
0 444
0 443
0 442
0 441
0 440
0 439
0 438
0 437
0 436
0 435
0 434
0 433
0 432
0 431
0 430
0 429
0 428
0 427
0 426
0 425
0 424
0 423
0 422
0 421
0 420
0 419
0 418
0 417
0 416
0 415
0 414
0 413
0 412
0 411
0 410
0 409
0 408
0 407
0 406
0 405
0 404
0 403
0 402
0 401
0 400
0 399
0 398
0 397
0 396
0 395
0 394
0 393
0 392
0 391
0 390
0 389
0 388
0 387
0 386
0 385
0 384
0 383
0 382
0 381
0 380
0 379
0 378
0 377
0 376
0 375
0 374
0 373
0 372
0 371
0 370
0 369
0 368
0 367
0 366
0 365
0 364
0 363
0 362
0 361
0 360
0 359
0 358
0 357
0 356
0 355
0 354
0 353
0 352
0 351
0 350
0 349
0 348
0 347
0 346
0 345
0 344
0 343
0 342
0 341
0 340
0 339
0 338
0 337
0 336
0 335
0 334
0 333
0 332
0 331
0 330
0 329
0 328
0 327
0 326
0 325
0 324
0 323
0 322
0 321
0 320
0 319
0 318
0 317
0 316
0 315
0 314
0 313
0 312
0 311
0 310
0 309
0 308
0 307
0 306
0 305
0 304
0 303
0 302
0 301
0 300
0 299
0 298
0 297
0 296
0 295
0 294
0 293
0 292
0 291
0 290
0 289
0 288
0 287
0 286
0 285
0 284
0 283
0 282
0 281
0 280
0 279
0 278
0 277
0 276
0 275
0 274
0 273
0 272
0 271
0 270
0 269
0 268
0 267
0 266
0 265
0 264
0 263
0 262
0 261
0 260
0 259
0 258
0 257
0 256
0 255
0 254
0 253
0 252
0 251
0 250
0 249
0 248
0 247
0 246
0 245
0 244
0 243
0 242
0 241
0 240
0 239
0 238
0 237
0 236
0 235
0 234
0 233
0 232
0 231
0 230
0 229
0 228
0 227
0 226
0 225
0 224
0 223
0 222
0 221
0 220
0 219
0 218
0 217
0 216
0 215
0 214
0 213
0 212
0 211
0 210
0 209
0 208
0 207
0 206
0 205
0 204
0 203
0 202
0 201
0 200
0 199
0 198
0 197
0 196
0 195
0 194
0 193
0 192
0 191
0 190
0 189
0 188
0 187
0 186
0 185
0 184
0 183
0 182
0 181
0 180
0 179
0 178
0 177
0 176
0 175
0 174
0 173
0 172
0 171
0 170
0 169
0 168
0 167
0 166
0 165
0 164
0 163
0 162
0 161
0 160
0 159
0 158
0 157
0 156
0 155
0 154
0 153
0 152
0 151
0 150
0 149
0 148
0 147
0 146
0 145
0 144
0 143
0 142
0 141
0 140
0 139
0 138
0 137
0 136
0 135
0 134
0 133
0 132
0 131
0 130
0 129
0 128
0 127
0 126
0 125
0 124
0 123
0 122
0 121
0 120
0 119
0 118
0 117
0 116
0 115
0 114
0 113
0 112
0 111
0 110
0 109
0 108
0 107
0 106
0 105
0 104
0 103
0 102
0 101
0 100
0 99
0 98
0 97
0 96
0 95
0 94
0 93
0 92
0 91
0 90
0 89
0 88
0 87
0 86
0 85
0 84
0 83
0 82
0 81
0 80
0 79
0 78
0 77
0 76
0 75
0 74
0 73
0 72
0 71
0 70
0 69
0 68
0 67
0 66
0 65
0 64
0 63
0 62
0 61
0 60
0 59
0 58
0 57
0 56
0 55
0 54
0 53
0 52
0 51
0 50
0 49
0 48
0 47
0 46
0 45
0 44
0 43
0 42
0 41
0 40
0 39
0 38
0 37
0 36
0 35
0 34
0 33
0 32
0 31
0 30
0 29
0 28
0 27
0 26
0 25
0 24
0 23
0 22
0 21
0 20
0 19
0 18
0 17
0 16
0 15
0 14
0 13
0 12
0 11
0 10
0 9
0 8
0 7
0 6
0 5
0 4
0 3
0 2
0 1
