1600 0
1599 1
1598 2
1597 3
1596 4
1595 5
1594 6
1593 7
1592 8
1591 9
1590 10
1589 11
1588 12
1587 13
1586 14
1585 15
1584 16
1583 17
1582 18
1581 19
1580 20
1579 21
1578 22
1577 23
1576 24
1575 25
1574 26
1573 27
1572 28
1571 29
1570 30
1569 31
1568 32
1567 33
1566 34
1565 35
1564 36
1563 37
1562 38
1561 39
1560 40
1559 41
1558 42
1557 43
1556 44
1555 45
1554 46
1553 47
1552 48
1551 49
1550 50
1549 51
1548 52
1547 53
1546 54
1545 55
1544 56
1543 57
1542 58
1541 59
1540 60
1539 61
1538 62
1537 63
1536 64
1535 65
1534 66
1533 67
1532 68
1531 69
1530 70
1529 71
1528 72
1527 73
1526 74
1525 75
1524 76
1523 77
1522 78
1521 79
1520 80
1519 81
1518 82
1517 83
1516 84
1515 85
1514 86
1513 87
1512 88
1511 89
1510 90
1509 91
1508 92
1507 93
1506 94
1505 95
1504 96
1503 97
1502 98
1501 99
1500 100
1499 101
1498 102
1497 103
1496 104
1495 105
1494 106
1493 107
1492 108
1491 109
1490 110
1489 111
1488 112
1487 113
1486 114
1485 115
1484 116
1483 117
1482 118
1481 119
1480 120
1479 121
1478 122
1477 123
1476 124
1475 125
1474 126
1473 127
1472 128
1471 129
1470 130
1469 131
1468 132
1467 133
1466 134
1465 135
1464 136
1463 137
1462 138
1461 139
1460 140
1459 141
1458 142
1457 143
1456 144
1455 145
1454 146
1453 147
1452 148
1451 149
1450 150
1449 151
1448 152
1447 153
1446 154
1445 155
1444 156
1443 157
1442 158
1441 159
1440 160
1439 161
1438 162
1437 163
1436 164
1435 165
1434 166
1433 167
1432 168
1431 169
1430 170
1429 171
1428 172
1427 173
1426 174
1425 175
1424 176
1423 177
1422 178
1421 179
1420 180
1419 181
1418 182
1417 183
1416 184
1415 185
1414 186
1413 187
1412 188
1411 189
1410 190
1409 191
1408 192
1407 193
1406 194
1405 195
1404 196
1403 197
1402 198
1401 199
1400 200
1399 201
1398 202
1397 203
1396 204
1395 205
1394 206
1393 207
1392 208
1391 209
1390 210
1389 211
1388 212
1387 213
1386 214
1385 215
1384 216
1383 217
1382 218
1381 219
1380 220
1379 221
1378 222
1377 223
1376 224
1375 225
1374 226
1373 227
1372 228
1371 229
1370 230
1369 231
1368 232
1367 233
1366 234
1365 235
1364 236
1363 237
1362 238
1361 239
1360 240
1359 241
1358 242
1357 243
1356 244
1355 245
1354 246
1353 247
1352 248
1351 249
1350 250
1349 251
1348 252
1347 253
1346 254
1345 255
1344 256
1343 257
1342 258
1341 259
1340 260
1339 261
1338 262
1337 263
1336 264
1335 265
1334 266
1333 267
1332 268
1331 269
1330 270
1329 271
1328 272
1327 273
1326 274
1325 275
1324 276
1323 277
1322 278
1321 279
1320 280
1319 281
1318 282
1317 283
1316 284
1315 285
1314 286
1313 287
1312 288
1311 289
1310 290
1309 291
1308 292
1307 293
1306 294
1305 295
1304 296
1303 297
1302 298
1301 299
1300 300
1299 301
1298 302
1297 303
1296 304
1295 305
1294 306
1293 307
1292 308
1291 309
1290 310
1289 311
1288 312
1287 313
1286 314
1285 315
1284 316
1283 317
1282 318
1281 319
1280 320
1279 321
1278 322
1277 323
1276 324
1275 325
1274 326
1273 327
1272 328
1271 329
1270 330
1269 331
1268 332
1267 333
1266 334
1265 335
1264 336
1263 337
1262 338
1261 339
1260 340
1259 341
1258 342
1257 343
1256 344
1255 345
1254 346
1253 347
1252 348
1251 349
1250 350
1249 351
1248 352
1247 353
1246 354
1245 355
1244 356
1243 357
1242 358
1241 359
1240 360
1239 361
1238 362
1237 363
1236 364
1235 365
1234 366
1233 367
1232 368
1231 369
1230 370
1229 371
1228 372
1227 373
1226 374
1225 375
1224 376
1223 377
1222 378
1221 379
1220 380
1219 381
1218 382
1217 383
1216 384
1215 385
1214 386
1213 387
1212 388
1211 389
1210 390
1209 391
1208 392
1207 393
1206 394
1205 395
1204 396
1203 397
1202 398
1201 399
1200 400
1199 401
1198 402
1197 403
1196 404
1195 405
1194 406
1193 407
1192 408
1191 409
1190 410
1189 411
1188 412
1187 413
1186 414
1185 415
1184 416
1183 417
1182 418
1181 419
1180 420
1179 421
1178 422
1177 423
1176 424
1175 425
1174 426
1173 427
1172 428
1171 429
1170 430
1169 431
1168 432
1167 433
1166 434
1165 435
1164 436
1163 437
1162 438
1161 439
1160 440
1159 441
1158 442
1157 443
1156 444
1155 445
1154 446
1153 447
1152 448
1151 449
1150 450
1149 451
1148 452
1147 453
1146 454
1145 455
1144 456
1143 457
1142 458
1141 459
1140 460
1139 461
1138 462
1137 463
1136 464
1135 465
1134 466
1133 467
1132 468
1131 469
1130 470
1129 471
1128 472
1127 473
1126 474
1125 475
1124 476
1123 477
1122 478
1121 479
1120 480
1119 481
1118 482
1117 483
1116 484
1115 485
1114 486
1113 487
1112 488
1111 489
1110 490
1109 491
1108 492
1107 493
1106 494
1105 495
1104 496
1103 497
1102 498
1101 499
1100 500
1099 501
1098 502
1097 503
1096 504
1095 505
1094 506
1093 507
1092 508
1091 509
1090 510
1089 511
1088 512
1087 513
1086 514
1085 515
1084 516
1083 517
1082 518
1081 519
1080 520
1079 521
1078 522
1077 523
1076 524
1075 525
1074 526
1073 527
1072 528
1071 529
1070 530
1069 531
1068 532
1067 533
1066 534
1065 535
1064 536
1063 537
1062 538
1061 539
1060 540
1059 541
1058 542
1057 543
1056 544
1055 545
1054 546
1053 547
1052 548
1051 549
1050 550
1049 551
1048 552
1047 553
1046 554
1045 555
1044 556
1043 557
1042 558
1041 559
1040 560
1039 561
1038 562
1037 563
1036 564
1035 565
1034 566
1033 567
1032 568
1031 569
1030 570
1029 571
1028 572
1027 573
1026 574
1025 575
1024 576
1023 577
1022 578
1021 579
1020 580
1019 581
1018 582
1017 583
1016 584
1015 585
1014 586
1013 587
1012 588
1011 589
1010 590
1009 591
1008 592
1007 593
1006 594
1005 595
1004 596
1003 597
1002 598
1001 599
1000 600
999 601
998 602
997 603
996 604
995 605
994 606
993 607
992 608
991 609
990 610
989 611
988 612
987 613
986 614
985 615
984 616
983 617
982 618
981 619
980 620
979 621
978 622
977 623
976 624
975 625
974 626
973 627
972 628
971 629
970 630
969 631
968 632
967 633
966 634
965 635
964 636
963 637
962 638
961 639
960 640
959 641
958 642
957 643
956 644
955 645
954 646
953 647
952 648
951 649
950 650
949 651
948 652
947 653
946 654
945 655
944 656
943 657
942 658
941 659
940 660
939 661
938 662
937 663
936 664
935 665
934 666
933 667
932 668
931 669
930 670
929 671
928 672
927 673
926 674
925 675
924 676
923 677
922 678
921 679
920 680
919 681
918 682
917 683
916 684
915 685
914 686
913 687
912 688
911 689
910 690
909 691
908 692
907 693
906 694
905 695
904 696
903 697
902 698
901 699
900 700
899 701
898 702
897 703
896 704
895 705
894 706
893 707
892 708
891 709
890 710
889 711
888 712
887 713
886 714
885 715
884 716
883 717
882 718
881 719
880 720
879 721
878 722
877 723
876 724
875 725
874 726
873 727
872 728
871 729
870 730
869 731
868 732
867 733
866 734
865 735
864 736
863 737
862 738
861 739
860 740
859 741
858 742
857 743
856 744
855 745
854 746
853 747
852 748
851 749
850 750
849 751
848 752
847 753
846 754
845 755
844 756
843 757
842 758
841 759
840 760
839 761
838 762
837 763
836 764
835 765
834 766
833 767
832 768
831 769
830 770
829 771
828 772
827 773
826 774
825 775
824 776
823 777
822 778
821 779
820 780
819 781
818 782
817 783
816 784
815 785
814 786
813 787
812 788
811 789
810 790
809 791
808 792
807 793
806 794
805 795
804 796
803 797
802 798
801 799
800 800
799 801
798 802
797 803
796 804
795 805
794 806
793 807
792 808
791 809
790 810
789 811
788 812
787 813
786 814
785 815
784 816
783 817
782 818
781 819
780 820
779 821
778 822
777 823
776 824
775 825
774 826
773 827
772 828
771 829
770 830
769 831
768 832
767 833
766 834
765 835
764 836
763 837
762 838
761 839
760 840
759 841
758 842
757 843
756 844
755 845
754 846
753 847
752 848
751 849
750 850
749 851
748 852
747 853
746 854
745 855
744 856
743 857
742 858
741 859
740 860
739 861
738 862
737 863
736 864
735 865
734 866
733 867
732 868
731 869
730 870
729 871
728 872
727 873
726 874
725 875
724 876
723 877
722 878
721 879
720 880
719 881
718 882
717 883
716 884
715 885
714 886
713 887
712 888
711 889
710 890
709 891
708 892
707 893
706 894
705 895
704 896
703 897
702 898
701 899
700 900
699 901
698 902
697 903
696 904
695 905
694 906
693 907
692 908
691 909
690 910
689 911
688 912
687 913
686 914
685 915
684 916
683 917
682 918
681 919
680 920
679 921
678 922
677 923
676 924
675 925
674 926
673 927
672 928
671 929
670 930
669 931
668 932
667 933
666 934
665 935
664 936
663 937
662 938
661 939
660 940
659 941
658 942
657 943
656 944
655 945
654 946
653 947
652 948
651 949
650 950
649 951
648 952
647 953
646 954
645 955
644 956
643 957
642 958
641 959
640 960
639 961
638 962
637 963
636 964
635 965
634 966
633 967
632 968
631 969
630 970
629 971
628 972
627 973
626 974
625 975
624 976
623 977
622 978
621 979
620 980
619 981
618 982
617 983
616 984
615 985
614 986
613 987
612 988
611 989
610 990
609 991
608 992
607 993
606 994
605 995
604 996
603 997
602 998
601 999
600 1000
599 1001
598 1002
597 1003
596 1004
595 1005
594 1006
593 1007
592 1008
591 1009
590 1010
589 1011
588 1012
587 1013
586 1014
585 1015
584 1016
583 1017
582 1018
581 1019
580 1020
579 1021
578 1022
577 1023
576 1024
575 1025
574 1026
573 1027
572 1028
571 1029
570 1030
569 1031
568 1032
567 1033
566 1034
565 1035
564 1036
563 1037
562 1038
561 1039
560 1040
559 1041
558 1042
557 1043
556 1044
555 1045
554 1046
553 1047
552 1048
551 1049
550 1050
549 1051
548 1052
547 1053
546 1054
545 1055
544 1056
543 1057
542 1058
541 1059
540 1060
539 1061
538 1062
537 1063
536 1064
535 1065
534 1066
533 1067
532 1068
531 1069
530 1070
529 1071
528 1072
527 1073
526 1074
525 1075
524 1076
523 1077
522 1078
521 1079
520 1080
519 1081
518 1082
517 1083
516 1084
515 1085
514 1086
513 1087
512 1088
511 1089
510 1090
509 1091
508 1092
507 1093
506 1094
505 1095
504 1096
503 1097
502 1098
501 1099
500 1100
499 1101
498 1102
497 1103
496 1104
495 1105
494 1106
493 1107
492 1108
491 1109
490 1110
489 1111
488 1112
487 1113
486 1114
485 1115
484 1116
483 1117
482 1118
481 1119
480 1120
479 1121
478 1122
477 1123
476 1124
475 1125
474 1126
473 1127
472 1128
471 1129
470 1130
469 1131
468 1132
467 1133
466 1134
465 1135
464 1136
463 1137
462 1138
461 1139
460 1140
459 1141
458 1142
457 1143
456 1144
455 1145
454 1146
453 1147
452 1148
451 1149
450 1150
449 1151
448 1152
447 1153
446 1154
445 1155
444 1156
443 1157
442 1158
441 1159
440 1160
439 1161
438 1162
437 1163
436 1164
435 1165
434 1166
433 1167
432 1168
431 1169
430 1170
429 1171
428 1172
427 1173
426 1174
425 1175
424 1176
423 1177
422 1178
421 1179
420 1180
419 1181
418 1182
417 1183
416 1184
415 1185
414 1186
413 1187
412 1188
411 1189
410 1190
409 1191
408 1192
407 1193
406 1194
405 1195
404 1196
403 1197
402 1198
401 1199
400 1200
399 1201
398 1202
397 1203
396 1204
395 1205
394 1206
393 1207
392 1208
391 1209
390 1210
389 1211
388 1212
387 1213
386 1214
385 1215
384 1216
383 1217
382 1218
381 1219
380 1220
379 1221
378 1222
377 1223
376 1224
375 1225
374 1226
373 1227
372 1228
371 1229
370 1230
369 1231
368 1232
367 1233
366 1234
365 1235
364 1236
363 1237
362 1238
361 1239
360 1240
359 1241
358 1242
357 1243
356 1244
355 1245
354 1246
353 1247
352 1248
351 1249
350 1250
349 1251
348 1252
347 1253
346 1254
345 1255
344 1256
343 1257
342 1258
341 1259
340 1260
339 1261
338 1262
337 1263
336 1264
335 1265
334 1266
333 1267
332 1268
331 1269
330 1270
329 1271
328 1272
327 1273
326 1274
325 1275
324 1276
323 1277
322 1278
321 1279
320 1280
319 1281
318 1282
317 1283
316 1284
315 1285
314 1286
313 1287
312 1288
311 1289
310 1290
309 1291
308 1292
307 1293
306 1294
305 1295
304 1296
303 1297
302 1298
301 1299
300 1300
299 1301
298 1302
297 1303
296 1304
295 1305
294 1306
293 1307
292 1308
291 1309
290 1310
289 1311
288 1312
287 1313
286 1314
285 1315
284 1316
283 1317
282 1318
281 1319
280 1320
279 1321
278 1322
277 1323
276 1324
275 1325
274 1326
273 1327
272 1328
271 1329
270 1330
269 1331
268 1332
267 1333
266 1334
265 1335
264 1336
263 1337
262 1338
261 1339
260 1340
259 1341
258 1342
257 1343
256 1344
255 1345
254 1346
253 1347
252 1348
251 1349
250 1350
249 1351
248 1352
247 1353
246 1354
245 1355
244 1356
243 1357
242 1358
241 1359
240 1360
239 1361
238 1362
237 1363
236 1364
235 1365
234 1366
233 1367
232 1368
231 1369
230 1370
229 1371
228 1372
227 1373
226 1374
225 1375
224 1376
223 1377
222 1378
221 1379
220 1380
219 1381
218 1382
217 1383
216 1384
215 1385
214 1386
213 1387
212 1388
211 1389
210 1390
209 1391
208 1392
207 1393
206 1394
205 1395
204 1396
203 1397
202 1398
201 1399
200 1400
199 1401
198 1402
197 1403
196 1404
195 1405
194 1406
193 1407
192 1408
191 1409
190 1410
189 1411
188 1412
187 1413
186 1414
185 1415
184 1416
183 1417
182 1418
181 1419
180 1420
179 1421
178 1422
177 1423
176 1424
175 1425
174 1426
173 1427
172 1428
171 1429
170 1430
169 1431
168 1432
167 1433
166 1434
165 1435
164 1436
163 1437
162 1438
161 1439
160 1440
159 1441
158 1442
157 1443
156 1444
155 1445
154 1446
153 1447
152 1448
151 1449
150 1450
149 1451
148 1452
147 1453
146 1454
145 1455
144 1456
143 1457
142 1458
141 1459
140 1460
139 1461
138 1462
137 1463
136 1464
135 1465
134 1466
133 1467
132 1468
131 1469
130 1470
129 1471
128 1472
127 1473
126 1474
125 1475
124 1476
123 1477
122 1478
121 1479
120 1480
119 1481
118 1482
117 1483
116 1484
115 1485
114 1486
113 1487
112 1488
111 1489
110 1490
109 1491
108 1492
107 1493
106 1494
105 1495
104 1496
103 1497
102 1498
101 1499
100 1500
99 1501
98 1502
97 1503
96 1504
95 1505
94 1506
93 1507
92 1508
91 1509
90 1510
89 1511
88 1512
87 1513
86 1514
85 1515
84 1516
83 1517
82 1518
81 1519
80 1520
79 1521
78 1522
77 1523
76 1524
75 1525
74 1526
73 1527
72 1528
71 1529
70 1530
69 1531
68 1532
67 1533
66 1534
65 1535
64 1536
63 1537
62 1538
61 1539
60 1540
59 1541
58 1542
57 1543
56 1544
55 1545
54 1546
53 1547
52 1548
51 1549
50 1550
49 1551
48 1552
47 1553
46 1554
45 1555
44 1556
43 1557
42 1558
41 1559
40 1560
39 1561
38 1562
37 1563
36 1564
35 1565
34 1566
33 1567
32 1568
31 1569
30 1570
29 1571
28 1572
27 1573
26 1574
25 1575
24 1576
23 1577
22 1578
21 1579
20 1580
19 1581
18 1582
17 1583
16 1584
15 1585
14 1586
13 1587
12 1588
11 1589
10 1590
9 1591
8 1592
7 1593
6 1594
5 1595
4 1596
3 1597
2 1598
1 1599
0 1600
0 1599
0 1598
0 1597
0 1596
0 1595
0 1594
0 1593
0 1592
0 1591
0 1590
0 1589
0 1588
0 1587
0 1586
0 1585
0 1584
0 1583
0 1582
0 1581
0 1580
0 1579
0 1578
0 1577
0 1576
0 1575
0 1574
0 1573
0 1572
0 1571
0 1570
0 1569
0 1568
0 1567
0 1566
0 1565
0 1564
0 1563
0 1562
0 1561
0 1560
0 1559
0 1558
0 1557
0 1556
0 1555
0 1554
0 1553
0 1552
0 1551
0 1550
0 1549
0 1548
0 1547
0 1546
0 1545
0 1544
0 1543
0 1542
0 1541
0 1540
0 1539
0 1538
0 1537
0 1536
0 1535
0 1534
0 1533
0 1532
0 1531
0 1530
0 1529
0 1528
0 1527
0 1526
0 1525
0 1524
0 1523
0 1522
0 1521
0 1520
0 1519
0 1518
0 1517
0 1516
0 1515
0 1514
0 1513
0 1512
0 1511
0 1510
0 1509
0 1508
0 1507
0 1506
0 1505
0 1504
0 1503
0 1502
0 1501
0 1500
0 1499
0 1498
0 1497
0 1496
0 1495
0 1494
0 1493
0 1492
0 1491
0 1490
0 1489
0 1488
0 1487
0 1486
0 1485
0 1484
0 1483
0 1482
0 1481
0 1480
0 1479
0 1478
0 1477
0 1476
0 1475
0 1474
0 1473
0 1472
0 1471
0 1470
0 1469
0 1468
0 1467
0 1466
0 1465
0 1464
0 1463
0 1462
0 1461
0 1460
0 1459
0 1458
0 1457
0 1456
0 1455
0 1454
0 1453
0 1452
0 1451
0 1450
0 1449
0 1448
0 1447
0 1446
0 1445
0 1444
0 1443
0 1442
0 1441
0 1440
0 1439
0 1438
0 1437
0 1436
0 1435
0 1434
0 1433
0 1432
0 1431
0 1430
0 1429
0 1428
0 1427
0 1426
0 1425
0 1424
0 1423
0 1422
0 1421
0 1420
0 1419
0 1418
0 1417
0 1416
0 1415
0 1414
0 1413
0 1412
0 1411
0 1410
0 1409
0 1408
0 1407
0 1406
0 1405
0 1404
0 1403
0 1402
0 1401
0 1400
0 1399
0 1398
0 1397
0 1396
0 1395
0 1394
0 1393
0 1392
0 1391
0 1390
0 1389
0 1388
0 1387
0 1386
0 1385
0 1384
0 1383
0 1382
0 1381
0 1380
0 1379
0 1378
0 1377
0 1376
0 1375
0 1374
0 1373
0 1372
0 1371
0 1370
0 1369
0 1368
0 1367
0 1366
0 1365
0 1364
0 1363
0 1362
0 1361
0 1360
0 1359
0 1358
0 1357
0 1356
0 1355
0 1354
0 1353
0 1352
0 1351
0 1350
0 1349
0 1348
0 1347
0 1346
0 1345
0 1344
0 1343
0 1342
0 1341
0 1340
0 1339
0 1338
0 1337
0 1336
0 1335
0 1334
0 1333
0 1332
0 1331
0 1330
0 1329
0 1328
0 1327
0 1326
0 1325
0 1324
0 1323
0 1322
0 1321
0 1320
0 1319
0 1318
0 1317
0 1316
0 1315
0 1314
0 1313
0 1312
0 1311
0 1310
0 1309
0 1308
0 1307
0 1306
0 1305
0 1304
0 1303
0 1302
0 1301
0 1300
0 1299
0 1298
0 1297
0 1296
0 1295
0 1294
0 1293
0 1292
0 1291
0 1290
0 1289
0 1288
0 1287
0 1286
0 1285
0 1284
0 1283
0 1282
0 1281
0 1280
0 1279
0 1278
0 1277
0 1276
0 1275
0 1274
0 1273
0 1272
0 1271
0 1270
0 1269
0 1268
0 1267
0 1266
0 1265
0 1264
0 1263
0 1262
0 1261
0 1260
0 1259
0 1258
0 1257
0 1256
0 1255
0 1254
0 1253
0 1252
0 1251
0 1250
0 1249
0 1248
0 1247
0 1246
0 1245
0 1244
0 1243
0 1242
0 1241
0 1240
0 1239
0 1238
0 1237
0 1236
0 1235
0 1234
0 1233
0 1232
0 1231
0 1230
0 1229
0 1228
0 1227
0 1226
0 1225
0 1224
0 1223
0 1222
0 1221
0 1220
0 1219
0 1218
0 1217
0 1216
0 1215
0 1214
0 1213
0 1212
0 1211
0 1210
0 1209
0 1208
0 1207
0 1206
0 1205
0 1204
0 1203
0 1202
0 1201
0 1200
0 1199
0 1198
0 1197
0 1196
0 1195
0 1194
0 1193
0 1192
0 1191
0 1190
0 1189
0 1188
0 1187
0 1186
0 1185
0 1184
0 1183
0 1182
0 1181
0 1180
0 1179
0 1178
0 1177
0 1176
0 1175
0 1174
0 1173
0 1172
0 1171
0 1170
0 1169
0 1168
0 1167
0 1166
0 1165
0 1164
0 1163
0 1162
0 1161
0 1160
0 1159
0 1158
0 1157
0 1156
0 1155
0 1154
0 1153
0 1152
0 1151
0 1150
0 1149
0 1148
0 1147
0 1146
0 1145
0 1144
0 1143
0 1142
0 1141
0 1140
0 1139
0 1138
0 1137
0 1136
0 1135
0 1134
0 1133
0 1132
0 1131
0 1130
0 1129
0 1128
0 1127
0 1126
0 1125
0 1124
0 1123
0 1122
0 1121
0 1120
0 1119
0 1118
0 1117
0 1116
0 1115
0 1114
0 1113
0 1112
0 1111
0 1110
0 1109
0 1108
0 1107
0 1106
0 1105
0 1104
0 1103
0 1102
0 1101
0 1100
0 1099
0 1098
0 1097
0 1096
0 1095
0 1094
0 1093
0 1092
0 1091
0 1090
0 1089
0 1088
0 1087
0 1086
0 1085
0 1084
0 1083
0 1082
0 1081
0 1080
0 1079
0 1078
0 1077
0 1076
0 1075
0 1074
0 1073
0 1072
0 1071
0 1070
0 1069
0 1068
0 1067
0 1066
0 1065
0 1064
0 1063
0 1062
0 1061
0 1060
0 1059
0 1058
0 1057
0 1056
0 1055
0 1054
0 1053
0 1052
0 1051
0 1050
0 1049
0 1048
0 1047
0 1046
0 1045
0 1044
0 1043
0 1042
0 1041
0 1040
0 1039
0 1038
0 1037
0 1036
0 1035
0 1034
0 1033
0 1032
0 1031
0 1030
0 1029
0 1028
0 1027
0 1026
0 1025
0 1024
0 1023
0 1022
0 1021
0 1020
0 1019
0 1018
0 1017
0 1016
0 1015
0 1014
0 1013
0 1012
0 1011
0 1010
0 1009
0 1008
0 1007
0 1006
0 1005
0 1004
0 1003
0 1002
0 1001
0 1000
0 999
0 998
0 997
0 996
0 995
0 994
0 993
0 992
0 991
0 990
0 989
0 988
0 987
0 986
0 985
0 984
0 983
0 982
0 981
0 980
0 979
0 978
0 977
0 976
0 975
0 974
0 973
0 972
0 971
0 970
0 969
0 968
0 967
0 966
0 965
0 964
0 963
0 962
0 961
0 960
0 959
0 958
0 957
0 956
0 955
0 954
0 953
0 952
0 951
0 950
0 949
0 948
0 947
0 946
0 945
0 944
0 943
0 942
0 941
0 940
0 939
0 938
0 937
0 936
0 935
0 934
0 933
0 932
0 931
0 930
0 929
0 928
0 927
0 926
0 925
0 924
0 923
0 922
0 921
0 920
0 919
0 918
0 917
0 916
0 915
0 914
0 913
0 912
0 911
0 910
0 909
0 908
0 907
0 906
0 905
0 904
0 903
0 902
0 901
0 900
0 899
0 898
0 897
0 896
0 895
0 894
0 893
0 892
0 891
0 890
0 889
0 888
0 887
0 886
0 885
0 884
0 883
0 882
0 881
0 880
0 879
0 878
0 877
0 876
0 875
0 874
0 873
0 872
0 871
0 870
0 869
0 868
0 867
0 866
0 865
0 864
0 863
0 862
0 861
0 860
0 859
0 858
0 857
0 856
0 855
0 854
0 853
0 852
0 851
0 850
0 849
0 848
0 847
0 846
0 845
0 844
0 843
0 842
0 841
0 840
0 839
0 838
0 837
0 836
0 835
0 834
0 833
0 832
0 831
0 830
0 829
0 828
0 827
0 826
0 825
0 824
0 823
0 822
0 821
0 820
0 819
0 818
0 817
0 816
0 815
0 814
0 813
0 812
0 811
0 810
0 809
0 808
0 807
0 806
0 805
0 804
0 803
0 802
0 801
0 800
0 799
0 798
0 797
0 796
0 795
0 794
0 793
0 792
0 791
0 790
0 789
0 788
0 787
0 786
0 785
0 784
0 783
0 782
0 781
0 780
0 779
0 778
0 777
0 776
0 775
0 774
0 773
0 772
0 771
0 770
0 769
0 768
0 767
0 766
0 765
0 764
0 763
0 762
0 761
0 760
0 759
0 758
0 757
0 756
0 755
0 754
0 753
0 752
0 751
0 750
0 749
0 748
0 747
0 746
0 745
0 744
0 743
0 742
0 741
0 740
0 739
0 738
0 737
0 736
0 735
0 734
0 733
0 732
0 731
0 730
0 729
0 728
0 727
0 726
0 725
0 724
0 723
0 722
0 721
0 720
0 719
0 718
0 717
0 716
0 715
0 714
0 713
0 712
0 711
0 710
0 709
0 708
0 707
0 706
0 705
0 704
0 703
0 702
0 701
0 700
0 699
0 698
0 697
0 696
0 695
0 694
0 693
0 692
0 691
0 690
0 689
0 688
0 687
0 686
0 685
0 684
0 683
0 682
0 681
0 680
0 679
0 678
0 677
0 676
0 675
0 674
0 673
0 672
0 671
0 670
0 669
0 668
0 667
0 666
0 665
0 664
0 663
0 662
0 661
0 660
0 659
0 658
0 657
0 656
0 655
0 654
0 653
0 652
0 651
0 650
0 649
0 648
0 647
0 646
0 645
0 644
0 643
0 642
0 641
0 640
0 639
0 638
0 637
0 636
0 635
0 634
0 633
0 632
0 631
0 630
0 629
0 628
0 627
0 626
0 625
0 624
0 623
0 622
0 621
0 620
0 619
0 618
0 617
0 616
0 615
0 614
0 613
0 612
0 611
0 610
0 609
0 608
0 607
0 606
0 605
0 604
0 603
0 602
0 601
0 600
0 599
0 598
0 597
0 596
0 595
0 594
0 593
0 592
0 591
0 590
0 589
0 588
0 587
0 586
0 585
0 584
0 583
0 582
0 581
0 580
0 579
0 578
0 577
0 576
0 575
0 574
0 573
0 572
0 571
0 570
0 569
0 568
0 567
0 566
0 565
0 564
0 563
0 562
0 561
0 560
0 559
0 558
0 557
0 556
0 555
0 554
0 553
0 552
0 551
0 550
0 549
0 548
0 547
0 546
0 545
0 544
0 543
0 542
0 541
0 540
0 539
0 538
0 537
0 536
0 535
0 534
0 533
0 532
0 531
0 530
0 529
0 528
0 527
0 526
0 525
0 524
0 523
0 522
0 521
0 520
0 519
0 518
0 517
0 516
0 515
0 514
0 513
0 512
0 511
0 510
0 509
0 508
0 507
0 506
0 505
0 504
0 503
0 502
0 501
0 500
0 499
0 498
0 497
0 496
0 495
0 494
0 493
0 492
0 491
0 490
0 489
0 488
0 487
0 486
0 485
0 484
0 483
0 482
0 481
0 480
0 479
0 478
0 477
0 476
0 475
0 474
0 473
0 472
0 471
0 470
0 469
0 468
0 467
0 466
0 465
0 464
0 463
0 462
0 461
0 460
0 459
0 458
0 457
0 456
0 455
0 454
0 453
0 452
0 451
0 450
0 449
0 448
0 447
0 446
0 445
0 444
0 443
0 442
0 441
0 440
0 439
0 438
0 437
0 436
0 435
0 434
0 433
0 432
0 431
0 430
0 429
0 428
0 427
0 426
0 425
0 424
0 423
0 422
0 421
0 420
0 419
0 418
0 417
0 416
0 415
0 414
0 413
0 412
0 411
0 410
0 409
0 408
0 407
0 406
0 405
0 404
0 403
0 402
0 401
0 400
0 399
0 398
0 397
0 396
0 395
0 394
0 393
0 392
0 391
0 390
0 389
0 388
0 387
0 386
0 385
0 384
0 383
0 382
0 381
0 380
0 379
0 378
0 377
0 376
0 375
0 374
0 373
0 372
0 371
0 370
0 369
0 368
0 367
0 366
0 365
0 364
0 363
0 362
0 361
0 360
0 359
0 358
0 357
0 356
0 355
0 354
0 353
0 352
0 351
0 350
0 349
0 348
0 347
0 346
0 345
0 344
0 343
0 342
0 341
0 340
0 339
0 338
0 337
0 336
0 335
0 334
0 333
0 332
0 331
0 330
0 329
0 328
0 327
0 326
0 325
0 324
0 323
0 322
0 321
0 320
0 319
0 318
0 317
0 316
0 315
0 314
0 313
0 312
0 311
0 310
0 309
0 308
0 307
0 306
0 305
0 304
0 303
0 302
0 301
0 300
0 299
0 298
0 297
0 296
0 295
0 294
0 293
0 292
0 291
0 290
0 289
0 288
0 287
0 286
0 285
0 284
0 283
0 282
0 281
0 280
0 279
0 278
0 277
0 276
0 275
0 274
0 273
0 272
0 271
0 270
0 269
0 268
0 267
0 266
0 265
0 264
0 263
0 262
0 261
0 260
0 259
0 258
0 257
0 256
0 255
0 254
0 253
0 252
0 251
0 250
0 249
0 248
0 247
0 246
0 245
0 244
0 243
0 242
0 241
0 240
0 239
0 238
0 237
0 236
0 235
0 234
0 233
0 232
0 231
0 230
0 229
0 228
0 227
0 226
0 225
0 224
0 223
0 222
0 221
0 220
0 219
0 218
0 217
0 216
0 215
0 214
0 213
0 212
0 211
0 210
0 209
0 208
0 207
0 206
0 205
0 204
0 203
0 202
0 201
0 200
0 199
0 198
0 197
0 196
0 195
0 194
0 193
0 192
0 191
0 190
0 189
0 188
0 187
0 186
0 185
0 184
0 183
0 182
0 181
0 180
0 179
0 178
0 177
0 176
0 175
0 174
0 173
0 172
0 171
0 170
0 169
0 168
0 167
0 166
0 165
0 164
0 163
0 162
0 161
0 160
0 159
0 158
0 157
0 156
0 155
0 154
0 153
0 152
0 151
0 150
0 149
0 148
0 147
0 146
0 145
0 144
0 143
0 142
0 141
0 140
0 139
0 138
0 137
0 136
0 135
0 134
0 133
0 132
0 131
0 130
0 129
0 128
0 127
0 126
0 125
0 124
0 123
0 122
0 121
0 120
0 119
0 118
0 117
0 116
0 115
0 114
0 113
0 112
0 111
0 110
0 109
0 108
0 107
0 106
0 105
0 104
0 103
0 102
0 101
0 100
0 99
0 98
0 97
0 96
0 95
0 94
0 93
0 92
0 91
0 90
0 89
0 88
0 87
0 86
0 85
0 84
0 83
0 82
0 81
0 80
0 79
0 78
0 77
0 76
0 75
0 74
0 73
0 72
0 71
0 70
0 69
0 68
0 67
0 66
0 65
0 64
0 63
0 62
0 61
0 60
0 59
0 58
0 57
0 56
0 55
0 54
0 53
0 52
0 51
0 50
0 49
0 48
0 47
0 46
0 45
0 44
0 43
0 42
0 41
0 40
0 39
0 38
0 37
0 36
0 35
0 34
0 33
0 32
0 31
0 30
0 29
0 28
0 27
0 26
0 25
0 24
0 23
0 22
0 21
0 20
0 19
0 18
0 17
0 16
0 15
0 14
0 13
0 12
0 11
0 10
0 9
0 8
0 7
0 6
0 5
0 4
0 3
0 2
0 1
