1850 0
1849 1
1848 2
1847 3
1846 4
1845 5
1844 6
1843 7
1842 8
1841 9
1840 10
1839 11
1838 12
1837 13
1836 14
1835 15
1834 16
1833 17
1832 18
1831 19
1830 20
1829 21
1828 22
1827 23
1826 24
1825 25
1824 26
1823 27
1822 28
1821 29
1820 30
1819 31
1818 32
1817 33
1816 34
1815 35
1814 36
1813 37
1812 38
1811 39
1810 40
1809 41
1808 42
1807 43
1806 44
1805 45
1804 46
1803 47
1802 48
1801 49
1800 50
1799 51
1798 52
1797 53
1796 54
1795 55
1794 56
1793 57
1792 58
1791 59
1790 60
1789 61
1788 62
1787 63
1786 64
1785 65
1784 66
1783 67
1782 68
1781 69
1780 70
1779 71
1778 72
1777 73
1776 74
1775 75
1774 76
1773 77
1772 78
1771 79
1770 80
1769 81
1768 82
1767 83
1766 84
1765 85
1764 86
1763 87
1762 88
1761 89
1760 90
1759 91
1758 92
1757 93
1756 94
1755 95
1754 96
1753 97
1752 98
1751 99
1750 100
1749 101
1748 102
1747 103
1746 104
1745 105
1744 106
1743 107
1742 108
1741 109
1740 110
1739 111
1738 112
1737 113
1736 114
1735 115
1734 116
1733 117
1732 118
1731 119
1730 120
1729 121
1728 122
1727 123
1726 124
1725 125
1724 126
1723 127
1722 128
1721 129
1720 130
1719 131
1718 132
1717 133
1716 134
1715 135
1714 136
1713 137
1712 138
1711 139
1710 140
1709 141
1708 142
1707 143
1706 144
1705 145
1704 146
1703 147
1702 148
1701 149
1700 150
1699 151
1698 152
1697 153
1696 154
1695 155
1694 156
1693 157
1692 158
1691 159
1690 160
1689 161
1688 162
1687 163
1686 164
1685 165
1684 166
1683 167
1682 168
1681 169
1680 170
1679 171
1678 172
1677 173
1676 174
1675 175
1674 176
1673 177
1672 178
1671 179
1670 180
1669 181
1668 182
1667 183
1666 184
1665 185
1664 186
1663 187
1662 188
1661 189
1660 190
1659 191
1658 192
1657 193
1656 194
1655 195
1654 196
1653 197
1652 198
1651 199
1650 200
1649 201
1648 202
1647 203
1646 204
1645 205
1644 206
1643 207
1642 208
1641 209
1640 210
1639 211
1638 212
1637 213
1636 214
1635 215
1634 216
1633 217
1632 218
1631 219
1630 220
1629 221
1628 222
1627 223
1626 224
1625 225
1624 226
1623 227
1622 228
1621 229
1620 230
1619 231
1618 232
1617 233
1616 234
1615 235
1614 236
1613 237
1612 238
1611 239
1610 240
1609 241
1608 242
1607 243
1606 244
1605 245
1604 246
1603 247
1602 248
1601 249
1600 250
1599 251
1598 252
1597 253
1596 254
1595 255
1594 256
1593 257
1592 258
1591 259
1590 260
1589 261
1588 262
1587 263
1586 264
1585 265
1584 266
1583 267
1582 268
1581 269
1580 270
1579 271
1578 272
1577 273
1576 274
1575 275
1574 276
1573 277
1572 278
1571 279
1570 280
1569 281
1568 282
1567 283
1566 284
1565 285
1564 286
1563 287
1562 288
1561 289
1560 290
1559 291
1558 292
1557 293
1556 294
1555 295
1554 296
1553 297
1552 298
1551 299
1550 300
1549 301
1548 302
1547 303
1546 304
1545 305
1544 306
1543 307
1542 308
1541 309
1540 310
1539 311
1538 312
1537 313
1536 314
1535 315
1534 316
1533 317
1532 318
1531 319
1530 320
1529 321
1528 322
1527 323
1526 324
1525 325
1524 326
1523 327
1522 328
1521 329
1520 330
1519 331
1518 332
1517 333
1516 334
1515 335
1514 336
1513 337
1512 338
1511 339
1510 340
1509 341
1508 342
1507 343
1506 344
1505 345
1504 346
1503 347
1502 348
1501 349
1500 350
1499 351
1498 352
1497 353
1496 354
1495 355
1494 356
1493 357
1492 358
1491 359
1490 360
1489 361
1488 362
1487 363
1486 364
1485 365
1484 366
1483 367
1482 368
1481 369
1480 370
1479 371
1478 372
1477 373
1476 374
1475 375
1474 376
1473 377
1472 378
1471 379
1470 380
1469 381
1468 382
1467 383
1466 384
1465 385
1464 386
1463 387
1462 388
1461 389
1460 390
1459 391
1458 392
1457 393
1456 394
1455 395
1454 396
1453 397
1452 398
1451 399
1450 400
1449 401
1448 402
1447 403
1446 404
1445 405
1444 406
1443 407
1442 408
1441 409
1440 410
1439 411
1438 412
1437 413
1436 414
1435 415
1434 416
1433 417
1432 418
1431 419
1430 420
1429 421
1428 422
1427 423
1426 424
1425 425
1424 426
1423 427
1422 428
1421 429
1420 430
1419 431
1418 432
1417 433
1416 434
1415 435
1414 436
1413 437
1412 438
1411 439
1410 440
1409 441
1408 442
1407 443
1406 444
1405 445
1404 446
1403 447
1402 448
1401 449
1400 450
1399 451
1398 452
1397 453
1396 454
1395 455
1394 456
1393 457
1392 458
1391 459
1390 460
1389 461
1388 462
1387 463
1386 464
1385 465
1384 466
1383 467
1382 468
1381 469
1380 470
1379 471
1378 472
1377 473
1376 474
1375 475
1374 476
1373 477
1372 478
1371 479
1370 480
1369 481
1368 482
1367 483
1366 484
1365 485
1364 486
1363 487
1362 488
1361 489
1360 490
1359 491
1358 492
1357 493
1356 494
1355 495
1354 496
1353 497
1352 498
1351 499
1350 500
1349 501
1348 502
1347 503
1346 504
1345 505
1344 506
1343 507
1342 508
1341 509
1340 510
1339 511
1338 512
1337 513
1336 514
1335 515
1334 516
1333 517
1332 518
1331 519
1330 520
1329 521
1328 522
1327 523
1326 524
1325 525
1324 526
1323 527
1322 528
1321 529
1320 530
1319 531
1318 532
1317 533
1316 534
1315 535
1314 536
1313 537
1312 538
1311 539
1310 540
1309 541
1308 542
1307 543
1306 544
1305 545
1304 546
1303 547
1302 548
1301 549
1300 550
1299 551
1298 552
1297 553
1296 554
1295 555
1294 556
1293 557
1292 558
1291 559
1290 560
1289 561
1288 562
1287 563
1286 564
1285 565
1284 566
1283 567
1282 568
1281 569
1280 570
1279 571
1278 572
1277 573
1276 574
1275 575
1274 576
1273 577
1272 578
1271 579
1270 580
1269 581
1268 582
1267 583
1266 584
1265 585
1264 586
1263 587
1262 588
1261 589
1260 590
1259 591
1258 592
1257 593
1256 594
1255 595
1254 596
1253 597
1252 598
1251 599
1250 600
1249 601
1248 602
1247 603
1246 604
1245 605
1244 606
1243 607
1242 608
1241 609
1240 610
1239 611
1238 612
1237 613
1236 614
1235 615
1234 616
1233 617
1232 618
1231 619
1230 620
1229 621
1228 622
1227 623
1226 624
1225 625
1224 626
1223 627
1222 628
1221 629
1220 630
1219 631
1218 632
1217 633
1216 634
1215 635
1214 636
1213 637
1212 638
1211 639
1210 640
1209 641
1208 642
1207 643
1206 644
1205 645
1204 646
1203 647
1202 648
1201 649
1200 650
1199 651
1198 652
1197 653
1196 654
1195 655
1194 656
1193 657
1192 658
1191 659
1190 660
1189 661
1188 662
1187 663
1186 664
1185 665
1184 666
1183 667
1182 668
1181 669
1180 670
1179 671
1178 672
1177 673
1176 674
1175 675
1174 676
1173 677
1172 678
1171 679
1170 680
1169 681
1168 682
1167 683
1166 684
1165 685
1164 686
1163 687
1162 688
1161 689
1160 690
1159 691
1158 692
1157 693
1156 694
1155 695
1154 696
1153 697
1152 698
1151 699
1150 700
1149 701
1148 702
1147 703
1146 704
1145 705
1144 706
1143 707
1142 708
1141 709
1140 710
1139 711
1138 712
1137 713
1136 714
1135 715
1134 716
1133 717
1132 718
1131 719
1130 720
1129 721
1128 722
1127 723
1126 724
1125 725
1124 726
1123 727
1122 728
1121 729
1120 730
1119 731
1118 732
1117 733
1116 734
1115 735
1114 736
1113 737
1112 738
1111 739
1110 740
1109 741
1108 742
1107 743
1106 744
1105 745
1104 746
1103 747
1102 748
1101 749
1100 750
1099 751
1098 752
1097 753
1096 754
1095 755
1094 756
1093 757
1092 758
1091 759
1090 760
1089 761
1088 762
1087 763
1086 764
1085 765
1084 766
1083 767
1082 768
1081 769
1080 770
1079 771
1078 772
1077 773
1076 774
1075 775
1074 776
1073 777
1072 778
1071 779
1070 780
1069 781
1068 782
1067 783
1066 784
1065 785
1064 786
1063 787
1062 788
1061 789
1060 790
1059 791
1058 792
1057 793
1056 794
1055 795
1054 796
1053 797
1052 798
1051 799
1050 800
1049 801
1048 802
1047 803
1046 804
1045 805
1044 806
1043 807
1042 808
1041 809
1040 810
1039 811
1038 812
1037 813
1036 814
1035 815
1034 816
1033 817
1032 818
1031 819
1030 820
1029 821
1028 822
1027 823
1026 824
1025 825
1024 826
1023 827
1022 828
1021 829
1020 830
1019 831
1018 832
1017 833
1016 834
1015 835
1014 836
1013 837
1012 838
1011 839
1010 840
1009 841
1008 842
1007 843
1006 844
1005 845
1004 846
1003 847
1002 848
1001 849
1000 850
999 851
998 852
997 853
996 854
995 855
994 856
993 857
992 858
991 859
990 860
989 861
988 862
987 863
986 864
985 865
984 866
983 867
982 868
981 869
980 870
979 871
978 872
977 873
976 874
975 875
974 876
973 877
972 878
971 879
970 880
969 881
968 882
967 883
966 884
965 885
964 886
963 887
962 888
961 889
960 890
959 891
958 892
957 893
956 894
955 895
954 896
953 897
952 898
951 899
950 900
949 901
948 902
947 903
946 904
945 905
944 906
943 907
942 908
941 909
940 910
939 911
938 912
937 913
936 914
935 915
934 916
933 917
932 918
931 919
930 920
929 921
928 922
927 923
926 924
925 925
924 926
923 927
922 928
921 929
920 930
919 931
918 932
917 933
916 934
915 935
914 936
913 937
912 938
911 939
910 940
909 941
908 942
907 943
906 944
905 945
904 946
903 947
902 948
901 949
900 950
899 951
898 952
897 953
896 954
895 955
894 956
893 957
892 958
891 959
890 960
889 961
888 962
887 963
886 964
885 965
884 966
883 967
882 968
881 969
880 970
879 971
878 972
877 973
876 974
875 975
874 976
873 977
872 978
871 979
870 980
869 981
868 982
867 983
866 984
865 985
864 986
863 987
862 988
861 989
860 990
859 991
858 992
857 993
856 994
855 995
854 996
853 997
852 998
851 999
850 1000
849 1001
848 1002
847 1003
846 1004
845 1005
844 1006
843 1007
842 1008
841 1009
840 1010
839 1011
838 1012
837 1013
836 1014
835 1015
834 1016
833 1017
832 1018
831 1019
830 1020
829 1021
828 1022
827 1023
826 1024
825 1025
824 1026
823 1027
822 1028
821 1029
820 1030
819 1031
818 1032
817 1033
816 1034
815 1035
814 1036
813 1037
812 1038
811 1039
810 1040
809 1041
808 1042
807 1043
806 1044
805 1045
804 1046
803 1047
802 1048
801 1049
800 1050
799 1051
798 1052
797 1053
796 1054
795 1055
794 1056
793 1057
792 1058
791 1059
790 1060
789 1061
788 1062
787 1063
786 1064
785 1065
784 1066
783 1067
782 1068
781 1069
780 1070
779 1071
778 1072
777 1073
776 1074
775 1075
774 1076
773 1077
772 1078
771 1079
770 1080
769 1081
768 1082
767 1083
766 1084
765 1085
764 1086
763 1087
762 1088
761 1089
760 1090
759 1091
758 1092
757 1093
756 1094
755 1095
754 1096
753 1097
752 1098
751 1099
750 1100
749 1101
748 1102
747 1103
746 1104
745 1105
744 1106
743 1107
742 1108
741 1109
740 1110
739 1111
738 1112
737 1113
736 1114
735 1115
734 1116
733 1117
732 1118
731 1119
730 1120
729 1121
728 1122
727 1123
726 1124
725 1125
724 1126
723 1127
722 1128
721 1129
720 1130
719 1131
718 1132
717 1133
716 1134
715 1135
714 1136
713 1137
712 1138
711 1139
710 1140
709 1141
708 1142
707 1143
706 1144
705 1145
704 1146
703 1147
702 1148
701 1149
700 1150
699 1151
698 1152
697 1153
696 1154
695 1155
694 1156
693 1157
692 1158
691 1159
690 1160
689 1161
688 1162
687 1163
686 1164
685 1165
684 1166
683 1167
682 1168
681 1169
680 1170
679 1171
678 1172
677 1173
676 1174
675 1175
674 1176
673 1177
672 1178
671 1179
670 1180
669 1181
668 1182
667 1183
666 1184
665 1185
664 1186
663 1187
662 1188
661 1189
660 1190
659 1191
658 1192
657 1193
656 1194
655 1195
654 1196
653 1197
652 1198
651 1199
650 1200
649 1201
648 1202
647 1203
646 1204
645 1205
644 1206
643 1207
642 1208
641 1209
640 1210
639 1211
638 1212
637 1213
636 1214
635 1215
634 1216
633 1217
632 1218
631 1219
630 1220
629 1221
628 1222
627 1223
626 1224
625 1225
624 1226
623 1227
622 1228
621 1229
620 1230
619 1231
618 1232
617 1233
616 1234
615 1235
614 1236
613 1237
612 1238
611 1239
610 1240
609 1241
608 1242
607 1243
606 1244
605 1245
604 1246
603 1247
602 1248
601 1249
600 1250
599 1251
598 1252
597 1253
596 1254
595 1255
594 1256
593 1257
592 1258
591 1259
590 1260
589 1261
588 1262
587 1263
586 1264
585 1265
584 1266
583 1267
582 1268
581 1269
580 1270
579 1271
578 1272
577 1273
576 1274
575 1275
574 1276
573 1277
572 1278
571 1279
570 1280
569 1281
568 1282
567 1283
566 1284
565 1285
564 1286
563 1287
562 1288
561 1289
560 1290
559 1291
558 1292
557 1293
556 1294
555 1295
554 1296
553 1297
552 1298
551 1299
550 1300
549 1301
548 1302
547 1303
546 1304
545 1305
544 1306
543 1307
542 1308
541 1309
540 1310
539 1311
538 1312
537 1313
536 1314
535 1315
534 1316
533 1317
532 1318
531 1319
530 1320
529 1321
528 1322
527 1323
526 1324
525 1325
524 1326
523 1327
522 1328
521 1329
520 1330
519 1331
518 1332
517 1333
516 1334
515 1335
514 1336
513 1337
512 1338
511 1339
510 1340
509 1341
508 1342
507 1343
506 1344
505 1345
504 1346
503 1347
502 1348
501 1349
500 1350
499 1351
498 1352
497 1353
496 1354
495 1355
494 1356
493 1357
492 1358
491 1359
490 1360
489 1361
488 1362
487 1363
486 1364
485 1365
484 1366
483 1367
482 1368
481 1369
480 1370
479 1371
478 1372
477 1373
476 1374
475 1375
474 1376
473 1377
472 1378
471 1379
470 1380
469 1381
468 1382
467 1383
466 1384
465 1385
464 1386
463 1387
462 1388
461 1389
460 1390
459 1391
458 1392
457 1393
456 1394
455 1395
454 1396
453 1397
452 1398
451 1399
450 1400
449 1401
448 1402
447 1403
446 1404
445 1405
444 1406
443 1407
442 1408
441 1409
440 1410
439 1411
438 1412
437 1413
436 1414
435 1415
434 1416
433 1417
432 1418
431 1419
430 1420
429 1421
428 1422
427 1423
426 1424
425 1425
424 1426
423 1427
422 1428
421 1429
420 1430
419 1431
418 1432
417 1433
416 1434
415 1435
414 1436
413 1437
412 1438
411 1439
410 1440
409 1441
408 1442
407 1443
406 1444
405 1445
404 1446
403 1447
402 1448
401 1449
400 1450
399 1451
398 1452
397 1453
396 1454
395 1455
394 1456
393 1457
392 1458
391 1459
390 1460
389 1461
388 1462
387 1463
386 1464
385 1465
384 1466
383 1467
382 1468
381 1469
380 1470
379 1471
378 1472
377 1473
376 1474
375 1475
374 1476
373 1477
372 1478
371 1479
370 1480
369 1481
368 1482
367 1483
366 1484
365 1485
364 1486
363 1487
362 1488
361 1489
360 1490
359 1491
358 1492
357 1493
356 1494
355 1495
354 1496
353 1497
352 1498
351 1499
350 1500
349 1501
348 1502
347 1503
346 1504
345 1505
344 1506
343 1507
342 1508
341 1509
340 1510
339 1511
338 1512
337 1513
336 1514
335 1515
334 1516
333 1517
332 1518
331 1519
330 1520
329 1521
328 1522
327 1523
326 1524
325 1525
324 1526
323 1527
322 1528
321 1529
320 1530
319 1531
318 1532
317 1533
316 1534
315 1535
314 1536
313 1537
312 1538
311 1539
310 1540
309 1541
308 1542
307 1543
306 1544
305 1545
304 1546
303 1547
302 1548
301 1549
300 1550
299 1551
298 1552
297 1553
296 1554
295 1555
294 1556
293 1557
292 1558
291 1559
290 1560
289 1561
288 1562
287 1563
286 1564
285 1565
284 1566
283 1567
282 1568
281 1569
280 1570
279 1571
278 1572
277 1573
276 1574
275 1575
274 1576
273 1577
272 1578
271 1579
270 1580
269 1581
268 1582
267 1583
266 1584
265 1585
264 1586
263 1587
262 1588
261 1589
260 1590
259 1591
258 1592
257 1593
256 1594
255 1595
254 1596
253 1597
252 1598
251 1599
250 1600
249 1601
248 1602
247 1603
246 1604
245 1605
244 1606
243 1607
242 1608
241 1609
240 1610
239 1611
238 1612
237 1613
236 1614
235 1615
234 1616
233 1617
232 1618
231 1619
230 1620
229 1621
228 1622
227 1623
226 1624
225 1625
224 1626
223 1627
222 1628
221 1629
220 1630
219 1631
218 1632
217 1633
216 1634
215 1635
214 1636
213 1637
212 1638
211 1639
210 1640
209 1641
208 1642
207 1643
206 1644
205 1645
204 1646
203 1647
202 1648
201 1649
200 1650
199 1651
198 1652
197 1653
196 1654
195 1655
194 1656
193 1657
192 1658
191 1659
190 1660
189 1661
188 1662
187 1663
186 1664
185 1665
184 1666
183 1667
182 1668
181 1669
180 1670
179 1671
178 1672
177 1673
176 1674
175 1675
174 1676
173 1677
172 1678
171 1679
170 1680
169 1681
168 1682
167 1683
166 1684
165 1685
164 1686
163 1687
162 1688
161 1689
160 1690
159 1691
158 1692
157 1693
156 1694
155 1695
154 1696
153 1697
152 1698
151 1699
150 1700
149 1701
148 1702
147 1703
146 1704
145 1705
144 1706
143 1707
142 1708
141 1709
140 1710
139 1711
138 1712
137 1713
136 1714
135 1715
134 1716
133 1717
132 1718
131 1719
130 1720
129 1721
128 1722
127 1723
126 1724
125 1725
124 1726
123 1727
122 1728
121 1729
120 1730
119 1731
118 1732
117 1733
116 1734
115 1735
114 1736
113 1737
112 1738
111 1739
110 1740
109 1741
108 1742
107 1743
106 1744
105 1745
104 1746
103 1747
102 1748
101 1749
100 1750
99 1751
98 1752
97 1753
96 1754
95 1755
94 1756
93 1757
92 1758
91 1759
90 1760
89 1761
88 1762
87 1763
86 1764
85 1765
84 1766
83 1767
82 1768
81 1769
80 1770
79 1771
78 1772
77 1773
76 1774
75 1775
74 1776
73 1777
72 1778
71 1779
70 1780
69 1781
68 1782
67 1783
66 1784
65 1785
64 1786
63 1787
62 1788
61 1789
60 1790
59 1791
58 1792
57 1793
56 1794
55 1795
54 1796
53 1797
52 1798
51 1799
50 1800
49 1801
48 1802
47 1803
46 1804
45 1805
44 1806
43 1807
42 1808
41 1809
40 1810
39 1811
38 1812
37 1813
36 1814
35 1815
34 1816
33 1817
32 1818
31 1819
30 1820
29 1821
28 1822
27 1823
26 1824
25 1825
24 1826
23 1827
22 1828
21 1829
20 1830
19 1831
18 1832
17 1833
16 1834
15 1835
14 1836
13 1837
12 1838
11 1839
10 1840
9 1841
8 1842
7 1843
6 1844
5 1845
4 1846
3 1847
2 1848
1 1849
0 1850
0 1849
0 1848
0 1847
0 1846
0 1845
0 1844
0 1843
0 1842
0 1841
0 1840
0 1839
0 1838
0 1837
0 1836
0 1835
0 1834
0 1833
0 1832
0 1831
0 1830
0 1829
0 1828
0 1827
0 1826
0 1825
0 1824
0 1823
0 1822
0 1821
0 1820
0 1819
0 1818
0 1817
0 1816
0 1815
0 1814
0 1813
0 1812
0 1811
0 1810
0 1809
0 1808
0 1807
0 1806
0 1805
0 1804
0 1803
0 1802
0 1801
0 1800
0 1799
0 1798
0 1797
0 1796
0 1795
0 1794
0 1793
0 1792
0 1791
0 1790
0 1789
0 1788
0 1787
0 1786
0 1785
0 1784
0 1783
0 1782
0 1781
0 1780
0 1779
0 1778
0 1777
0 1776
0 1775
0 1774
0 1773
0 1772
0 1771
0 1770
0 1769
0 1768
0 1767
0 1766
0 1765
0 1764
0 1763
0 1762
0 1761
0 1760
0 1759
0 1758
0 1757
0 1756
0 1755
0 1754
0 1753
0 1752
0 1751
0 1750
0 1749
0 1748
0 1747
0 1746
0 1745
0 1744
0 1743
0 1742
0 1741
0 1740
0 1739
0 1738
0 1737
0 1736
0 1735
0 1734
0 1733
0 1732
0 1731
0 1730
0 1729
0 1728
0 1727
0 1726
0 1725
0 1724
0 1723
0 1722
0 1721
0 1720
0 1719
0 1718
0 1717
0 1716
0 1715
0 1714
0 1713
0 1712
0 1711
0 1710
0 1709
0 1708
0 1707
0 1706
0 1705
0 1704
0 1703
0 1702
0 1701
0 1700
0 1699
0 1698
0 1697
0 1696
0 1695
0 1694
0 1693
0 1692
0 1691
0 1690
0 1689
0 1688
0 1687
0 1686
0 1685
0 1684
0 1683
0 1682
0 1681
0 1680
0 1679
0 1678
0 1677
0 1676
0 1675
0 1674
0 1673
0 1672
0 1671
0 1670
0 1669
0 1668
0 1667
0 1666
0 1665
0 1664
0 1663
0 1662
0 1661
0 1660
0 1659
0 1658
0 1657
0 1656
0 1655
0 1654
0 1653
0 1652
0 1651
0 1650
0 1649
0 1648
0 1647
0 1646
0 1645
0 1644
0 1643
0 1642
0 1641
0 1640
0 1639
0 1638
0 1637
0 1636
0 1635
0 1634
0 1633
0 1632
0 1631
0 1630
0 1629
0 1628
0 1627
0 1626
0 1625
0 1624
0 1623
0 1622
0 1621
0 1620
0 1619
0 1618
0 1617
0 1616
0 1615
0 1614
0 1613
0 1612
0 1611
0 1610
0 1609
0 1608
0 1607
0 1606
0 1605
0 1604
0 1603
0 1602
0 1601
0 1600
0 1599
0 1598
0 1597
0 1596
0 1595
0 1594
0 1593
0 1592
0 1591
0 1590
0 1589
0 1588
0 1587
0 1586
0 1585
0 1584
0 1583
0 1582
0 1581
0 1580
0 1579
0 1578
0 1577
0 1576
0 1575
0 1574
0 1573
0 1572
0 1571
0 1570
0 1569
0 1568
0 1567
0 1566
0 1565
0 1564
0 1563
0 1562
0 1561
0 1560
0 1559
0 1558
0 1557
0 1556
0 1555
0 1554
0 1553
0 1552
0 1551
0 1550
0 1549
0 1548
0 1547
0 1546
0 1545
0 1544
0 1543
0 1542
0 1541
0 1540
0 1539
0 1538
0 1537
0 1536
0 1535
0 1534
0 1533
0 1532
0 1531
0 1530
0 1529
0 1528
0 1527
0 1526
0 1525
0 1524
0 1523
0 1522
0 1521
0 1520
0 1519
0 1518
0 1517
0 1516
0 1515
0 1514
0 1513
0 1512
0 1511
0 1510
0 1509
0 1508
0 1507
0 1506
0 1505
0 1504
0 1503
0 1502
0 1501
0 1500
0 1499
0 1498
0 1497
0 1496
0 1495
0 1494
0 1493
0 1492
0 1491
0 1490
0 1489
0 1488
0 1487
0 1486
0 1485
0 1484
0 1483
0 1482
0 1481
0 1480
0 1479
0 1478
0 1477
0 1476
0 1475
0 1474
0 1473
0 1472
0 1471
0 1470
0 1469
0 1468
0 1467
0 1466
0 1465
0 1464
0 1463
0 1462
0 1461
0 1460
0 1459
0 1458
0 1457
0 1456
0 1455
0 1454
0 1453
0 1452
0 1451
0 1450
0 1449
0 1448
0 1447
0 1446
0 1445
0 1444
0 1443
0 1442
0 1441
0 1440
0 1439
0 1438
0 1437
0 1436
0 1435
0 1434
0 1433
0 1432
0 1431
0 1430
0 1429
0 1428
0 1427
0 1426
0 1425
0 1424
0 1423
0 1422
0 1421
0 1420
0 1419
0 1418
0 1417
0 1416
0 1415
0 1414
0 1413
0 1412
0 1411
0 1410
0 1409
0 1408
0 1407
0 1406
0 1405
0 1404
0 1403
0 1402
0 1401
0 1400
0 1399
0 1398
0 1397
0 1396
0 1395
0 1394
0 1393
0 1392
0 1391
0 1390
0 1389
0 1388
0 1387
0 1386
0 1385
0 1384
0 1383
0 1382
0 1381
0 1380
0 1379
0 1378
0 1377
0 1376
0 1375
0 1374
0 1373
0 1372
0 1371
0 1370
0 1369
0 1368
0 1367
0 1366
0 1365
0 1364
0 1363
0 1362
0 1361
0 1360
0 1359
0 1358
0 1357
0 1356
0 1355
0 1354
0 1353
0 1352
0 1351
0 1350
0 1349
0 1348
0 1347
0 1346
0 1345
0 1344
0 1343
0 1342
0 1341
0 1340
0 1339
0 1338
0 1337
0 1336
0 1335
0 1334
0 1333
0 1332
0 1331
0 1330
0 1329
0 1328
0 1327
0 1326
0 1325
0 1324
0 1323
0 1322
0 1321
0 1320
0 1319
0 1318
0 1317
0 1316
0 1315
0 1314
0 1313
0 1312
0 1311
0 1310
0 1309
0 1308
0 1307
0 1306
0 1305
0 1304
0 1303
0 1302
0 1301
0 1300
0 1299
0 1298
0 1297
0 1296
0 1295
0 1294
0 1293
0 1292
0 1291
0 1290
0 1289
0 1288
0 1287
0 1286
0 1285
0 1284
0 1283
0 1282
0 1281
0 1280
0 1279
0 1278
0 1277
0 1276
0 1275
0 1274
0 1273
0 1272
0 1271
0 1270
0 1269
0 1268
0 1267
0 1266
0 1265
0 1264
0 1263
0 1262
0 1261
0 1260
0 1259
0 1258
0 1257
0 1256
0 1255
0 1254
0 1253
0 1252
0 1251
0 1250
0 1249
0 1248
0 1247
0 1246
0 1245
0 1244
0 1243
0 1242
0 1241
0 1240
0 1239
0 1238
0 1237
0 1236
0 1235
0 1234
0 1233
0 1232
0 1231
0 1230
0 1229
0 1228
0 1227
0 1226
0 1225
0 1224
0 1223
0 1222
0 1221
0 1220
0 1219
0 1218
0 1217
0 1216
0 1215
0 1214
0 1213
0 1212
0 1211
0 1210
0 1209
0 1208
0 1207
0 1206
0 1205
0 1204
0 1203
0 1202
0 1201
0 1200
0 1199
0 1198
0 1197
0 1196
0 1195
0 1194
0 1193
0 1192
0 1191
0 1190
0 1189
0 1188
0 1187
0 1186
0 1185
0 1184
0 1183
0 1182
0 1181
0 1180
0 1179
0 1178
0 1177
0 1176
0 1175
0 1174
0 1173
0 1172
0 1171
0 1170
0 1169
0 1168
0 1167
0 1166
0 1165
0 1164
0 1163
0 1162
0 1161
0 1160
0 1159
0 1158
0 1157
0 1156
0 1155
0 1154
0 1153
0 1152
0 1151
0 1150
0 1149
0 1148
0 1147
0 1146
0 1145
0 1144
0 1143
0 1142
0 1141
0 1140
0 1139
0 1138
0 1137
0 1136
0 1135
0 1134
0 1133
0 1132
0 1131
0 1130
0 1129
0 1128
0 1127
0 1126
0 1125
0 1124
0 1123
0 1122
0 1121
0 1120
0 1119
0 1118
0 1117
0 1116
0 1115
0 1114
0 1113
0 1112
0 1111
0 1110
0 1109
0 1108
0 1107
0 1106
0 1105
0 1104
0 1103
0 1102
0 1101
0 1100
0 1099
0 1098
0 1097
0 1096
0 1095
0 1094
0 1093
0 1092
0 1091
0 1090
0 1089
0 1088
0 1087
0 1086
0 1085
0 1084
0 1083
0 1082
0 1081
0 1080
0 1079
0 1078
0 1077
0 1076
0 1075
0 1074
0 1073
0 1072
0 1071
0 1070
0 1069
0 1068
0 1067
0 1066
0 1065
0 1064
0 1063
0 1062
0 1061
0 1060
0 1059
0 1058
0 1057
0 1056
0 1055
0 1054
0 1053
0 1052
0 1051
0 1050
0 1049
0 1048
0 1047
0 1046
0 1045
0 1044
0 1043
0 1042
0 1041
0 1040
0 1039
0 1038
0 1037
0 1036
0 1035
0 1034
0 1033
0 1032
0 1031
0 1030
0 1029
0 1028
0 1027
0 1026
0 1025
0 1024
0 1023
0 1022
0 1021
0 1020
0 1019
0 1018
0 1017
0 1016
0 1015
0 1014
0 1013
0 1012
0 1011
0 1010
0 1009
0 1008
0 1007
0 1006
0 1005
0 1004
0 1003
0 1002
0 1001
0 1000
0 999
0 998
0 997
0 996
0 995
0 994
0 993
0 992
0 991
0 990
0 989
0 988
0 987
0 986
0 985
0 984
0 983
0 982
0 981
0 980
0 979
0 978
0 977
0 976
0 975
0 974
0 973
0 972
0 971
0 970
0 969
0 968
0 967
0 966
0 965
0 964
0 963
0 962
0 961
0 960
0 959
0 958
0 957
0 956
0 955
0 954
0 953
0 952
0 951
0 950
0 949
0 948
0 947
0 946
0 945
0 944
0 943
0 942
0 941
0 940
0 939
0 938
0 937
0 936
0 935
0 934
0 933
0 932
0 931
0 930
0 929
0 928
0 927
0 926
0 925
0 924
0 923
0 922
0 921
0 920
0 919
0 918
0 917
0 916
0 915
0 914
0 913
0 912
0 911
0 910
0 909
0 908
0 907
0 906
0 905
0 904
0 903
0 902
0 901
0 900
0 899
0 898
0 897
0 896
0 895
0 894
0 893
0 892
0 891
0 890
0 889
0 888
0 887
0 886
0 885
0 884
0 883
0 882
0 881
0 880
0 879
0 878
0 877
0 876
0 875
0 874
0 873
0 872
0 871
0 870
0 869
0 868
0 867
0 866
0 865
0 864
0 863
0 862
0 861
0 860
0 859
0 858
0 857
0 856
0 855
0 854
0 853
0 852
0 851
0 850
0 849
0 848
0 847
0 846
0 845
0 844
0 843
0 842
0 841
0 840
0 839
0 838
0 837
0 836
0 835
0 834
0 833
0 832
0 831
0 830
0 829
0 828
0 827
0 826
0 825
0 824
0 823
0 822
0 821
0 820
0 819
0 818
0 817
0 816
0 815
0 814
0 813
0 812
0 811
0 810
0 809
0 808
0 807
0 806
0 805
0 804
0 803
0 802
0 801
0 800
0 799
0 798
0 797
0 796
0 795
0 794
0 793
0 792
0 791
0 790
0 789
0 788
0 787
0 786
0 785
0 784
0 783
0 782
0 781
0 780
0 779
0 778
0 777
0 776
0 775
0 774
0 773
0 772
0 771
0 770
0 769
0 768
0 767
0 766
0 765
0 764
0 763
0 762
0 761
0 760
0 759
0 758
0 757
0 756
0 755
0 754
0 753
0 752
0 751
0 750
0 749
0 748
0 747
0 746
0 745
0 744
0 743
0 742
0 741
0 740
0 739
0 738
0 737
0 736
0 735
0 734
0 733
0 732
0 731
0 730
0 729
0 728
0 727
0 726
0 725
0 724
0 723
0 722
0 721
0 720
0 719
0 718
0 717
0 716
0 715
0 714
0 713
0 712
0 711
0 710
0 709
0 708
0 707
0 706
0 705
0 704
0 703
0 702
0 701
0 700
0 699
0 698
0 697
0 696
0 695
0 694
0 693
0 692
0 691
0 690
0 689
0 688
0 687
0 686
0 685
0 684
0 683
0 682
0 681
0 680
0 679
0 678
0 677
0 676
0 675
0 674
0 673
0 672
0 671
0 670
0 669
0 668
0 667
0 666
0 665
0 664
0 663
0 662
0 661
0 660
0 659
0 658
0 657
0 656
0 655
0 654
0 653
0 652
0 651
0 650
0 649
0 648
0 647
0 646
0 645
0 644
0 643
0 642
0 641
0 640
0 639
0 638
0 637
0 636
0 635
0 634
0 633
0 632
0 631
0 630
0 629
0 628
0 627
0 626
0 625
0 624
0 623
0 622
0 621
0 620
0 619
0 618
0 617
0 616
0 615
0 614
0 613
0 612
0 611
0 610
0 609
0 608
0 607
0 606
0 605
0 604
0 603
0 602
0 601
0 600
0 599
0 598
0 597
0 596
0 595
0 594
0 593
0 592
0 591
0 590
0 589
0 588
0 587
0 586
0 585
0 584
0 583
0 582
0 581
0 580
0 579
0 578
0 577
0 576
0 575
0 574
0 573
0 572
0 571
0 570
0 569
0 568
0 567
0 566
0 565
0 564
0 563
0 562
0 561
0 560
0 559
0 558
0 557
0 556
0 555
0 554
0 553
0 552
0 551
0 550
0 549
0 548
0 547
0 546
0 545
0 544
0 543
0 542
0 541
0 540
0 539
0 538
0 537
0 536
0 535
0 534
0 533
0 532
0 531
0 530
0 529
0 528
0 527
0 526
0 525
0 524
0 523
0 522
0 521
0 520
0 519
0 518
0 517
0 516
0 515
0 514
0 513
0 512
0 511
0 510
0 509
0 508
0 507
0 506
0 505
0 504
0 503
0 502
0 501
0 500
0 499
0 498
0 497
0 496
0 495
0 494
0 493
0 492
0 491
0 490
0 489
0 488
0 487
0 486
0 485
0 484
0 483
0 482
0 481
0 480
0 479
0 478
0 477
0 476
0 475
0 474
0 473
0 472
0 471
0 470
0 469
0 468
0 467
0 466
0 465
0 464
0 463
0 462
0 461
0 460
0 459
0 458
0 457
0 456
0 455
0 454
0 453
0 452
0 451
0 450
0 449
0 448
0 447
0 446
0 445
0 444
0 443
0 442
0 441
0 440
0 439
0 438
0 437
0 436
0 435
0 434
0 433
0 432
0 431
0 430
0 429
0 428
0 427
0 426
0 425
0 424
0 423
0 422
0 421
0 420
0 419
0 418
0 417
0 416
0 415
0 414
0 413
0 412
0 411
0 410
0 409
0 408
0 407
0 406
0 405
0 404
0 403
0 402
0 401
0 400
0 399
0 398
0 397
0 396
0 395
0 394
0 393
0 392
0 391
0 390
0 389
0 388
0 387
0 386
0 385
0 384
0 383
0 382
0 381
0 380
0 379
0 378
0 377
0 376
0 375
0 374
0 373
0 372
0 371
0 370
0 369
0 368
0 367
0 366
0 365
0 364
0 363
0 362
0 361
0 360
0 359
0 358
0 357
0 356
0 355
0 354
0 353
0 352
0 351
0 350
0 349
0 348
0 347
0 346
0 345
0 344
0 343
0 342
0 341
0 340
0 339
0 338
0 337
0 336
0 335
0 334
0 333
0 332
0 331
0 330
0 329
0 328
0 327
0 326
0 325
0 324
0 323
0 322
0 321
0 320
0 319
0 318
0 317
0 316
0 315
0 314
0 313
0 312
0 311
0 310
0 309
0 308
0 307
0 306
0 305
0 304
0 303
0 302
0 301
0 300
0 299
0 298
0 297
0 296
0 295
0 294
0 293
0 292
0 291
0 290
0 289
0 288
0 287
0 286
0 285
0 284
0 283
0 282
0 281
0 280
0 279
0 278
0 277
0 276
0 275
0 274
0 273
0 272
0 271
0 270
0 269
0 268
0 267
0 266
0 265
0 264
0 263
0 262
0 261
0 260
0 259
0 258
0 257
0 256
0 255
0 254
0 253
0 252
0 251
0 250
0 249
0 248
0 247
0 246
0 245
0 244
0 243
0 242
0 241
0 240
0 239
0 238
0 237
0 236
0 235
0 234
0 233
0 232
0 231
0 230
0 229
0 228
0 227
0 226
0 225
0 224
0 223
0 222
0 221
0 220
0 219
0 218
0 217
0 216
0 215
0 214
0 213
0 212
0 211
0 210
0 209
0 208
0 207
0 206
0 205
0 204
0 203
0 202
0 201
0 200
0 199
0 198
0 197
0 196
0 195
0 194
0 193
0 192
0 191
0 190
0 189
0 188
0 187
0 186
0 185
0 184
0 183
0 182
0 181
0 180
0 179
0 178
0 177
0 176
0 175
0 174
0 173
0 172
0 171
0 170
0 169
0 168
0 167
0 166
0 165
0 164
0 163
0 162
0 161
0 160
0 159
0 158
0 157
0 156
0 155
0 154
0 153
0 152
0 151
0 150
0 149
0 148
0 147
0 146
0 145
0 144
0 143
0 142
0 141
0 140
0 139
0 138
0 137
0 136
0 135
0 134
0 133
0 132
0 131
0 130
0 129
0 128
0 127
0 126
0 125
0 124
0 123
0 122
0 121
0 120
0 119
0 118
0 117
0 116
0 115
0 114
0 113
0 112
0 111
0 110
0 109
0 108
0 107
0 106
0 105
0 104
0 103
0 102
0 101
0 100
0 99
0 98
0 97
0 96
0 95
0 94
0 93
0 92
0 91
0 90
0 89
0 88
0 87
0 86
0 85
0 84
0 83
0 82
0 81
0 80
0 79
0 78
0 77
0 76
0 75
0 74
0 73
0 72
0 71
0 70
0 69
0 68
0 67
0 66
0 65
0 64
0 63
0 62
0 61
0 60
0 59
0 58
0 57
0 56
0 55
0 54
0 53
0 52
0 51
0 50
0 49
0 48
0 47
0 46
0 45
0 44
0 43
0 42
0 41
0 40
0 39
0 38
0 37
0 36
0 35
0 34
0 33
0 32
0 31
0 30
0 29
0 28
0 27
0 26
0 25
0 24
0 23
0 22
0 21
0 20
0 19
0 18
0 17
0 16
0 15
0 14
0 13
0 12
0 11
0 10
0 9
0 8
0 7
0 6
0 5
0 4
0 3
0 2
0 1
