1950 0
1949 1
1948 2
1947 3
1946 4
1945 5
1944 6
1943 7
1942 8
1941 9
1940 10
1939 11
1938 12
1937 13
1936 14
1935 15
1934 16
1933 17
1932 18
1931 19
1930 20
1929 21
1928 22
1927 23
1926 24
1925 25
1924 26
1923 27
1922 28
1921 29
1920 30
1919 31
1918 32
1917 33
1916 34
1915 35
1914 36
1913 37
1912 38
1911 39
1910 40
1909 41
1908 42
1907 43
1906 44
1905 45
1904 46
1903 47
1902 48
1901 49
1900 50
1899 51
1898 52
1897 53
1896 54
1895 55
1894 56
1893 57
1892 58
1891 59
1890 60
1889 61
1888 62
1887 63
1886 64
1885 65
1884 66
1883 67
1882 68
1881 69
1880 70
1879 71
1878 72
1877 73
1876 74
1875 75
1874 76
1873 77
1872 78
1871 79
1870 80
1869 81
1868 82
1867 83
1866 84
1865 85
1864 86
1863 87
1862 88
1861 89
1860 90
1859 91
1858 92
1857 93
1856 94
1855 95
1854 96
1853 97
1852 98
1851 99
1850 100
1849 101
1848 102
1847 103
1846 104
1845 105
1844 106
1843 107
1842 108
1841 109
1840 110
1839 111
1838 112
1837 113
1836 114
1835 115
1834 116
1833 117
1832 118
1831 119
1830 120
1829 121
1828 122
1827 123
1826 124
1825 125
1824 126
1823 127
1822 128
1821 129
1820 130
1819 131
1818 132
1817 133
1816 134
1815 135
1814 136
1813 137
1812 138
1811 139
1810 140
1809 141
1808 142
1807 143
1806 144
1805 145
1804 146
1803 147
1802 148
1801 149
1800 150
1799 151
1798 152
1797 153
1796 154
1795 155
1794 156
1793 157
1792 158
1791 159
1790 160
1789 161
1788 162
1787 163
1786 164
1785 165
1784 166
1783 167
1782 168
1781 169
1780 170
1779 171
1778 172
1777 173
1776 174
1775 175
1774 176
1773 177
1772 178
1771 179
1770 180
1769 181
1768 182
1767 183
1766 184
1765 185
1764 186
1763 187
1762 188
1761 189
1760 190
1759 191
1758 192
1757 193
1756 194
1755 195
1754 196
1753 197
1752 198
1751 199
1750 200
1749 201
1748 202
1747 203
1746 204
1745 205
1744 206
1743 207
1742 208
1741 209
1740 210
1739 211
1738 212
1737 213
1736 214
1735 215
1734 216
1733 217
1732 218
1731 219
1730 220
1729 221
1728 222
1727 223
1726 224
1725 225
1724 226
1723 227
1722 228
1721 229
1720 230
1719 231
1718 232
1717 233
1716 234
1715 235
1714 236
1713 237
1712 238
1711 239
1710 240
1709 241
1708 242
1707 243
1706 244
1705 245
1704 246
1703 247
1702 248
1701 249
1700 250
1699 251
1698 252
1697 253
1696 254
1695 255
1694 256
1693 257
1692 258
1691 259
1690 260
1689 261
1688 262
1687 263
1686 264
1685 265
1684 266
1683 267
1682 268
1681 269
1680 270
1679 271
1678 272
1677 273
1676 274
1675 275
1674 276
1673 277
1672 278
1671 279
1670 280
1669 281
1668 282
1667 283
1666 284
1665 285
1664 286
1663 287
1662 288
1661 289
1660 290
1659 291
1658 292
1657 293
1656 294
1655 295
1654 296
1653 297
1652 298
1651 299
1650 300
1649 301
1648 302
1647 303
1646 304
1645 305
1644 306
1643 307
1642 308
1641 309
1640 310
1639 311
1638 312
1637 313
1636 314
1635 315
1634 316
1633 317
1632 318
1631 319
1630 320
1629 321
1628 322
1627 323
1626 324
1625 325
1624 326
1623 327
1622 328
1621 329
1620 330
1619 331
1618 332
1617 333
1616 334
1615 335
1614 336
1613 337
1612 338
1611 339
1610 340
1609 341
1608 342
1607 343
1606 344
1605 345
1604 346
1603 347
1602 348
1601 349
1600 350
1599 351
1598 352
1597 353
1596 354
1595 355
1594 356
1593 357
1592 358
1591 359
1590 360
1589 361
1588 362
1587 363
1586 364
1585 365
1584 366
1583 367
1582 368
1581 369
1580 370
1579 371
1578 372
1577 373
1576 374
1575 375
1574 376
1573 377
1572 378
1571 379
1570 380
1569 381
1568 382
1567 383
1566 384
1565 385
1564 386
1563 387
1562 388
1561 389
1560 390
1559 391
1558 392
1557 393
1556 394
1555 395
1554 396
1553 397
1552 398
1551 399
1550 400
1549 401
1548 402
1547 403
1546 404
1545 405
1544 406
1543 407
1542 408
1541 409
1540 410
1539 411
1538 412
1537 413
1536 414
1535 415
1534 416
1533 417
1532 418
1531 419
1530 420
1529 421
1528 422
1527 423
1526 424
1525 425
1524 426
1523 427
1522 428
1521 429
1520 430
1519 431
1518 432
1517 433
1516 434
1515 435
1514 436
1513 437
1512 438
1511 439
1510 440
1509 441
1508 442
1507 443
1506 444
1505 445
1504 446
1503 447
1502 448
1501 449
1500 450
1499 451
1498 452
1497 453
1496 454
1495 455
1494 456
1493 457
1492 458
1491 459
1490 460
1489 461
1488 462
1487 463
1486 464
1485 465
1484 466
1483 467
1482 468
1481 469
1480 470
1479 471
1478 472
1477 473
1476 474
1475 475
1474 476
1473 477
1472 478
1471 479
1470 480
1469 481
1468 482
1467 483
1466 484
1465 485
1464 486
1463 487
1462 488
1461 489
1460 490
1459 491
1458 492
1457 493
1456 494
1455 495
1454 496
1453 497
1452 498
1451 499
1450 500
1449 501
1448 502
1447 503
1446 504
1445 505
1444 506
1443 507
1442 508
1441 509
1440 510
1439 511
1438 512
1437 513
1436 514
1435 515
1434 516
1433 517
1432 518
1431 519
1430 520
1429 521
1428 522
1427 523
1426 524
1425 525
1424 526
1423 527
1422 528
1421 529
1420 530
1419 531
1418 532
1417 533
1416 534
1415 535
1414 536
1413 537
1412 538
1411 539
1410 540
1409 541
1408 542
1407 543
1406 544
1405 545
1404 546
1403 547
1402 548
1401 549
1400 550
1399 551
1398 552
1397 553
1396 554
1395 555
1394 556
1393 557
1392 558
1391 559
1390 560
1389 561
1388 562
1387 563
1386 564
1385 565
1384 566
1383 567
1382 568
1381 569
1380 570
1379 571
1378 572
1377 573
1376 574
1375 575
1374 576
1373 577
1372 578
1371 579
1370 580
1369 581
1368 582
1367 583
1366 584
1365 585
1364 586
1363 587
1362 588
1361 589
1360 590
1359 591
1358 592
1357 593
1356 594
1355 595
1354 596
1353 597
1352 598
1351 599
1350 600
1349 601
1348 602
1347 603
1346 604
1345 605
1344 606
1343 607
1342 608
1341 609
1340 610
1339 611
1338 612
1337 613
1336 614
1335 615
1334 616
1333 617
1332 618
1331 619
1330 620
1329 621
1328 622
1327 623
1326 624
1325 625
1324 626
1323 627
1322 628
1321 629
1320 630
1319 631
1318 632
1317 633
1316 634
1315 635
1314 636
1313 637
1312 638
1311 639
1310 640
1309 641
1308 642
1307 643
1306 644
1305 645
1304 646
1303 647
1302 648
1301 649
1300 650
1299 651
1298 652
1297 653
1296 654
1295 655
1294 656
1293 657
1292 658
1291 659
1290 660
1289 661
1288 662
1287 663
1286 664
1285 665
1284 666
1283 667
1282 668
1281 669
1280 670
1279 671
1278 672
1277 673
1276 674
1275 675
1274 676
1273 677
1272 678
1271 679
1270 680
1269 681
1268 682
1267 683
1266 684
1265 685
1264 686
1263 687
1262 688
1261 689
1260 690
1259 691
1258 692
1257 693
1256 694
1255 695
1254 696
1253 697
1252 698
1251 699
1250 700
1249 701
1248 702
1247 703
1246 704
1245 705
1244 706
1243 707
1242 708
1241 709
1240 710
1239 711
1238 712
1237 713
1236 714
1235 715
1234 716
1233 717
1232 718
1231 719
1230 720
1229 721
1228 722
1227 723
1226 724
1225 725
1224 726
1223 727
1222 728
1221 729
1220 730
1219 731
1218 732
1217 733
1216 734
1215 735
1214 736
1213 737
1212 738
1211 739
1210 740
1209 741
1208 742
1207 743
1206 744
1205 745
1204 746
1203 747
1202 748
1201 749
1200 750
1199 751
1198 752
1197 753
1196 754
1195 755
1194 756
1193 757
1192 758
1191 759
1190 760
1189 761
1188 762
1187 763
1186 764
1185 765
1184 766
1183 767
1182 768
1181 769
1180 770
1179 771
1178 772
1177 773
1176 774
1175 775
1174 776
1173 777
1172 778
1171 779
1170 780
1169 781
1168 782
1167 783
1166 784
1165 785
1164 786
1163 787
1162 788
1161 789
1160 790
1159 791
1158 792
1157 793
1156 794
1155 795
1154 796
1153 797
1152 798
1151 799
1150 800
1149 801
1148 802
1147 803
1146 804
1145 805
1144 806
1143 807
1142 808
1141 809
1140 810
1139 811
1138 812
1137 813
1136 814
1135 815
1134 816
1133 817
1132 818
1131 819
1130 820
1129 821
1128 822
1127 823
1126 824
1125 825
1124 826
1123 827
1122 828
1121 829
1120 830
1119 831
1118 832
1117 833
1116 834
1115 835
1114 836
1113 837
1112 838
1111 839
1110 840
1109 841
1108 842
1107 843
1106 844
1105 845
1104 846
1103 847
1102 848
1101 849
1100 850
1099 851
1098 852
1097 853
1096 854
1095 855
1094 856
1093 857
1092 858
1091 859
1090 860
1089 861
1088 862
1087 863
1086 864
1085 865
1084 866
1083 867
1082 868
1081 869
1080 870
1079 871
1078 872
1077 873
1076 874
1075 875
1074 876
1073 877
1072 878
1071 879
1070 880
1069 881
1068 882
1067 883
1066 884
1065 885
1064 886
1063 887
1062 888
1061 889
1060 890
1059 891
1058 892
1057 893
1056 894
1055 895
1054 896
1053 897
1052 898
1051 899
1050 900
1049 901
1048 902
1047 903
1046 904
1045 905
1044 906
1043 907
1042 908
1041 909
1040 910
1039 911
1038 912
1037 913
1036 914
1035 915
1034 916
1033 917
1032 918
1031 919
1030 920
1029 921
1028 922
1027 923
1026 924
1025 925
1024 926
1023 927
1022 928
1021 929
1020 930
1019 931
1018 932
1017 933
1016 934
1015 935
1014 936
1013 937
1012 938
1011 939
1010 940
1009 941
1008 942
1007 943
1006 944
1005 945
1004 946
1003 947
1002 948
1001 949
1000 950
999 951
998 952
997 953
996 954
995 955
994 956
993 957
992 958
991 959
990 960
989 961
988 962
987 963
986 964
985 965
984 966
983 967
982 968
981 969
980 970
979 971
978 972
977 973
976 974
975 975
974 976
973 977
972 978
971 979
970 980
969 981
968 982
967 983
966 984
965 985
964 986
963 987
962 988
961 989
960 990
959 991
958 992
957 993
956 994
955 995
954 996
953 997
952 998
951 999
950 1000
949 1001
948 1002
947 1003
946 1004
945 1005
944 1006
943 1007
942 1008
941 1009
940 1010
939 1011
938 1012
937 1013
936 1014
935 1015
934 1016
933 1017
932 1018
931 1019
930 1020
929 1021
928 1022
927 1023
926 1024
925 1025
924 1026
923 1027
922 1028
921 1029
920 1030
919 1031
918 1032
917 1033
916 1034
915 1035
914 1036
913 1037
912 1038
911 1039
910 1040
909 1041
908 1042
907 1043
906 1044
905 1045
904 1046
903 1047
902 1048
901 1049
900 1050
899 1051
898 1052
897 1053
896 1054
895 1055
894 1056
893 1057
892 1058
891 1059
890 1060
889 1061
888 1062
887 1063
886 1064
885 1065
884 1066
883 1067
882 1068
881 1069
880 1070
879 1071
878 1072
877 1073
876 1074
875 1075
874 1076
873 1077
872 1078
871 1079
870 1080
869 1081
868 1082
867 1083
866 1084
865 1085
864 1086
863 1087
862 1088
861 1089
860 1090
859 1091
858 1092
857 1093
856 1094
855 1095
854 1096
853 1097
852 1098
851 1099
850 1100
849 1101
848 1102
847 1103
846 1104
845 1105
844 1106
843 1107
842 1108
841 1109
840 1110
839 1111
838 1112
837 1113
836 1114
835 1115
834 1116
833 1117
832 1118
831 1119
830 1120
829 1121
828 1122
827 1123
826 1124
825 1125
824 1126
823 1127
822 1128
821 1129
820 1130
819 1131
818 1132
817 1133
816 1134
815 1135
814 1136
813 1137
812 1138
811 1139
810 1140
809 1141
808 1142
807 1143
806 1144
805 1145
804 1146
803 1147
802 1148
801 1149
800 1150
799 1151
798 1152
797 1153
796 1154
795 1155
794 1156
793 1157
792 1158
791 1159
790 1160
789 1161
788 1162
787 1163
786 1164
785 1165
784 1166
783 1167
782 1168
781 1169
780 1170
779 1171
778 1172
777 1173
776 1174
775 1175
774 1176
773 1177
772 1178
771 1179
770 1180
769 1181
768 1182
767 1183
766 1184
765 1185
764 1186
763 1187
762 1188
761 1189
760 1190
759 1191
758 1192
757 1193
756 1194
755 1195
754 1196
753 1197
752 1198
751 1199
750 1200
749 1201
748 1202
747 1203
746 1204
745 1205
744 1206
743 1207
742 1208
741 1209
740 1210
739 1211
738 1212
737 1213
736 1214
735 1215
734 1216
733 1217
732 1218
731 1219
730 1220
729 1221
728 1222
727 1223
726 1224
725 1225
724 1226
723 1227
722 1228
721 1229
720 1230
719 1231
718 1232
717 1233
716 1234
715 1235
714 1236
713 1237
712 1238
711 1239
710 1240
709 1241
708 1242
707 1243
706 1244
705 1245
704 1246
703 1247
702 1248
701 1249
700 1250
699 1251
698 1252
697 1253
696 1254
695 1255
694 1256
693 1257
692 1258
691 1259
690 1260
689 1261
688 1262
687 1263
686 1264
685 1265
684 1266
683 1267
682 1268
681 1269
680 1270
679 1271
678 1272
677 1273
676 1274
675 1275
674 1276
673 1277
672 1278
671 1279
670 1280
669 1281
668 1282
667 1283
666 1284
665 1285
664 1286
663 1287
662 1288
661 1289
660 1290
659 1291
658 1292
657 1293
656 1294
655 1295
654 1296
653 1297
652 1298
651 1299
650 1300
649 1301
648 1302
647 1303
646 1304
645 1305
644 1306
643 1307
642 1308
641 1309
640 1310
639 1311
638 1312
637 1313
636 1314
635 1315
634 1316
633 1317
632 1318
631 1319
630 1320
629 1321
628 1322
627 1323
626 1324
625 1325
624 1326
623 1327
622 1328
621 1329
620 1330
619 1331
618 1332
617 1333
616 1334
615 1335
614 1336
613 1337
612 1338
611 1339
610 1340
609 1341
608 1342
607 1343
606 1344
605 1345
604 1346
603 1347
602 1348
601 1349
600 1350
599 1351
598 1352
597 1353
596 1354
595 1355
594 1356
593 1357
592 1358
591 1359
590 1360
589 1361
588 1362
587 1363
586 1364
585 1365
584 1366
583 1367
582 1368
581 1369
580 1370
579 1371
578 1372
577 1373
576 1374
575 1375
574 1376
573 1377
572 1378
571 1379
570 1380
569 1381
568 1382
567 1383
566 1384
565 1385
564 1386
563 1387
562 1388
561 1389
560 1390
559 1391
558 1392
557 1393
556 1394
555 1395
554 1396
553 1397
552 1398
551 1399
550 1400
549 1401
548 1402
547 1403
546 1404
545 1405
544 1406
543 1407
542 1408
541 1409
540 1410
539 1411
538 1412
537 1413
536 1414
535 1415
534 1416
533 1417
532 1418
531 1419
530 1420
529 1421
528 1422
527 1423
526 1424
525 1425
524 1426
523 1427
522 1428
521 1429
520 1430
519 1431
518 1432
517 1433
516 1434
515 1435
514 1436
513 1437
512 1438
511 1439
510 1440
509 1441
508 1442
507 1443
506 1444
505 1445
504 1446
503 1447
502 1448
501 1449
500 1450
499 1451
498 1452
497 1453
496 1454
495 1455
494 1456
493 1457
492 1458
491 1459
490 1460
489 1461
488 1462
487 1463
486 1464
485 1465
484 1466
483 1467
482 1468
481 1469
480 1470
479 1471
478 1472
477 1473
476 1474
475 1475
474 1476
473 1477
472 1478
471 1479
470 1480
469 1481
468 1482
467 1483
466 1484
465 1485
464 1486
463 1487
462 1488
461 1489
460 1490
459 1491
458 1492
457 1493
456 1494
455 1495
454 1496
453 1497
452 1498
451 1499
450 1500
449 1501
448 1502
447 1503
446 1504
445 1505
444 1506
443 1507
442 1508
441 1509
440 1510
439 1511
438 1512
437 1513
436 1514
435 1515
434 1516
433 1517
432 1518
431 1519
430 1520
429 1521
428 1522
427 1523
426 1524
425 1525
424 1526
423 1527
422 1528
421 1529
420 1530
419 1531
418 1532
417 1533
416 1534
415 1535
414 1536
413 1537
412 1538
411 1539
410 1540
409 1541
408 1542
407 1543
406 1544
405 1545
404 1546
403 1547
402 1548
401 1549
400 1550
399 1551
398 1552
397 1553
396 1554
395 1555
394 1556
393 1557
392 1558
391 1559
390 1560
389 1561
388 1562
387 1563
386 1564
385 1565
384 1566
383 1567
382 1568
381 1569
380 1570
379 1571
378 1572
377 1573
376 1574
375 1575
374 1576
373 1577
372 1578
371 1579
370 1580
369 1581
368 1582
367 1583
366 1584
365 1585
364 1586
363 1587
362 1588
361 1589
360 1590
359 1591
358 1592
357 1593
356 1594
355 1595
354 1596
353 1597
352 1598
351 1599
350 1600
349 1601
348 1602
347 1603
346 1604
345 1605
344 1606
343 1607
342 1608
341 1609
340 1610
339 1611
338 1612
337 1613
336 1614
335 1615
334 1616
333 1617
332 1618
331 1619
330 1620
329 1621
328 1622
327 1623
326 1624
325 1625
324 1626
323 1627
322 1628
321 1629
320 1630
319 1631
318 1632
317 1633
316 1634
315 1635
314 1636
313 1637
312 1638
311 1639
310 1640
309 1641
308 1642
307 1643
306 1644
305 1645
304 1646
303 1647
302 1648
301 1649
300 1650
299 1651
298 1652
297 1653
296 1654
295 1655
294 1656
293 1657
292 1658
291 1659
290 1660
289 1661
288 1662
287 1663
286 1664
285 1665
284 1666
283 1667
282 1668
281 1669
280 1670
279 1671
278 1672
277 1673
276 1674
275 1675
274 1676
273 1677
272 1678
271 1679
270 1680
269 1681
268 1682
267 1683
266 1684
265 1685
264 1686
263 1687
262 1688
261 1689
260 1690
259 1691
258 1692
257 1693
256 1694
255 1695
254 1696
253 1697
252 1698
251 1699
250 1700
249 1701
248 1702
247 1703
246 1704
245 1705
244 1706
243 1707
242 1708
241 1709
240 1710
239 1711
238 1712
237 1713
236 1714
235 1715
234 1716
233 1717
232 1718
231 1719
230 1720
229 1721
228 1722
227 1723
226 1724
225 1725
224 1726
223 1727
222 1728
221 1729
220 1730
219 1731
218 1732
217 1733
216 1734
215 1735
214 1736
213 1737
212 1738
211 1739
210 1740
209 1741
208 1742
207 1743
206 1744
205 1745
204 1746
203 1747
202 1748
201 1749
200 1750
199 1751
198 1752
197 1753
196 1754
195 1755
194 1756
193 1757
192 1758
191 1759
190 1760
189 1761
188 1762
187 1763
186 1764
185 1765
184 1766
183 1767
182 1768
181 1769
180 1770
179 1771
178 1772
177 1773
176 1774
175 1775
174 1776
173 1777
172 1778
171 1779
170 1780
169 1781
168 1782
167 1783
166 1784
165 1785
164 1786
163 1787
162 1788
161 1789
160 1790
159 1791
158 1792
157 1793
156 1794
155 1795
154 1796
153 1797
152 1798
151 1799
150 1800
149 1801
148 1802
147 1803
146 1804
145 1805
144 1806
143 1807
142 1808
141 1809
140 1810
139 1811
138 1812
137 1813
136 1814
135 1815
134 1816
133 1817
132 1818
131 1819
130 1820
129 1821
128 1822
127 1823
126 1824
125 1825
124 1826
123 1827
122 1828
121 1829
120 1830
119 1831
118 1832
117 1833
116 1834
115 1835
114 1836
113 1837
112 1838
111 1839
110 1840
109 1841
108 1842
107 1843
106 1844
105 1845
104 1846
103 1847
102 1848
101 1849
100 1850
99 1851
98 1852
97 1853
96 1854
95 1855
94 1856
93 1857
92 1858
91 1859
90 1860
89 1861
88 1862
87 1863
86 1864
85 1865
84 1866
83 1867
82 1868
81 1869
80 1870
79 1871
78 1872
77 1873
76 1874
75 1875
74 1876
73 1877
72 1878
71 1879
70 1880
69 1881
68 1882
67 1883
66 1884
65 1885
64 1886
63 1887
62 1888
61 1889
60 1890
59 1891
58 1892
57 1893
56 1894
55 1895
54 1896
53 1897
52 1898
51 1899
50 1900
49 1901
48 1902
47 1903
46 1904
45 1905
44 1906
43 1907
42 1908
41 1909
40 1910
39 1911
38 1912
37 1913
36 1914
35 1915
34 1916
33 1917
32 1918
31 1919
30 1920
29 1921
28 1922
27 1923
26 1924
25 1925
24 1926
23 1927
22 1928
21 1929
20 1930
19 1931
18 1932
17 1933
16 1934
15 1935
14 1936
13 1937
12 1938
11 1939
10 1940
9 1941
8 1942
7 1943
6 1944
5 1945
4 1946
3 1947
2 1948
1 1949
0 1950
0 1949
0 1948
0 1947
0 1946
0 1945
0 1944
0 1943
0 1942
0 1941
0 1940
0 1939
0 1938
0 1937
0 1936
0 1935
0 1934
0 1933
0 1932
0 1931
0 1930
0 1929
0 1928
0 1927
0 1926
0 1925
0 1924
0 1923
0 1922
0 1921
0 1920
0 1919
0 1918
0 1917
0 1916
0 1915
0 1914
0 1913
0 1912
0 1911
0 1910
0 1909
0 1908
0 1907
0 1906
0 1905
0 1904
0 1903
0 1902
0 1901
0 1900
0 1899
0 1898
0 1897
0 1896
0 1895
0 1894
0 1893
0 1892
0 1891
0 1890
0 1889
0 1888
0 1887
0 1886
0 1885
0 1884
0 1883
0 1882
0 1881
0 1880
0 1879
0 1878
0 1877
0 1876
0 1875
0 1874
0 1873
0 1872
0 1871
0 1870
0 1869
0 1868
0 1867
0 1866
0 1865
0 1864
0 1863
0 1862
0 1861
0 1860
0 1859
0 1858
0 1857
0 1856
0 1855
0 1854
0 1853
0 1852
0 1851
0 1850
0 1849
0 1848
0 1847
0 1846
0 1845
0 1844
0 1843
0 1842
0 1841
0 1840
0 1839
0 1838
0 1837
0 1836
0 1835
0 1834
0 1833
0 1832
0 1831
0 1830
0 1829
0 1828
0 1827
0 1826
0 1825
0 1824
0 1823
0 1822
0 1821
0 1820
0 1819
0 1818
0 1817
0 1816
0 1815
0 1814
0 1813
0 1812
0 1811
0 1810
0 1809
0 1808
0 1807
0 1806
0 1805
0 1804
0 1803
0 1802
0 1801
0 1800
0 1799
0 1798
0 1797
0 1796
0 1795
0 1794
0 1793
0 1792
0 1791
0 1790
0 1789
0 1788
0 1787
0 1786
0 1785
0 1784
0 1783
0 1782
0 1781
0 1780
0 1779
0 1778
0 1777
0 1776
0 1775
0 1774
0 1773
0 1772
0 1771
0 1770
0 1769
0 1768
0 1767
0 1766
0 1765
0 1764
0 1763
0 1762
0 1761
0 1760
0 1759
0 1758
0 1757
0 1756
0 1755
0 1754
0 1753
0 1752
0 1751
0 1750
0 1749
0 1748
0 1747
0 1746
0 1745
0 1744
0 1743
0 1742
0 1741
0 1740
0 1739
0 1738
0 1737
0 1736
0 1735
0 1734
0 1733
0 1732
0 1731
0 1730
0 1729
0 1728
0 1727
0 1726
0 1725
0 1724
0 1723
0 1722
0 1721
0 1720
0 1719
0 1718
0 1717
0 1716
0 1715
0 1714
0 1713
0 1712
0 1711
0 1710
0 1709
0 1708
0 1707
0 1706
0 1705
0 1704
0 1703
0 1702
0 1701
0 1700
0 1699
0 1698
0 1697
0 1696
0 1695
0 1694
0 1693
0 1692
0 1691
0 1690
0 1689
0 1688
0 1687
0 1686
0 1685
0 1684
0 1683
0 1682
0 1681
0 1680
0 1679
0 1678
0 1677
0 1676
0 1675
0 1674
0 1673
0 1672
0 1671
0 1670
0 1669
0 1668
0 1667
0 1666
0 1665
0 1664
0 1663
0 1662
0 1661
0 1660
0 1659
0 1658
0 1657
0 1656
0 1655
0 1654
0 1653
0 1652
0 1651
0 1650
0 1649
0 1648
0 1647
0 1646
0 1645
0 1644
0 1643
0 1642
0 1641
0 1640
0 1639
0 1638
0 1637
0 1636
0 1635
0 1634
0 1633
0 1632
0 1631
0 1630
0 1629
0 1628
0 1627
0 1626
0 1625
0 1624
0 1623
0 1622
0 1621
0 1620
0 1619
0 1618
0 1617
0 1616
0 1615
0 1614
0 1613
0 1612
0 1611
0 1610
0 1609
0 1608
0 1607
0 1606
0 1605
0 1604
0 1603
0 1602
0 1601
0 1600
0 1599
0 1598
0 1597
0 1596
0 1595
0 1594
0 1593
0 1592
0 1591
0 1590
0 1589
0 1588
0 1587
0 1586
0 1585
0 1584
0 1583
0 1582
0 1581
0 1580
0 1579
0 1578
0 1577
0 1576
0 1575
0 1574
0 1573
0 1572
0 1571
0 1570
0 1569
0 1568
0 1567
0 1566
0 1565
0 1564
0 1563
0 1562
0 1561
0 1560
0 1559
0 1558
0 1557
0 1556
0 1555
0 1554
0 1553
0 1552
0 1551
0 1550
0 1549
0 1548
0 1547
0 1546
0 1545
0 1544
0 1543
0 1542
0 1541
0 1540
0 1539
0 1538
0 1537
0 1536
0 1535
0 1534
0 1533
0 1532
0 1531
0 1530
0 1529
0 1528
0 1527
0 1526
0 1525
0 1524
0 1523
0 1522
0 1521
0 1520
0 1519
0 1518
0 1517
0 1516
0 1515
0 1514
0 1513
0 1512
0 1511
0 1510
0 1509
0 1508
0 1507
0 1506
0 1505
0 1504
0 1503
0 1502
0 1501
0 1500
0 1499
0 1498
0 1497
0 1496
0 1495
0 1494
0 1493
0 1492
0 1491
0 1490
0 1489
0 1488
0 1487
0 1486
0 1485
0 1484
0 1483
0 1482
0 1481
0 1480
0 1479
0 1478
0 1477
0 1476
0 1475
0 1474
0 1473
0 1472
0 1471
0 1470
0 1469
0 1468
0 1467
0 1466
0 1465
0 1464
0 1463
0 1462
0 1461
0 1460
0 1459
0 1458
0 1457
0 1456
0 1455
0 1454
0 1453
0 1452
0 1451
0 1450
0 1449
0 1448
0 1447
0 1446
0 1445
0 1444
0 1443
0 1442
0 1441
0 1440
0 1439
0 1438
0 1437
0 1436
0 1435
0 1434
0 1433
0 1432
0 1431
0 1430
0 1429
0 1428
0 1427
0 1426
0 1425
0 1424
0 1423
0 1422
0 1421
0 1420
0 1419
0 1418
0 1417
0 1416
0 1415
0 1414
0 1413
0 1412
0 1411
0 1410
0 1409
0 1408
0 1407
0 1406
0 1405
0 1404
0 1403
0 1402
0 1401
0 1400
0 1399
0 1398
0 1397
0 1396
0 1395
0 1394
0 1393
0 1392
0 1391
0 1390
0 1389
0 1388
0 1387
0 1386
0 1385
0 1384
0 1383
0 1382
0 1381
0 1380
0 1379
0 1378
0 1377
0 1376
0 1375
0 1374
0 1373
0 1372
0 1371
0 1370
0 1369
0 1368
0 1367
0 1366
0 1365
0 1364
0 1363
0 1362
0 1361
0 1360
0 1359
0 1358
0 1357
0 1356
0 1355
0 1354
0 1353
0 1352
0 1351
0 1350
0 1349
0 1348
0 1347
0 1346
0 1345
0 1344
0 1343
0 1342
0 1341
0 1340
0 1339
0 1338
0 1337
0 1336
0 1335
0 1334
0 1333
0 1332
0 1331
0 1330
0 1329
0 1328
0 1327
0 1326
0 1325
0 1324
0 1323
0 1322
0 1321
0 1320
0 1319
0 1318
0 1317
0 1316
0 1315
0 1314
0 1313
0 1312
0 1311
0 1310
0 1309
0 1308
0 1307
0 1306
0 1305
0 1304
0 1303
0 1302
0 1301
0 1300
0 1299
0 1298
0 1297
0 1296
0 1295
0 1294
0 1293
0 1292
0 1291
0 1290
0 1289
0 1288
0 1287
0 1286
0 1285
0 1284
0 1283
0 1282
0 1281
0 1280
0 1279
0 1278
0 1277
0 1276
0 1275
0 1274
0 1273
0 1272
0 1271
0 1270
0 1269
0 1268
0 1267
0 1266
0 1265
0 1264
0 1263
0 1262
0 1261
0 1260
0 1259
0 1258
0 1257
0 1256
0 1255
0 1254
0 1253
0 1252
0 1251
0 1250
0 1249
0 1248
0 1247
0 1246
0 1245
0 1244
0 1243
0 1242
0 1241
0 1240
0 1239
0 1238
0 1237
0 1236
0 1235
0 1234
0 1233
0 1232
0 1231
0 1230
0 1229
0 1228
0 1227
0 1226
0 1225
0 1224
0 1223
0 1222
0 1221
0 1220
0 1219
0 1218
0 1217
0 1216
0 1215
0 1214
0 1213
0 1212
0 1211
0 1210
0 1209
0 1208
0 1207
0 1206
0 1205
0 1204
0 1203
0 1202
0 1201
0 1200
0 1199
0 1198
0 1197
0 1196
0 1195
0 1194
0 1193
0 1192
0 1191
0 1190
0 1189
0 1188
0 1187
0 1186
0 1185
0 1184
0 1183
0 1182
0 1181
0 1180
0 1179
0 1178
0 1177
0 1176
0 1175
0 1174
0 1173
0 1172
0 1171
0 1170
0 1169
0 1168
0 1167
0 1166
0 1165
0 1164
0 1163
0 1162
0 1161
0 1160
0 1159
0 1158
0 1157
0 1156
0 1155
0 1154
0 1153
0 1152
0 1151
0 1150
0 1149
0 1148
0 1147
0 1146
0 1145
0 1144
0 1143
0 1142
0 1141
0 1140
0 1139
0 1138
0 1137
0 1136
0 1135
0 1134
0 1133
0 1132
0 1131
0 1130
0 1129
0 1128
0 1127
0 1126
0 1125
0 1124
0 1123
0 1122
0 1121
0 1120
0 1119
0 1118
0 1117
0 1116
0 1115
0 1114
0 1113
0 1112
0 1111
0 1110
0 1109
0 1108
0 1107
0 1106
0 1105
0 1104
0 1103
0 1102
0 1101
0 1100
0 1099
0 1098
0 1097
0 1096
0 1095
0 1094
0 1093
0 1092
0 1091
0 1090
0 1089
0 1088
0 1087
0 1086
0 1085
0 1084
0 1083
0 1082
0 1081
0 1080
0 1079
0 1078
0 1077
0 1076
0 1075
0 1074
0 1073
0 1072
0 1071
0 1070
0 1069
0 1068
0 1067
0 1066
0 1065
0 1064
0 1063
0 1062
0 1061
0 1060
0 1059
0 1058
0 1057
0 1056
0 1055
0 1054
0 1053
0 1052
0 1051
0 1050
0 1049
0 1048
0 1047
0 1046
0 1045
0 1044
0 1043
0 1042
0 1041
0 1040
0 1039
0 1038
0 1037
0 1036
0 1035
0 1034
0 1033
0 1032
0 1031
0 1030
0 1029
0 1028
0 1027
0 1026
0 1025
0 1024
0 1023
0 1022
0 1021
0 1020
0 1019
0 1018
0 1017
0 1016
0 1015
0 1014
0 1013
0 1012
0 1011
0 1010
0 1009
0 1008
0 1007
0 1006
0 1005
0 1004
0 1003
0 1002
0 1001
0 1000
0 999
0 998
0 997
0 996
0 995
0 994
0 993
0 992
0 991
0 990
0 989
0 988
0 987
0 986
0 985
0 984
0 983
0 982
0 981
0 980
0 979
0 978
0 977
0 976
0 975
0 974
0 973
0 972
0 971
0 970
0 969
0 968
0 967
0 966
0 965
0 964
0 963
0 962
0 961
0 960
0 959
0 958
0 957
0 956
0 955
0 954
0 953
0 952
0 951
0 950
0 949
0 948
0 947
0 946
0 945
0 944
0 943
0 942
0 941
0 940
0 939
0 938
0 937
0 936
0 935
0 934
0 933
0 932
0 931
0 930
0 929
0 928
0 927
0 926
0 925
0 924
0 923
0 922
0 921
0 920
0 919
0 918
0 917
0 916
0 915
0 914
0 913
0 912
0 911
0 910
0 909
0 908
0 907
0 906
0 905
0 904
0 903
0 902
0 901
0 900
0 899
0 898
0 897
0 896
0 895
0 894
0 893
0 892
0 891
0 890
0 889
0 888
0 887
0 886
0 885
0 884
0 883
0 882
0 881
0 880
0 879
0 878
0 877
0 876
0 875
0 874
0 873
0 872
0 871
0 870
0 869
0 868
0 867
0 866
0 865
0 864
0 863
0 862
0 861
0 860
0 859
0 858
0 857
0 856
0 855
0 854
0 853
0 852
0 851
0 850
0 849
0 848
0 847
0 846
0 845
0 844
0 843
0 842
0 841
0 840
0 839
0 838
0 837
0 836
0 835
0 834
0 833
0 832
0 831
0 830
0 829
0 828
0 827
0 826
0 825
0 824
0 823
0 822
0 821
0 820
0 819
0 818
0 817
0 816
0 815
0 814
0 813
0 812
0 811
0 810
0 809
0 808
0 807
0 806
0 805
0 804
0 803
0 802
0 801
0 800
0 799
0 798
0 797
0 796
0 795
0 794
0 793
0 792
0 791
0 790
0 789
0 788
0 787
0 786
0 785
0 784
0 783
0 782
0 781
0 780
0 779
0 778
0 777
0 776
0 775
0 774
0 773
0 772
0 771
0 770
0 769
0 768
0 767
0 766
0 765
0 764
0 763
0 762
0 761
0 760
0 759
0 758
0 757
0 756
0 755
0 754
0 753
0 752
0 751
0 750
0 749
0 748
0 747
0 746
0 745
0 744
0 743
0 742
0 741
0 740
0 739
0 738
0 737
0 736
0 735
0 734
0 733
0 732
0 731
0 730
0 729
0 728
0 727
0 726
0 725
0 724
0 723
0 722
0 721
0 720
0 719
0 718
0 717
0 716
0 715
0 714
0 713
0 712
0 711
0 710
0 709
0 708
0 707
0 706
0 705
0 704
0 703
0 702
0 701
0 700
0 699
0 698
0 697
0 696
0 695
0 694
0 693
0 692
0 691
0 690
0 689
0 688
0 687
0 686
0 685
0 684
0 683
0 682
0 681
0 680
0 679
0 678
0 677
0 676
0 675
0 674
0 673
0 672
0 671
0 670
0 669
0 668
0 667
0 666
0 665
0 664
0 663
0 662
0 661
0 660
0 659
0 658
0 657
0 656
0 655
0 654
0 653
0 652
0 651
0 650
0 649
0 648
0 647
0 646
0 645
0 644
0 643
0 642
0 641
0 640
0 639
0 638
0 637
0 636
0 635
0 634
0 633
0 632
0 631
0 630
0 629
0 628
0 627
0 626
0 625
0 624
0 623
0 622
0 621
0 620
0 619
0 618
0 617
0 616
0 615
0 614
0 613
0 612
0 611
0 610
0 609
0 608
0 607
0 606
0 605
0 604
0 603
0 602
0 601
0 600
0 599
0 598
0 597
0 596
0 595
0 594
0 593
0 592
0 591
0 590
0 589
0 588
0 587
0 586
0 585
0 584
0 583
0 582
0 581
0 580
0 579
0 578
0 577
0 576
0 575
0 574
0 573
0 572
0 571
0 570
0 569
0 568
0 567
0 566
0 565
0 564
0 563
0 562
0 561
0 560
0 559
0 558
0 557
0 556
0 555
0 554
0 553
0 552
0 551
0 550
0 549
0 548
0 547
0 546
0 545
0 544
0 543
0 542
0 541
0 540
0 539
0 538
0 537
0 536
0 535
0 534
0 533
0 532
0 531
0 530
0 529
0 528
0 527
0 526
0 525
0 524
0 523
0 522
0 521
0 520
0 519
0 518
0 517
0 516
0 515
0 514
0 513
0 512
0 511
0 510
0 509
0 508
0 507
0 506
0 505
0 504
0 503
0 502
0 501
0 500
0 499
0 498
0 497
0 496
0 495
0 494
0 493
0 492
0 491
0 490
0 489
0 488
0 487
0 486
0 485
0 484
0 483
0 482
0 481
0 480
0 479
0 478
0 477
0 476
0 475
0 474
0 473
0 472
0 471
0 470
0 469
0 468
0 467
0 466
0 465
0 464
0 463
0 462
0 461
0 460
0 459
0 458
0 457
0 456
0 455
0 454
0 453
0 452
0 451
0 450
0 449
0 448
0 447
0 446
0 445
0 444
0 443
0 442
0 441
0 440
0 439
0 438
0 437
0 436
0 435
0 434
0 433
0 432
0 431
0 430
0 429
0 428
0 427
0 426
0 425
0 424
0 423
0 422
0 421
0 420
0 419
0 418
0 417
0 416
0 415
0 414
0 413
0 412
0 411
0 410
0 409
0 408
0 407
0 406
0 405
0 404
0 403
0 402
0 401
0 400
0 399
0 398
0 397
0 396
0 395
0 394
0 393
0 392
0 391
0 390
0 389
0 388
0 387
0 386
0 385
0 384
0 383
0 382
0 381
0 380
0 379
0 378
0 377
0 376
0 375
0 374
0 373
0 372
0 371
0 370
0 369
0 368
0 367
0 366
0 365
0 364
0 363
0 362
0 361
0 360
0 359
0 358
0 357
0 356
0 355
0 354
0 353
0 352
0 351
0 350
0 349
0 348
0 347
0 346
0 345
0 344
0 343
0 342
0 341
0 340
0 339
0 338
0 337
0 336
0 335
0 334
0 333
0 332
0 331
0 330
0 329
0 328
0 327
0 326
0 325
0 324
0 323
0 322
0 321
0 320
0 319
0 318
0 317
0 316
0 315
0 314
0 313
0 312
0 311
0 310
0 309
0 308
0 307
0 306
0 305
0 304
0 303
0 302
0 301
0 300
0 299
0 298
0 297
0 296
0 295
0 294
0 293
0 292
0 291
0 290
0 289
0 288
0 287
0 286
0 285
0 284
0 283
0 282
0 281
0 280
0 279
0 278
0 277
0 276
0 275
0 274
0 273
0 272
0 271
0 270
0 269
0 268
0 267
0 266
0 265
0 264
0 263
0 262
0 261
0 260
0 259
0 258
0 257
0 256
0 255
0 254
0 253
0 252
0 251
0 250
0 249
0 248
0 247
0 246
0 245
0 244
0 243
0 242
0 241
0 240
0 239
0 238
0 237
0 236
0 235
0 234
0 233
0 232
0 231
0 230
0 229
0 228
0 227
0 226
0 225
0 224
0 223
0 222
0 221
0 220
0 219
0 218
0 217
0 216
0 215
0 214
0 213
0 212
0 211
0 210
0 209
0 208
0 207
0 206
0 205
0 204
0 203
0 202
0 201
0 200
0 199
0 198
0 197
0 196
0 195
0 194
0 193
0 192
0 191
0 190
0 189
0 188
0 187
0 186
0 185
0 184
0 183
0 182
0 181
0 180
0 179
0 178
0 177
0 176
0 175
0 174
0 173
0 172
0 171
0 170
0 169
0 168
0 167
0 166
0 165
0 164
0 163
0 162
0 161
0 160
0 159
0 158
0 157
0 156
0 155
0 154
0 153
0 152
0 151
0 150
0 149
0 148
0 147
0 146
0 145
0 144
0 143
0 142
0 141
0 140
0 139
0 138
0 137
0 136
0 135
0 134
0 133
0 132
0 131
0 130
0 129
0 128
0 127
0 126
0 125
0 124
0 123
0 122
0 121
0 120
0 119
0 118
0 117
0 116
0 115
0 114
0 113
0 112
0 111
0 110
0 109
0 108
0 107
0 106
0 105
0 104
0 103
0 102
0 101
0 100
0 99
0 98
0 97
0 96
0 95
0 94
0 93
0 92
0 91
0 90
0 89
0 88
0 87
0 86
0 85
0 84
0 83
0 82
0 81
0 80
0 79
0 78
0 77
0 76
0 75
0 74
0 73
0 72
0 71
0 70
0 69
0 68
0 67
0 66
0 65
0 64
0 63
0 62
0 61
0 60
0 59
0 58
0 57
0 56
0 55
0 54
0 53
0 52
0 51
0 50
0 49
0 48
0 47
0 46
0 45
0 44
0 43
0 42
0 41
0 40
0 39
0 38
0 37
0 36
0 35
0 34
0 33
0 32
0 31
0 30
0 29
0 28
0 27
0 26
0 25
0 24
0 23
0 22
0 21
0 20
0 19
0 18
0 17
0 16
0 15
0 14
0 13
0 12
0 11
0 10
0 9
0 8
0 7
0 6
0 5
0 4
0 3
0 2
0 1
