2000 0
1999 1
1998 2
1997 3
1996 4
1995 5
1994 6
1993 7
1992 8
1991 9
1990 10
1989 11
1988 12
1987 13
1986 14
1985 15
1984 16
1983 17
1982 18
1981 19
1980 20
1979 21
1978 22
1977 23
1976 24
1975 25
1974 26
1973 27
1972 28
1971 29
1970 30
1969 31
1968 32
1967 33
1966 34
1965 35
1964 36
1963 37
1962 38
1961 39
1960 40
1959 41
1958 42
1957 43
1956 44
1955 45
1954 46
1953 47
1952 48
1951 49
1950 50
1949 51
1948 52
1947 53
1946 54
1945 55
1944 56
1943 57
1942 58
1941 59
1940 60
1939 61
1938 62
1937 63
1936 64
1935 65
1934 66
1933 67
1932 68
1931 69
1930 70
1929 71
1928 72
1927 73
1926 74
1925 75
1924 76
1923 77
1922 78
1921 79
1920 80
1919 81
1918 82
1917 83
1916 84
1915 85
1914 86
1913 87
1912 88
1911 89
1910 90
1909 91
1908 92
1907 93
1906 94
1905 95
1904 96
1903 97
1902 98
1901 99
1900 100
1899 101
1898 102
1897 103
1896 104
1895 105
1894 106
1893 107
1892 108
1891 109
1890 110
1889 111
1888 112
1887 113
1886 114
1885 115
1884 116
1883 117
1882 118
1881 119
1880 120
1879 121
1878 122
1877 123
1876 124
1875 125
1874 126
1873 127
1872 128
1871 129
1870 130
1869 131
1868 132
1867 133
1866 134
1865 135
1864 136
1863 137
1862 138
1861 139
1860 140
1859 141
1858 142
1857 143
1856 144
1855 145
1854 146
1853 147
1852 148
1851 149
1850 150
1849 151
1848 152
1847 153
1846 154
1845 155
1844 156
1843 157
1842 158
1841 159
1840 160
1839 161
1838 162
1837 163
1836 164
1835 165
1834 166
1833 167
1832 168
1831 169
1830 170
1829 171
1828 172
1827 173
1826 174
1825 175
1824 176
1823 177
1822 178
1821 179
1820 180
1819 181
1818 182
1817 183
1816 184
1815 185
1814 186
1813 187
1812 188
1811 189
1810 190
1809 191
1808 192
1807 193
1806 194
1805 195
1804 196
1803 197
1802 198
1801 199
1800 200
1799 201
1798 202
1797 203
1796 204
1795 205
1794 206
1793 207
1792 208
1791 209
1790 210
1789 211
1788 212
1787 213
1786 214
1785 215
1784 216
1783 217
1782 218
1781 219
1780 220
1779 221
1778 222
1777 223
1776 224
1775 225
1774 226
1773 227
1772 228
1771 229
1770 230
1769 231
1768 232
1767 233
1766 234
1765 235
1764 236
1763 237
1762 238
1761 239
1760 240
1759 241
1758 242
1757 243
1756 244
1755 245
1754 246
1753 247
1752 248
1751 249
1750 250
1749 251
1748 252
1747 253
1746 254
1745 255
1744 256
1743 257
1742 258
1741 259
1740 260
1739 261
1738 262
1737 263
1736 264
1735 265
1734 266
1733 267
1732 268
1731 269
1730 270
1729 271
1728 272
1727 273
1726 274
1725 275
1724 276
1723 277
1722 278
1721 279
1720 280
1719 281
1718 282
1717 283
1716 284
1715 285
1714 286
1713 287
1712 288
1711 289
1710 290
1709 291
1708 292
1707 293
1706 294
1705 295
1704 296
1703 297
1702 298
1701 299
1700 300
1699 301
1698 302
1697 303
1696 304
1695 305
1694 306
1693 307
1692 308
1691 309
1690 310
1689 311
1688 312
1687 313
1686 314
1685 315
1684 316
1683 317
1682 318
1681 319
1680 320
1679 321
1678 322
1677 323
1676 324
1675 325
1674 326
1673 327
1672 328
1671 329
1670 330
1669 331
1668 332
1667 333
1666 334
1665 335
1664 336
1663 337
1662 338
1661 339
1660 340
1659 341
1658 342
1657 343
1656 344
1655 345
1654 346
1653 347
1652 348
1651 349
1650 350
1649 351
1648 352
1647 353
1646 354
1645 355
1644 356
1643 357
1642 358
1641 359
1640 360
1639 361
1638 362
1637 363
1636 364
1635 365
1634 366
1633 367
1632 368
1631 369
1630 370
1629 371
1628 372
1627 373
1626 374
1625 375
1624 376
1623 377
1622 378
1621 379
1620 380
1619 381
1618 382
1617 383
1616 384
1615 385
1614 386
1613 387
1612 388
1611 389
1610 390
1609 391
1608 392
1607 393
1606 394
1605 395
1604 396
1603 397
1602 398
1601 399
1600 400
1599 401
1598 402
1597 403
1596 404
1595 405
1594 406
1593 407
1592 408
1591 409
1590 410
1589 411
1588 412
1587 413
1586 414
1585 415
1584 416
1583 417
1582 418
1581 419
1580 420
1579 421
1578 422
1577 423
1576 424
1575 425
1574 426
1573 427
1572 428
1571 429
1570 430
1569 431
1568 432
1567 433
1566 434
1565 435
1564 436
1563 437
1562 438
1561 439
1560 440
1559 441
1558 442
1557 443
1556 444
1555 445
1554 446
1553 447
1552 448
1551 449
1550 450
1549 451
1548 452
1547 453
1546 454
1545 455
1544 456
1543 457
1542 458
1541 459
1540 460
1539 461
1538 462
1537 463
1536 464
1535 465
1534 466
1533 467
1532 468
1531 469
1530 470
1529 471
1528 472
1527 473
1526 474
1525 475
1524 476
1523 477
1522 478
1521 479
1520 480
1519 481
1518 482
1517 483
1516 484
1515 485
1514 486
1513 487
1512 488
1511 489
1510 490
1509 491
1508 492
1507 493
1506 494
1505 495
1504 496
1503 497
1502 498
1501 499
1500 500
1499 501
1498 502
1497 503
1496 504
1495 505
1494 506
1493 507
1492 508
1491 509
1490 510
1489 511
1488 512
1487 513
1486 514
1485 515
1484 516
1483 517
1482 518
1481 519
1480 520
1479 521
1478 522
1477 523
1476 524
1475 525
1474 526
1473 527
1472 528
1471 529
1470 530
1469 531
1468 532
1467 533
1466 534
1465 535
1464 536
1463 537
1462 538
1461 539
1460 540
1459 541
1458 542
1457 543
1456 544
1455 545
1454 546
1453 547
1452 548
1451 549
1450 550
1449 551
1448 552
1447 553
1446 554
1445 555
1444 556
1443 557
1442 558
1441 559
1440 560
1439 561
1438 562
1437 563
1436 564
1435 565
1434 566
1433 567
1432 568
1431 569
1430 570
1429 571
1428 572
1427 573
1426 574
1425 575
1424 576
1423 577
1422 578
1421 579
1420 580
1419 581
1418 582
1417 583
1416 584
1415 585
1414 586
1413 587
1412 588
1411 589
1410 590
1409 591
1408 592
1407 593
1406 594
1405 595
1404 596
1403 597
1402 598
1401 599
1400 600
1399 601
1398 602
1397 603
1396 604
1395 605
1394 606
1393 607
1392 608
1391 609
1390 610
1389 611
1388 612
1387 613
1386 614
1385 615
1384 616
1383 617
1382 618
1381 619
1380 620
1379 621
1378 622
1377 623
1376 624
1375 625
1374 626
1373 627
1372 628
1371 629
1370 630
1369 631
1368 632
1367 633
1366 634
1365 635
1364 636
1363 637
1362 638
1361 639
1360 640
1359 641
1358 642
1357 643
1356 644
1355 645
1354 646
1353 647
1352 648
1351 649
1350 650
1349 651
1348 652
1347 653
1346 654
1345 655
1344 656
1343 657
1342 658
1341 659
1340 660
1339 661
1338 662
1337 663
1336 664
1335 665
1334 666
1333 667
1332 668
1331 669
1330 670
1329 671
1328 672
1327 673
1326 674
1325 675
1324 676
1323 677
1322 678
1321 679
1320 680
1319 681
1318 682
1317 683
1316 684
1315 685
1314 686
1313 687
1312 688
1311 689
1310 690
1309 691
1308 692
1307 693
1306 694
1305 695
1304 696
1303 697
1302 698
1301 699
1300 700
1299 701
1298 702
1297 703
1296 704
1295 705
1294 706
1293 707
1292 708
1291 709
1290 710
1289 711
1288 712
1287 713
1286 714
1285 715
1284 716
1283 717
1282 718
1281 719
1280 720
1279 721
1278 722
1277 723
1276 724
1275 725
1274 726
1273 727
1272 728
1271 729
1270 730
1269 731
1268 732
1267 733
1266 734
1265 735
1264 736
1263 737
1262 738
1261 739
1260 740
1259 741
1258 742
1257 743
1256 744
1255 745
1254 746
1253 747
1252 748
1251 749
1250 750
1249 751
1248 752
1247 753
1246 754
1245 755
1244 756
1243 757
1242 758
1241 759
1240 760
1239 761
1238 762
1237 763
1236 764
1235 765
1234 766
1233 767
1232 768
1231 769
1230 770
1229 771
1228 772
1227 773
1226 774
1225 775
1224 776
1223 777
1222 778
1221 779
1220 780
1219 781
1218 782
1217 783
1216 784
1215 785
1214 786
1213 787
1212 788
1211 789
1210 790
1209 791
1208 792
1207 793
1206 794
1205 795
1204 796
1203 797
1202 798
1201 799
1200 800
1199 801
1198 802
1197 803
1196 804
1195 805
1194 806
1193 807
1192 808
1191 809
1190 810
1189 811
1188 812
1187 813
1186 814
1185 815
1184 816
1183 817
1182 818
1181 819
1180 820
1179 821
1178 822
1177 823
1176 824
1175 825
1174 826
1173 827
1172 828
1171 829
1170 830
1169 831
1168 832
1167 833
1166 834
1165 835
1164 836
1163 837
1162 838
1161 839
1160 840
1159 841
1158 842
1157 843
1156 844
1155 845
1154 846
1153 847
1152 848
1151 849
1150 850
1149 851
1148 852
1147 853
1146 854
1145 855
1144 856
1143 857
1142 858
1141 859
1140 860
1139 861
1138 862
1137 863
1136 864
1135 865
1134 866
1133 867
1132 868
1131 869
1130 870
1129 871
1128 872
1127 873
1126 874
1125 875
1124 876
1123 877
1122 878
1121 879
1120 880
1119 881
1118 882
1117 883
1116 884
1115 885
1114 886
1113 887
1112 888
1111 889
1110 890
1109 891
1108 892
1107 893
1106 894
1105 895
1104 896
1103 897
1102 898
1101 899
1100 900
1099 901
1098 902
1097 903
1096 904
1095 905
1094 906
1093 907
1092 908
1091 909
1090 910
1089 911
1088 912
1087 913
1086 914
1085 915
1084 916
1083 917
1082 918
1081 919
1080 920
1079 921
1078 922
1077 923
1076 924
1075 925
1074 926
1073 927
1072 928
1071 929
1070 930
1069 931
1068 932
1067 933
1066 934
1065 935
1064 936
1063 937
1062 938
1061 939
1060 940
1059 941
1058 942
1057 943
1056 944
1055 945
1054 946
1053 947
1052 948
1051 949
1050 950
1049 951
1048 952
1047 953
1046 954
1045 955
1044 956
1043 957
1042 958
1041 959
1040 960
1039 961
1038 962
1037 963
1036 964
1035 965
1034 966
1033 967
1032 968
1031 969
1030 970
1029 971
1028 972
1027 973
1026 974
1025 975
1024 976
1023 977
1022 978
1021 979
1020 980
1019 981
1018 982
1017 983
1016 984
1015 985
1014 986
1013 987
1012 988
1011 989
1010 990
1009 991
1008 992
1007 993
1006 994
1005 995
1004 996
1003 997
1002 998
1001 999
1000 1000
999 1001
998 1002
997 1003
996 1004
995 1005
994 1006
993 1007
992 1008
991 1009
990 1010
989 1011
988 1012
987 1013
986 1014
985 1015
984 1016
983 1017
982 1018
981 1019
980 1020
979 1021
978 1022
977 1023
976 1024
975 1025
974 1026
973 1027
972 1028
971 1029
970 1030
969 1031
968 1032
967 1033
966 1034
965 1035
964 1036
963 1037
962 1038
961 1039
960 1040
959 1041
958 1042
957 1043
956 1044
955 1045
954 1046
953 1047
952 1048
951 1049
950 1050
949 1051
948 1052
947 1053
946 1054
945 1055
944 1056
943 1057
942 1058
941 1059
940 1060
939 1061
938 1062
937 1063
936 1064
935 1065
934 1066
933 1067
932 1068
931 1069
930 1070
929 1071
928 1072
927 1073
926 1074
925 1075
924 1076
923 1077
922 1078
921 1079
920 1080
919 1081
918 1082
917 1083
916 1084
915 1085
914 1086
913 1087
912 1088
911 1089
910 1090
909 1091
908 1092
907 1093
906 1094
905 1095
904 1096
903 1097
902 1098
901 1099
900 1100
899 1101
898 1102
897 1103
896 1104
895 1105
894 1106
893 1107
892 1108
891 1109
890 1110
889 1111
888 1112
887 1113
886 1114
885 1115
884 1116
883 1117
882 1118
881 1119
880 1120
879 1121
878 1122
877 1123
876 1124
875 1125
874 1126
873 1127
872 1128
871 1129
870 1130
869 1131
868 1132
867 1133
866 1134
865 1135
864 1136
863 1137
862 1138
861 1139
860 1140
859 1141
858 1142
857 1143
856 1144
855 1145
854 1146
853 1147
852 1148
851 1149
850 1150
849 1151
848 1152
847 1153
846 1154
845 1155
844 1156
843 1157
842 1158
841 1159
840 1160
839 1161
838 1162
837 1163
836 1164
835 1165
834 1166
833 1167
832 1168
831 1169
830 1170
829 1171
828 1172
827 1173
826 1174
825 1175
824 1176
823 1177
822 1178
821 1179
820 1180
819 1181
818 1182
817 1183
816 1184
815 1185
814 1186
813 1187
812 1188
811 1189
810 1190
809 1191
808 1192
807 1193
806 1194
805 1195
804 1196
803 1197
802 1198
801 1199
800 1200
799 1201
798 1202
797 1203
796 1204
795 1205
794 1206
793 1207
792 1208
791 1209
790 1210
789 1211
788 1212
787 1213
786 1214
785 1215
784 1216
783 1217
782 1218
781 1219
780 1220
779 1221
778 1222
777 1223
776 1224
775 1225
774 1226
773 1227
772 1228
771 1229
770 1230
769 1231
768 1232
767 1233
766 1234
765 1235
764 1236
763 1237
762 1238
761 1239
760 1240
759 1241
758 1242
757 1243
756 1244
755 1245
754 1246
753 1247
752 1248
751 1249
750 1250
749 1251
748 1252
747 1253
746 1254
745 1255
744 1256
743 1257
742 1258
741 1259
740 1260
739 1261
738 1262
737 1263
736 1264
735 1265
734 1266
733 1267
732 1268
731 1269
730 1270
729 1271
728 1272
727 1273
726 1274
725 1275
724 1276
723 1277
722 1278
721 1279
720 1280
719 1281
718 1282
717 1283
716 1284
715 1285
714 1286
713 1287
712 1288
711 1289
710 1290
709 1291
708 1292
707 1293
706 1294
705 1295
704 1296
703 1297
702 1298
701 1299
700 1300
699 1301
698 1302
697 1303
696 1304
695 1305
694 1306
693 1307
692 1308
691 1309
690 1310
689 1311
688 1312
687 1313
686 1314
685 1315
684 1316
683 1317
682 1318
681 1319
680 1320
679 1321
678 1322
677 1323
676 1324
675 1325
674 1326
673 1327
672 1328
671 1329
670 1330
669 1331
668 1332
667 1333
666 1334
665 1335
664 1336
663 1337
662 1338
661 1339
660 1340
659 1341
658 1342
657 1343
656 1344
655 1345
654 1346
653 1347
652 1348
651 1349
650 1350
649 1351
648 1352
647 1353
646 1354
645 1355
644 1356
643 1357
642 1358
641 1359
640 1360
639 1361
638 1362
637 1363
636 1364
635 1365
634 1366
633 1367
632 1368
631 1369
630 1370
629 1371
628 1372
627 1373
626 1374
625 1375
624 1376
623 1377
622 1378
621 1379
620 1380
619 1381
618 1382
617 1383
616 1384
615 1385
614 1386
613 1387
612 1388
611 1389
610 1390
609 1391
608 1392
607 1393
606 1394
605 1395
604 1396
603 1397
602 1398
601 1399
600 1400
599 1401
598 1402
597 1403
596 1404
595 1405
594 1406
593 1407
592 1408
591 1409
590 1410
589 1411
588 1412
587 1413
586 1414
585 1415
584 1416
583 1417
582 1418
581 1419
580 1420
579 1421
578 1422
577 1423
576 1424
575 1425
574 1426
573 1427
572 1428
571 1429
570 1430
569 1431
568 1432
567 1433
566 1434
565 1435
564 1436
563 1437
562 1438
561 1439
560 1440
559 1441
558 1442
557 1443
556 1444
555 1445
554 1446
553 1447
552 1448
551 1449
550 1450
549 1451
548 1452
547 1453
546 1454
545 1455
544 1456
543 1457
542 1458
541 1459
540 1460
539 1461
538 1462
537 1463
536 1464
535 1465
534 1466
533 1467
532 1468
531 1469
530 1470
529 1471
528 1472
527 1473
526 1474
525 1475
524 1476
523 1477
522 1478
521 1479
520 1480
519 1481
518 1482
517 1483
516 1484
515 1485
514 1486
513 1487
512 1488
511 1489
510 1490
509 1491
508 1492
507 1493
506 1494
505 1495
504 1496
503 1497
502 1498
501 1499
500 1500
499 1501
498 1502
497 1503
496 1504
495 1505
494 1506
493 1507
492 1508
491 1509
490 1510
489 1511
488 1512
487 1513
486 1514
485 1515
484 1516
483 1517
482 1518
481 1519
480 1520
479 1521
478 1522
477 1523
476 1524
475 1525
474 1526
473 1527
472 1528
471 1529
470 1530
469 1531
468 1532
467 1533
466 1534
465 1535
464 1536
463 1537
462 1538
461 1539
460 1540
459 1541
458 1542
457 1543
456 1544
455 1545
454 1546
453 1547
452 1548
451 1549
450 1550
449 1551
448 1552
447 1553
446 1554
445 1555
444 1556
443 1557
442 1558
441 1559
440 1560
439 1561
438 1562
437 1563
436 1564
435 1565
434 1566
433 1567
432 1568
431 1569
430 1570
429 1571
428 1572
427 1573
426 1574
425 1575
424 1576
423 1577
422 1578
421 1579
420 1580
419 1581
418 1582
417 1583
416 1584
415 1585
414 1586
413 1587
412 1588
411 1589
410 1590
409 1591
408 1592
407 1593
406 1594
405 1595
404 1596
403 1597
402 1598
401 1599
400 1600
399 1601
398 1602
397 1603
396 1604
395 1605
394 1606
393 1607
392 1608
391 1609
390 1610
389 1611
388 1612
387 1613
386 1614
385 1615
384 1616
383 1617
382 1618
381 1619
380 1620
379 1621
378 1622
377 1623
376 1624
375 1625
374 1626
373 1627
372 1628
371 1629
370 1630
369 1631
368 1632
367 1633
366 1634
365 1635
364 1636
363 1637
362 1638
361 1639
360 1640
359 1641
358 1642
357 1643
356 1644
355 1645
354 1646
353 1647
352 1648
351 1649
350 1650
349 1651
348 1652
347 1653
346 1654
345 1655
344 1656
343 1657
342 1658
341 1659
340 1660
339 1661
338 1662
337 1663
336 1664
335 1665
334 1666
333 1667
332 1668
331 1669
330 1670
329 1671
328 1672
327 1673
326 1674
325 1675
324 1676
323 1677
322 1678
321 1679
320 1680
319 1681
318 1682
317 1683
316 1684
315 1685
314 1686
313 1687
312 1688
311 1689
310 1690
309 1691
308 1692
307 1693
306 1694
305 1695
304 1696
303 1697
302 1698
301 1699
300 1700
299 1701
298 1702
297 1703
296 1704
295 1705
294 1706
293 1707
292 1708
291 1709
290 1710
289 1711
288 1712
287 1713
286 1714
285 1715
284 1716
283 1717
282 1718
281 1719
280 1720
279 1721
278 1722
277 1723
276 1724
275 1725
274 1726
273 1727
272 1728
271 1729
270 1730
269 1731
268 1732
267 1733
266 1734
265 1735
264 1736
263 1737
262 1738
261 1739
260 1740
259 1741
258 1742
257 1743
256 1744
255 1745
254 1746
253 1747
252 1748
251 1749
250 1750
249 1751
248 1752
247 1753
246 1754
245 1755
244 1756
243 1757
242 1758
241 1759
240 1760
239 1761
238 1762
237 1763
236 1764
235 1765
234 1766
233 1767
232 1768
231 1769
230 1770
229 1771
228 1772
227 1773
226 1774
225 1775
224 1776
223 1777
222 1778
221 1779
220 1780
219 1781
218 1782
217 1783
216 1784
215 1785
214 1786
213 1787
212 1788
211 1789
210 1790
209 1791
208 1792
207 1793
206 1794
205 1795
204 1796
203 1797
202 1798
201 1799
200 1800
199 1801
198 1802
197 1803
196 1804
195 1805
194 1806
193 1807
192 1808
191 1809
190 1810
189 1811
188 1812
187 1813
186 1814
185 1815
184 1816
183 1817
182 1818
181 1819
180 1820
179 1821
178 1822
177 1823
176 1824
175 1825
174 1826
173 1827
172 1828
171 1829
170 1830
169 1831
168 1832
167 1833
166 1834
165 1835
164 1836
163 1837
162 1838
161 1839
160 1840
159 1841
158 1842
157 1843
156 1844
155 1845
154 1846
153 1847
152 1848
151 1849
150 1850
149 1851
148 1852
147 1853
146 1854
145 1855
144 1856
143 1857
142 1858
141 1859
140 1860
139 1861
138 1862
137 1863
136 1864
135 1865
134 1866
133 1867
132 1868
131 1869
130 1870
129 1871
128 1872
127 1873
126 1874
125 1875
124 1876
123 1877
122 1878
121 1879
120 1880
119 1881
118 1882
117 1883
116 1884
115 1885
114 1886
113 1887
112 1888
111 1889
110 1890
109 1891
108 1892
107 1893
106 1894
105 1895
104 1896
103 1897
102 1898
101 1899
100 1900
99 1901
98 1902
97 1903
96 1904
95 1905
94 1906
93 1907
92 1908
91 1909
90 1910
89 1911
88 1912
87 1913
86 1914
85 1915
84 1916
83 1917
82 1918
81 1919
80 1920
79 1921
78 1922
77 1923
76 1924
75 1925
74 1926
73 1927
72 1928
71 1929
70 1930
69 1931
68 1932
67 1933
66 1934
65 1935
64 1936
63 1937
62 1938
61 1939
60 1940
59 1941
58 1942
57 1943
56 1944
55 1945
54 1946
53 1947
52 1948
51 1949
50 1950
49 1951
48 1952
47 1953
46 1954
45 1955
44 1956
43 1957
42 1958
41 1959
40 1960
39 1961
38 1962
37 1963
36 1964
35 1965
34 1966
33 1967
32 1968
31 1969
30 1970
29 1971
28 1972
27 1973
26 1974
25 1975
24 1976
23 1977
22 1978
21 1979
20 1980
19 1981
18 1982
17 1983
16 1984
15 1985
14 1986
13 1987
12 1988
11 1989
10 1990
9 1991
8 1992
7 1993
6 1994
5 1995
4 1996
3 1997
2 1998
1 1999
0 2000
0 1999
0 1998
0 1997
0 1996
0 1995
0 1994
0 1993
0 1992
0 1991
0 1990
0 1989
0 1988
0 1987
0 1986
0 1985
0 1984
0 1983
0 1982
0 1981
0 1980
0 1979
0 1978
0 1977
0 1976
0 1975
0 1974
0 1973
0 1972
0 1971
0 1970
0 1969
0 1968
0 1967
0 1966
0 1965
0 1964
0 1963
0 1962
0 1961
0 1960
0 1959
0 1958
0 1957
0 1956
0 1955
0 1954
0 1953
0 1952
0 1951
0 1950
0 1949
0 1948
0 1947
0 1946
0 1945
0 1944
0 1943
0 1942
0 1941
0 1940
0 1939
0 1938
0 1937
0 1936
0 1935
0 1934
0 1933
0 1932
0 1931
0 1930
0 1929
0 1928
0 1927
0 1926
0 1925
0 1924
0 1923
0 1922
0 1921
0 1920
0 1919
0 1918
0 1917
0 1916
0 1915
0 1914
0 1913
0 1912
0 1911
0 1910
0 1909
0 1908
0 1907
0 1906
0 1905
0 1904
0 1903
0 1902
0 1901
0 1900
0 1899
0 1898
0 1897
0 1896
0 1895
0 1894
0 1893
0 1892
0 1891
0 1890
0 1889
0 1888
0 1887
0 1886
0 1885
0 1884
0 1883
0 1882
0 1881
0 1880
0 1879
0 1878
0 1877
0 1876
0 1875
0 1874
0 1873
0 1872
0 1871
0 1870
0 1869
0 1868
0 1867
0 1866
0 1865
0 1864
0 1863
0 1862
0 1861
0 1860
0 1859
0 1858
0 1857
0 1856
0 1855
0 1854
0 1853
0 1852
0 1851
0 1850
0 1849
0 1848
0 1847
0 1846
0 1845
0 1844
0 1843
0 1842
0 1841
0 1840
0 1839
0 1838
0 1837
0 1836
0 1835
0 1834
0 1833
0 1832
0 1831
0 1830
0 1829
0 1828
0 1827
0 1826
0 1825
0 1824
0 1823
0 1822
0 1821
0 1820
0 1819
0 1818
0 1817
0 1816
0 1815
0 1814
0 1813
0 1812
0 1811
0 1810
0 1809
0 1808
0 1807
0 1806
0 1805
0 1804
0 1803
0 1802
0 1801
0 1800
0 1799
0 1798
0 1797
0 1796
0 1795
0 1794
0 1793
0 1792
0 1791
0 1790
0 1789
0 1788
0 1787
0 1786
0 1785
0 1784
0 1783
0 1782
0 1781
0 1780
0 1779
0 1778
0 1777
0 1776
0 1775
0 1774
0 1773
0 1772
0 1771
0 1770
0 1769
0 1768
0 1767
0 1766
0 1765
0 1764
0 1763
0 1762
0 1761
0 1760
0 1759
0 1758
0 1757
0 1756
0 1755
0 1754
0 1753
0 1752
0 1751
0 1750
0 1749
0 1748
0 1747
0 1746
0 1745
0 1744
0 1743
0 1742
0 1741
0 1740
0 1739
0 1738
0 1737
0 1736
0 1735
0 1734
0 1733
0 1732
0 1731
0 1730
0 1729
0 1728
0 1727
0 1726
0 1725
0 1724
0 1723
0 1722
0 1721
0 1720
0 1719
0 1718
0 1717
0 1716
0 1715
0 1714
0 1713
0 1712
0 1711
0 1710
0 1709
0 1708
0 1707
0 1706
0 1705
0 1704
0 1703
0 1702
0 1701
0 1700
0 1699
0 1698
0 1697
0 1696
0 1695
0 1694
0 1693
0 1692
0 1691
0 1690
0 1689
0 1688
0 1687
0 1686
0 1685
0 1684
0 1683
0 1682
0 1681
0 1680
0 1679
0 1678
0 1677
0 1676
0 1675
0 1674
0 1673
0 1672
0 1671
0 1670
0 1669
0 1668
0 1667
0 1666
0 1665
0 1664
0 1663
0 1662
0 1661
0 1660
0 1659
0 1658
0 1657
0 1656
0 1655
0 1654
0 1653
0 1652
0 1651
0 1650
0 1649
0 1648
0 1647
0 1646
0 1645
0 1644
0 1643
0 1642
0 1641
0 1640
0 1639
0 1638
0 1637
0 1636
0 1635
0 1634
0 1633
0 1632
0 1631
0 1630
0 1629
0 1628
0 1627
0 1626
0 1625
0 1624
0 1623
0 1622
0 1621
0 1620
0 1619
0 1618
0 1617
0 1616
0 1615
0 1614
0 1613
0 1612
0 1611
0 1610
0 1609
0 1608
0 1607
0 1606
0 1605
0 1604
0 1603
0 1602
0 1601
0 1600
0 1599
0 1598
0 1597
0 1596
0 1595
0 1594
0 1593
0 1592
0 1591
0 1590
0 1589
0 1588
0 1587
0 1586
0 1585
0 1584
0 1583
0 1582
0 1581
0 1580
0 1579
0 1578
0 1577
0 1576
0 1575
0 1574
0 1573
0 1572
0 1571
0 1570
0 1569
0 1568
0 1567
0 1566
0 1565
0 1564
0 1563
0 1562
0 1561
0 1560
0 1559
0 1558
0 1557
0 1556
0 1555
0 1554
0 1553
0 1552
0 1551
0 1550
0 1549
0 1548
0 1547
0 1546
0 1545
0 1544
0 1543
0 1542
0 1541
0 1540
0 1539
0 1538
0 1537
0 1536
0 1535
0 1534
0 1533
0 1532
0 1531
0 1530
0 1529
0 1528
0 1527
0 1526
0 1525
0 1524
0 1523
0 1522
0 1521
0 1520
0 1519
0 1518
0 1517
0 1516
0 1515
0 1514
0 1513
0 1512
0 1511
0 1510
0 1509
0 1508
0 1507
0 1506
0 1505
0 1504
0 1503
0 1502
0 1501
0 1500
0 1499
0 1498
0 1497
0 1496
0 1495
0 1494
0 1493
0 1492
0 1491
0 1490
0 1489
0 1488
0 1487
0 1486
0 1485
0 1484
0 1483
0 1482
0 1481
0 1480
0 1479
0 1478
0 1477
0 1476
0 1475
0 1474
0 1473
0 1472
0 1471
0 1470
0 1469
0 1468
0 1467
0 1466
0 1465
0 1464
0 1463
0 1462
0 1461
0 1460
0 1459
0 1458
0 1457
0 1456
0 1455
0 1454
0 1453
0 1452
0 1451
0 1450
0 1449
0 1448
0 1447
0 1446
0 1445
0 1444
0 1443
0 1442
0 1441
0 1440
0 1439
0 1438
0 1437
0 1436
0 1435
0 1434
0 1433
0 1432
0 1431
0 1430
0 1429
0 1428
0 1427
0 1426
0 1425
0 1424
0 1423
0 1422
0 1421
0 1420
0 1419
0 1418
0 1417
0 1416
0 1415
0 1414
0 1413
0 1412
0 1411
0 1410
0 1409
0 1408
0 1407
0 1406
0 1405
0 1404
0 1403
0 1402
0 1401
0 1400
0 1399
0 1398
0 1397
0 1396
0 1395
0 1394
0 1393
0 1392
0 1391
0 1390
0 1389
0 1388
0 1387
0 1386
0 1385
0 1384
0 1383
0 1382
0 1381
0 1380
0 1379
0 1378
0 1377
0 1376
0 1375
0 1374
0 1373
0 1372
0 1371
0 1370
0 1369
0 1368
0 1367
0 1366
0 1365
0 1364
0 1363
0 1362
0 1361
0 1360
0 1359
0 1358
0 1357
0 1356
0 1355
0 1354
0 1353
0 1352
0 1351
0 1350
0 1349
0 1348
0 1347
0 1346
0 1345
0 1344
0 1343
0 1342
0 1341
0 1340
0 1339
0 1338
0 1337
0 1336
0 1335
0 1334
0 1333
0 1332
0 1331
0 1330
0 1329
0 1328
0 1327
0 1326
0 1325
0 1324
0 1323
0 1322
0 1321
0 1320
0 1319
0 1318
0 1317
0 1316
0 1315
0 1314
0 1313
0 1312
0 1311
0 1310
0 1309
0 1308
0 1307
0 1306
0 1305
0 1304
0 1303
0 1302
0 1301
0 1300
0 1299
0 1298
0 1297
0 1296
0 1295
0 1294
0 1293
0 1292
0 1291
0 1290
0 1289
0 1288
0 1287
0 1286
0 1285
0 1284
0 1283
0 1282
0 1281
0 1280
0 1279
0 1278
0 1277
0 1276
0 1275
0 1274
0 1273
0 1272
0 1271
0 1270
0 1269
0 1268
0 1267
0 1266
0 1265
0 1264
0 1263
0 1262
0 1261
0 1260
0 1259
0 1258
0 1257
0 1256
0 1255
0 1254
0 1253
0 1252
0 1251
0 1250
0 1249
0 1248
0 1247
0 1246
0 1245
0 1244
0 1243
0 1242
0 1241
0 1240
0 1239
0 1238
0 1237
0 1236
0 1235
0 1234
0 1233
0 1232
0 1231
0 1230
0 1229
0 1228
0 1227
0 1226
0 1225
0 1224
0 1223
0 1222
0 1221
0 1220
0 1219
0 1218
0 1217
0 1216
0 1215
0 1214
0 1213
0 1212
0 1211
0 1210
0 1209
0 1208
0 1207
0 1206
0 1205
0 1204
0 1203
0 1202
0 1201
0 1200
0 1199
0 1198
0 1197
0 1196
0 1195
0 1194
0 1193
0 1192
0 1191
0 1190
0 1189
0 1188
0 1187
0 1186
0 1185
0 1184
0 1183
0 1182
0 1181
0 1180
0 1179
0 1178
0 1177
0 1176
0 1175
0 1174
0 1173
0 1172
0 1171
0 1170
0 1169
0 1168
0 1167
0 1166
0 1165
0 1164
0 1163
0 1162
0 1161
0 1160
0 1159
0 1158
0 1157
0 1156
0 1155
0 1154
0 1153
0 1152
0 1151
0 1150
0 1149
0 1148
0 1147
0 1146
0 1145
0 1144
0 1143
0 1142
0 1141
0 1140
0 1139
0 1138
0 1137
0 1136
0 1135
0 1134
0 1133
0 1132
0 1131
0 1130
0 1129
0 1128
0 1127
0 1126
0 1125
0 1124
0 1123
0 1122
0 1121
0 1120
0 1119
0 1118
0 1117
0 1116
0 1115
0 1114
0 1113
0 1112
0 1111
0 1110
0 1109
0 1108
0 1107
0 1106
0 1105
0 1104
0 1103
0 1102
0 1101
0 1100
0 1099
0 1098
0 1097
0 1096
0 1095
0 1094
0 1093
0 1092
0 1091
0 1090
0 1089
0 1088
0 1087
0 1086
0 1085
0 1084
0 1083
0 1082
0 1081
0 1080
0 1079
0 1078
0 1077
0 1076
0 1075
0 1074
0 1073
0 1072
0 1071
0 1070
0 1069
0 1068
0 1067
0 1066
0 1065
0 1064
0 1063
0 1062
0 1061
0 1060
0 1059
0 1058
0 1057
0 1056
0 1055
0 1054
0 1053
0 1052
0 1051
0 1050
0 1049
0 1048
0 1047
0 1046
0 1045
0 1044
0 1043
0 1042
0 1041
0 1040
0 1039
0 1038
0 1037
0 1036
0 1035
0 1034
0 1033
0 1032
0 1031
0 1030
0 1029
0 1028
0 1027
0 1026
0 1025
0 1024
0 1023
0 1022
0 1021
0 1020
0 1019
0 1018
0 1017
0 1016
0 1015
0 1014
0 1013
0 1012
0 1011
0 1010
0 1009
0 1008
0 1007
0 1006
0 1005
0 1004
0 1003
0 1002
0 1001
0 1000
0 999
0 998
0 997
0 996
0 995
0 994
0 993
0 992
0 991
0 990
0 989
0 988
0 987
0 986
0 985
0 984
0 983
0 982
0 981
0 980
0 979
0 978
0 977
0 976
0 975
0 974
0 973
0 972
0 971
0 970
0 969
0 968
0 967
0 966
0 965
0 964
0 963
0 962
0 961
0 960
0 959
0 958
0 957
0 956
0 955
0 954
0 953
0 952
0 951
0 950
0 949
0 948
0 947
0 946
0 945
0 944
0 943
0 942
0 941
0 940
0 939
0 938
0 937
0 936
0 935
0 934
0 933
0 932
0 931
0 930
0 929
0 928
0 927
0 926
0 925
0 924
0 923
0 922
0 921
0 920
0 919
0 918
0 917
0 916
0 915
0 914
0 913
0 912
0 911
0 910
0 909
0 908
0 907
0 906
0 905
0 904
0 903
0 902
0 901
0 900
0 899
0 898
0 897
0 896
0 895
0 894
0 893
0 892
0 891
0 890
0 889
0 888
0 887
0 886
0 885
0 884
0 883
0 882
0 881
0 880
0 879
0 878
0 877
0 876
0 875
0 874
0 873
0 872
0 871
0 870
0 869
0 868
0 867
0 866
0 865
0 864
0 863
0 862
0 861
0 860
0 859
0 858
0 857
0 856
0 855
0 854
0 853
0 852
0 851
0 850
0 849
0 848
0 847
0 846
0 845
0 844
0 843
0 842
0 841
0 840
0 839
0 838
0 837
0 836
0 835
0 834
0 833
0 832
0 831
0 830
0 829
0 828
0 827
0 826
0 825
0 824
0 823
0 822
0 821
0 820
0 819
0 818
0 817
0 816
0 815
0 814
0 813
0 812
0 811
0 810
0 809
0 808
0 807
0 806
0 805
0 804
0 803
0 802
0 801
0 800
0 799
0 798
0 797
0 796
0 795
0 794
0 793
0 792
0 791
0 790
0 789
0 788
0 787
0 786
0 785
0 784
0 783
0 782
0 781
0 780
0 779
0 778
0 777
0 776
0 775
0 774
0 773
0 772
0 771
0 770
0 769
0 768
0 767
0 766
0 765
0 764
0 763
0 762
0 761
0 760
0 759
0 758
0 757
0 756
0 755
0 754
0 753
0 752
0 751
0 750
0 749
0 748
0 747
0 746
0 745
0 744
0 743
0 742
0 741
0 740
0 739
0 738
0 737
0 736
0 735
0 734
0 733
0 732
0 731
0 730
0 729
0 728
0 727
0 726
0 725
0 724
0 723
0 722
0 721
0 720
0 719
0 718
0 717
0 716
0 715
0 714
0 713
0 712
0 711
0 710
0 709
0 708
0 707
0 706
0 705
0 704
0 703
0 702
0 701
0 700
0 699
0 698
0 697
0 696
0 695
0 694
0 693
0 692
0 691
0 690
0 689
0 688
0 687
0 686
0 685
0 684
0 683
0 682
0 681
0 680
0 679
0 678
0 677
0 676
0 675
0 674
0 673
0 672
0 671
0 670
0 669
0 668
0 667
0 666
0 665
0 664
0 663
0 662
0 661
0 660
0 659
0 658
0 657
0 656
0 655
0 654
0 653
0 652
0 651
0 650
0 649
0 648
0 647
0 646
0 645
0 644
0 643
0 642
0 641
0 640
0 639
0 638
0 637
0 636
0 635
0 634
0 633
0 632
0 631
0 630
0 629
0 628
0 627
0 626
0 625
0 624
0 623
0 622
0 621
0 620
0 619
0 618
0 617
0 616
0 615
0 614
0 613
0 612
0 611
0 610
0 609
0 608
0 607
0 606
0 605
0 604
0 603
0 602
0 601
0 600
0 599
0 598
0 597
0 596
0 595
0 594
0 593
0 592
0 591
0 590
0 589
0 588
0 587
0 586
0 585
0 584
0 583
0 582
0 581
0 580
0 579
0 578
0 577
0 576
0 575
0 574
0 573
0 572
0 571
0 570
0 569
0 568
0 567
0 566
0 565
0 564
0 563
0 562
0 561
0 560
0 559
0 558
0 557
0 556
0 555
0 554
0 553
0 552
0 551
0 550
0 549
0 548
0 547
0 546
0 545
0 544
0 543
0 542
0 541
0 540
0 539
0 538
0 537
0 536
0 535
0 534
0 533
0 532
0 531
0 530
0 529
0 528
0 527
0 526
0 525
0 524
0 523
0 522
0 521
0 520
0 519
0 518
0 517
0 516
0 515
0 514
0 513
0 512
0 511
0 510
0 509
0 508
0 507
0 506
0 505
0 504
0 503
0 502
0 501
0 500
0 499
0 498
0 497
0 496
0 495
0 494
0 493
0 492
0 491
0 490
0 489
0 488
0 487
0 486
0 485
0 484
0 483
0 482
0 481
0 480
0 479
0 478
0 477
0 476
0 475
0 474
0 473
0 472
0 471
0 470
0 469
0 468
0 467
0 466
0 465
0 464
0 463
0 462
0 461
0 460
0 459
0 458
0 457
0 456
0 455
0 454
0 453
0 452
0 451
0 450
0 449
0 448
0 447
0 446
0 445
0 444
0 443
0 442
0 441
0 440
0 439
0 438
0 437
0 436
0 435
0 434
0 433
0 432
0 431
0 430
0 429
0 428
0 427
0 426
0 425
0 424
0 423
0 422
0 421
0 420
0 419
0 418
0 417
0 416
0 415
0 414
0 413
0 412
0 411
0 410
0 409
0 408
0 407
0 406
0 405
0 404
0 403
0 402
0 401
0 400
0 399
0 398
0 397
0 396
0 395
0 394
0 393
0 392
0 391
0 390
0 389
0 388
0 387
0 386
0 385
0 384
0 383
0 382
0 381
0 380
0 379
0 378
0 377
0 376
0 375
0 374
0 373
0 372
0 371
0 370
0 369
0 368
0 367
0 366
0 365
0 364
0 363
0 362
0 361
0 360
0 359
0 358
0 357
0 356
0 355
0 354
0 353
0 352
0 351
0 350
0 349
0 348
0 347
0 346
0 345
0 344
0 343
0 342
0 341
0 340
0 339
0 338
0 337
0 336
0 335
0 334
0 333
0 332
0 331
0 330
0 329
0 328
0 327
0 326
0 325
0 324
0 323
0 322
0 321
0 320
0 319
0 318
0 317
0 316
0 315
0 314
0 313
0 312
0 311
0 310
0 309
0 308
0 307
0 306
0 305
0 304
0 303
0 302
0 301
0 300
0 299
0 298
0 297
0 296
0 295
0 294
0 293
0 292
0 291
0 290
0 289
0 288
0 287
0 286
0 285
0 284
0 283
0 282
0 281
0 280
0 279
0 278
0 277
0 276
0 275
0 274
0 273
0 272
0 271
0 270
0 269
0 268
0 267
0 266
0 265
0 264
0 263
0 262
0 261
0 260
0 259
0 258
0 257
0 256
0 255
0 254
0 253
0 252
0 251
0 250
0 249
0 248
0 247
0 246
0 245
0 244
0 243
0 242
0 241
0 240
0 239
0 238
0 237
0 236
0 235
0 234
0 233
0 232
0 231
0 230
0 229
0 228
0 227
0 226
0 225
0 224
0 223
0 222
0 221
0 220
0 219
0 218
0 217
0 216
0 215
0 214
0 213
0 212
0 211
0 210
0 209
0 208
0 207
0 206
0 205
0 204
0 203
0 202
0 201
0 200
0 199
0 198
0 197
0 196
0 195
0 194
0 193
0 192
0 191
0 190
0 189
0 188
0 187
0 186
0 185
0 184
0 183
0 182
0 181
0 180
0 179
0 178
0 177
0 176
0 175
0 174
0 173
0 172
0 171
0 170
0 169
0 168
0 167
0 166
0 165
0 164
0 163
0 162
0 161
0 160
0 159
0 158
0 157
0 156
0 155
0 154
0 153
0 152
0 151
0 150
0 149
0 148
0 147
0 146
0 145
0 144
0 143
0 142
0 141
0 140
0 139
0 138
0 137
0 136
0 135
0 134
0 133
0 132
0 131
0 130
0 129
0 128
0 127
0 126
0 125
0 124
0 123
0 122
0 121
0 120
0 119
0 118
0 117
0 116
0 115
0 114
0 113
0 112
0 111
0 110
0 109
0 108
0 107
0 106
0 105
0 104
0 103
0 102
0 101
0 100
0 99
0 98
0 97
0 96
0 95
0 94
0 93
0 92
0 91
0 90
0 89
0 88
0 87
0 86
0 85
0 84
0 83
0 82
0 81
0 80
0 79
0 78
0 77
0 76
0 75
0 74
0 73
0 72
0 71
0 70
0 69
0 68
0 67
0 66
0 65
0 64
0 63
0 62
0 61
0 60
0 59
0 58
0 57
0 56
0 55
0 54
0 53
0 52
0 51
0 50
0 49
0 48
0 47
0 46
0 45
0 44
0 43
0 42
0 41
0 40
0 39
0 38
0 37
0 36
0 35
0 34
0 33
0 32
0 31
0 30
0 29
0 28
0 27
0 26
0 25
0 24
0 23
0 22
0 21
0 20
0 19
0 18
0 17
0 16
0 15
0 14
0 13
0 12
0 11
0 10
0 9
0 8
0 7
0 6
0 5
0 4
0 3
0 2
0 1
