2050 0
2049 1
2048 2
2047 3
2046 4
2045 5
2044 6
2043 7
2042 8
2041 9
2040 10
2039 11
2038 12
2037 13
2036 14
2035 15
2034 16
2033 17
2032 18
2031 19
2030 20
2029 21
2028 22
2027 23
2026 24
2025 25
2024 26
2023 27
2022 28
2021 29
2020 30
2019 31
2018 32
2017 33
2016 34
2015 35
2014 36
2013 37
2012 38
2011 39
2010 40
2009 41
2008 42
2007 43
2006 44
2005 45
2004 46
2003 47
2002 48
2001 49
2000 50
1999 51
1998 52
1997 53
1996 54
1995 55
1994 56
1993 57
1992 58
1991 59
1990 60
1989 61
1988 62
1987 63
1986 64
1985 65
1984 66
1983 67
1982 68
1981 69
1980 70
1979 71
1978 72
1977 73
1976 74
1975 75
1974 76
1973 77
1972 78
1971 79
1970 80
1969 81
1968 82
1967 83
1966 84
1965 85
1964 86
1963 87
1962 88
1961 89
1960 90
1959 91
1958 92
1957 93
1956 94
1955 95
1954 96
1953 97
1952 98
1951 99
1950 100
1949 101
1948 102
1947 103
1946 104
1945 105
1944 106
1943 107
1942 108
1941 109
1940 110
1939 111
1938 112
1937 113
1936 114
1935 115
1934 116
1933 117
1932 118
1931 119
1930 120
1929 121
1928 122
1927 123
1926 124
1925 125
1924 126
1923 127
1922 128
1921 129
1920 130
1919 131
1918 132
1917 133
1916 134
1915 135
1914 136
1913 137
1912 138
1911 139
1910 140
1909 141
1908 142
1907 143
1906 144
1905 145
1904 146
1903 147
1902 148
1901 149
1900 150
1899 151
1898 152
1897 153
1896 154
1895 155
1894 156
1893 157
1892 158
1891 159
1890 160
1889 161
1888 162
1887 163
1886 164
1885 165
1884 166
1883 167
1882 168
1881 169
1880 170
1879 171
1878 172
1877 173
1876 174
1875 175
1874 176
1873 177
1872 178
1871 179
1870 180
1869 181
1868 182
1867 183
1866 184
1865 185
1864 186
1863 187
1862 188
1861 189
1860 190
1859 191
1858 192
1857 193
1856 194
1855 195
1854 196
1853 197
1852 198
1851 199
1850 200
1849 201
1848 202
1847 203
1846 204
1845 205
1844 206
1843 207
1842 208
1841 209
1840 210
1839 211
1838 212
1837 213
1836 214
1835 215
1834 216
1833 217
1832 218
1831 219
1830 220
1829 221
1828 222
1827 223
1826 224
1825 225
1824 226
1823 227
1822 228
1821 229
1820 230
1819 231
1818 232
1817 233
1816 234
1815 235
1814 236
1813 237
1812 238
1811 239
1810 240
1809 241
1808 242
1807 243
1806 244
1805 245
1804 246
1803 247
1802 248
1801 249
1800 250
1799 251
1798 252
1797 253
1796 254
1795 255
1794 256
1793 257
1792 258
1791 259
1790 260
1789 261
1788 262
1787 263
1786 264
1785 265
1784 266
1783 267
1782 268
1781 269
1780 270
1779 271
1778 272
1777 273
1776 274
1775 275
1774 276
1773 277
1772 278
1771 279
1770 280
1769 281
1768 282
1767 283
1766 284
1765 285
1764 286
1763 287
1762 288
1761 289
1760 290
1759 291
1758 292
1757 293
1756 294
1755 295
1754 296
1753 297
1752 298
1751 299
1750 300
1749 301
1748 302
1747 303
1746 304
1745 305
1744 306
1743 307
1742 308
1741 309
1740 310
1739 311
1738 312
1737 313
1736 314
1735 315
1734 316
1733 317
1732 318
1731 319
1730 320
1729 321
1728 322
1727 323
1726 324
1725 325
1724 326
1723 327
1722 328
1721 329
1720 330
1719 331
1718 332
1717 333
1716 334
1715 335
1714 336
1713 337
1712 338
1711 339
1710 340
1709 341
1708 342
1707 343
1706 344
1705 345
1704 346
1703 347
1702 348
1701 349
1700 350
1699 351
1698 352
1697 353
1696 354
1695 355
1694 356
1693 357
1692 358
1691 359
1690 360
1689 361
1688 362
1687 363
1686 364
1685 365
1684 366
1683 367
1682 368
1681 369
1680 370
1679 371
1678 372
1677 373
1676 374
1675 375
1674 376
1673 377
1672 378
1671 379
1670 380
1669 381
1668 382
1667 383
1666 384
1665 385
1664 386
1663 387
1662 388
1661 389
1660 390
1659 391
1658 392
1657 393
1656 394
1655 395
1654 396
1653 397
1652 398
1651 399
1650 400
1649 401
1648 402
1647 403
1646 404
1645 405
1644 406
1643 407
1642 408
1641 409
1640 410
1639 411
1638 412
1637 413
1636 414
1635 415
1634 416
1633 417
1632 418
1631 419
1630 420
1629 421
1628 422
1627 423
1626 424
1625 425
1624 426
1623 427
1622 428
1621 429
1620 430
1619 431
1618 432
1617 433
1616 434
1615 435
1614 436
1613 437
1612 438
1611 439
1610 440
1609 441
1608 442
1607 443
1606 444
1605 445
1604 446
1603 447
1602 448
1601 449
1600 450
1599 451
1598 452
1597 453
1596 454
1595 455
1594 456
1593 457
1592 458
1591 459
1590 460
1589 461
1588 462
1587 463
1586 464
1585 465
1584 466
1583 467
1582 468
1581 469
1580 470
1579 471
1578 472
1577 473
1576 474
1575 475
1574 476
1573 477
1572 478
1571 479
1570 480
1569 481
1568 482
1567 483
1566 484
1565 485
1564 486
1563 487
1562 488
1561 489
1560 490
1559 491
1558 492
1557 493
1556 494
1555 495
1554 496
1553 497
1552 498
1551 499
1550 500
1549 501
1548 502
1547 503
1546 504
1545 505
1544 506
1543 507
1542 508
1541 509
1540 510
1539 511
1538 512
1537 513
1536 514
1535 515
1534 516
1533 517
1532 518
1531 519
1530 520
1529 521
1528 522
1527 523
1526 524
1525 525
1524 526
1523 527
1522 528
1521 529
1520 530
1519 531
1518 532
1517 533
1516 534
1515 535
1514 536
1513 537
1512 538
1511 539
1510 540
1509 541
1508 542
1507 543
1506 544
1505 545
1504 546
1503 547
1502 548
1501 549
1500 550
1499 551
1498 552
1497 553
1496 554
1495 555
1494 556
1493 557
1492 558
1491 559
1490 560
1489 561
1488 562
1487 563
1486 564
1485 565
1484 566
1483 567
1482 568
1481 569
1480 570
1479 571
1478 572
1477 573
1476 574
1475 575
1474 576
1473 577
1472 578
1471 579
1470 580
1469 581
1468 582
1467 583
1466 584
1465 585
1464 586
1463 587
1462 588
1461 589
1460 590
1459 591
1458 592
1457 593
1456 594
1455 595
1454 596
1453 597
1452 598
1451 599
1450 600
1449 601
1448 602
1447 603
1446 604
1445 605
1444 606
1443 607
1442 608
1441 609
1440 610
1439 611
1438 612
1437 613
1436 614
1435 615
1434 616
1433 617
1432 618
1431 619
1430 620
1429 621
1428 622
1427 623
1426 624
1425 625
1424 626
1423 627
1422 628
1421 629
1420 630
1419 631
1418 632
1417 633
1416 634
1415 635
1414 636
1413 637
1412 638
1411 639
1410 640
1409 641
1408 642
1407 643
1406 644
1405 645
1404 646
1403 647
1402 648
1401 649
1400 650
1399 651
1398 652
1397 653
1396 654
1395 655
1394 656
1393 657
1392 658
1391 659
1390 660
1389 661
1388 662
1387 663
1386 664
1385 665
1384 666
1383 667
1382 668
1381 669
1380 670
1379 671
1378 672
1377 673
1376 674
1375 675
1374 676
1373 677
1372 678
1371 679
1370 680
1369 681
1368 682
1367 683
1366 684
1365 685
1364 686
1363 687
1362 688
1361 689
1360 690
1359 691
1358 692
1357 693
1356 694
1355 695
1354 696
1353 697
1352 698
1351 699
1350 700
1349 701
1348 702
1347 703
1346 704
1345 705
1344 706
1343 707
1342 708
1341 709
1340 710
1339 711
1338 712
1337 713
1336 714
1335 715
1334 716
1333 717
1332 718
1331 719
1330 720
1329 721
1328 722
1327 723
1326 724
1325 725
1324 726
1323 727
1322 728
1321 729
1320 730
1319 731
1318 732
1317 733
1316 734
1315 735
1314 736
1313 737
1312 738
1311 739
1310 740
1309 741
1308 742
1307 743
1306 744
1305 745
1304 746
1303 747
1302 748
1301 749
1300 750
1299 751
1298 752
1297 753
1296 754
1295 755
1294 756
1293 757
1292 758
1291 759
1290 760
1289 761
1288 762
1287 763
1286 764
1285 765
1284 766
1283 767
1282 768
1281 769
1280 770
1279 771
1278 772
1277 773
1276 774
1275 775
1274 776
1273 777
1272 778
1271 779
1270 780
1269 781
1268 782
1267 783
1266 784
1265 785
1264 786
1263 787
1262 788
1261 789
1260 790
1259 791
1258 792
1257 793
1256 794
1255 795
1254 796
1253 797
1252 798
1251 799
1250 800
1249 801
1248 802
1247 803
1246 804
1245 805
1244 806
1243 807
1242 808
1241 809
1240 810
1239 811
1238 812
1237 813
1236 814
1235 815
1234 816
1233 817
1232 818
1231 819
1230 820
1229 821
1228 822
1227 823
1226 824
1225 825
1224 826
1223 827
1222 828
1221 829
1220 830
1219 831
1218 832
1217 833
1216 834
1215 835
1214 836
1213 837
1212 838
1211 839
1210 840
1209 841
1208 842
1207 843
1206 844
1205 845
1204 846
1203 847
1202 848
1201 849
1200 850
1199 851
1198 852
1197 853
1196 854
1195 855
1194 856
1193 857
1192 858
1191 859
1190 860
1189 861
1188 862
1187 863
1186 864
1185 865
1184 866
1183 867
1182 868
1181 869
1180 870
1179 871
1178 872
1177 873
1176 874
1175 875
1174 876
1173 877
1172 878
1171 879
1170 880
1169 881
1168 882
1167 883
1166 884
1165 885
1164 886
1163 887
1162 888
1161 889
1160 890
1159 891
1158 892
1157 893
1156 894
1155 895
1154 896
1153 897
1152 898
1151 899
1150 900
1149 901
1148 902
1147 903
1146 904
1145 905
1144 906
1143 907
1142 908
1141 909
1140 910
1139 911
1138 912
1137 913
1136 914
1135 915
1134 916
1133 917
1132 918
1131 919
1130 920
1129 921
1128 922
1127 923
1126 924
1125 925
1124 926
1123 927
1122 928
1121 929
1120 930
1119 931
1118 932
1117 933
1116 934
1115 935
1114 936
1113 937
1112 938
1111 939
1110 940
1109 941
1108 942
1107 943
1106 944
1105 945
1104 946
1103 947
1102 948
1101 949
1100 950
1099 951
1098 952
1097 953
1096 954
1095 955
1094 956
1093 957
1092 958
1091 959
1090 960
1089 961
1088 962
1087 963
1086 964
1085 965
1084 966
1083 967
1082 968
1081 969
1080 970
1079 971
1078 972
1077 973
1076 974
1075 975
1074 976
1073 977
1072 978
1071 979
1070 980
1069 981
1068 982
1067 983
1066 984
1065 985
1064 986
1063 987
1062 988
1061 989
1060 990
1059 991
1058 992
1057 993
1056 994
1055 995
1054 996
1053 997
1052 998
1051 999
1050 1000
1049 1001
1048 1002
1047 1003
1046 1004
1045 1005
1044 1006
1043 1007
1042 1008
1041 1009
1040 1010
1039 1011
1038 1012
1037 1013
1036 1014
1035 1015
1034 1016
1033 1017
1032 1018
1031 1019
1030 1020
1029 1021
1028 1022
1027 1023
1026 1024
1025 1025
1024 1026
1023 1027
1022 1028
1021 1029
1020 1030
1019 1031
1018 1032
1017 1033
1016 1034
1015 1035
1014 1036
1013 1037
1012 1038
1011 1039
1010 1040
1009 1041
1008 1042
1007 1043
1006 1044
1005 1045
1004 1046
1003 1047
1002 1048
1001 1049
1000 1050
999 1051
998 1052
997 1053
996 1054
995 1055
994 1056
993 1057
992 1058
991 1059
990 1060
989 1061
988 1062
987 1063
986 1064
985 1065
984 1066
983 1067
982 1068
981 1069
980 1070
979 1071
978 1072
977 1073
976 1074
975 1075
974 1076
973 1077
972 1078
971 1079
970 1080
969 1081
968 1082
967 1083
966 1084
965 1085
964 1086
963 1087
962 1088
961 1089
960 1090
959 1091
958 1092
957 1093
956 1094
955 1095
954 1096
953 1097
952 1098
951 1099
950 1100
949 1101
948 1102
947 1103
946 1104
945 1105
944 1106
943 1107
942 1108
941 1109
940 1110
939 1111
938 1112
937 1113
936 1114
935 1115
934 1116
933 1117
932 1118
931 1119
930 1120
929 1121
928 1122
927 1123
926 1124
925 1125
924 1126
923 1127
922 1128
921 1129
920 1130
919 1131
918 1132
917 1133
916 1134
915 1135
914 1136
913 1137
912 1138
911 1139
910 1140
909 1141
908 1142
907 1143
906 1144
905 1145
904 1146
903 1147
902 1148
901 1149
900 1150
899 1151
898 1152
897 1153
896 1154
895 1155
894 1156
893 1157
892 1158
891 1159
890 1160
889 1161
888 1162
887 1163
886 1164
885 1165
884 1166
883 1167
882 1168
881 1169
880 1170
879 1171
878 1172
877 1173
876 1174
875 1175
874 1176
873 1177
872 1178
871 1179
870 1180
869 1181
868 1182
867 1183
866 1184
865 1185
864 1186
863 1187
862 1188
861 1189
860 1190
859 1191
858 1192
857 1193
856 1194
855 1195
854 1196
853 1197
852 1198
851 1199
850 1200
849 1201
848 1202
847 1203
846 1204
845 1205
844 1206
843 1207
842 1208
841 1209
840 1210
839 1211
838 1212
837 1213
836 1214
835 1215
834 1216
833 1217
832 1218
831 1219
830 1220
829 1221
828 1222
827 1223
826 1224
825 1225
824 1226
823 1227
822 1228
821 1229
820 1230
819 1231
818 1232
817 1233
816 1234
815 1235
814 1236
813 1237
812 1238
811 1239
810 1240
809 1241
808 1242
807 1243
806 1244
805 1245
804 1246
803 1247
802 1248
801 1249
800 1250
799 1251
798 1252
797 1253
796 1254
795 1255
794 1256
793 1257
792 1258
791 1259
790 1260
789 1261
788 1262
787 1263
786 1264
785 1265
784 1266
783 1267
782 1268
781 1269
780 1270
779 1271
778 1272
777 1273
776 1274
775 1275
774 1276
773 1277
772 1278
771 1279
770 1280
769 1281
768 1282
767 1283
766 1284
765 1285
764 1286
763 1287
762 1288
761 1289
760 1290
759 1291
758 1292
757 1293
756 1294
755 1295
754 1296
753 1297
752 1298
751 1299
750 1300
749 1301
748 1302
747 1303
746 1304
745 1305
744 1306
743 1307
742 1308
741 1309
740 1310
739 1311
738 1312
737 1313
736 1314
735 1315
734 1316
733 1317
732 1318
731 1319
730 1320
729 1321
728 1322
727 1323
726 1324
725 1325
724 1326
723 1327
722 1328
721 1329
720 1330
719 1331
718 1332
717 1333
716 1334
715 1335
714 1336
713 1337
712 1338
711 1339
710 1340
709 1341
708 1342
707 1343
706 1344
705 1345
704 1346
703 1347
702 1348
701 1349
700 1350
699 1351
698 1352
697 1353
696 1354
695 1355
694 1356
693 1357
692 1358
691 1359
690 1360
689 1361
688 1362
687 1363
686 1364
685 1365
684 1366
683 1367
682 1368
681 1369
680 1370
679 1371
678 1372
677 1373
676 1374
675 1375
674 1376
673 1377
672 1378
671 1379
670 1380
669 1381
668 1382
667 1383
666 1384
665 1385
664 1386
663 1387
662 1388
661 1389
660 1390
659 1391
658 1392
657 1393
656 1394
655 1395
654 1396
653 1397
652 1398
651 1399
650 1400
649 1401
648 1402
647 1403
646 1404
645 1405
644 1406
643 1407
642 1408
641 1409
640 1410
639 1411
638 1412
637 1413
636 1414
635 1415
634 1416
633 1417
632 1418
631 1419
630 1420
629 1421
628 1422
627 1423
626 1424
625 1425
624 1426
623 1427
622 1428
621 1429
620 1430
619 1431
618 1432
617 1433
616 1434
615 1435
614 1436
613 1437
612 1438
611 1439
610 1440
609 1441
608 1442
607 1443
606 1444
605 1445
604 1446
603 1447
602 1448
601 1449
600 1450
599 1451
598 1452
597 1453
596 1454
595 1455
594 1456
593 1457
592 1458
591 1459
590 1460
589 1461
588 1462
587 1463
586 1464
585 1465
584 1466
583 1467
582 1468
581 1469
580 1470
579 1471
578 1472
577 1473
576 1474
575 1475
574 1476
573 1477
572 1478
571 1479
570 1480
569 1481
568 1482
567 1483
566 1484
565 1485
564 1486
563 1487
562 1488
561 1489
560 1490
559 1491
558 1492
557 1493
556 1494
555 1495
554 1496
553 1497
552 1498
551 1499
550 1500
549 1501
548 1502
547 1503
546 1504
545 1505
544 1506
543 1507
542 1508
541 1509
540 1510
539 1511
538 1512
537 1513
536 1514
535 1515
534 1516
533 1517
532 1518
531 1519
530 1520
529 1521
528 1522
527 1523
526 1524
525 1525
524 1526
523 1527
522 1528
521 1529
520 1530
519 1531
518 1532
517 1533
516 1534
515 1535
514 1536
513 1537
512 1538
511 1539
510 1540
509 1541
508 1542
507 1543
506 1544
505 1545
504 1546
503 1547
502 1548
501 1549
500 1550
499 1551
498 1552
497 1553
496 1554
495 1555
494 1556
493 1557
492 1558
491 1559
490 1560
489 1561
488 1562
487 1563
486 1564
485 1565
484 1566
483 1567
482 1568
481 1569
480 1570
479 1571
478 1572
477 1573
476 1574
475 1575
474 1576
473 1577
472 1578
471 1579
470 1580
469 1581
468 1582
467 1583
466 1584
465 1585
464 1586
463 1587
462 1588
461 1589
460 1590
459 1591
458 1592
457 1593
456 1594
455 1595
454 1596
453 1597
452 1598
451 1599
450 1600
449 1601
448 1602
447 1603
446 1604
445 1605
444 1606
443 1607
442 1608
441 1609
440 1610
439 1611
438 1612
437 1613
436 1614
435 1615
434 1616
433 1617
432 1618
431 1619
430 1620
429 1621
428 1622
427 1623
426 1624
425 1625
424 1626
423 1627
422 1628
421 1629
420 1630
419 1631
418 1632
417 1633
416 1634
415 1635
414 1636
413 1637
412 1638
411 1639
410 1640
409 1641
408 1642
407 1643
406 1644
405 1645
404 1646
403 1647
402 1648
401 1649
400 1650
399 1651
398 1652
397 1653
396 1654
395 1655
394 1656
393 1657
392 1658
391 1659
390 1660
389 1661
388 1662
387 1663
386 1664
385 1665
384 1666
383 1667
382 1668
381 1669
380 1670
379 1671
378 1672
377 1673
376 1674
375 1675
374 1676
373 1677
372 1678
371 1679
370 1680
369 1681
368 1682
367 1683
366 1684
365 1685
364 1686
363 1687
362 1688
361 1689
360 1690
359 1691
358 1692
357 1693
356 1694
355 1695
354 1696
353 1697
352 1698
351 1699
350 1700
349 1701
348 1702
347 1703
346 1704
345 1705
344 1706
343 1707
342 1708
341 1709
340 1710
339 1711
338 1712
337 1713
336 1714
335 1715
334 1716
333 1717
332 1718
331 1719
330 1720
329 1721
328 1722
327 1723
326 1724
325 1725
324 1726
323 1727
322 1728
321 1729
320 1730
319 1731
318 1732
317 1733
316 1734
315 1735
314 1736
313 1737
312 1738
311 1739
310 1740
309 1741
308 1742
307 1743
306 1744
305 1745
304 1746
303 1747
302 1748
301 1749
300 1750
299 1751
298 1752
297 1753
296 1754
295 1755
294 1756
293 1757
292 1758
291 1759
290 1760
289 1761
288 1762
287 1763
286 1764
285 1765
284 1766
283 1767
282 1768
281 1769
280 1770
279 1771
278 1772
277 1773
276 1774
275 1775
274 1776
273 1777
272 1778
271 1779
270 1780
269 1781
268 1782
267 1783
266 1784
265 1785
264 1786
263 1787
262 1788
261 1789
260 1790
259 1791
258 1792
257 1793
256 1794
255 1795
254 1796
253 1797
252 1798
251 1799
250 1800
249 1801
248 1802
247 1803
246 1804
245 1805
244 1806
243 1807
242 1808
241 1809
240 1810
239 1811
238 1812
237 1813
236 1814
235 1815
234 1816
233 1817
232 1818
231 1819
230 1820
229 1821
228 1822
227 1823
226 1824
225 1825
224 1826
223 1827
222 1828
221 1829
220 1830
219 1831
218 1832
217 1833
216 1834
215 1835
214 1836
213 1837
212 1838
211 1839
210 1840
209 1841
208 1842
207 1843
206 1844
205 1845
204 1846
203 1847
202 1848
201 1849
200 1850
199 1851
198 1852
197 1853
196 1854
195 1855
194 1856
193 1857
192 1858
191 1859
190 1860
189 1861
188 1862
187 1863
186 1864
185 1865
184 1866
183 1867
182 1868
181 1869
180 1870
179 1871
178 1872
177 1873
176 1874
175 1875
174 1876
173 1877
172 1878
171 1879
170 1880
169 1881
168 1882
167 1883
166 1884
165 1885
164 1886
163 1887
162 1888
161 1889
160 1890
159 1891
158 1892
157 1893
156 1894
155 1895
154 1896
153 1897
152 1898
151 1899
150 1900
149 1901
148 1902
147 1903
146 1904
145 1905
144 1906
143 1907
142 1908
141 1909
140 1910
139 1911
138 1912
137 1913
136 1914
135 1915
134 1916
133 1917
132 1918
131 1919
130 1920
129 1921
128 1922
127 1923
126 1924
125 1925
124 1926
123 1927
122 1928
121 1929
120 1930
119 1931
118 1932
117 1933
116 1934
115 1935
114 1936
113 1937
112 1938
111 1939
110 1940
109 1941
108 1942
107 1943
106 1944
105 1945
104 1946
103 1947
102 1948
101 1949
100 1950
99 1951
98 1952
97 1953
96 1954
95 1955
94 1956
93 1957
92 1958
91 1959
90 1960
89 1961
88 1962
87 1963
86 1964
85 1965
84 1966
83 1967
82 1968
81 1969
80 1970
79 1971
78 1972
77 1973
76 1974
75 1975
74 1976
73 1977
72 1978
71 1979
70 1980
69 1981
68 1982
67 1983
66 1984
65 1985
64 1986
63 1987
62 1988
61 1989
60 1990
59 1991
58 1992
57 1993
56 1994
55 1995
54 1996
53 1997
52 1998
51 1999
50 2000
49 2001
48 2002
47 2003
46 2004
45 2005
44 2006
43 2007
42 2008
41 2009
40 2010
39 2011
38 2012
37 2013
36 2014
35 2015
34 2016
33 2017
32 2018
31 2019
30 2020
29 2021
28 2022
27 2023
26 2024
25 2025
24 2026
23 2027
22 2028
21 2029
20 2030
19 2031
18 2032
17 2033
16 2034
15 2035
14 2036
13 2037
12 2038
11 2039
10 2040
9 2041
8 2042
7 2043
6 2044
5 2045
4 2046
3 2047
2 2048
1 2049
0 2050
0 2049
0 2048
0 2047
0 2046
0 2045
0 2044
0 2043
0 2042
0 2041
0 2040
0 2039
0 2038
0 2037
0 2036
0 2035
0 2034
0 2033
0 2032
0 2031
0 2030
0 2029
0 2028
0 2027
0 2026
0 2025
0 2024
0 2023
0 2022
0 2021
0 2020
0 2019
0 2018
0 2017
0 2016
0 2015
0 2014
0 2013
0 2012
0 2011
0 2010
0 2009
0 2008
0 2007
0 2006
0 2005
0 2004
0 2003
0 2002
0 2001
0 2000
0 1999
0 1998
0 1997
0 1996
0 1995
0 1994
0 1993
0 1992
0 1991
0 1990
0 1989
0 1988
0 1987
0 1986
0 1985
0 1984
0 1983
0 1982
0 1981
0 1980
0 1979
0 1978
0 1977
0 1976
0 1975
0 1974
0 1973
0 1972
0 1971
0 1970
0 1969
0 1968
0 1967
0 1966
0 1965
0 1964
0 1963
0 1962
0 1961
0 1960
0 1959
0 1958
0 1957
0 1956
0 1955
0 1954
0 1953
0 1952
0 1951
0 1950
0 1949
0 1948
0 1947
0 1946
0 1945
0 1944
0 1943
0 1942
0 1941
0 1940
0 1939
0 1938
0 1937
0 1936
0 1935
0 1934
0 1933
0 1932
0 1931
0 1930
0 1929
0 1928
0 1927
0 1926
0 1925
0 1924
0 1923
0 1922
0 1921
0 1920
0 1919
0 1918
0 1917
0 1916
0 1915
0 1914
0 1913
0 1912
0 1911
0 1910
0 1909
0 1908
0 1907
0 1906
0 1905
0 1904
0 1903
0 1902
0 1901
0 1900
0 1899
0 1898
0 1897
0 1896
0 1895
0 1894
0 1893
0 1892
0 1891
0 1890
0 1889
0 1888
0 1887
0 1886
0 1885
0 1884
0 1883
0 1882
0 1881
0 1880
0 1879
0 1878
0 1877
0 1876
0 1875
0 1874
0 1873
0 1872
0 1871
0 1870
0 1869
0 1868
0 1867
0 1866
0 1865
0 1864
0 1863
0 1862
0 1861
0 1860
0 1859
0 1858
0 1857
0 1856
0 1855
0 1854
0 1853
0 1852
0 1851
0 1850
0 1849
0 1848
0 1847
0 1846
0 1845
0 1844
0 1843
0 1842
0 1841
0 1840
0 1839
0 1838
0 1837
0 1836
0 1835
0 1834
0 1833
0 1832
0 1831
0 1830
0 1829
0 1828
0 1827
0 1826
0 1825
0 1824
0 1823
0 1822
0 1821
0 1820
0 1819
0 1818
0 1817
0 1816
0 1815
0 1814
0 1813
0 1812
0 1811
0 1810
0 1809
0 1808
0 1807
0 1806
0 1805
0 1804
0 1803
0 1802
0 1801
0 1800
0 1799
0 1798
0 1797
0 1796
0 1795
0 1794
0 1793
0 1792
0 1791
0 1790
0 1789
0 1788
0 1787
0 1786
0 1785
0 1784
0 1783
0 1782
0 1781
0 1780
0 1779
0 1778
0 1777
0 1776
0 1775
0 1774
0 1773
0 1772
0 1771
0 1770
0 1769
0 1768
0 1767
0 1766
0 1765
0 1764
0 1763
0 1762
0 1761
0 1760
0 1759
0 1758
0 1757
0 1756
0 1755
0 1754
0 1753
0 1752
0 1751
0 1750
0 1749
0 1748
0 1747
0 1746
0 1745
0 1744
0 1743
0 1742
0 1741
0 1740
0 1739
0 1738
0 1737
0 1736
0 1735
0 1734
0 1733
0 1732
0 1731
0 1730
0 1729
0 1728
0 1727
0 1726
0 1725
0 1724
0 1723
0 1722
0 1721
0 1720
0 1719
0 1718
0 1717
0 1716
0 1715
0 1714
0 1713
0 1712
0 1711
0 1710
0 1709
0 1708
0 1707
0 1706
0 1705
0 1704
0 1703
0 1702
0 1701
0 1700
0 1699
0 1698
0 1697
0 1696
0 1695
0 1694
0 1693
0 1692
0 1691
0 1690
0 1689
0 1688
0 1687
0 1686
0 1685
0 1684
0 1683
0 1682
0 1681
0 1680
0 1679
0 1678
0 1677
0 1676
0 1675
0 1674
0 1673
0 1672
0 1671
0 1670
0 1669
0 1668
0 1667
0 1666
0 1665
0 1664
0 1663
0 1662
0 1661
0 1660
0 1659
0 1658
0 1657
0 1656
0 1655
0 1654
0 1653
0 1652
0 1651
0 1650
0 1649
0 1648
0 1647
0 1646
0 1645
0 1644
0 1643
0 1642
0 1641
0 1640
0 1639
0 1638
0 1637
0 1636
0 1635
0 1634
0 1633
0 1632
0 1631
0 1630
0 1629
0 1628
0 1627
0 1626
0 1625
0 1624
0 1623
0 1622
0 1621
0 1620
0 1619
0 1618
0 1617
0 1616
0 1615
0 1614
0 1613
0 1612
0 1611
0 1610
0 1609
0 1608
0 1607
0 1606
0 1605
0 1604
0 1603
0 1602
0 1601
0 1600
0 1599
0 1598
0 1597
0 1596
0 1595
0 1594
0 1593
0 1592
0 1591
0 1590
0 1589
0 1588
0 1587
0 1586
0 1585
0 1584
0 1583
0 1582
0 1581
0 1580
0 1579
0 1578
0 1577
0 1576
0 1575
0 1574
0 1573
0 1572
0 1571
0 1570
0 1569
0 1568
0 1567
0 1566
0 1565
0 1564
0 1563
0 1562
0 1561
0 1560
0 1559
0 1558
0 1557
0 1556
0 1555
0 1554
0 1553
0 1552
0 1551
0 1550
0 1549
0 1548
0 1547
0 1546
0 1545
0 1544
0 1543
0 1542
0 1541
0 1540
0 1539
0 1538
0 1537
0 1536
0 1535
0 1534
0 1533
0 1532
0 1531
0 1530
0 1529
0 1528
0 1527
0 1526
0 1525
0 1524
0 1523
0 1522
0 1521
0 1520
0 1519
0 1518
0 1517
0 1516
0 1515
0 1514
0 1513
0 1512
0 1511
0 1510
0 1509
0 1508
0 1507
0 1506
0 1505
0 1504
0 1503
0 1502
0 1501
0 1500
0 1499
0 1498
0 1497
0 1496
0 1495
0 1494
0 1493
0 1492
0 1491
0 1490
0 1489
0 1488
0 1487
0 1486
0 1485
0 1484
0 1483
0 1482
0 1481
0 1480
0 1479
0 1478
0 1477
0 1476
0 1475
0 1474
0 1473
0 1472
0 1471
0 1470
0 1469
0 1468
0 1467
0 1466
0 1465
0 1464
0 1463
0 1462
0 1461
0 1460
0 1459
0 1458
0 1457
0 1456
0 1455
0 1454
0 1453
0 1452
0 1451
0 1450
0 1449
0 1448
0 1447
0 1446
0 1445
0 1444
0 1443
0 1442
0 1441
0 1440
0 1439
0 1438
0 1437
0 1436
0 1435
0 1434
0 1433
0 1432
0 1431
0 1430
0 1429
0 1428
0 1427
0 1426
0 1425
0 1424
0 1423
0 1422
0 1421
0 1420
0 1419
0 1418
0 1417
0 1416
0 1415
0 1414
0 1413
0 1412
0 1411
0 1410
0 1409
0 1408
0 1407
0 1406
0 1405
0 1404
0 1403
0 1402
0 1401
0 1400
0 1399
0 1398
0 1397
0 1396
0 1395
0 1394
0 1393
0 1392
0 1391
0 1390
0 1389
0 1388
0 1387
0 1386
0 1385
0 1384
0 1383
0 1382
0 1381
0 1380
0 1379
0 1378
0 1377
0 1376
0 1375
0 1374
0 1373
0 1372
0 1371
0 1370
0 1369
0 1368
0 1367
0 1366
0 1365
0 1364
0 1363
0 1362
0 1361
0 1360
0 1359
0 1358
0 1357
0 1356
0 1355
0 1354
0 1353
0 1352
0 1351
0 1350
0 1349
0 1348
0 1347
0 1346
0 1345
0 1344
0 1343
0 1342
0 1341
0 1340
0 1339
0 1338
0 1337
0 1336
0 1335
0 1334
0 1333
0 1332
0 1331
0 1330
0 1329
0 1328
0 1327
0 1326
0 1325
0 1324
0 1323
0 1322
0 1321
0 1320
0 1319
0 1318
0 1317
0 1316
0 1315
0 1314
0 1313
0 1312
0 1311
0 1310
0 1309
0 1308
0 1307
0 1306
0 1305
0 1304
0 1303
0 1302
0 1301
0 1300
0 1299
0 1298
0 1297
0 1296
0 1295
0 1294
0 1293
0 1292
0 1291
0 1290
0 1289
0 1288
0 1287
0 1286
0 1285
0 1284
0 1283
0 1282
0 1281
0 1280
0 1279
0 1278
0 1277
0 1276
0 1275
0 1274
0 1273
0 1272
0 1271
0 1270
0 1269
0 1268
0 1267
0 1266
0 1265
0 1264
0 1263
0 1262
0 1261
0 1260
0 1259
0 1258
0 1257
0 1256
0 1255
0 1254
0 1253
0 1252
0 1251
0 1250
0 1249
0 1248
0 1247
0 1246
0 1245
0 1244
0 1243
0 1242
0 1241
0 1240
0 1239
0 1238
0 1237
0 1236
0 1235
0 1234
0 1233
0 1232
0 1231
0 1230
0 1229
0 1228
0 1227
0 1226
0 1225
0 1224
0 1223
0 1222
0 1221
0 1220
0 1219
0 1218
0 1217
0 1216
0 1215
0 1214
0 1213
0 1212
0 1211
0 1210
0 1209
0 1208
0 1207
0 1206
0 1205
0 1204
0 1203
0 1202
0 1201
0 1200
0 1199
0 1198
0 1197
0 1196
0 1195
0 1194
0 1193
0 1192
0 1191
0 1190
0 1189
0 1188
0 1187
0 1186
0 1185
0 1184
0 1183
0 1182
0 1181
0 1180
0 1179
0 1178
0 1177
0 1176
0 1175
0 1174
0 1173
0 1172
0 1171
0 1170
0 1169
0 1168
0 1167
0 1166
0 1165
0 1164
0 1163
0 1162
0 1161
0 1160
0 1159
0 1158
0 1157
0 1156
0 1155
0 1154
0 1153
0 1152
0 1151
0 1150
0 1149
0 1148
0 1147
0 1146
0 1145
0 1144
0 1143
0 1142
0 1141
0 1140
0 1139
0 1138
0 1137
0 1136
0 1135
0 1134
0 1133
0 1132
0 1131
0 1130
0 1129
0 1128
0 1127
0 1126
0 1125
0 1124
0 1123
0 1122
0 1121
0 1120
0 1119
0 1118
0 1117
0 1116
0 1115
0 1114
0 1113
0 1112
0 1111
0 1110
0 1109
0 1108
0 1107
0 1106
0 1105
0 1104
0 1103
0 1102
0 1101
0 1100
0 1099
0 1098
0 1097
0 1096
0 1095
0 1094
0 1093
0 1092
0 1091
0 1090
0 1089
0 1088
0 1087
0 1086
0 1085
0 1084
0 1083
0 1082
0 1081
0 1080
0 1079
0 1078
0 1077
0 1076
0 1075
0 1074
0 1073
0 1072
0 1071
0 1070
0 1069
0 1068
0 1067
0 1066
0 1065
0 1064
0 1063
0 1062
0 1061
0 1060
0 1059
0 1058
0 1057
0 1056
0 1055
0 1054
0 1053
0 1052
0 1051
0 1050
0 1049
0 1048
0 1047
0 1046
0 1045
0 1044
0 1043
0 1042
0 1041
0 1040
0 1039
0 1038
0 1037
0 1036
0 1035
0 1034
0 1033
0 1032
0 1031
0 1030
0 1029
0 1028
0 1027
0 1026
0 1025
0 1024
0 1023
0 1022
0 1021
0 1020
0 1019
0 1018
0 1017
0 1016
0 1015
0 1014
0 1013
0 1012
0 1011
0 1010
0 1009
0 1008
0 1007
0 1006
0 1005
0 1004
0 1003
0 1002
0 1001
0 1000
0 999
0 998
0 997
0 996
0 995
0 994
0 993
0 992
0 991
0 990
0 989
0 988
0 987
0 986
0 985
0 984
0 983
0 982
0 981
0 980
0 979
0 978
0 977
0 976
0 975
0 974
0 973
0 972
0 971
0 970
0 969
0 968
0 967
0 966
0 965
0 964
0 963
0 962
0 961
0 960
0 959
0 958
0 957
0 956
0 955
0 954
0 953
0 952
0 951
0 950
0 949
0 948
0 947
0 946
0 945
0 944
0 943
0 942
0 941
0 940
0 939
0 938
0 937
0 936
0 935
0 934
0 933
0 932
0 931
0 930
0 929
0 928
0 927
0 926
0 925
0 924
0 923
0 922
0 921
0 920
0 919
0 918
0 917
0 916
0 915
0 914
0 913
0 912
0 911
0 910
0 909
0 908
0 907
0 906
0 905
0 904
0 903
0 902
0 901
0 900
0 899
0 898
0 897
0 896
0 895
0 894
0 893
0 892
0 891
0 890
0 889
0 888
0 887
0 886
0 885
0 884
0 883
0 882
0 881
0 880
0 879
0 878
0 877
0 876
0 875
0 874
0 873
0 872
0 871
0 870
0 869
0 868
0 867
0 866
0 865
0 864
0 863
0 862
0 861
0 860
0 859
0 858
0 857
0 856
0 855
0 854
0 853
0 852
0 851
0 850
0 849
0 848
0 847
0 846
0 845
0 844
0 843
0 842
0 841
0 840
0 839
0 838
0 837
0 836
0 835
0 834
0 833
0 832
0 831
0 830
0 829
0 828
0 827
0 826
0 825
0 824
0 823
0 822
0 821
0 820
0 819
0 818
0 817
0 816
0 815
0 814
0 813
0 812
0 811
0 810
0 809
0 808
0 807
0 806
0 805
0 804
0 803
0 802
0 801
0 800
0 799
0 798
0 797
0 796
0 795
0 794
0 793
0 792
0 791
0 790
0 789
0 788
0 787
0 786
0 785
0 784
0 783
0 782
0 781
0 780
0 779
0 778
0 777
0 776
0 775
0 774
0 773
0 772
0 771
0 770
0 769
0 768
0 767
0 766
0 765
0 764
0 763
0 762
0 761
0 760
0 759
0 758
0 757
0 756
0 755
0 754
0 753
0 752
0 751
0 750
0 749
0 748
0 747
0 746
0 745
0 744
0 743
0 742
0 741
0 740
0 739
0 738
0 737
0 736
0 735
0 734
0 733
0 732
0 731
0 730
0 729
0 728
0 727
0 726
0 725
0 724
0 723
0 722
0 721
0 720
0 719
0 718
0 717
0 716
0 715
0 714
0 713
0 712
0 711
0 710
0 709
0 708
0 707
0 706
0 705
0 704
0 703
0 702
0 701
0 700
0 699
0 698
0 697
0 696
0 695
0 694
0 693
0 692
0 691
0 690
0 689
0 688
0 687
0 686
0 685
0 684
0 683
0 682
0 681
0 680
0 679
0 678
0 677
0 676
0 675
0 674
0 673
0 672
0 671
0 670
0 669
0 668
0 667
0 666
0 665
0 664
0 663
0 662
0 661
0 660
0 659
0 658
0 657
0 656
0 655
0 654
0 653
0 652
0 651
0 650
0 649
0 648
0 647
0 646
0 645
0 644
0 643
0 642
0 641
0 640
0 639
0 638
0 637
0 636
0 635
0 634
0 633
0 632
0 631
0 630
0 629
0 628
0 627
0 626
0 625
0 624
0 623
0 622
0 621
0 620
0 619
0 618
0 617
0 616
0 615
0 614
0 613
0 612
0 611
0 610
0 609
0 608
0 607
0 606
0 605
0 604
0 603
0 602
0 601
0 600
0 599
0 598
0 597
0 596
0 595
0 594
0 593
0 592
0 591
0 590
0 589
0 588
0 587
0 586
0 585
0 584
0 583
0 582
0 581
0 580
0 579
0 578
0 577
0 576
0 575
0 574
0 573
0 572
0 571
0 570
0 569
0 568
0 567
0 566
0 565
0 564
0 563
0 562
0 561
0 560
0 559
0 558
0 557
0 556
0 555
0 554
0 553
0 552
0 551
0 550
0 549
0 548
0 547
0 546
0 545
0 544
0 543
0 542
0 541
0 540
0 539
0 538
0 537
0 536
0 535
0 534
0 533
0 532
0 531
0 530
0 529
0 528
0 527
0 526
0 525
0 524
0 523
0 522
0 521
0 520
0 519
0 518
0 517
0 516
0 515
0 514
0 513
0 512
0 511
0 510
0 509
0 508
0 507
0 506
0 505
0 504
0 503
0 502
0 501
0 500
0 499
0 498
0 497
0 496
0 495
0 494
0 493
0 492
0 491
0 490
0 489
0 488
0 487
0 486
0 485
0 484
0 483
0 482
0 481
0 480
0 479
0 478
0 477
0 476
0 475
0 474
0 473
0 472
0 471
0 470
0 469
0 468
0 467
0 466
0 465
0 464
0 463
0 462
0 461
0 460
0 459
0 458
0 457
0 456
0 455
0 454
0 453
0 452
0 451
0 450
0 449
0 448
0 447
0 446
0 445
0 444
0 443
0 442
0 441
0 440
0 439
0 438
0 437
0 436
0 435
0 434
0 433
0 432
0 431
0 430
0 429
0 428
0 427
0 426
0 425
0 424
0 423
0 422
0 421
0 420
0 419
0 418
0 417
0 416
0 415
0 414
0 413
0 412
0 411
0 410
0 409
0 408
0 407
0 406
0 405
0 404
0 403
0 402
0 401
0 400
0 399
0 398
0 397
0 396
0 395
0 394
0 393
0 392
0 391
0 390
0 389
0 388
0 387
0 386
0 385
0 384
0 383
0 382
0 381
0 380
0 379
0 378
0 377
0 376
0 375
0 374
0 373
0 372
0 371
0 370
0 369
0 368
0 367
0 366
0 365
0 364
0 363
0 362
0 361
0 360
0 359
0 358
0 357
0 356
0 355
0 354
0 353
0 352
0 351
0 350
0 349
0 348
0 347
0 346
0 345
0 344
0 343
0 342
0 341
0 340
0 339
0 338
0 337
0 336
0 335
0 334
0 333
0 332
0 331
0 330
0 329
0 328
0 327
0 326
0 325
0 324
0 323
0 322
0 321
0 320
0 319
0 318
0 317
0 316
0 315
0 314
0 313
0 312
0 311
0 310
0 309
0 308
0 307
0 306
0 305
0 304
0 303
0 302
0 301
0 300
0 299
0 298
0 297
0 296
0 295
0 294
0 293
0 292
0 291
0 290
0 289
0 288
0 287
0 286
0 285
0 284
0 283
0 282
0 281
0 280
0 279
0 278
0 277
0 276
0 275
0 274
0 273
0 272
0 271
0 270
0 269
0 268
0 267
0 266
0 265
0 264
0 263
0 262
0 261
0 260
0 259
0 258
0 257
0 256
0 255
0 254
0 253
0 252
0 251
0 250
0 249
0 248
0 247
0 246
0 245
0 244
0 243
0 242
0 241
0 240
0 239
0 238
0 237
0 236
0 235
0 234
0 233
0 232
0 231
0 230
0 229
0 228
0 227
0 226
0 225
0 224
0 223
0 222
0 221
0 220
0 219
0 218
0 217
0 216
0 215
0 214
0 213
0 212
0 211
0 210
0 209
0 208
0 207
0 206
0 205
0 204
0 203
0 202
0 201
0 200
0 199
0 198
0 197
0 196
0 195
0 194
0 193
0 192
0 191
0 190
0 189
0 188
0 187
0 186
0 185
0 184
0 183
0 182
0 181
0 180
0 179
0 178
0 177
0 176
0 175
0 174
0 173
0 172
0 171
0 170
0 169
0 168
0 167
0 166
0 165
0 164
0 163
0 162
0 161
0 160
0 159
0 158
0 157
0 156
0 155
0 154
0 153
0 152
0 151
0 150
0 149
0 148
0 147
0 146
0 145
0 144
0 143
0 142
0 141
0 140
0 139
0 138
0 137
0 136
0 135
0 134
0 133
0 132
0 131
0 130
0 129
0 128
0 127
0 126
0 125
0 124
0 123
0 122
0 121
0 120
0 119
0 118
0 117
0 116
0 115
0 114
0 113
0 112
0 111
0 110
0 109
0 108
0 107
0 106
0 105
0 104
0 103
0 102
0 101
0 100
0 99
0 98
0 97
0 96
0 95
0 94
0 93
0 92
0 91
0 90
0 89
0 88
0 87
0 86
0 85
0 84
0 83
0 82
0 81
0 80
0 79
0 78
0 77
0 76
0 75
0 74
0 73
0 72
0 71
0 70
0 69
0 68
0 67
0 66
0 65
0 64
0 63
0 62
0 61
0 60
0 59
0 58
0 57
0 56
0 55
0 54
0 53
0 52
0 51
0 50
0 49
0 48
0 47
0 46
0 45
0 44
0 43
0 42
0 41
0 40
0 39
0 38
0 37
0 36
0 35
0 34
0 33
0 32
0 31
0 30
0 29
0 28
0 27
0 26
0 25
0 24
0 23
0 22
0 21
0 20
0 19
0 18
0 17
0 16
0 15
0 14
0 13
0 12
0 11
0 10
0 9
0 8
0 7
0 6
0 5
0 4
0 3
0 2
0 1
