2100 0
2099 1
2098 2
2097 3
2096 4
2095 5
2094 6
2093 7
2092 8
2091 9
2090 10
2089 11
2088 12
2087 13
2086 14
2085 15
2084 16
2083 17
2082 18
2081 19
2080 20
2079 21
2078 22
2077 23
2076 24
2075 25
2074 26
2073 27
2072 28
2071 29
2070 30
2069 31
2068 32
2067 33
2066 34
2065 35
2064 36
2063 37
2062 38
2061 39
2060 40
2059 41
2058 42
2057 43
2056 44
2055 45
2054 46
2053 47
2052 48
2051 49
2050 50
2049 51
2048 52
2047 53
2046 54
2045 55
2044 56
2043 57
2042 58
2041 59
2040 60
2039 61
2038 62
2037 63
2036 64
2035 65
2034 66
2033 67
2032 68
2031 69
2030 70
2029 71
2028 72
2027 73
2026 74
2025 75
2024 76
2023 77
2022 78
2021 79
2020 80
2019 81
2018 82
2017 83
2016 84
2015 85
2014 86
2013 87
2012 88
2011 89
2010 90
2009 91
2008 92
2007 93
2006 94
2005 95
2004 96
2003 97
2002 98
2001 99
2000 100
1999 101
1998 102
1997 103
1996 104
1995 105
1994 106
1993 107
1992 108
1991 109
1990 110
1989 111
1988 112
1987 113
1986 114
1985 115
1984 116
1983 117
1982 118
1981 119
1980 120
1979 121
1978 122
1977 123
1976 124
1975 125
1974 126
1973 127
1972 128
1971 129
1970 130
1969 131
1968 132
1967 133
1966 134
1965 135
1964 136
1963 137
1962 138
1961 139
1960 140
1959 141
1958 142
1957 143
1956 144
1955 145
1954 146
1953 147
1952 148
1951 149
1950 150
1949 151
1948 152
1947 153
1946 154
1945 155
1944 156
1943 157
1942 158
1941 159
1940 160
1939 161
1938 162
1937 163
1936 164
1935 165
1934 166
1933 167
1932 168
1931 169
1930 170
1929 171
1928 172
1927 173
1926 174
1925 175
1924 176
1923 177
1922 178
1921 179
1920 180
1919 181
1918 182
1917 183
1916 184
1915 185
1914 186
1913 187
1912 188
1911 189
1910 190
1909 191
1908 192
1907 193
1906 194
1905 195
1904 196
1903 197
1902 198
1901 199
1900 200
1899 201
1898 202
1897 203
1896 204
1895 205
1894 206
1893 207
1892 208
1891 209
1890 210
1889 211
1888 212
1887 213
1886 214
1885 215
1884 216
1883 217
1882 218
1881 219
1880 220
1879 221
1878 222
1877 223
1876 224
1875 225
1874 226
1873 227
1872 228
1871 229
1870 230
1869 231
1868 232
1867 233
1866 234
1865 235
1864 236
1863 237
1862 238
1861 239
1860 240
1859 241
1858 242
1857 243
1856 244
1855 245
1854 246
1853 247
1852 248
1851 249
1850 250
1849 251
1848 252
1847 253
1846 254
1845 255
1844 256
1843 257
1842 258
1841 259
1840 260
1839 261
1838 262
1837 263
1836 264
1835 265
1834 266
1833 267
1832 268
1831 269
1830 270
1829 271
1828 272
1827 273
1826 274
1825 275
1824 276
1823 277
1822 278
1821 279
1820 280
1819 281
1818 282
1817 283
1816 284
1815 285
1814 286
1813 287
1812 288
1811 289
1810 290
1809 291
1808 292
1807 293
1806 294
1805 295
1804 296
1803 297
1802 298
1801 299
1800 300
1799 301
1798 302
1797 303
1796 304
1795 305
1794 306
1793 307
1792 308
1791 309
1790 310
1789 311
1788 312
1787 313
1786 314
1785 315
1784 316
1783 317
1782 318
1781 319
1780 320
1779 321
1778 322
1777 323
1776 324
1775 325
1774 326
1773 327
1772 328
1771 329
1770 330
1769 331
1768 332
1767 333
1766 334
1765 335
1764 336
1763 337
1762 338
1761 339
1760 340
1759 341
1758 342
1757 343
1756 344
1755 345
1754 346
1753 347
1752 348
1751 349
1750 350
1749 351
1748 352
1747 353
1746 354
1745 355
1744 356
1743 357
1742 358
1741 359
1740 360
1739 361
1738 362
1737 363
1736 364
1735 365
1734 366
1733 367
1732 368
1731 369
1730 370
1729 371
1728 372
1727 373
1726 374
1725 375
1724 376
1723 377
1722 378
1721 379
1720 380
1719 381
1718 382
1717 383
1716 384
1715 385
1714 386
1713 387
1712 388
1711 389
1710 390
1709 391
1708 392
1707 393
1706 394
1705 395
1704 396
1703 397
1702 398
1701 399
1700 400
1699 401
1698 402
1697 403
1696 404
1695 405
1694 406
1693 407
1692 408
1691 409
1690 410
1689 411
1688 412
1687 413
1686 414
1685 415
1684 416
1683 417
1682 418
1681 419
1680 420
1679 421
1678 422
1677 423
1676 424
1675 425
1674 426
1673 427
1672 428
1671 429
1670 430
1669 431
1668 432
1667 433
1666 434
1665 435
1664 436
1663 437
1662 438
1661 439
1660 440
1659 441
1658 442
1657 443
1656 444
1655 445
1654 446
1653 447
1652 448
1651 449
1650 450
1649 451
1648 452
1647 453
1646 454
1645 455
1644 456
1643 457
1642 458
1641 459
1640 460
1639 461
1638 462
1637 463
1636 464
1635 465
1634 466
1633 467
1632 468
1631 469
1630 470
1629 471
1628 472
1627 473
1626 474
1625 475
1624 476
1623 477
1622 478
1621 479
1620 480
1619 481
1618 482
1617 483
1616 484
1615 485
1614 486
1613 487
1612 488
1611 489
1610 490
1609 491
1608 492
1607 493
1606 494
1605 495
1604 496
1603 497
1602 498
1601 499
1600 500
1599 501
1598 502
1597 503
1596 504
1595 505
1594 506
1593 507
1592 508
1591 509
1590 510
1589 511
1588 512
1587 513
1586 514
1585 515
1584 516
1583 517
1582 518
1581 519
1580 520
1579 521
1578 522
1577 523
1576 524
1575 525
1574 526
1573 527
1572 528
1571 529
1570 530
1569 531
1568 532
1567 533
1566 534
1565 535
1564 536
1563 537
1562 538
1561 539
1560 540
1559 541
1558 542
1557 543
1556 544
1555 545
1554 546
1553 547
1552 548
1551 549
1550 550
1549 551
1548 552
1547 553
1546 554
1545 555
1544 556
1543 557
1542 558
1541 559
1540 560
1539 561
1538 562
1537 563
1536 564
1535 565
1534 566
1533 567
1532 568
1531 569
1530 570
1529 571
1528 572
1527 573
1526 574
1525 575
1524 576
1523 577
1522 578
1521 579
1520 580
1519 581
1518 582
1517 583
1516 584
1515 585
1514 586
1513 587
1512 588
1511 589
1510 590
1509 591
1508 592
1507 593
1506 594
1505 595
1504 596
1503 597
1502 598
1501 599
1500 600
1499 601
1498 602
1497 603
1496 604
1495 605
1494 606
1493 607
1492 608
1491 609
1490 610
1489 611
1488 612
1487 613
1486 614
1485 615
1484 616
1483 617
1482 618
1481 619
1480 620
1479 621
1478 622
1477 623
1476 624
1475 625
1474 626
1473 627
1472 628
1471 629
1470 630
1469 631
1468 632
1467 633
1466 634
1465 635
1464 636
1463 637
1462 638
1461 639
1460 640
1459 641
1458 642
1457 643
1456 644
1455 645
1454 646
1453 647
1452 648
1451 649
1450 650
1449 651
1448 652
1447 653
1446 654
1445 655
1444 656
1443 657
1442 658
1441 659
1440 660
1439 661
1438 662
1437 663
1436 664
1435 665
1434 666
1433 667
1432 668
1431 669
1430 670
1429 671
1428 672
1427 673
1426 674
1425 675
1424 676
1423 677
1422 678
1421 679
1420 680
1419 681
1418 682
1417 683
1416 684
1415 685
1414 686
1413 687
1412 688
1411 689
1410 690
1409 691
1408 692
1407 693
1406 694
1405 695
1404 696
1403 697
1402 698
1401 699
1400 700
1399 701
1398 702
1397 703
1396 704
1395 705
1394 706
1393 707
1392 708
1391 709
1390 710
1389 711
1388 712
1387 713
1386 714
1385 715
1384 716
1383 717
1382 718
1381 719
1380 720
1379 721
1378 722
1377 723
1376 724
1375 725
1374 726
1373 727
1372 728
1371 729
1370 730
1369 731
1368 732
1367 733
1366 734
1365 735
1364 736
1363 737
1362 738
1361 739
1360 740
1359 741
1358 742
1357 743
1356 744
1355 745
1354 746
1353 747
1352 748
1351 749
1350 750
1349 751
1348 752
1347 753
1346 754
1345 755
1344 756
1343 757
1342 758
1341 759
1340 760
1339 761
1338 762
1337 763
1336 764
1335 765
1334 766
1333 767
1332 768
1331 769
1330 770
1329 771
1328 772
1327 773
1326 774
1325 775
1324 776
1323 777
1322 778
1321 779
1320 780
1319 781
1318 782
1317 783
1316 784
1315 785
1314 786
1313 787
1312 788
1311 789
1310 790
1309 791
1308 792
1307 793
1306 794
1305 795
1304 796
1303 797
1302 798
1301 799
1300 800
1299 801
1298 802
1297 803
1296 804
1295 805
1294 806
1293 807
1292 808
1291 809
1290 810
1289 811
1288 812
1287 813
1286 814
1285 815
1284 816
1283 817
1282 818
1281 819
1280 820
1279 821
1278 822
1277 823
1276 824
1275 825
1274 826
1273 827
1272 828
1271 829
1270 830
1269 831
1268 832
1267 833
1266 834
1265 835
1264 836
1263 837
1262 838
1261 839
1260 840
1259 841
1258 842
1257 843
1256 844
1255 845
1254 846
1253 847
1252 848
1251 849
1250 850
1249 851
1248 852
1247 853
1246 854
1245 855
1244 856
1243 857
1242 858
1241 859
1240 860
1239 861
1238 862
1237 863
1236 864
1235 865
1234 866
1233 867
1232 868
1231 869
1230 870
1229 871
1228 872
1227 873
1226 874
1225 875
1224 876
1223 877
1222 878
1221 879
1220 880
1219 881
1218 882
1217 883
1216 884
1215 885
1214 886
1213 887
1212 888
1211 889
1210 890
1209 891
1208 892
1207 893
1206 894
1205 895
1204 896
1203 897
1202 898
1201 899
1200 900
1199 901
1198 902
1197 903
1196 904
1195 905
1194 906
1193 907
1192 908
1191 909
1190 910
1189 911
1188 912
1187 913
1186 914
1185 915
1184 916
1183 917
1182 918
1181 919
1180 920
1179 921
1178 922
1177 923
1176 924
1175 925
1174 926
1173 927
1172 928
1171 929
1170 930
1169 931
1168 932
1167 933
1166 934
1165 935
1164 936
1163 937
1162 938
1161 939
1160 940
1159 941
1158 942
1157 943
1156 944
1155 945
1154 946
1153 947
1152 948
1151 949
1150 950
1149 951
1148 952
1147 953
1146 954
1145 955
1144 956
1143 957
1142 958
1141 959
1140 960
1139 961
1138 962
1137 963
1136 964
1135 965
1134 966
1133 967
1132 968
1131 969
1130 970
1129 971
1128 972
1127 973
1126 974
1125 975
1124 976
1123 977
1122 978
1121 979
1120 980
1119 981
1118 982
1117 983
1116 984
1115 985
1114 986
1113 987
1112 988
1111 989
1110 990
1109 991
1108 992
1107 993
1106 994
1105 995
1104 996
1103 997
1102 998
1101 999
1100 1000
1099 1001
1098 1002
1097 1003
1096 1004
1095 1005
1094 1006
1093 1007
1092 1008
1091 1009
1090 1010
1089 1011
1088 1012
1087 1013
1086 1014
1085 1015
1084 1016
1083 1017
1082 1018
1081 1019
1080 1020
1079 1021
1078 1022
1077 1023
1076 1024
1075 1025
1074 1026
1073 1027
1072 1028
1071 1029
1070 1030
1069 1031
1068 1032
1067 1033
1066 1034
1065 1035
1064 1036
1063 1037
1062 1038
1061 1039
1060 1040
1059 1041
1058 1042
1057 1043
1056 1044
1055 1045
1054 1046
1053 1047
1052 1048
1051 1049
1050 1050
1049 1051
1048 1052
1047 1053
1046 1054
1045 1055
1044 1056
1043 1057
1042 1058
1041 1059
1040 1060
1039 1061
1038 1062
1037 1063
1036 1064
1035 1065
1034 1066
1033 1067
1032 1068
1031 1069
1030 1070
1029 1071
1028 1072
1027 1073
1026 1074
1025 1075
1024 1076
1023 1077
1022 1078
1021 1079
1020 1080
1019 1081
1018 1082
1017 1083
1016 1084
1015 1085
1014 1086
1013 1087
1012 1088
1011 1089
1010 1090
1009 1091
1008 1092
1007 1093
1006 1094
1005 1095
1004 1096
1003 1097
1002 1098
1001 1099
1000 1100
999 1101
998 1102
997 1103
996 1104
995 1105
994 1106
993 1107
992 1108
991 1109
990 1110
989 1111
988 1112
987 1113
986 1114
985 1115
984 1116
983 1117
982 1118
981 1119
980 1120
979 1121
978 1122
977 1123
976 1124
975 1125
974 1126
973 1127
972 1128
971 1129
970 1130
969 1131
968 1132
967 1133
966 1134
965 1135
964 1136
963 1137
962 1138
961 1139
960 1140
959 1141
958 1142
957 1143
956 1144
955 1145
954 1146
953 1147
952 1148
951 1149
950 1150
949 1151
948 1152
947 1153
946 1154
945 1155
944 1156
943 1157
942 1158
941 1159
940 1160
939 1161
938 1162
937 1163
936 1164
935 1165
934 1166
933 1167
932 1168
931 1169
930 1170
929 1171
928 1172
927 1173
926 1174
925 1175
924 1176
923 1177
922 1178
921 1179
920 1180
919 1181
918 1182
917 1183
916 1184
915 1185
914 1186
913 1187
912 1188
911 1189
910 1190
909 1191
908 1192
907 1193
906 1194
905 1195
904 1196
903 1197
902 1198
901 1199
900 1200
899 1201
898 1202
897 1203
896 1204
895 1205
894 1206
893 1207
892 1208
891 1209
890 1210
889 1211
888 1212
887 1213
886 1214
885 1215
884 1216
883 1217
882 1218
881 1219
880 1220
879 1221
878 1222
877 1223
876 1224
875 1225
874 1226
873 1227
872 1228
871 1229
870 1230
869 1231
868 1232
867 1233
866 1234
865 1235
864 1236
863 1237
862 1238
861 1239
860 1240
859 1241
858 1242
857 1243
856 1244
855 1245
854 1246
853 1247
852 1248
851 1249
850 1250
849 1251
848 1252
847 1253
846 1254
845 1255
844 1256
843 1257
842 1258
841 1259
840 1260
839 1261
838 1262
837 1263
836 1264
835 1265
834 1266
833 1267
832 1268
831 1269
830 1270
829 1271
828 1272
827 1273
826 1274
825 1275
824 1276
823 1277
822 1278
821 1279
820 1280
819 1281
818 1282
817 1283
816 1284
815 1285
814 1286
813 1287
812 1288
811 1289
810 1290
809 1291
808 1292
807 1293
806 1294
805 1295
804 1296
803 1297
802 1298
801 1299
800 1300
799 1301
798 1302
797 1303
796 1304
795 1305
794 1306
793 1307
792 1308
791 1309
790 1310
789 1311
788 1312
787 1313
786 1314
785 1315
784 1316
783 1317
782 1318
781 1319
780 1320
779 1321
778 1322
777 1323
776 1324
775 1325
774 1326
773 1327
772 1328
771 1329
770 1330
769 1331
768 1332
767 1333
766 1334
765 1335
764 1336
763 1337
762 1338
761 1339
760 1340
759 1341
758 1342
757 1343
756 1344
755 1345
754 1346
753 1347
752 1348
751 1349
750 1350
749 1351
748 1352
747 1353
746 1354
745 1355
744 1356
743 1357
742 1358
741 1359
740 1360
739 1361
738 1362
737 1363
736 1364
735 1365
734 1366
733 1367
732 1368
731 1369
730 1370
729 1371
728 1372
727 1373
726 1374
725 1375
724 1376
723 1377
722 1378
721 1379
720 1380
719 1381
718 1382
717 1383
716 1384
715 1385
714 1386
713 1387
712 1388
711 1389
710 1390
709 1391
708 1392
707 1393
706 1394
705 1395
704 1396
703 1397
702 1398
701 1399
700 1400
699 1401
698 1402
697 1403
696 1404
695 1405
694 1406
693 1407
692 1408
691 1409
690 1410
689 1411
688 1412
687 1413
686 1414
685 1415
684 1416
683 1417
682 1418
681 1419
680 1420
679 1421
678 1422
677 1423
676 1424
675 1425
674 1426
673 1427
672 1428
671 1429
670 1430
669 1431
668 1432
667 1433
666 1434
665 1435
664 1436
663 1437
662 1438
661 1439
660 1440
659 1441
658 1442
657 1443
656 1444
655 1445
654 1446
653 1447
652 1448
651 1449
650 1450
649 1451
648 1452
647 1453
646 1454
645 1455
644 1456
643 1457
642 1458
641 1459
640 1460
639 1461
638 1462
637 1463
636 1464
635 1465
634 1466
633 1467
632 1468
631 1469
630 1470
629 1471
628 1472
627 1473
626 1474
625 1475
624 1476
623 1477
622 1478
621 1479
620 1480
619 1481
618 1482
617 1483
616 1484
615 1485
614 1486
613 1487
612 1488
611 1489
610 1490
609 1491
608 1492
607 1493
606 1494
605 1495
604 1496
603 1497
602 1498
601 1499
600 1500
599 1501
598 1502
597 1503
596 1504
595 1505
594 1506
593 1507
592 1508
591 1509
590 1510
589 1511
588 1512
587 1513
586 1514
585 1515
584 1516
583 1517
582 1518
581 1519
580 1520
579 1521
578 1522
577 1523
576 1524
575 1525
574 1526
573 1527
572 1528
571 1529
570 1530
569 1531
568 1532
567 1533
566 1534
565 1535
564 1536
563 1537
562 1538
561 1539
560 1540
559 1541
558 1542
557 1543
556 1544
555 1545
554 1546
553 1547
552 1548
551 1549
550 1550
549 1551
548 1552
547 1553
546 1554
545 1555
544 1556
543 1557
542 1558
541 1559
540 1560
539 1561
538 1562
537 1563
536 1564
535 1565
534 1566
533 1567
532 1568
531 1569
530 1570
529 1571
528 1572
527 1573
526 1574
525 1575
524 1576
523 1577
522 1578
521 1579
520 1580
519 1581
518 1582
517 1583
516 1584
515 1585
514 1586
513 1587
512 1588
511 1589
510 1590
509 1591
508 1592
507 1593
506 1594
505 1595
504 1596
503 1597
502 1598
501 1599
500 1600
499 1601
498 1602
497 1603
496 1604
495 1605
494 1606
493 1607
492 1608
491 1609
490 1610
489 1611
488 1612
487 1613
486 1614
485 1615
484 1616
483 1617
482 1618
481 1619
480 1620
479 1621
478 1622
477 1623
476 1624
475 1625
474 1626
473 1627
472 1628
471 1629
470 1630
469 1631
468 1632
467 1633
466 1634
465 1635
464 1636
463 1637
462 1638
461 1639
460 1640
459 1641
458 1642
457 1643
456 1644
455 1645
454 1646
453 1647
452 1648
451 1649
450 1650
449 1651
448 1652
447 1653
446 1654
445 1655
444 1656
443 1657
442 1658
441 1659
440 1660
439 1661
438 1662
437 1663
436 1664
435 1665
434 1666
433 1667
432 1668
431 1669
430 1670
429 1671
428 1672
427 1673
426 1674
425 1675
424 1676
423 1677
422 1678
421 1679
420 1680
419 1681
418 1682
417 1683
416 1684
415 1685
414 1686
413 1687
412 1688
411 1689
410 1690
409 1691
408 1692
407 1693
406 1694
405 1695
404 1696
403 1697
402 1698
401 1699
400 1700
399 1701
398 1702
397 1703
396 1704
395 1705
394 1706
393 1707
392 1708
391 1709
390 1710
389 1711
388 1712
387 1713
386 1714
385 1715
384 1716
383 1717
382 1718
381 1719
380 1720
379 1721
378 1722
377 1723
376 1724
375 1725
374 1726
373 1727
372 1728
371 1729
370 1730
369 1731
368 1732
367 1733
366 1734
365 1735
364 1736
363 1737
362 1738
361 1739
360 1740
359 1741
358 1742
357 1743
356 1744
355 1745
354 1746
353 1747
352 1748
351 1749
350 1750
349 1751
348 1752
347 1753
346 1754
345 1755
344 1756
343 1757
342 1758
341 1759
340 1760
339 1761
338 1762
337 1763
336 1764
335 1765
334 1766
333 1767
332 1768
331 1769
330 1770
329 1771
328 1772
327 1773
326 1774
325 1775
324 1776
323 1777
322 1778
321 1779
320 1780
319 1781
318 1782
317 1783
316 1784
315 1785
314 1786
313 1787
312 1788
311 1789
310 1790
309 1791
308 1792
307 1793
306 1794
305 1795
304 1796
303 1797
302 1798
301 1799
300 1800
299 1801
298 1802
297 1803
296 1804
295 1805
294 1806
293 1807
292 1808
291 1809
290 1810
289 1811
288 1812
287 1813
286 1814
285 1815
284 1816
283 1817
282 1818
281 1819
280 1820
279 1821
278 1822
277 1823
276 1824
275 1825
274 1826
273 1827
272 1828
271 1829
270 1830
269 1831
268 1832
267 1833
266 1834
265 1835
264 1836
263 1837
262 1838
261 1839
260 1840
259 1841
258 1842
257 1843
256 1844
255 1845
254 1846
253 1847
252 1848
251 1849
250 1850
249 1851
248 1852
247 1853
246 1854
245 1855
244 1856
243 1857
242 1858
241 1859
240 1860
239 1861
238 1862
237 1863
236 1864
235 1865
234 1866
233 1867
232 1868
231 1869
230 1870
229 1871
228 1872
227 1873
226 1874
225 1875
224 1876
223 1877
222 1878
221 1879
220 1880
219 1881
218 1882
217 1883
216 1884
215 1885
214 1886
213 1887
212 1888
211 1889
210 1890
209 1891
208 1892
207 1893
206 1894
205 1895
204 1896
203 1897
202 1898
201 1899
200 1900
199 1901
198 1902
197 1903
196 1904
195 1905
194 1906
193 1907
192 1908
191 1909
190 1910
189 1911
188 1912
187 1913
186 1914
185 1915
184 1916
183 1917
182 1918
181 1919
180 1920
179 1921
178 1922
177 1923
176 1924
175 1925
174 1926
173 1927
172 1928
171 1929
170 1930
169 1931
168 1932
167 1933
166 1934
165 1935
164 1936
163 1937
162 1938
161 1939
160 1940
159 1941
158 1942
157 1943
156 1944
155 1945
154 1946
153 1947
152 1948
151 1949
150 1950
149 1951
148 1952
147 1953
146 1954
145 1955
144 1956
143 1957
142 1958
141 1959
140 1960
139 1961
138 1962
137 1963
136 1964
135 1965
134 1966
133 1967
132 1968
131 1969
130 1970
129 1971
128 1972
127 1973
126 1974
125 1975
124 1976
123 1977
122 1978
121 1979
120 1980
119 1981
118 1982
117 1983
116 1984
115 1985
114 1986
113 1987
112 1988
111 1989
110 1990
109 1991
108 1992
107 1993
106 1994
105 1995
104 1996
103 1997
102 1998
101 1999
100 2000
99 2001
98 2002
97 2003
96 2004
95 2005
94 2006
93 2007
92 2008
91 2009
90 2010
89 2011
88 2012
87 2013
86 2014
85 2015
84 2016
83 2017
82 2018
81 2019
80 2020
79 2021
78 2022
77 2023
76 2024
75 2025
74 2026
73 2027
72 2028
71 2029
70 2030
69 2031
68 2032
67 2033
66 2034
65 2035
64 2036
63 2037
62 2038
61 2039
60 2040
59 2041
58 2042
57 2043
56 2044
55 2045
54 2046
53 2047
52 2048
51 2049
50 2050
49 2051
48 2052
47 2053
46 2054
45 2055
44 2056
43 2057
42 2058
41 2059
40 2060
39 2061
38 2062
37 2063
36 2064
35 2065
34 2066
33 2067
32 2068
31 2069
30 2070
29 2071
28 2072
27 2073
26 2074
25 2075
24 2076
23 2077
22 2078
21 2079
20 2080
19 2081
18 2082
17 2083
16 2084
15 2085
14 2086
13 2087
12 2088
11 2089
10 2090
9 2091
8 2092
7 2093
6 2094
5 2095
4 2096
3 2097
2 2098
1 2099
0 2100
0 2099
0 2098
0 2097
0 2096
0 2095
0 2094
0 2093
0 2092
0 2091
0 2090
0 2089
0 2088
0 2087
0 2086
0 2085
0 2084
0 2083
0 2082
0 2081
0 2080
0 2079
0 2078
0 2077
0 2076
0 2075
0 2074
0 2073
0 2072
0 2071
0 2070
0 2069
0 2068
0 2067
0 2066
0 2065
0 2064
0 2063
0 2062
0 2061
0 2060
0 2059
0 2058
0 2057
0 2056
0 2055
0 2054
0 2053
0 2052
0 2051
0 2050
0 2049
0 2048
0 2047
0 2046
0 2045
0 2044
0 2043
0 2042
0 2041
0 2040
0 2039
0 2038
0 2037
0 2036
0 2035
0 2034
0 2033
0 2032
0 2031
0 2030
0 2029
0 2028
0 2027
0 2026
0 2025
0 2024
0 2023
0 2022
0 2021
0 2020
0 2019
0 2018
0 2017
0 2016
0 2015
0 2014
0 2013
0 2012
0 2011
0 2010
0 2009
0 2008
0 2007
0 2006
0 2005
0 2004
0 2003
0 2002
0 2001
0 2000
0 1999
0 1998
0 1997
0 1996
0 1995
0 1994
0 1993
0 1992
0 1991
0 1990
0 1989
0 1988
0 1987
0 1986
0 1985
0 1984
0 1983
0 1982
0 1981
0 1980
0 1979
0 1978
0 1977
0 1976
0 1975
0 1974
0 1973
0 1972
0 1971
0 1970
0 1969
0 1968
0 1967
0 1966
0 1965
0 1964
0 1963
0 1962
0 1961
0 1960
0 1959
0 1958
0 1957
0 1956
0 1955
0 1954
0 1953
0 1952
0 1951
0 1950
0 1949
0 1948
0 1947
0 1946
0 1945
0 1944
0 1943
0 1942
0 1941
0 1940
0 1939
0 1938
0 1937
0 1936
0 1935
0 1934
0 1933
0 1932
0 1931
0 1930
0 1929
0 1928
0 1927
0 1926
0 1925
0 1924
0 1923
0 1922
0 1921
0 1920
0 1919
0 1918
0 1917
0 1916
0 1915
0 1914
0 1913
0 1912
0 1911
0 1910
0 1909
0 1908
0 1907
0 1906
0 1905
0 1904
0 1903
0 1902
0 1901
0 1900
0 1899
0 1898
0 1897
0 1896
0 1895
0 1894
0 1893
0 1892
0 1891
0 1890
0 1889
0 1888
0 1887
0 1886
0 1885
0 1884
0 1883
0 1882
0 1881
0 1880
0 1879
0 1878
0 1877
0 1876
0 1875
0 1874
0 1873
0 1872
0 1871
0 1870
0 1869
0 1868
0 1867
0 1866
0 1865
0 1864
0 1863
0 1862
0 1861
0 1860
0 1859
0 1858
0 1857
0 1856
0 1855
0 1854
0 1853
0 1852
0 1851
0 1850
0 1849
0 1848
0 1847
0 1846
0 1845
0 1844
0 1843
0 1842
0 1841
0 1840
0 1839
0 1838
0 1837
0 1836
0 1835
0 1834
0 1833
0 1832
0 1831
0 1830
0 1829
0 1828
0 1827
0 1826
0 1825
0 1824
0 1823
0 1822
0 1821
0 1820
0 1819
0 1818
0 1817
0 1816
0 1815
0 1814
0 1813
0 1812
0 1811
0 1810
0 1809
0 1808
0 1807
0 1806
0 1805
0 1804
0 1803
0 1802
0 1801
0 1800
0 1799
0 1798
0 1797
0 1796
0 1795
0 1794
0 1793
0 1792
0 1791
0 1790
0 1789
0 1788
0 1787
0 1786
0 1785
0 1784
0 1783
0 1782
0 1781
0 1780
0 1779
0 1778
0 1777
0 1776
0 1775
0 1774
0 1773
0 1772
0 1771
0 1770
0 1769
0 1768
0 1767
0 1766
0 1765
0 1764
0 1763
0 1762
0 1761
0 1760
0 1759
0 1758
0 1757
0 1756
0 1755
0 1754
0 1753
0 1752
0 1751
0 1750
0 1749
0 1748
0 1747
0 1746
0 1745
0 1744
0 1743
0 1742
0 1741
0 1740
0 1739
0 1738
0 1737
0 1736
0 1735
0 1734
0 1733
0 1732
0 1731
0 1730
0 1729
0 1728
0 1727
0 1726
0 1725
0 1724
0 1723
0 1722
0 1721
0 1720
0 1719
0 1718
0 1717
0 1716
0 1715
0 1714
0 1713
0 1712
0 1711
0 1710
0 1709
0 1708
0 1707
0 1706
0 1705
0 1704
0 1703
0 1702
0 1701
0 1700
0 1699
0 1698
0 1697
0 1696
0 1695
0 1694
0 1693
0 1692
0 1691
0 1690
0 1689
0 1688
0 1687
0 1686
0 1685
0 1684
0 1683
0 1682
0 1681
0 1680
0 1679
0 1678
0 1677
0 1676
0 1675
0 1674
0 1673
0 1672
0 1671
0 1670
0 1669
0 1668
0 1667
0 1666
0 1665
0 1664
0 1663
0 1662
0 1661
0 1660
0 1659
0 1658
0 1657
0 1656
0 1655
0 1654
0 1653
0 1652
0 1651
0 1650
0 1649
0 1648
0 1647
0 1646
0 1645
0 1644
0 1643
0 1642
0 1641
0 1640
0 1639
0 1638
0 1637
0 1636
0 1635
0 1634
0 1633
0 1632
0 1631
0 1630
0 1629
0 1628
0 1627
0 1626
0 1625
0 1624
0 1623
0 1622
0 1621
0 1620
0 1619
0 1618
0 1617
0 1616
0 1615
0 1614
0 1613
0 1612
0 1611
0 1610
0 1609
0 1608
0 1607
0 1606
0 1605
0 1604
0 1603
0 1602
0 1601
0 1600
0 1599
0 1598
0 1597
0 1596
0 1595
0 1594
0 1593
0 1592
0 1591
0 1590
0 1589
0 1588
0 1587
0 1586
0 1585
0 1584
0 1583
0 1582
0 1581
0 1580
0 1579
0 1578
0 1577
0 1576
0 1575
0 1574
0 1573
0 1572
0 1571
0 1570
0 1569
0 1568
0 1567
0 1566
0 1565
0 1564
0 1563
0 1562
0 1561
0 1560
0 1559
0 1558
0 1557
0 1556
0 1555
0 1554
0 1553
0 1552
0 1551
0 1550
0 1549
0 1548
0 1547
0 1546
0 1545
0 1544
0 1543
0 1542
0 1541
0 1540
0 1539
0 1538
0 1537
0 1536
0 1535
0 1534
0 1533
0 1532
0 1531
0 1530
0 1529
0 1528
0 1527
0 1526
0 1525
0 1524
0 1523
0 1522
0 1521
0 1520
0 1519
0 1518
0 1517
0 1516
0 1515
0 1514
0 1513
0 1512
0 1511
0 1510
0 1509
0 1508
0 1507
0 1506
0 1505
0 1504
0 1503
0 1502
0 1501
0 1500
0 1499
0 1498
0 1497
0 1496
0 1495
0 1494
0 1493
0 1492
0 1491
0 1490
0 1489
0 1488
0 1487
0 1486
0 1485
0 1484
0 1483
0 1482
0 1481
0 1480
0 1479
0 1478
0 1477
0 1476
0 1475
0 1474
0 1473
0 1472
0 1471
0 1470
0 1469
0 1468
0 1467
0 1466
0 1465
0 1464
0 1463
0 1462
0 1461
0 1460
0 1459
0 1458
0 1457
0 1456
0 1455
0 1454
0 1453
0 1452
0 1451
0 1450
0 1449
0 1448
0 1447
0 1446
0 1445
0 1444
0 1443
0 1442
0 1441
0 1440
0 1439
0 1438
0 1437
0 1436
0 1435
0 1434
0 1433
0 1432
0 1431
0 1430
0 1429
0 1428
0 1427
0 1426
0 1425
0 1424
0 1423
0 1422
0 1421
0 1420
0 1419
0 1418
0 1417
0 1416
0 1415
0 1414
0 1413
0 1412
0 1411
0 1410
0 1409
0 1408
0 1407
0 1406
0 1405
0 1404
0 1403
0 1402
0 1401
0 1400
0 1399
0 1398
0 1397
0 1396
0 1395
0 1394
0 1393
0 1392
0 1391
0 1390
0 1389
0 1388
0 1387
0 1386
0 1385
0 1384
0 1383
0 1382
0 1381
0 1380
0 1379
0 1378
0 1377
0 1376
0 1375
0 1374
0 1373
0 1372
0 1371
0 1370
0 1369
0 1368
0 1367
0 1366
0 1365
0 1364
0 1363
0 1362
0 1361
0 1360
0 1359
0 1358
0 1357
0 1356
0 1355
0 1354
0 1353
0 1352
0 1351
0 1350
0 1349
0 1348
0 1347
0 1346
0 1345
0 1344
0 1343
0 1342
0 1341
0 1340
0 1339
0 1338
0 1337
0 1336
0 1335
0 1334
0 1333
0 1332
0 1331
0 1330
0 1329
0 1328
0 1327
0 1326
0 1325
0 1324
0 1323
0 1322
0 1321
0 1320
0 1319
0 1318
0 1317
0 1316
0 1315
0 1314
0 1313
0 1312
0 1311
0 1310
0 1309
0 1308
0 1307
0 1306
0 1305
0 1304
0 1303
0 1302
0 1301
0 1300
0 1299
0 1298
0 1297
0 1296
0 1295
0 1294
0 1293
0 1292
0 1291
0 1290
0 1289
0 1288
0 1287
0 1286
0 1285
0 1284
0 1283
0 1282
0 1281
0 1280
0 1279
0 1278
0 1277
0 1276
0 1275
0 1274
0 1273
0 1272
0 1271
0 1270
0 1269
0 1268
0 1267
0 1266
0 1265
0 1264
0 1263
0 1262
0 1261
0 1260
0 1259
0 1258
0 1257
0 1256
0 1255
0 1254
0 1253
0 1252
0 1251
0 1250
0 1249
0 1248
0 1247
0 1246
0 1245
0 1244
0 1243
0 1242
0 1241
0 1240
0 1239
0 1238
0 1237
0 1236
0 1235
0 1234
0 1233
0 1232
0 1231
0 1230
0 1229
0 1228
0 1227
0 1226
0 1225
0 1224
0 1223
0 1222
0 1221
0 1220
0 1219
0 1218
0 1217
0 1216
0 1215
0 1214
0 1213
0 1212
0 1211
0 1210
0 1209
0 1208
0 1207
0 1206
0 1205
0 1204
0 1203
0 1202
0 1201
0 1200
0 1199
0 1198
0 1197
0 1196
0 1195
0 1194
0 1193
0 1192
0 1191
0 1190
0 1189
0 1188
0 1187
0 1186
0 1185
0 1184
0 1183
0 1182
0 1181
0 1180
0 1179
0 1178
0 1177
0 1176
0 1175
0 1174
0 1173
0 1172
0 1171
0 1170
0 1169
0 1168
0 1167
0 1166
0 1165
0 1164
0 1163
0 1162
0 1161
0 1160
0 1159
0 1158
0 1157
0 1156
0 1155
0 1154
0 1153
0 1152
0 1151
0 1150
0 1149
0 1148
0 1147
0 1146
0 1145
0 1144
0 1143
0 1142
0 1141
0 1140
0 1139
0 1138
0 1137
0 1136
0 1135
0 1134
0 1133
0 1132
0 1131
0 1130
0 1129
0 1128
0 1127
0 1126
0 1125
0 1124
0 1123
0 1122
0 1121
0 1120
0 1119
0 1118
0 1117
0 1116
0 1115
0 1114
0 1113
0 1112
0 1111
0 1110
0 1109
0 1108
0 1107
0 1106
0 1105
0 1104
0 1103
0 1102
0 1101
0 1100
0 1099
0 1098
0 1097
0 1096
0 1095
0 1094
0 1093
0 1092
0 1091
0 1090
0 1089
0 1088
0 1087
0 1086
0 1085
0 1084
0 1083
0 1082
0 1081
0 1080
0 1079
0 1078
0 1077
0 1076
0 1075
0 1074
0 1073
0 1072
0 1071
0 1070
0 1069
0 1068
0 1067
0 1066
0 1065
0 1064
0 1063
0 1062
0 1061
0 1060
0 1059
0 1058
0 1057
0 1056
0 1055
0 1054
0 1053
0 1052
0 1051
0 1050
0 1049
0 1048
0 1047
0 1046
0 1045
0 1044
0 1043
0 1042
0 1041
0 1040
0 1039
0 1038
0 1037
0 1036
0 1035
0 1034
0 1033
0 1032
0 1031
0 1030
0 1029
0 1028
0 1027
0 1026
0 1025
0 1024
0 1023
0 1022
0 1021
0 1020
0 1019
0 1018
0 1017
0 1016
0 1015
0 1014
0 1013
0 1012
0 1011
0 1010
0 1009
0 1008
0 1007
0 1006
0 1005
0 1004
0 1003
0 1002
0 1001
0 1000
0 999
0 998
0 997
0 996
0 995
0 994
0 993
0 992
0 991
0 990
0 989
0 988
0 987
0 986
0 985
0 984
0 983
0 982
0 981
0 980
0 979
0 978
0 977
0 976
0 975
0 974
0 973
0 972
0 971
0 970
0 969
0 968
0 967
0 966
0 965
0 964
0 963
0 962
0 961
0 960
0 959
0 958
0 957
0 956
0 955
0 954
0 953
0 952
0 951
0 950
0 949
0 948
0 947
0 946
0 945
0 944
0 943
0 942
0 941
0 940
0 939
0 938
0 937
0 936
0 935
0 934
0 933
0 932
0 931
0 930
0 929
0 928
0 927
0 926
0 925
0 924
0 923
0 922
0 921
0 920
0 919
0 918
0 917
0 916
0 915
0 914
0 913
0 912
0 911
0 910
0 909
0 908
0 907
0 906
0 905
0 904
0 903
0 902
0 901
0 900
0 899
0 898
0 897
0 896
0 895
0 894
0 893
0 892
0 891
0 890
0 889
0 888
0 887
0 886
0 885
0 884
0 883
0 882
0 881
0 880
0 879
0 878
0 877
0 876
0 875
0 874
0 873
0 872
0 871
0 870
0 869
0 868
0 867
0 866
0 865
0 864
0 863
0 862
0 861
0 860
0 859
0 858
0 857
0 856
0 855
0 854
0 853
0 852
0 851
0 850
0 849
0 848
0 847
0 846
0 845
0 844
0 843
0 842
0 841
0 840
0 839
0 838
0 837
0 836
0 835
0 834
0 833
0 832
0 831
0 830
0 829
0 828
0 827
0 826
0 825
0 824
0 823
0 822
0 821
0 820
0 819
0 818
0 817
0 816
0 815
0 814
0 813
0 812
0 811
0 810
0 809
0 808
0 807
0 806
0 805
0 804
0 803
0 802
0 801
0 800
0 799
0 798
0 797
0 796
0 795
0 794
0 793
0 792
0 791
0 790
0 789
0 788
0 787
0 786
0 785
0 784
0 783
0 782
0 781
0 780
0 779
0 778
0 777
0 776
0 775
0 774
0 773
0 772
0 771
0 770
0 769
0 768
0 767
0 766
0 765
0 764
0 763
0 762
0 761
0 760
0 759
0 758
0 757
0 756
0 755
0 754
0 753
0 752
0 751
0 750
0 749
0 748
0 747
0 746
0 745
0 744
0 743
0 742
0 741
0 740
0 739
0 738
0 737
0 736
0 735
0 734
0 733
0 732
0 731
0 730
0 729
0 728
0 727
0 726
0 725
0 724
0 723
0 722
0 721
0 720
0 719
0 718
0 717
0 716
0 715
0 714
0 713
0 712
0 711
0 710
0 709
0 708
0 707
0 706
0 705
0 704
0 703
0 702
0 701
0 700
0 699
0 698
0 697
0 696
0 695
0 694
0 693
0 692
0 691
0 690
0 689
0 688
0 687
0 686
0 685
0 684
0 683
0 682
0 681
0 680
0 679
0 678
0 677
0 676
0 675
0 674
0 673
0 672
0 671
0 670
0 669
0 668
0 667
0 666
0 665
0 664
0 663
0 662
0 661
0 660
0 659
0 658
0 657
0 656
0 655
0 654
0 653
0 652
0 651
0 650
0 649
0 648
0 647
0 646
0 645
0 644
0 643
0 642
0 641
0 640
0 639
0 638
0 637
0 636
0 635
0 634
0 633
0 632
0 631
0 630
0 629
0 628
0 627
0 626
0 625
0 624
0 623
0 622
0 621
0 620
0 619
0 618
0 617
0 616
0 615
0 614
0 613
0 612
0 611
0 610
0 609
0 608
0 607
0 606
0 605
0 604
0 603
0 602
0 601
0 600
0 599
0 598
0 597
0 596
0 595
0 594
0 593
0 592
0 591
0 590
0 589
0 588
0 587
0 586
0 585
0 584
0 583
0 582
0 581
0 580
0 579
0 578
0 577
0 576
0 575
0 574
0 573
0 572
0 571
0 570
0 569
0 568
0 567
0 566
0 565
0 564
0 563
0 562
0 561
0 560
0 559
0 558
0 557
0 556
0 555
0 554
0 553
0 552
0 551
0 550
0 549
0 548
0 547
0 546
0 545
0 544
0 543
0 542
0 541
0 540
0 539
0 538
0 537
0 536
0 535
0 534
0 533
0 532
0 531
0 530
0 529
0 528
0 527
0 526
0 525
0 524
0 523
0 522
0 521
0 520
0 519
0 518
0 517
0 516
0 515
0 514
0 513
0 512
0 511
0 510
0 509
0 508
0 507
0 506
0 505
0 504
0 503
0 502
0 501
0 500
0 499
0 498
0 497
0 496
0 495
0 494
0 493
0 492
0 491
0 490
0 489
0 488
0 487
0 486
0 485
0 484
0 483
0 482
0 481
0 480
0 479
0 478
0 477
0 476
0 475
0 474
0 473
0 472
0 471
0 470
0 469
0 468
0 467
0 466
0 465
0 464
0 463
0 462
0 461
0 460
0 459
0 458
0 457
0 456
0 455
0 454
0 453
0 452
0 451
0 450
0 449
0 448
0 447
0 446
0 445
0 444
0 443
0 442
0 441
0 440
0 439
0 438
0 437
0 436
0 435
0 434
0 433
0 432
0 431
0 430
0 429
0 428
0 427
0 426
0 425
0 424
0 423
0 422
0 421
0 420
0 419
0 418
0 417
0 416
0 415
0 414
0 413
0 412
0 411
0 410
0 409
0 408
0 407
0 406
0 405
0 404
0 403
0 402
0 401
0 400
0 399
0 398
0 397
0 396
0 395
0 394
0 393
0 392
0 391
0 390
0 389
0 388
0 387
0 386
0 385
0 384
0 383
0 382
0 381
0 380
0 379
0 378
0 377
0 376
0 375
0 374
0 373
0 372
0 371
0 370
0 369
0 368
0 367
0 366
0 365
0 364
0 363
0 362
0 361
0 360
0 359
0 358
0 357
0 356
0 355
0 354
0 353
0 352
0 351
0 350
0 349
0 348
0 347
0 346
0 345
0 344
0 343
0 342
0 341
0 340
0 339
0 338
0 337
0 336
0 335
0 334
0 333
0 332
0 331
0 330
0 329
0 328
0 327
0 326
0 325
0 324
0 323
0 322
0 321
0 320
0 319
0 318
0 317
0 316
0 315
0 314
0 313
0 312
0 311
0 310
0 309
0 308
0 307
0 306
0 305
0 304
0 303
0 302
0 301
0 300
0 299
0 298
0 297
0 296
0 295
0 294
0 293
0 292
0 291
0 290
0 289
0 288
0 287
0 286
0 285
0 284
0 283
0 282
0 281
0 280
0 279
0 278
0 277
0 276
0 275
0 274
0 273
0 272
0 271
0 270
0 269
0 268
0 267
0 266
0 265
0 264
0 263
0 262
0 261
0 260
0 259
0 258
0 257
0 256
0 255
0 254
0 253
0 252
0 251
0 250
0 249
0 248
0 247
0 246
0 245
0 244
0 243
0 242
0 241
0 240
0 239
0 238
0 237
0 236
0 235
0 234
0 233
0 232
0 231
0 230
0 229
0 228
0 227
0 226
0 225
0 224
0 223
0 222
0 221
0 220
0 219
0 218
0 217
0 216
0 215
0 214
0 213
0 212
0 211
0 210
0 209
0 208
0 207
0 206
0 205
0 204
0 203
0 202
0 201
0 200
0 199
0 198
0 197
0 196
0 195
0 194
0 193
0 192
0 191
0 190
0 189
0 188
0 187
0 186
0 185
0 184
0 183
0 182
0 181
0 180
0 179
0 178
0 177
0 176
0 175
0 174
0 173
0 172
0 171
0 170
0 169
0 168
0 167
0 166
0 165
0 164
0 163
0 162
0 161
0 160
0 159
0 158
0 157
0 156
0 155
0 154
0 153
0 152
0 151
0 150
0 149
0 148
0 147
0 146
0 145
0 144
0 143
0 142
0 141
0 140
0 139
0 138
0 137
0 136
0 135
0 134
0 133
0 132
0 131
0 130
0 129
0 128
0 127
0 126
0 125
0 124
0 123
0 122
0 121
0 120
0 119
0 118
0 117
0 116
0 115
0 114
0 113
0 112
0 111
0 110
0 109
0 108
0 107
0 106
0 105
0 104
0 103
0 102
0 101
0 100
0 99
0 98
0 97
0 96
0 95
0 94
0 93
0 92
0 91
0 90
0 89
0 88
0 87
0 86
0 85
0 84
0 83
0 82
0 81
0 80
0 79
0 78
0 77
0 76
0 75
0 74
0 73
0 72
0 71
0 70
0 69
0 68
0 67
0 66
0 65
0 64
0 63
0 62
0 61
0 60
0 59
0 58
0 57
0 56
0 55
0 54
0 53
0 52
0 51
0 50
0 49
0 48
0 47
0 46
0 45
0 44
0 43
0 42
0 41
0 40
0 39
0 38
0 37
0 36
0 35
0 34
0 33
0 32
0 31
0 30
0 29
0 28
0 27
0 26
0 25
0 24
0 23
0 22
0 21
0 20
0 19
0 18
0 17
0 16
0 15
0 14
0 13
0 12
0 11
0 10
0 9
0 8
0 7
0 6
0 5
0 4
0 3
0 2
0 1
