2350 0
2349 1
2348 2
2347 3
2346 4
2345 5
2344 6
2343 7
2342 8
2341 9
2340 10
2339 11
2338 12
2337 13
2336 14
2335 15
2334 16
2333 17
2332 18
2331 19
2330 20
2329 21
2328 22
2327 23
2326 24
2325 25
2324 26
2323 27
2322 28
2321 29
2320 30
2319 31
2318 32
2317 33
2316 34
2315 35
2314 36
2313 37
2312 38
2311 39
2310 40
2309 41
2308 42
2307 43
2306 44
2305 45
2304 46
2303 47
2302 48
2301 49
2300 50
2299 51
2298 52
2297 53
2296 54
2295 55
2294 56
2293 57
2292 58
2291 59
2290 60
2289 61
2288 62
2287 63
2286 64
2285 65
2284 66
2283 67
2282 68
2281 69
2280 70
2279 71
2278 72
2277 73
2276 74
2275 75
2274 76
2273 77
2272 78
2271 79
2270 80
2269 81
2268 82
2267 83
2266 84
2265 85
2264 86
2263 87
2262 88
2261 89
2260 90
2259 91
2258 92
2257 93
2256 94
2255 95
2254 96
2253 97
2252 98
2251 99
2250 100
2249 101
2248 102
2247 103
2246 104
2245 105
2244 106
2243 107
2242 108
2241 109
2240 110
2239 111
2238 112
2237 113
2236 114
2235 115
2234 116
2233 117
2232 118
2231 119
2230 120
2229 121
2228 122
2227 123
2226 124
2225 125
2224 126
2223 127
2222 128
2221 129
2220 130
2219 131
2218 132
2217 133
2216 134
2215 135
2214 136
2213 137
2212 138
2211 139
2210 140
2209 141
2208 142
2207 143
2206 144
2205 145
2204 146
2203 147
2202 148
2201 149
2200 150
2199 151
2198 152
2197 153
2196 154
2195 155
2194 156
2193 157
2192 158
2191 159
2190 160
2189 161
2188 162
2187 163
2186 164
2185 165
2184 166
2183 167
2182 168
2181 169
2180 170
2179 171
2178 172
2177 173
2176 174
2175 175
2174 176
2173 177
2172 178
2171 179
2170 180
2169 181
2168 182
2167 183
2166 184
2165 185
2164 186
2163 187
2162 188
2161 189
2160 190
2159 191
2158 192
2157 193
2156 194
2155 195
2154 196
2153 197
2152 198
2151 199
2150 200
2149 201
2148 202
2147 203
2146 204
2145 205
2144 206
2143 207
2142 208
2141 209
2140 210
2139 211
2138 212
2137 213
2136 214
2135 215
2134 216
2133 217
2132 218
2131 219
2130 220
2129 221
2128 222
2127 223
2126 224
2125 225
2124 226
2123 227
2122 228
2121 229
2120 230
2119 231
2118 232
2117 233
2116 234
2115 235
2114 236
2113 237
2112 238
2111 239
2110 240
2109 241
2108 242
2107 243
2106 244
2105 245
2104 246
2103 247
2102 248
2101 249
2100 250
2099 251
2098 252
2097 253
2096 254
2095 255
2094 256
2093 257
2092 258
2091 259
2090 260
2089 261
2088 262
2087 263
2086 264
2085 265
2084 266
2083 267
2082 268
2081 269
2080 270
2079 271
2078 272
2077 273
2076 274
2075 275
2074 276
2073 277
2072 278
2071 279
2070 280
2069 281
2068 282
2067 283
2066 284
2065 285
2064 286
2063 287
2062 288
2061 289
2060 290
2059 291
2058 292
2057 293
2056 294
2055 295
2054 296
2053 297
2052 298
2051 299
2050 300
2049 301
2048 302
2047 303
2046 304
2045 305
2044 306
2043 307
2042 308
2041 309
2040 310
2039 311
2038 312
2037 313
2036 314
2035 315
2034 316
2033 317
2032 318
2031 319
2030 320
2029 321
2028 322
2027 323
2026 324
2025 325
2024 326
2023 327
2022 328
2021 329
2020 330
2019 331
2018 332
2017 333
2016 334
2015 335
2014 336
2013 337
2012 338
2011 339
2010 340
2009 341
2008 342
2007 343
2006 344
2005 345
2004 346
2003 347
2002 348
2001 349
2000 350
1999 351
1998 352
1997 353
1996 354
1995 355
1994 356
1993 357
1992 358
1991 359
1990 360
1989 361
1988 362
1987 363
1986 364
1985 365
1984 366
1983 367
1982 368
1981 369
1980 370
1979 371
1978 372
1977 373
1976 374
1975 375
1974 376
1973 377
1972 378
1971 379
1970 380
1969 381
1968 382
1967 383
1966 384
1965 385
1964 386
1963 387
1962 388
1961 389
1960 390
1959 391
1958 392
1957 393
1956 394
1955 395
1954 396
1953 397
1952 398
1951 399
1950 400
1949 401
1948 402
1947 403
1946 404
1945 405
1944 406
1943 407
1942 408
1941 409
1940 410
1939 411
1938 412
1937 413
1936 414
1935 415
1934 416
1933 417
1932 418
1931 419
1930 420
1929 421
1928 422
1927 423
1926 424
1925 425
1924 426
1923 427
1922 428
1921 429
1920 430
1919 431
1918 432
1917 433
1916 434
1915 435
1914 436
1913 437
1912 438
1911 439
1910 440
1909 441
1908 442
1907 443
1906 444
1905 445
1904 446
1903 447
1902 448
1901 449
1900 450
1899 451
1898 452
1897 453
1896 454
1895 455
1894 456
1893 457
1892 458
1891 459
1890 460
1889 461
1888 462
1887 463
1886 464
1885 465
1884 466
1883 467
1882 468
1881 469
1880 470
1879 471
1878 472
1877 473
1876 474
1875 475
1874 476
1873 477
1872 478
1871 479
1870 480
1869 481
1868 482
1867 483
1866 484
1865 485
1864 486
1863 487
1862 488
1861 489
1860 490
1859 491
1858 492
1857 493
1856 494
1855 495
1854 496
1853 497
1852 498
1851 499
1850 500
1849 501
1848 502
1847 503
1846 504
1845 505
1844 506
1843 507
1842 508
1841 509
1840 510
1839 511
1838 512
1837 513
1836 514
1835 515
1834 516
1833 517
1832 518
1831 519
1830 520
1829 521
1828 522
1827 523
1826 524
1825 525
1824 526
1823 527
1822 528
1821 529
1820 530
1819 531
1818 532
1817 533
1816 534
1815 535
1814 536
1813 537
1812 538
1811 539
1810 540
1809 541
1808 542
1807 543
1806 544
1805 545
1804 546
1803 547
1802 548
1801 549
1800 550
1799 551
1798 552
1797 553
1796 554
1795 555
1794 556
1793 557
1792 558
1791 559
1790 560
1789 561
1788 562
1787 563
1786 564
1785 565
1784 566
1783 567
1782 568
1781 569
1780 570
1779 571
1778 572
1777 573
1776 574
1775 575
1774 576
1773 577
1772 578
1771 579
1770 580
1769 581
1768 582
1767 583
1766 584
1765 585
1764 586
1763 587
1762 588
1761 589
1760 590
1759 591
1758 592
1757 593
1756 594
1755 595
1754 596
1753 597
1752 598
1751 599
1750 600
1749 601
1748 602
1747 603
1746 604
1745 605
1744 606
1743 607
1742 608
1741 609
1740 610
1739 611
1738 612
1737 613
1736 614
1735 615
1734 616
1733 617
1732 618
1731 619
1730 620
1729 621
1728 622
1727 623
1726 624
1725 625
1724 626
1723 627
1722 628
1721 629
1720 630
1719 631
1718 632
1717 633
1716 634
1715 635
1714 636
1713 637
1712 638
1711 639
1710 640
1709 641
1708 642
1707 643
1706 644
1705 645
1704 646
1703 647
1702 648
1701 649
1700 650
1699 651
1698 652
1697 653
1696 654
1695 655
1694 656
1693 657
1692 658
1691 659
1690 660
1689 661
1688 662
1687 663
1686 664
1685 665
1684 666
1683 667
1682 668
1681 669
1680 670
1679 671
1678 672
1677 673
1676 674
1675 675
1674 676
1673 677
1672 678
1671 679
1670 680
1669 681
1668 682
1667 683
1666 684
1665 685
1664 686
1663 687
1662 688
1661 689
1660 690
1659 691
1658 692
1657 693
1656 694
1655 695
1654 696
1653 697
1652 698
1651 699
1650 700
1649 701
1648 702
1647 703
1646 704
1645 705
1644 706
1643 707
1642 708
1641 709
1640 710
1639 711
1638 712
1637 713
1636 714
1635 715
1634 716
1633 717
1632 718
1631 719
1630 720
1629 721
1628 722
1627 723
1626 724
1625 725
1624 726
1623 727
1622 728
1621 729
1620 730
1619 731
1618 732
1617 733
1616 734
1615 735
1614 736
1613 737
1612 738
1611 739
1610 740
1609 741
1608 742
1607 743
1606 744
1605 745
1604 746
1603 747
1602 748
1601 749
1600 750
1599 751
1598 752
1597 753
1596 754
1595 755
1594 756
1593 757
1592 758
1591 759
1590 760
1589 761
1588 762
1587 763
1586 764
1585 765
1584 766
1583 767
1582 768
1581 769
1580 770
1579 771
1578 772
1577 773
1576 774
1575 775
1574 776
1573 777
1572 778
1571 779
1570 780
1569 781
1568 782
1567 783
1566 784
1565 785
1564 786
1563 787
1562 788
1561 789
1560 790
1559 791
1558 792
1557 793
1556 794
1555 795
1554 796
1553 797
1552 798
1551 799
1550 800
1549 801
1548 802
1547 803
1546 804
1545 805
1544 806
1543 807
1542 808
1541 809
1540 810
1539 811
1538 812
1537 813
1536 814
1535 815
1534 816
1533 817
1532 818
1531 819
1530 820
1529 821
1528 822
1527 823
1526 824
1525 825
1524 826
1523 827
1522 828
1521 829
1520 830
1519 831
1518 832
1517 833
1516 834
1515 835
1514 836
1513 837
1512 838
1511 839
1510 840
1509 841
1508 842
1507 843
1506 844
1505 845
1504 846
1503 847
1502 848
1501 849
1500 850
1499 851
1498 852
1497 853
1496 854
1495 855
1494 856
1493 857
1492 858
1491 859
1490 860
1489 861
1488 862
1487 863
1486 864
1485 865
1484 866
1483 867
1482 868
1481 869
1480 870
1479 871
1478 872
1477 873
1476 874
1475 875
1474 876
1473 877
1472 878
1471 879
1470 880
1469 881
1468 882
1467 883
1466 884
1465 885
1464 886
1463 887
1462 888
1461 889
1460 890
1459 891
1458 892
1457 893
1456 894
1455 895
1454 896
1453 897
1452 898
1451 899
1450 900
1449 901
1448 902
1447 903
1446 904
1445 905
1444 906
1443 907
1442 908
1441 909
1440 910
1439 911
1438 912
1437 913
1436 914
1435 915
1434 916
1433 917
1432 918
1431 919
1430 920
1429 921
1428 922
1427 923
1426 924
1425 925
1424 926
1423 927
1422 928
1421 929
1420 930
1419 931
1418 932
1417 933
1416 934
1415 935
1414 936
1413 937
1412 938
1411 939
1410 940
1409 941
1408 942
1407 943
1406 944
1405 945
1404 946
1403 947
1402 948
1401 949
1400 950
1399 951
1398 952
1397 953
1396 954
1395 955
1394 956
1393 957
1392 958
1391 959
1390 960
1389 961
1388 962
1387 963
1386 964
1385 965
1384 966
1383 967
1382 968
1381 969
1380 970
1379 971
1378 972
1377 973
1376 974
1375 975
1374 976
1373 977
1372 978
1371 979
1370 980
1369 981
1368 982
1367 983
1366 984
1365 985
1364 986
1363 987
1362 988
1361 989
1360 990
1359 991
1358 992
1357 993
1356 994
1355 995
1354 996
1353 997
1352 998
1351 999
1350 1000
1349 1001
1348 1002
1347 1003
1346 1004
1345 1005
1344 1006
1343 1007
1342 1008
1341 1009
1340 1010
1339 1011
1338 1012
1337 1013
1336 1014
1335 1015
1334 1016
1333 1017
1332 1018
1331 1019
1330 1020
1329 1021
1328 1022
1327 1023
1326 1024
1325 1025
1324 1026
1323 1027
1322 1028
1321 1029
1320 1030
1319 1031
1318 1032
1317 1033
1316 1034
1315 1035
1314 1036
1313 1037
1312 1038
1311 1039
1310 1040
1309 1041
1308 1042
1307 1043
1306 1044
1305 1045
1304 1046
1303 1047
1302 1048
1301 1049
1300 1050
1299 1051
1298 1052
1297 1053
1296 1054
1295 1055
1294 1056
1293 1057
1292 1058
1291 1059
1290 1060
1289 1061
1288 1062
1287 1063
1286 1064
1285 1065
1284 1066
1283 1067
1282 1068
1281 1069
1280 1070
1279 1071
1278 1072
1277 1073
1276 1074
1275 1075
1274 1076
1273 1077
1272 1078
1271 1079
1270 1080
1269 1081
1268 1082
1267 1083
1266 1084
1265 1085
1264 1086
1263 1087
1262 1088
1261 1089
1260 1090
1259 1091
1258 1092
1257 1093
1256 1094
1255 1095
1254 1096
1253 1097
1252 1098
1251 1099
1250 1100
1249 1101
1248 1102
1247 1103
1246 1104
1245 1105
1244 1106
1243 1107
1242 1108
1241 1109
1240 1110
1239 1111
1238 1112
1237 1113
1236 1114
1235 1115
1234 1116
1233 1117
1232 1118
1231 1119
1230 1120
1229 1121
1228 1122
1227 1123
1226 1124
1225 1125
1224 1126
1223 1127
1222 1128
1221 1129
1220 1130
1219 1131
1218 1132
1217 1133
1216 1134
1215 1135
1214 1136
1213 1137
1212 1138
1211 1139
1210 1140
1209 1141
1208 1142
1207 1143
1206 1144
1205 1145
1204 1146
1203 1147
1202 1148
1201 1149
1200 1150
1199 1151
1198 1152
1197 1153
1196 1154
1195 1155
1194 1156
1193 1157
1192 1158
1191 1159
1190 1160
1189 1161
1188 1162
1187 1163
1186 1164
1185 1165
1184 1166
1183 1167
1182 1168
1181 1169
1180 1170
1179 1171
1178 1172
1177 1173
1176 1174
1175 1175
1174 1176
1173 1177
1172 1178
1171 1179
1170 1180
1169 1181
1168 1182
1167 1183
1166 1184
1165 1185
1164 1186
1163 1187
1162 1188
1161 1189
1160 1190
1159 1191
1158 1192
1157 1193
1156 1194
1155 1195
1154 1196
1153 1197
1152 1198
1151 1199
1150 1200
1149 1201
1148 1202
1147 1203
1146 1204
1145 1205
1144 1206
1143 1207
1142 1208
1141 1209
1140 1210
1139 1211
1138 1212
1137 1213
1136 1214
1135 1215
1134 1216
1133 1217
1132 1218
1131 1219
1130 1220
1129 1221
1128 1222
1127 1223
1126 1224
1125 1225
1124 1226
1123 1227
1122 1228
1121 1229
1120 1230
1119 1231
1118 1232
1117 1233
1116 1234
1115 1235
1114 1236
1113 1237
1112 1238
1111 1239
1110 1240
1109 1241
1108 1242
1107 1243
1106 1244
1105 1245
1104 1246
1103 1247
1102 1248
1101 1249
1100 1250
1099 1251
1098 1252
1097 1253
1096 1254
1095 1255
1094 1256
1093 1257
1092 1258
1091 1259
1090 1260
1089 1261
1088 1262
1087 1263
1086 1264
1085 1265
1084 1266
1083 1267
1082 1268
1081 1269
1080 1270
1079 1271
1078 1272
1077 1273
1076 1274
1075 1275
1074 1276
1073 1277
1072 1278
1071 1279
1070 1280
1069 1281
1068 1282
1067 1283
1066 1284
1065 1285
1064 1286
1063 1287
1062 1288
1061 1289
1060 1290
1059 1291
1058 1292
1057 1293
1056 1294
1055 1295
1054 1296
1053 1297
1052 1298
1051 1299
1050 1300
1049 1301
1048 1302
1047 1303
1046 1304
1045 1305
1044 1306
1043 1307
1042 1308
1041 1309
1040 1310
1039 1311
1038 1312
1037 1313
1036 1314
1035 1315
1034 1316
1033 1317
1032 1318
1031 1319
1030 1320
1029 1321
1028 1322
1027 1323
1026 1324
1025 1325
1024 1326
1023 1327
1022 1328
1021 1329
1020 1330
1019 1331
1018 1332
1017 1333
1016 1334
1015 1335
1014 1336
1013 1337
1012 1338
1011 1339
1010 1340
1009 1341
1008 1342
1007 1343
1006 1344
1005 1345
1004 1346
1003 1347
1002 1348
1001 1349
1000 1350
999 1351
998 1352
997 1353
996 1354
995 1355
994 1356
993 1357
992 1358
991 1359
990 1360
989 1361
988 1362
987 1363
986 1364
985 1365
984 1366
983 1367
982 1368
981 1369
980 1370
979 1371
978 1372
977 1373
976 1374
975 1375
974 1376
973 1377
972 1378
971 1379
970 1380
969 1381
968 1382
967 1383
966 1384
965 1385
964 1386
963 1387
962 1388
961 1389
960 1390
959 1391
958 1392
957 1393
956 1394
955 1395
954 1396
953 1397
952 1398
951 1399
950 1400
949 1401
948 1402
947 1403
946 1404
945 1405
944 1406
943 1407
942 1408
941 1409
940 1410
939 1411
938 1412
937 1413
936 1414
935 1415
934 1416
933 1417
932 1418
931 1419
930 1420
929 1421
928 1422
927 1423
926 1424
925 1425
924 1426
923 1427
922 1428
921 1429
920 1430
919 1431
918 1432
917 1433
916 1434
915 1435
914 1436
913 1437
912 1438
911 1439
910 1440
909 1441
908 1442
907 1443
906 1444
905 1445
904 1446
903 1447
902 1448
901 1449
900 1450
899 1451
898 1452
897 1453
896 1454
895 1455
894 1456
893 1457
892 1458
891 1459
890 1460
889 1461
888 1462
887 1463
886 1464
885 1465
884 1466
883 1467
882 1468
881 1469
880 1470
879 1471
878 1472
877 1473
876 1474
875 1475
874 1476
873 1477
872 1478
871 1479
870 1480
869 1481
868 1482
867 1483
866 1484
865 1485
864 1486
863 1487
862 1488
861 1489
860 1490
859 1491
858 1492
857 1493
856 1494
855 1495
854 1496
853 1497
852 1498
851 1499
850 1500
849 1501
848 1502
847 1503
846 1504
845 1505
844 1506
843 1507
842 1508
841 1509
840 1510
839 1511
838 1512
837 1513
836 1514
835 1515
834 1516
833 1517
832 1518
831 1519
830 1520
829 1521
828 1522
827 1523
826 1524
825 1525
824 1526
823 1527
822 1528
821 1529
820 1530
819 1531
818 1532
817 1533
816 1534
815 1535
814 1536
813 1537
812 1538
811 1539
810 1540
809 1541
808 1542
807 1543
806 1544
805 1545
804 1546
803 1547
802 1548
801 1549
800 1550
799 1551
798 1552
797 1553
796 1554
795 1555
794 1556
793 1557
792 1558
791 1559
790 1560
789 1561
788 1562
787 1563
786 1564
785 1565
784 1566
783 1567
782 1568
781 1569
780 1570
779 1571
778 1572
777 1573
776 1574
775 1575
774 1576
773 1577
772 1578
771 1579
770 1580
769 1581
768 1582
767 1583
766 1584
765 1585
764 1586
763 1587
762 1588
761 1589
760 1590
759 1591
758 1592
757 1593
756 1594
755 1595
754 1596
753 1597
752 1598
751 1599
750 1600
749 1601
748 1602
747 1603
746 1604
745 1605
744 1606
743 1607
742 1608
741 1609
740 1610
739 1611
738 1612
737 1613
736 1614
735 1615
734 1616
733 1617
732 1618
731 1619
730 1620
729 1621
728 1622
727 1623
726 1624
725 1625
724 1626
723 1627
722 1628
721 1629
720 1630
719 1631
718 1632
717 1633
716 1634
715 1635
714 1636
713 1637
712 1638
711 1639
710 1640
709 1641
708 1642
707 1643
706 1644
705 1645
704 1646
703 1647
702 1648
701 1649
700 1650
699 1651
698 1652
697 1653
696 1654
695 1655
694 1656
693 1657
692 1658
691 1659
690 1660
689 1661
688 1662
687 1663
686 1664
685 1665
684 1666
683 1667
682 1668
681 1669
680 1670
679 1671
678 1672
677 1673
676 1674
675 1675
674 1676
673 1677
672 1678
671 1679
670 1680
669 1681
668 1682
667 1683
666 1684
665 1685
664 1686
663 1687
662 1688
661 1689
660 1690
659 1691
658 1692
657 1693
656 1694
655 1695
654 1696
653 1697
652 1698
651 1699
650 1700
649 1701
648 1702
647 1703
646 1704
645 1705
644 1706
643 1707
642 1708
641 1709
640 1710
639 1711
638 1712
637 1713
636 1714
635 1715
634 1716
633 1717
632 1718
631 1719
630 1720
629 1721
628 1722
627 1723
626 1724
625 1725
624 1726
623 1727
622 1728
621 1729
620 1730
619 1731
618 1732
617 1733
616 1734
615 1735
614 1736
613 1737
612 1738
611 1739
610 1740
609 1741
608 1742
607 1743
606 1744
605 1745
604 1746
603 1747
602 1748
601 1749
600 1750
599 1751
598 1752
597 1753
596 1754
595 1755
594 1756
593 1757
592 1758
591 1759
590 1760
589 1761
588 1762
587 1763
586 1764
585 1765
584 1766
583 1767
582 1768
581 1769
580 1770
579 1771
578 1772
577 1773
576 1774
575 1775
574 1776
573 1777
572 1778
571 1779
570 1780
569 1781
568 1782
567 1783
566 1784
565 1785
564 1786
563 1787
562 1788
561 1789
560 1790
559 1791
558 1792
557 1793
556 1794
555 1795
554 1796
553 1797
552 1798
551 1799
550 1800
549 1801
548 1802
547 1803
546 1804
545 1805
544 1806
543 1807
542 1808
541 1809
540 1810
539 1811
538 1812
537 1813
536 1814
535 1815
534 1816
533 1817
532 1818
531 1819
530 1820
529 1821
528 1822
527 1823
526 1824
525 1825
524 1826
523 1827
522 1828
521 1829
520 1830
519 1831
518 1832
517 1833
516 1834
515 1835
514 1836
513 1837
512 1838
511 1839
510 1840
509 1841
508 1842
507 1843
506 1844
505 1845
504 1846
503 1847
502 1848
501 1849
500 1850
499 1851
498 1852
497 1853
496 1854
495 1855
494 1856
493 1857
492 1858
491 1859
490 1860
489 1861
488 1862
487 1863
486 1864
485 1865
484 1866
483 1867
482 1868
481 1869
480 1870
479 1871
478 1872
477 1873
476 1874
475 1875
474 1876
473 1877
472 1878
471 1879
470 1880
469 1881
468 1882
467 1883
466 1884
465 1885
464 1886
463 1887
462 1888
461 1889
460 1890
459 1891
458 1892
457 1893
456 1894
455 1895
454 1896
453 1897
452 1898
451 1899
450 1900
449 1901
448 1902
447 1903
446 1904
445 1905
444 1906
443 1907
442 1908
441 1909
440 1910
439 1911
438 1912
437 1913
436 1914
435 1915
434 1916
433 1917
432 1918
431 1919
430 1920
429 1921
428 1922
427 1923
426 1924
425 1925
424 1926
423 1927
422 1928
421 1929
420 1930
419 1931
418 1932
417 1933
416 1934
415 1935
414 1936
413 1937
412 1938
411 1939
410 1940
409 1941
408 1942
407 1943
406 1944
405 1945
404 1946
403 1947
402 1948
401 1949
400 1950
399 1951
398 1952
397 1953
396 1954
395 1955
394 1956
393 1957
392 1958
391 1959
390 1960
389 1961
388 1962
387 1963
386 1964
385 1965
384 1966
383 1967
382 1968
381 1969
380 1970
379 1971
378 1972
377 1973
376 1974
375 1975
374 1976
373 1977
372 1978
371 1979
370 1980
369 1981
368 1982
367 1983
366 1984
365 1985
364 1986
363 1987
362 1988
361 1989
360 1990
359 1991
358 1992
357 1993
356 1994
355 1995
354 1996
353 1997
352 1998
351 1999
350 2000
349 2001
348 2002
347 2003
346 2004
345 2005
344 2006
343 2007
342 2008
341 2009
340 2010
339 2011
338 2012
337 2013
336 2014
335 2015
334 2016
333 2017
332 2018
331 2019
330 2020
329 2021
328 2022
327 2023
326 2024
325 2025
324 2026
323 2027
322 2028
321 2029
320 2030
319 2031
318 2032
317 2033
316 2034
315 2035
314 2036
313 2037
312 2038
311 2039
310 2040
309 2041
308 2042
307 2043
306 2044
305 2045
304 2046
303 2047
302 2048
301 2049
300 2050
299 2051
298 2052
297 2053
296 2054
295 2055
294 2056
293 2057
292 2058
291 2059
290 2060
289 2061
288 2062
287 2063
286 2064
285 2065
284 2066
283 2067
282 2068
281 2069
280 2070
279 2071
278 2072
277 2073
276 2074
275 2075
274 2076
273 2077
272 2078
271 2079
270 2080
269 2081
268 2082
267 2083
266 2084
265 2085
264 2086
263 2087
262 2088
261 2089
260 2090
259 2091
258 2092
257 2093
256 2094
255 2095
254 2096
253 2097
252 2098
251 2099
250 2100
249 2101
248 2102
247 2103
246 2104
245 2105
244 2106
243 2107
242 2108
241 2109
240 2110
239 2111
238 2112
237 2113
236 2114
235 2115
234 2116
233 2117
232 2118
231 2119
230 2120
229 2121
228 2122
227 2123
226 2124
225 2125
224 2126
223 2127
222 2128
221 2129
220 2130
219 2131
218 2132
217 2133
216 2134
215 2135
214 2136
213 2137
212 2138
211 2139
210 2140
209 2141
208 2142
207 2143
206 2144
205 2145
204 2146
203 2147
202 2148
201 2149
200 2150
199 2151
198 2152
197 2153
196 2154
195 2155
194 2156
193 2157
192 2158
191 2159
190 2160
189 2161
188 2162
187 2163
186 2164
185 2165
184 2166
183 2167
182 2168
181 2169
180 2170
179 2171
178 2172
177 2173
176 2174
175 2175
174 2176
173 2177
172 2178
171 2179
170 2180
169 2181
168 2182
167 2183
166 2184
165 2185
164 2186
163 2187
162 2188
161 2189
160 2190
159 2191
158 2192
157 2193
156 2194
155 2195
154 2196
153 2197
152 2198
151 2199
150 2200
149 2201
148 2202
147 2203
146 2204
145 2205
144 2206
143 2207
142 2208
141 2209
140 2210
139 2211
138 2212
137 2213
136 2214
135 2215
134 2216
133 2217
132 2218
131 2219
130 2220
129 2221
128 2222
127 2223
126 2224
125 2225
124 2226
123 2227
122 2228
121 2229
120 2230
119 2231
118 2232
117 2233
116 2234
115 2235
114 2236
113 2237
112 2238
111 2239
110 2240
109 2241
108 2242
107 2243
106 2244
105 2245
104 2246
103 2247
102 2248
101 2249
100 2250
99 2251
98 2252
97 2253
96 2254
95 2255
94 2256
93 2257
92 2258
91 2259
90 2260
89 2261
88 2262
87 2263
86 2264
85 2265
84 2266
83 2267
82 2268
81 2269
80 2270
79 2271
78 2272
77 2273
76 2274
75 2275
74 2276
73 2277
72 2278
71 2279
70 2280
69 2281
68 2282
67 2283
66 2284
65 2285
64 2286
63 2287
62 2288
61 2289
60 2290
59 2291
58 2292
57 2293
56 2294
55 2295
54 2296
53 2297
52 2298
51 2299
50 2300
49 2301
48 2302
47 2303
46 2304
45 2305
44 2306
43 2307
42 2308
41 2309
40 2310
39 2311
38 2312
37 2313
36 2314
35 2315
34 2316
33 2317
32 2318
31 2319
30 2320
29 2321
28 2322
27 2323
26 2324
25 2325
24 2326
23 2327
22 2328
21 2329
20 2330
19 2331
18 2332
17 2333
16 2334
15 2335
14 2336
13 2337
12 2338
11 2339
10 2340
9 2341
8 2342
7 2343
6 2344
5 2345
4 2346
3 2347
2 2348
1 2349
0 2350
0 2349
0 2348
0 2347
0 2346
0 2345
0 2344
0 2343
0 2342
0 2341
0 2340
0 2339
0 2338
0 2337
0 2336
0 2335
0 2334
0 2333
0 2332
0 2331
0 2330
0 2329
0 2328
0 2327
0 2326
0 2325
0 2324
0 2323
0 2322
0 2321
0 2320
0 2319
0 2318
0 2317
0 2316
0 2315
0 2314
0 2313
0 2312
0 2311
0 2310
0 2309
0 2308
0 2307
0 2306
0 2305
0 2304
0 2303
0 2302
0 2301
0 2300
0 2299
0 2298
0 2297
0 2296
0 2295
0 2294
0 2293
0 2292
0 2291
0 2290
0 2289
0 2288
0 2287
0 2286
0 2285
0 2284
0 2283
0 2282
0 2281
0 2280
0 2279
0 2278
0 2277
0 2276
0 2275
0 2274
0 2273
0 2272
0 2271
0 2270
0 2269
0 2268
0 2267
0 2266
0 2265
0 2264
0 2263
0 2262
0 2261
0 2260
0 2259
0 2258
0 2257
0 2256
0 2255
0 2254
0 2253
0 2252
0 2251
0 2250
0 2249
0 2248
0 2247
0 2246
0 2245
0 2244
0 2243
0 2242
0 2241
0 2240
0 2239
0 2238
0 2237
0 2236
0 2235
0 2234
0 2233
0 2232
0 2231
0 2230
0 2229
0 2228
0 2227
0 2226
0 2225
0 2224
0 2223
0 2222
0 2221
0 2220
0 2219
0 2218
0 2217
0 2216
0 2215
0 2214
0 2213
0 2212
0 2211
0 2210
0 2209
0 2208
0 2207
0 2206
0 2205
0 2204
0 2203
0 2202
0 2201
0 2200
0 2199
0 2198
0 2197
0 2196
0 2195
0 2194
0 2193
0 2192
0 2191
0 2190
0 2189
0 2188
0 2187
0 2186
0 2185
0 2184
0 2183
0 2182
0 2181
0 2180
0 2179
0 2178
0 2177
0 2176
0 2175
0 2174
0 2173
0 2172
0 2171
0 2170
0 2169
0 2168
0 2167
0 2166
0 2165
0 2164
0 2163
0 2162
0 2161
0 2160
0 2159
0 2158
0 2157
0 2156
0 2155
0 2154
0 2153
0 2152
0 2151
0 2150
0 2149
0 2148
0 2147
0 2146
0 2145
0 2144
0 2143
0 2142
0 2141
0 2140
0 2139
0 2138
0 2137
0 2136
0 2135
0 2134
0 2133
0 2132
0 2131
0 2130
0 2129
0 2128
0 2127
0 2126
0 2125
0 2124
0 2123
0 2122
0 2121
0 2120
0 2119
0 2118
0 2117
0 2116
0 2115
0 2114
0 2113
0 2112
0 2111
0 2110
0 2109
0 2108
0 2107
0 2106
0 2105
0 2104
0 2103
0 2102
0 2101
0 2100
0 2099
0 2098
0 2097
0 2096
0 2095
0 2094
0 2093
0 2092
0 2091
0 2090
0 2089
0 2088
0 2087
0 2086
0 2085
0 2084
0 2083
0 2082
0 2081
0 2080
0 2079
0 2078
0 2077
0 2076
0 2075
0 2074
0 2073
0 2072
0 2071
0 2070
0 2069
0 2068
0 2067
0 2066
0 2065
0 2064
0 2063
0 2062
0 2061
0 2060
0 2059
0 2058
0 2057
0 2056
0 2055
0 2054
0 2053
0 2052
0 2051
0 2050
0 2049
0 2048
0 2047
0 2046
0 2045
0 2044
0 2043
0 2042
0 2041
0 2040
0 2039
0 2038
0 2037
0 2036
0 2035
0 2034
0 2033
0 2032
0 2031
0 2030
0 2029
0 2028
0 2027
0 2026
0 2025
0 2024
0 2023
0 2022
0 2021
0 2020
0 2019
0 2018
0 2017
0 2016
0 2015
0 2014
0 2013
0 2012
0 2011
0 2010
0 2009
0 2008
0 2007
0 2006
0 2005
0 2004
0 2003
0 2002
0 2001
0 2000
0 1999
0 1998
0 1997
0 1996
0 1995
0 1994
0 1993
0 1992
0 1991
0 1990
0 1989
0 1988
0 1987
0 1986
0 1985
0 1984
0 1983
0 1982
0 1981
0 1980
0 1979
0 1978
0 1977
0 1976
0 1975
0 1974
0 1973
0 1972
0 1971
0 1970
0 1969
0 1968
0 1967
0 1966
0 1965
0 1964
0 1963
0 1962
0 1961
0 1960
0 1959
0 1958
0 1957
0 1956
0 1955
0 1954
0 1953
0 1952
0 1951
0 1950
0 1949
0 1948
0 1947
0 1946
0 1945
0 1944
0 1943
0 1942
0 1941
0 1940
0 1939
0 1938
0 1937
0 1936
0 1935
0 1934
0 1933
0 1932
0 1931
0 1930
0 1929
0 1928
0 1927
0 1926
0 1925
0 1924
0 1923
0 1922
0 1921
0 1920
0 1919
0 1918
0 1917
0 1916
0 1915
0 1914
0 1913
0 1912
0 1911
0 1910
0 1909
0 1908
0 1907
0 1906
0 1905
0 1904
0 1903
0 1902
0 1901
0 1900
0 1899
0 1898
0 1897
0 1896
0 1895
0 1894
0 1893
0 1892
0 1891
0 1890
0 1889
0 1888
0 1887
0 1886
0 1885
0 1884
0 1883
0 1882
0 1881
0 1880
0 1879
0 1878
0 1877
0 1876
0 1875
0 1874
0 1873
0 1872
0 1871
0 1870
0 1869
0 1868
0 1867
0 1866
0 1865
0 1864
0 1863
0 1862
0 1861
0 1860
0 1859
0 1858
0 1857
0 1856
0 1855
0 1854
0 1853
0 1852
0 1851
0 1850
0 1849
0 1848
0 1847
0 1846
0 1845
0 1844
0 1843
0 1842
0 1841
0 1840
0 1839
0 1838
0 1837
0 1836
0 1835
0 1834
0 1833
0 1832
0 1831
0 1830
0 1829
0 1828
0 1827
0 1826
0 1825
0 1824
0 1823
0 1822
0 1821
0 1820
0 1819
0 1818
0 1817
0 1816
0 1815
0 1814
0 1813
0 1812
0 1811
0 1810
0 1809
0 1808
0 1807
0 1806
0 1805
0 1804
0 1803
0 1802
0 1801
0 1800
0 1799
0 1798
0 1797
0 1796
0 1795
0 1794
0 1793
0 1792
0 1791
0 1790
0 1789
0 1788
0 1787
0 1786
0 1785
0 1784
0 1783
0 1782
0 1781
0 1780
0 1779
0 1778
0 1777
0 1776
0 1775
0 1774
0 1773
0 1772
0 1771
0 1770
0 1769
0 1768
0 1767
0 1766
0 1765
0 1764
0 1763
0 1762
0 1761
0 1760
0 1759
0 1758
0 1757
0 1756
0 1755
0 1754
0 1753
0 1752
0 1751
0 1750
0 1749
0 1748
0 1747
0 1746
0 1745
0 1744
0 1743
0 1742
0 1741
0 1740
0 1739
0 1738
0 1737
0 1736
0 1735
0 1734
0 1733
0 1732
0 1731
0 1730
0 1729
0 1728
0 1727
0 1726
0 1725
0 1724
0 1723
0 1722
0 1721
0 1720
0 1719
0 1718
0 1717
0 1716
0 1715
0 1714
0 1713
0 1712
0 1711
0 1710
0 1709
0 1708
0 1707
0 1706
0 1705
0 1704
0 1703
0 1702
0 1701
0 1700
0 1699
0 1698
0 1697
0 1696
0 1695
0 1694
0 1693
0 1692
0 1691
0 1690
0 1689
0 1688
0 1687
0 1686
0 1685
0 1684
0 1683
0 1682
0 1681
0 1680
0 1679
0 1678
0 1677
0 1676
0 1675
0 1674
0 1673
0 1672
0 1671
0 1670
0 1669
0 1668
0 1667
0 1666
0 1665
0 1664
0 1663
0 1662
0 1661
0 1660
0 1659
0 1658
0 1657
0 1656
0 1655
0 1654
0 1653
0 1652
0 1651
0 1650
0 1649
0 1648
0 1647
0 1646
0 1645
0 1644
0 1643
0 1642
0 1641
0 1640
0 1639
0 1638
0 1637
0 1636
0 1635
0 1634
0 1633
0 1632
0 1631
0 1630
0 1629
0 1628
0 1627
0 1626
0 1625
0 1624
0 1623
0 1622
0 1621
0 1620
0 1619
0 1618
0 1617
0 1616
0 1615
0 1614
0 1613
0 1612
0 1611
0 1610
0 1609
0 1608
0 1607
0 1606
0 1605
0 1604
0 1603
0 1602
0 1601
0 1600
0 1599
0 1598
0 1597
0 1596
0 1595
0 1594
0 1593
0 1592
0 1591
0 1590
0 1589
0 1588
0 1587
0 1586
0 1585
0 1584
0 1583
0 1582
0 1581
0 1580
0 1579
0 1578
0 1577
0 1576
0 1575
0 1574
0 1573
0 1572
0 1571
0 1570
0 1569
0 1568
0 1567
0 1566
0 1565
0 1564
0 1563
0 1562
0 1561
0 1560
0 1559
0 1558
0 1557
0 1556
0 1555
0 1554
0 1553
0 1552
0 1551
0 1550
0 1549
0 1548
0 1547
0 1546
0 1545
0 1544
0 1543
0 1542
0 1541
0 1540
0 1539
0 1538
0 1537
0 1536
0 1535
0 1534
0 1533
0 1532
0 1531
0 1530
0 1529
0 1528
0 1527
0 1526
0 1525
0 1524
0 1523
0 1522
0 1521
0 1520
0 1519
0 1518
0 1517
0 1516
0 1515
0 1514
0 1513
0 1512
0 1511
0 1510
0 1509
0 1508
0 1507
0 1506
0 1505
0 1504
0 1503
0 1502
0 1501
0 1500
0 1499
0 1498
0 1497
0 1496
0 1495
0 1494
0 1493
0 1492
0 1491
0 1490
0 1489
0 1488
0 1487
0 1486
0 1485
0 1484
0 1483
0 1482
0 1481
0 1480
0 1479
0 1478
0 1477
0 1476
0 1475
0 1474
0 1473
0 1472
0 1471
0 1470
0 1469
0 1468
0 1467
0 1466
0 1465
0 1464
0 1463
0 1462
0 1461
0 1460
0 1459
0 1458
0 1457
0 1456
0 1455
0 1454
0 1453
0 1452
0 1451
0 1450
0 1449
0 1448
0 1447
0 1446
0 1445
0 1444
0 1443
0 1442
0 1441
0 1440
0 1439
0 1438
0 1437
0 1436
0 1435
0 1434
0 1433
0 1432
0 1431
0 1430
0 1429
0 1428
0 1427
0 1426
0 1425
0 1424
0 1423
0 1422
0 1421
0 1420
0 1419
0 1418
0 1417
0 1416
0 1415
0 1414
0 1413
0 1412
0 1411
0 1410
0 1409
0 1408
0 1407
0 1406
0 1405
0 1404
0 1403
0 1402
0 1401
0 1400
0 1399
0 1398
0 1397
0 1396
0 1395
0 1394
0 1393
0 1392
0 1391
0 1390
0 1389
0 1388
0 1387
0 1386
0 1385
0 1384
0 1383
0 1382
0 1381
0 1380
0 1379
0 1378
0 1377
0 1376
0 1375
0 1374
0 1373
0 1372
0 1371
0 1370
0 1369
0 1368
0 1367
0 1366
0 1365
0 1364
0 1363
0 1362
0 1361
0 1360
0 1359
0 1358
0 1357
0 1356
0 1355
0 1354
0 1353
0 1352
0 1351
0 1350
0 1349
0 1348
0 1347
0 1346
0 1345
0 1344
0 1343
0 1342
0 1341
0 1340
0 1339
0 1338
0 1337
0 1336
0 1335
0 1334
0 1333
0 1332
0 1331
0 1330
0 1329
0 1328
0 1327
0 1326
0 1325
0 1324
0 1323
0 1322
0 1321
0 1320
0 1319
0 1318
0 1317
0 1316
0 1315
0 1314
0 1313
0 1312
0 1311
0 1310
0 1309
0 1308
0 1307
0 1306
0 1305
0 1304
0 1303
0 1302
0 1301
0 1300
0 1299
0 1298
0 1297
0 1296
0 1295
0 1294
0 1293
0 1292
0 1291
0 1290
0 1289
0 1288
0 1287
0 1286
0 1285
0 1284
0 1283
0 1282
0 1281
0 1280
0 1279
0 1278
0 1277
0 1276
0 1275
0 1274
0 1273
0 1272
0 1271
0 1270
0 1269
0 1268
0 1267
0 1266
0 1265
0 1264
0 1263
0 1262
0 1261
0 1260
0 1259
0 1258
0 1257
0 1256
0 1255
0 1254
0 1253
0 1252
0 1251
0 1250
0 1249
0 1248
0 1247
0 1246
0 1245
0 1244
0 1243
0 1242
0 1241
0 1240
0 1239
0 1238
0 1237
0 1236
0 1235
0 1234
0 1233
0 1232
0 1231
0 1230
0 1229
0 1228
0 1227
0 1226
0 1225
0 1224
0 1223
0 1222
0 1221
0 1220
0 1219
0 1218
0 1217
0 1216
0 1215
0 1214
0 1213
0 1212
0 1211
0 1210
0 1209
0 1208
0 1207
0 1206
0 1205
0 1204
0 1203
0 1202
0 1201
0 1200
0 1199
0 1198
0 1197
0 1196
0 1195
0 1194
0 1193
0 1192
0 1191
0 1190
0 1189
0 1188
0 1187
0 1186
0 1185
0 1184
0 1183
0 1182
0 1181
0 1180
0 1179
0 1178
0 1177
0 1176
0 1175
0 1174
0 1173
0 1172
0 1171
0 1170
0 1169
0 1168
0 1167
0 1166
0 1165
0 1164
0 1163
0 1162
0 1161
0 1160
0 1159
0 1158
0 1157
0 1156
0 1155
0 1154
0 1153
0 1152
0 1151
0 1150
0 1149
0 1148
0 1147
0 1146
0 1145
0 1144
0 1143
0 1142
0 1141
0 1140
0 1139
0 1138
0 1137
0 1136
0 1135
0 1134
0 1133
0 1132
0 1131
0 1130
0 1129
0 1128
0 1127
0 1126
0 1125
0 1124
0 1123
0 1122
0 1121
0 1120
0 1119
0 1118
0 1117
0 1116
0 1115
0 1114
0 1113
0 1112
0 1111
0 1110
0 1109
0 1108
0 1107
0 1106
0 1105
0 1104
0 1103
0 1102
0 1101
0 1100
0 1099
0 1098
0 1097
0 1096
0 1095
0 1094
0 1093
0 1092
0 1091
0 1090
0 1089
0 1088
0 1087
0 1086
0 1085
0 1084
0 1083
0 1082
0 1081
0 1080
0 1079
0 1078
0 1077
0 1076
0 1075
0 1074
0 1073
0 1072
0 1071
0 1070
0 1069
0 1068
0 1067
0 1066
0 1065
0 1064
0 1063
0 1062
0 1061
0 1060
0 1059
0 1058
0 1057
0 1056
0 1055
0 1054
0 1053
0 1052
0 1051
0 1050
0 1049
0 1048
0 1047
0 1046
0 1045
0 1044
0 1043
0 1042
0 1041
0 1040
0 1039
0 1038
0 1037
0 1036
0 1035
0 1034
0 1033
0 1032
0 1031
0 1030
0 1029
0 1028
0 1027
0 1026
0 1025
0 1024
0 1023
0 1022
0 1021
0 1020
0 1019
0 1018
0 1017
0 1016
0 1015
0 1014
0 1013
0 1012
0 1011
0 1010
0 1009
0 1008
0 1007
0 1006
0 1005
0 1004
0 1003
0 1002
0 1001
0 1000
0 999
0 998
0 997
0 996
0 995
0 994
0 993
0 992
0 991
0 990
0 989
0 988
0 987
0 986
0 985
0 984
0 983
0 982
0 981
0 980
0 979
0 978
0 977
0 976
0 975
0 974
0 973
0 972
0 971
0 970
0 969
0 968
0 967
0 966
0 965
0 964
0 963
0 962
0 961
0 960
0 959
0 958
0 957
0 956
0 955
0 954
0 953
0 952
0 951
0 950
0 949
0 948
0 947
0 946
0 945
0 944
0 943
0 942
0 941
0 940
0 939
0 938
0 937
0 936
0 935
0 934
0 933
0 932
0 931
0 930
0 929
0 928
0 927
0 926
0 925
0 924
0 923
0 922
0 921
0 920
0 919
0 918
0 917
0 916
0 915
0 914
0 913
0 912
0 911
0 910
0 909
0 908
0 907
0 906
0 905
0 904
0 903
0 902
0 901
0 900
0 899
0 898
0 897
0 896
0 895
0 894
0 893
0 892
0 891
0 890
0 889
0 888
0 887
0 886
0 885
0 884
0 883
0 882
0 881
0 880
0 879
0 878
0 877
0 876
0 875
0 874
0 873
0 872
0 871
0 870
0 869
0 868
0 867
0 866
0 865
0 864
0 863
0 862
0 861
0 860
0 859
0 858
0 857
0 856
0 855
0 854
0 853
0 852
0 851
0 850
0 849
0 848
0 847
0 846
0 845
0 844
0 843
0 842
0 841
0 840
0 839
0 838
0 837
0 836
0 835
0 834
0 833
0 832
0 831
0 830
0 829
0 828
0 827
0 826
0 825
0 824
0 823
0 822
0 821
0 820
0 819
0 818
0 817
0 816
0 815
0 814
0 813
0 812
0 811
0 810
0 809
0 808
0 807
0 806
0 805
0 804
0 803
0 802
0 801
0 800
0 799
0 798
0 797
0 796
0 795
0 794
0 793
0 792
0 791
0 790
0 789
0 788
0 787
0 786
0 785
0 784
0 783
0 782
0 781
0 780
0 779
0 778
0 777
0 776
0 775
0 774
0 773
0 772
0 771
0 770
0 769
0 768
0 767
0 766
0 765
0 764
0 763
0 762
0 761
0 760
0 759
0 758
0 757
0 756
0 755
0 754
0 753
0 752
0 751
0 750
0 749
0 748
0 747
0 746
0 745
0 744
0 743
0 742
0 741
0 740
0 739
0 738
0 737
0 736
0 735
0 734
0 733
0 732
0 731
0 730
0 729
0 728
0 727
0 726
0 725
0 724
0 723
0 722
0 721
0 720
0 719
0 718
0 717
0 716
0 715
0 714
0 713
0 712
0 711
0 710
0 709
0 708
0 707
0 706
0 705
0 704
0 703
0 702
0 701
0 700
0 699
0 698
0 697
0 696
0 695
0 694
0 693
0 692
0 691
0 690
0 689
0 688
0 687
0 686
0 685
0 684
0 683
0 682
0 681
0 680
0 679
0 678
0 677
0 676
0 675
0 674
0 673
0 672
0 671
0 670
0 669
0 668
0 667
0 666
0 665
0 664
0 663
0 662
0 661
0 660
0 659
0 658
0 657
0 656
0 655
0 654
0 653
0 652
0 651
0 650
0 649
0 648
0 647
0 646
0 645
0 644
0 643
0 642
0 641
0 640
0 639
0 638
0 637
0 636
0 635
0 634
0 633
0 632
0 631
0 630
0 629
0 628
0 627
0 626
0 625
0 624
0 623
0 622
0 621
0 620
0 619
0 618
0 617
0 616
0 615
0 614
0 613
0 612
0 611
0 610
0 609
0 608
0 607
0 606
0 605
0 604
0 603
0 602
0 601
0 600
0 599
0 598
0 597
0 596
0 595
0 594
0 593
0 592
0 591
0 590
0 589
0 588
0 587
0 586
0 585
0 584
0 583
0 582
0 581
0 580
0 579
0 578
0 577
0 576
0 575
0 574
0 573
0 572
0 571
0 570
0 569
0 568
0 567
0 566
0 565
0 564
0 563
0 562
0 561
0 560
0 559
0 558
0 557
0 556
0 555
0 554
0 553
0 552
0 551
0 550
0 549
0 548
0 547
0 546
0 545
0 544
0 543
0 542
0 541
0 540
0 539
0 538
0 537
0 536
0 535
0 534
0 533
0 532
0 531
0 530
0 529
0 528
0 527
0 526
0 525
0 524
0 523
0 522
0 521
0 520
0 519
0 518
0 517
0 516
0 515
0 514
0 513
0 512
0 511
0 510
0 509
0 508
0 507
0 506
0 505
0 504
0 503
0 502
0 501
0 500
0 499
0 498
0 497
0 496
0 495
0 494
0 493
0 492
0 491
0 490
0 489
0 488
0 487
0 486
0 485
0 484
0 483
0 482
0 481
0 480
0 479
0 478
0 477
0 476
0 475
0 474
0 473
0 472
0 471
0 470
0 469
0 468
0 467
0 466
0 465
0 464
0 463
0 462
0 461
0 460
0 459
0 458
0 457
0 456
0 455
0 454
0 453
0 452
0 451
0 450
0 449
0 448
0 447
0 446
0 445
0 444
0 443
0 442
0 441
0 440
0 439
0 438
0 437
0 436
0 435
0 434
0 433
0 432
0 431
0 430
0 429
0 428
0 427
0 426
0 425
0 424
0 423
0 422
0 421
0 420
0 419
0 418
0 417
0 416
0 415
0 414
0 413
0 412
0 411
0 410
0 409
0 408
0 407
0 406
0 405
0 404
0 403
0 402
0 401
0 400
0 399
0 398
0 397
0 396
0 395
0 394
0 393
0 392
0 391
0 390
0 389
0 388
0 387
0 386
0 385
0 384
0 383
0 382
0 381
0 380
0 379
0 378
0 377
0 376
0 375
0 374
0 373
0 372
0 371
0 370
0 369
0 368
0 367
0 366
0 365
0 364
0 363
0 362
0 361
0 360
0 359
0 358
0 357
0 356
0 355
0 354
0 353
0 352
0 351
0 350
0 349
0 348
0 347
0 346
0 345
0 344
0 343
0 342
0 341
0 340
0 339
0 338
0 337
0 336
0 335
0 334
0 333
0 332
0 331
0 330
0 329
0 328
0 327
0 326
0 325
0 324
0 323
0 322
0 321
0 320
0 319
0 318
0 317
0 316
0 315
0 314
0 313
0 312
0 311
0 310
0 309
0 308
0 307
0 306
0 305
0 304
0 303
0 302
0 301
0 300
0 299
0 298
0 297
0 296
0 295
0 294
0 293
0 292
0 291
0 290
0 289
0 288
0 287
0 286
0 285
0 284
0 283
0 282
0 281
0 280
0 279
0 278
0 277
0 276
0 275
0 274
0 273
0 272
0 271
0 270
0 269
0 268
0 267
0 266
0 265
0 264
0 263
0 262
0 261
0 260
0 259
0 258
0 257
0 256
0 255
0 254
0 253
0 252
0 251
0 250
0 249
0 248
0 247
0 246
0 245
0 244
0 243
0 242
0 241
0 240
0 239
0 238
0 237
0 236
0 235
0 234
0 233
0 232
0 231
0 230
0 229
0 228
0 227
0 226
0 225
0 224
0 223
0 222
0 221
0 220
0 219
0 218
0 217
0 216
0 215
0 214
0 213
0 212
0 211
0 210
0 209
0 208
0 207
0 206
0 205
0 204
0 203
0 202
0 201
0 200
0 199
0 198
0 197
0 196
0 195
0 194
0 193
0 192
0 191
0 190
0 189
0 188
0 187
0 186
0 185
0 184
0 183
0 182
0 181
0 180
0 179
0 178
0 177
0 176
0 175
0 174
0 173
0 172
0 171
0 170
0 169
0 168
0 167
0 166
0 165
0 164
0 163
0 162
0 161
0 160
0 159
0 158
0 157
0 156
0 155
0 154
0 153
0 152
0 151
0 150
0 149
0 148
0 147
0 146
0 145
0 144
0 143
0 142
0 141
0 140
0 139
0 138
0 137
0 136
0 135
0 134
0 133
0 132
0 131
0 130
0 129
0 128
0 127
0 126
0 125
0 124
0 123
0 122
0 121
0 120
0 119
0 118
0 117
0 116
0 115
0 114
0 113
0 112
0 111
0 110
0 109
0 108
0 107
0 106
0 105
0 104
0 103
0 102
0 101
0 100
0 99
0 98
0 97
0 96
0 95
0 94
0 93
0 92
0 91
0 90
0 89
0 88
0 87
0 86
0 85
0 84
0 83
0 82
0 81
0 80
0 79
0 78
0 77
0 76
0 75
0 74
0 73
0 72
0 71
0 70
0 69
0 68
0 67
0 66
0 65
0 64
0 63
0 62
0 61
0 60
0 59
0 58
0 57
0 56
0 55
0 54
0 53
0 52
0 51
0 50
0 49
0 48
0 47
0 46
0 45
0 44
0 43
0 42
0 41
0 40
0 39
0 38
0 37
0 36
0 35
0 34
0 33
0 32
0 31
0 30
0 29
0 28
0 27
0 26
0 25
0 24
0 23
0 22
0 21
0 20
0 19
0 18
0 17
0 16
0 15
0 14
0 13
0 12
0 11
0 10
0 9
0 8
0 7
0 6
0 5
0 4
0 3
0 2
0 1
