2400 0
2399 1
2398 2
2397 3
2396 4
2395 5
2394 6
2393 7
2392 8
2391 9
2390 10
2389 11
2388 12
2387 13
2386 14
2385 15
2384 16
2383 17
2382 18
2381 19
2380 20
2379 21
2378 22
2377 23
2376 24
2375 25
2374 26
2373 27
2372 28
2371 29
2370 30
2369 31
2368 32
2367 33
2366 34
2365 35
2364 36
2363 37
2362 38
2361 39
2360 40
2359 41
2358 42
2357 43
2356 44
2355 45
2354 46
2353 47
2352 48
2351 49
2350 50
2349 51
2348 52
2347 53
2346 54
2345 55
2344 56
2343 57
2342 58
2341 59
2340 60
2339 61
2338 62
2337 63
2336 64
2335 65
2334 66
2333 67
2332 68
2331 69
2330 70
2329 71
2328 72
2327 73
2326 74
2325 75
2324 76
2323 77
2322 78
2321 79
2320 80
2319 81
2318 82
2317 83
2316 84
2315 85
2314 86
2313 87
2312 88
2311 89
2310 90
2309 91
2308 92
2307 93
2306 94
2305 95
2304 96
2303 97
2302 98
2301 99
2300 100
2299 101
2298 102
2297 103
2296 104
2295 105
2294 106
2293 107
2292 108
2291 109
2290 110
2289 111
2288 112
2287 113
2286 114
2285 115
2284 116
2283 117
2282 118
2281 119
2280 120
2279 121
2278 122
2277 123
2276 124
2275 125
2274 126
2273 127
2272 128
2271 129
2270 130
2269 131
2268 132
2267 133
2266 134
2265 135
2264 136
2263 137
2262 138
2261 139
2260 140
2259 141
2258 142
2257 143
2256 144
2255 145
2254 146
2253 147
2252 148
2251 149
2250 150
2249 151
2248 152
2247 153
2246 154
2245 155
2244 156
2243 157
2242 158
2241 159
2240 160
2239 161
2238 162
2237 163
2236 164
2235 165
2234 166
2233 167
2232 168
2231 169
2230 170
2229 171
2228 172
2227 173
2226 174
2225 175
2224 176
2223 177
2222 178
2221 179
2220 180
2219 181
2218 182
2217 183
2216 184
2215 185
2214 186
2213 187
2212 188
2211 189
2210 190
2209 191
2208 192
2207 193
2206 194
2205 195
2204 196
2203 197
2202 198
2201 199
2200 200
2199 201
2198 202
2197 203
2196 204
2195 205
2194 206
2193 207
2192 208
2191 209
2190 210
2189 211
2188 212
2187 213
2186 214
2185 215
2184 216
2183 217
2182 218
2181 219
2180 220
2179 221
2178 222
2177 223
2176 224
2175 225
2174 226
2173 227
2172 228
2171 229
2170 230
2169 231
2168 232
2167 233
2166 234
2165 235
2164 236
2163 237
2162 238
2161 239
2160 240
2159 241
2158 242
2157 243
2156 244
2155 245
2154 246
2153 247
2152 248
2151 249
2150 250
2149 251
2148 252
2147 253
2146 254
2145 255
2144 256
2143 257
2142 258
2141 259
2140 260
2139 261
2138 262
2137 263
2136 264
2135 265
2134 266
2133 267
2132 268
2131 269
2130 270
2129 271
2128 272
2127 273
2126 274
2125 275
2124 276
2123 277
2122 278
2121 279
2120 280
2119 281
2118 282
2117 283
2116 284
2115 285
2114 286
2113 287
2112 288
2111 289
2110 290
2109 291
2108 292
2107 293
2106 294
2105 295
2104 296
2103 297
2102 298
2101 299
2100 300
2099 301
2098 302
2097 303
2096 304
2095 305
2094 306
2093 307
2092 308
2091 309
2090 310
2089 311
2088 312
2087 313
2086 314
2085 315
2084 316
2083 317
2082 318
2081 319
2080 320
2079 321
2078 322
2077 323
2076 324
2075 325
2074 326
2073 327
2072 328
2071 329
2070 330
2069 331
2068 332
2067 333
2066 334
2065 335
2064 336
2063 337
2062 338
2061 339
2060 340
2059 341
2058 342
2057 343
2056 344
2055 345
2054 346
2053 347
2052 348
2051 349
2050 350
2049 351
2048 352
2047 353
2046 354
2045 355
2044 356
2043 357
2042 358
2041 359
2040 360
2039 361
2038 362
2037 363
2036 364
2035 365
2034 366
2033 367
2032 368
2031 369
2030 370
2029 371
2028 372
2027 373
2026 374
2025 375
2024 376
2023 377
2022 378
2021 379
2020 380
2019 381
2018 382
2017 383
2016 384
2015 385
2014 386
2013 387
2012 388
2011 389
2010 390
2009 391
2008 392
2007 393
2006 394
2005 395
2004 396
2003 397
2002 398
2001 399
2000 400
1999 401
1998 402
1997 403
1996 404
1995 405
1994 406
1993 407
1992 408
1991 409
1990 410
1989 411
1988 412
1987 413
1986 414
1985 415
1984 416
1983 417
1982 418
1981 419
1980 420
1979 421
1978 422
1977 423
1976 424
1975 425
1974 426
1973 427
1972 428
1971 429
1970 430
1969 431
1968 432
1967 433
1966 434
1965 435
1964 436
1963 437
1962 438
1961 439
1960 440
1959 441
1958 442
1957 443
1956 444
1955 445
1954 446
1953 447
1952 448
1951 449
1950 450
1949 451
1948 452
1947 453
1946 454
1945 455
1944 456
1943 457
1942 458
1941 459
1940 460
1939 461
1938 462
1937 463
1936 464
1935 465
1934 466
1933 467
1932 468
1931 469
1930 470
1929 471
1928 472
1927 473
1926 474
1925 475
1924 476
1923 477
1922 478
1921 479
1920 480
1919 481
1918 482
1917 483
1916 484
1915 485
1914 486
1913 487
1912 488
1911 489
1910 490
1909 491
1908 492
1907 493
1906 494
1905 495
1904 496
1903 497
1902 498
1901 499
1900 500
1899 501
1898 502
1897 503
1896 504
1895 505
1894 506
1893 507
1892 508
1891 509
1890 510
1889 511
1888 512
1887 513
1886 514
1885 515
1884 516
1883 517
1882 518
1881 519
1880 520
1879 521
1878 522
1877 523
1876 524
1875 525
1874 526
1873 527
1872 528
1871 529
1870 530
1869 531
1868 532
1867 533
1866 534
1865 535
1864 536
1863 537
1862 538
1861 539
1860 540
1859 541
1858 542
1857 543
1856 544
1855 545
1854 546
1853 547
1852 548
1851 549
1850 550
1849 551
1848 552
1847 553
1846 554
1845 555
1844 556
1843 557
1842 558
1841 559
1840 560
1839 561
1838 562
1837 563
1836 564
1835 565
1834 566
1833 567
1832 568
1831 569
1830 570
1829 571
1828 572
1827 573
1826 574
1825 575
1824 576
1823 577
1822 578
1821 579
1820 580
1819 581
1818 582
1817 583
1816 584
1815 585
1814 586
1813 587
1812 588
1811 589
1810 590
1809 591
1808 592
1807 593
1806 594
1805 595
1804 596
1803 597
1802 598
1801 599
1800 600
1799 601
1798 602
1797 603
1796 604
1795 605
1794 606
1793 607
1792 608
1791 609
1790 610
1789 611
1788 612
1787 613
1786 614
1785 615
1784 616
1783 617
1782 618
1781 619
1780 620
1779 621
1778 622
1777 623
1776 624
1775 625
1774 626
1773 627
1772 628
1771 629
1770 630
1769 631
1768 632
1767 633
1766 634
1765 635
1764 636
1763 637
1762 638
1761 639
1760 640
1759 641
1758 642
1757 643
1756 644
1755 645
1754 646
1753 647
1752 648
1751 649
1750 650
1749 651
1748 652
1747 653
1746 654
1745 655
1744 656
1743 657
1742 658
1741 659
1740 660
1739 661
1738 662
1737 663
1736 664
1735 665
1734 666
1733 667
1732 668
1731 669
1730 670
1729 671
1728 672
1727 673
1726 674
1725 675
1724 676
1723 677
1722 678
1721 679
1720 680
1719 681
1718 682
1717 683
1716 684
1715 685
1714 686
1713 687
1712 688
1711 689
1710 690
1709 691
1708 692
1707 693
1706 694
1705 695
1704 696
1703 697
1702 698
1701 699
1700 700
1699 701
1698 702
1697 703
1696 704
1695 705
1694 706
1693 707
1692 708
1691 709
1690 710
1689 711
1688 712
1687 713
1686 714
1685 715
1684 716
1683 717
1682 718
1681 719
1680 720
1679 721
1678 722
1677 723
1676 724
1675 725
1674 726
1673 727
1672 728
1671 729
1670 730
1669 731
1668 732
1667 733
1666 734
1665 735
1664 736
1663 737
1662 738
1661 739
1660 740
1659 741
1658 742
1657 743
1656 744
1655 745
1654 746
1653 747
1652 748
1651 749
1650 750
1649 751
1648 752
1647 753
1646 754
1645 755
1644 756
1643 757
1642 758
1641 759
1640 760
1639 761
1638 762
1637 763
1636 764
1635 765
1634 766
1633 767
1632 768
1631 769
1630 770
1629 771
1628 772
1627 773
1626 774
1625 775
1624 776
1623 777
1622 778
1621 779
1620 780
1619 781
1618 782
1617 783
1616 784
1615 785
1614 786
1613 787
1612 788
1611 789
1610 790
1609 791
1608 792
1607 793
1606 794
1605 795
1604 796
1603 797
1602 798
1601 799
1600 800
1599 801
1598 802
1597 803
1596 804
1595 805
1594 806
1593 807
1592 808
1591 809
1590 810
1589 811
1588 812
1587 813
1586 814
1585 815
1584 816
1583 817
1582 818
1581 819
1580 820
1579 821
1578 822
1577 823
1576 824
1575 825
1574 826
1573 827
1572 828
1571 829
1570 830
1569 831
1568 832
1567 833
1566 834
1565 835
1564 836
1563 837
1562 838
1561 839
1560 840
1559 841
1558 842
1557 843
1556 844
1555 845
1554 846
1553 847
1552 848
1551 849
1550 850
1549 851
1548 852
1547 853
1546 854
1545 855
1544 856
1543 857
1542 858
1541 859
1540 860
1539 861
1538 862
1537 863
1536 864
1535 865
1534 866
1533 867
1532 868
1531 869
1530 870
1529 871
1528 872
1527 873
1526 874
1525 875
1524 876
1523 877
1522 878
1521 879
1520 880
1519 881
1518 882
1517 883
1516 884
1515 885
1514 886
1513 887
1512 888
1511 889
1510 890
1509 891
1508 892
1507 893
1506 894
1505 895
1504 896
1503 897
1502 898
1501 899
1500 900
1499 901
1498 902
1497 903
1496 904
1495 905
1494 906
1493 907
1492 908
1491 909
1490 910
1489 911
1488 912
1487 913
1486 914
1485 915
1484 916
1483 917
1482 918
1481 919
1480 920
1479 921
1478 922
1477 923
1476 924
1475 925
1474 926
1473 927
1472 928
1471 929
1470 930
1469 931
1468 932
1467 933
1466 934
1465 935
1464 936
1463 937
1462 938
1461 939
1460 940
1459 941
1458 942
1457 943
1456 944
1455 945
1454 946
1453 947
1452 948
1451 949
1450 950
1449 951
1448 952
1447 953
1446 954
1445 955
1444 956
1443 957
1442 958
1441 959
1440 960
1439 961
1438 962
1437 963
1436 964
1435 965
1434 966
1433 967
1432 968
1431 969
1430 970
1429 971
1428 972
1427 973
1426 974
1425 975
1424 976
1423 977
1422 978
1421 979
1420 980
1419 981
1418 982
1417 983
1416 984
1415 985
1414 986
1413 987
1412 988
1411 989
1410 990
1409 991
1408 992
1407 993
1406 994
1405 995
1404 996
1403 997
1402 998
1401 999
1400 1000
1399 1001
1398 1002
1397 1003
1396 1004
1395 1005
1394 1006
1393 1007
1392 1008
1391 1009
1390 1010
1389 1011
1388 1012
1387 1013
1386 1014
1385 1015
1384 1016
1383 1017
1382 1018
1381 1019
1380 1020
1379 1021
1378 1022
1377 1023
1376 1024
1375 1025
1374 1026
1373 1027
1372 1028
1371 1029
1370 1030
1369 1031
1368 1032
1367 1033
1366 1034
1365 1035
1364 1036
1363 1037
1362 1038
1361 1039
1360 1040
1359 1041
1358 1042
1357 1043
1356 1044
1355 1045
1354 1046
1353 1047
1352 1048
1351 1049
1350 1050
1349 1051
1348 1052
1347 1053
1346 1054
1345 1055
1344 1056
1343 1057
1342 1058
1341 1059
1340 1060
1339 1061
1338 1062
1337 1063
1336 1064
1335 1065
1334 1066
1333 1067
1332 1068
1331 1069
1330 1070
1329 1071
1328 1072
1327 1073
1326 1074
1325 1075
1324 1076
1323 1077
1322 1078
1321 1079
1320 1080
1319 1081
1318 1082
1317 1083
1316 1084
1315 1085
1314 1086
1313 1087
1312 1088
1311 1089
1310 1090
1309 1091
1308 1092
1307 1093
1306 1094
1305 1095
1304 1096
1303 1097
1302 1098
1301 1099
1300 1100
1299 1101
1298 1102
1297 1103
1296 1104
1295 1105
1294 1106
1293 1107
1292 1108
1291 1109
1290 1110
1289 1111
1288 1112
1287 1113
1286 1114
1285 1115
1284 1116
1283 1117
1282 1118
1281 1119
1280 1120
1279 1121
1278 1122
1277 1123
1276 1124
1275 1125
1274 1126
1273 1127
1272 1128
1271 1129
1270 1130
1269 1131
1268 1132
1267 1133
1266 1134
1265 1135
1264 1136
1263 1137
1262 1138
1261 1139
1260 1140
1259 1141
1258 1142
1257 1143
1256 1144
1255 1145
1254 1146
1253 1147
1252 1148
1251 1149
1250 1150
1249 1151
1248 1152
1247 1153
1246 1154
1245 1155
1244 1156
1243 1157
1242 1158
1241 1159
1240 1160
1239 1161
1238 1162
1237 1163
1236 1164
1235 1165
1234 1166
1233 1167
1232 1168
1231 1169
1230 1170
1229 1171
1228 1172
1227 1173
1226 1174
1225 1175
1224 1176
1223 1177
1222 1178
1221 1179
1220 1180
1219 1181
1218 1182
1217 1183
1216 1184
1215 1185
1214 1186
1213 1187
1212 1188
1211 1189
1210 1190
1209 1191
1208 1192
1207 1193
1206 1194
1205 1195
1204 1196
1203 1197
1202 1198
1201 1199
1200 1200
1199 1201
1198 1202
1197 1203
1196 1204
1195 1205
1194 1206
1193 1207
1192 1208
1191 1209
1190 1210
1189 1211
1188 1212
1187 1213
1186 1214
1185 1215
1184 1216
1183 1217
1182 1218
1181 1219
1180 1220
1179 1221
1178 1222
1177 1223
1176 1224
1175 1225
1174 1226
1173 1227
1172 1228
1171 1229
1170 1230
1169 1231
1168 1232
1167 1233
1166 1234
1165 1235
1164 1236
1163 1237
1162 1238
1161 1239
1160 1240
1159 1241
1158 1242
1157 1243
1156 1244
1155 1245
1154 1246
1153 1247
1152 1248
1151 1249
1150 1250
1149 1251
1148 1252
1147 1253
1146 1254
1145 1255
1144 1256
1143 1257
1142 1258
1141 1259
1140 1260
1139 1261
1138 1262
1137 1263
1136 1264
1135 1265
1134 1266
1133 1267
1132 1268
1131 1269
1130 1270
1129 1271
1128 1272
1127 1273
1126 1274
1125 1275
1124 1276
1123 1277
1122 1278
1121 1279
1120 1280
1119 1281
1118 1282
1117 1283
1116 1284
1115 1285
1114 1286
1113 1287
1112 1288
1111 1289
1110 1290
1109 1291
1108 1292
1107 1293
1106 1294
1105 1295
1104 1296
1103 1297
1102 1298
1101 1299
1100 1300
1099 1301
1098 1302
1097 1303
1096 1304
1095 1305
1094 1306
1093 1307
1092 1308
1091 1309
1090 1310
1089 1311
1088 1312
1087 1313
1086 1314
1085 1315
1084 1316
1083 1317
1082 1318
1081 1319
1080 1320
1079 1321
1078 1322
1077 1323
1076 1324
1075 1325
1074 1326
1073 1327
1072 1328
1071 1329
1070 1330
1069 1331
1068 1332
1067 1333
1066 1334
1065 1335
1064 1336
1063 1337
1062 1338
1061 1339
1060 1340
1059 1341
1058 1342
1057 1343
1056 1344
1055 1345
1054 1346
1053 1347
1052 1348
1051 1349
1050 1350
1049 1351
1048 1352
1047 1353
1046 1354
1045 1355
1044 1356
1043 1357
1042 1358
1041 1359
1040 1360
1039 1361
1038 1362
1037 1363
1036 1364
1035 1365
1034 1366
1033 1367
1032 1368
1031 1369
1030 1370
1029 1371
1028 1372
1027 1373
1026 1374
1025 1375
1024 1376
1023 1377
1022 1378
1021 1379
1020 1380
1019 1381
1018 1382
1017 1383
1016 1384
1015 1385
1014 1386
1013 1387
1012 1388
1011 1389
1010 1390
1009 1391
1008 1392
1007 1393
1006 1394
1005 1395
1004 1396
1003 1397
1002 1398
1001 1399
1000 1400
999 1401
998 1402
997 1403
996 1404
995 1405
994 1406
993 1407
992 1408
991 1409
990 1410
989 1411
988 1412
987 1413
986 1414
985 1415
984 1416
983 1417
982 1418
981 1419
980 1420
979 1421
978 1422
977 1423
976 1424
975 1425
974 1426
973 1427
972 1428
971 1429
970 1430
969 1431
968 1432
967 1433
966 1434
965 1435
964 1436
963 1437
962 1438
961 1439
960 1440
959 1441
958 1442
957 1443
956 1444
955 1445
954 1446
953 1447
952 1448
951 1449
950 1450
949 1451
948 1452
947 1453
946 1454
945 1455
944 1456
943 1457
942 1458
941 1459
940 1460
939 1461
938 1462
937 1463
936 1464
935 1465
934 1466
933 1467
932 1468
931 1469
930 1470
929 1471
928 1472
927 1473
926 1474
925 1475
924 1476
923 1477
922 1478
921 1479
920 1480
919 1481
918 1482
917 1483
916 1484
915 1485
914 1486
913 1487
912 1488
911 1489
910 1490
909 1491
908 1492
907 1493
906 1494
905 1495
904 1496
903 1497
902 1498
901 1499
900 1500
899 1501
898 1502
897 1503
896 1504
895 1505
894 1506
893 1507
892 1508
891 1509
890 1510
889 1511
888 1512
887 1513
886 1514
885 1515
884 1516
883 1517
882 1518
881 1519
880 1520
879 1521
878 1522
877 1523
876 1524
875 1525
874 1526
873 1527
872 1528
871 1529
870 1530
869 1531
868 1532
867 1533
866 1534
865 1535
864 1536
863 1537
862 1538
861 1539
860 1540
859 1541
858 1542
857 1543
856 1544
855 1545
854 1546
853 1547
852 1548
851 1549
850 1550
849 1551
848 1552
847 1553
846 1554
845 1555
844 1556
843 1557
842 1558
841 1559
840 1560
839 1561
838 1562
837 1563
836 1564
835 1565
834 1566
833 1567
832 1568
831 1569
830 1570
829 1571
828 1572
827 1573
826 1574
825 1575
824 1576
823 1577
822 1578
821 1579
820 1580
819 1581
818 1582
817 1583
816 1584
815 1585
814 1586
813 1587
812 1588
811 1589
810 1590
809 1591
808 1592
807 1593
806 1594
805 1595
804 1596
803 1597
802 1598
801 1599
800 1600
799 1601
798 1602
797 1603
796 1604
795 1605
794 1606
793 1607
792 1608
791 1609
790 1610
789 1611
788 1612
787 1613
786 1614
785 1615
784 1616
783 1617
782 1618
781 1619
780 1620
779 1621
778 1622
777 1623
776 1624
775 1625
774 1626
773 1627
772 1628
771 1629
770 1630
769 1631
768 1632
767 1633
766 1634
765 1635
764 1636
763 1637
762 1638
761 1639
760 1640
759 1641
758 1642
757 1643
756 1644
755 1645
754 1646
753 1647
752 1648
751 1649
750 1650
749 1651
748 1652
747 1653
746 1654
745 1655
744 1656
743 1657
742 1658
741 1659
740 1660
739 1661
738 1662
737 1663
736 1664
735 1665
734 1666
733 1667
732 1668
731 1669
730 1670
729 1671
728 1672
727 1673
726 1674
725 1675
724 1676
723 1677
722 1678
721 1679
720 1680
719 1681
718 1682
717 1683
716 1684
715 1685
714 1686
713 1687
712 1688
711 1689
710 1690
709 1691
708 1692
707 1693
706 1694
705 1695
704 1696
703 1697
702 1698
701 1699
700 1700
699 1701
698 1702
697 1703
696 1704
695 1705
694 1706
693 1707
692 1708
691 1709
690 1710
689 1711
688 1712
687 1713
686 1714
685 1715
684 1716
683 1717
682 1718
681 1719
680 1720
679 1721
678 1722
677 1723
676 1724
675 1725
674 1726
673 1727
672 1728
671 1729
670 1730
669 1731
668 1732
667 1733
666 1734
665 1735
664 1736
663 1737
662 1738
661 1739
660 1740
659 1741
658 1742
657 1743
656 1744
655 1745
654 1746
653 1747
652 1748
651 1749
650 1750
649 1751
648 1752
647 1753
646 1754
645 1755
644 1756
643 1757
642 1758
641 1759
640 1760
639 1761
638 1762
637 1763
636 1764
635 1765
634 1766
633 1767
632 1768
631 1769
630 1770
629 1771
628 1772
627 1773
626 1774
625 1775
624 1776
623 1777
622 1778
621 1779
620 1780
619 1781
618 1782
617 1783
616 1784
615 1785
614 1786
613 1787
612 1788
611 1789
610 1790
609 1791
608 1792
607 1793
606 1794
605 1795
604 1796
603 1797
602 1798
601 1799
600 1800
599 1801
598 1802
597 1803
596 1804
595 1805
594 1806
593 1807
592 1808
591 1809
590 1810
589 1811
588 1812
587 1813
586 1814
585 1815
584 1816
583 1817
582 1818
581 1819
580 1820
579 1821
578 1822
577 1823
576 1824
575 1825
574 1826
573 1827
572 1828
571 1829
570 1830
569 1831
568 1832
567 1833
566 1834
565 1835
564 1836
563 1837
562 1838
561 1839
560 1840
559 1841
558 1842
557 1843
556 1844
555 1845
554 1846
553 1847
552 1848
551 1849
550 1850
549 1851
548 1852
547 1853
546 1854
545 1855
544 1856
543 1857
542 1858
541 1859
540 1860
539 1861
538 1862
537 1863
536 1864
535 1865
534 1866
533 1867
532 1868
531 1869
530 1870
529 1871
528 1872
527 1873
526 1874
525 1875
524 1876
523 1877
522 1878
521 1879
520 1880
519 1881
518 1882
517 1883
516 1884
515 1885
514 1886
513 1887
512 1888
511 1889
510 1890
509 1891
508 1892
507 1893
506 1894
505 1895
504 1896
503 1897
502 1898
501 1899
500 1900
499 1901
498 1902
497 1903
496 1904
495 1905
494 1906
493 1907
492 1908
491 1909
490 1910
489 1911
488 1912
487 1913
486 1914
485 1915
484 1916
483 1917
482 1918
481 1919
480 1920
479 1921
478 1922
477 1923
476 1924
475 1925
474 1926
473 1927
472 1928
471 1929
470 1930
469 1931
468 1932
467 1933
466 1934
465 1935
464 1936
463 1937
462 1938
461 1939
460 1940
459 1941
458 1942
457 1943
456 1944
455 1945
454 1946
453 1947
452 1948
451 1949
450 1950
449 1951
448 1952
447 1953
446 1954
445 1955
444 1956
443 1957
442 1958
441 1959
440 1960
439 1961
438 1962
437 1963
436 1964
435 1965
434 1966
433 1967
432 1968
431 1969
430 1970
429 1971
428 1972
427 1973
426 1974
425 1975
424 1976
423 1977
422 1978
421 1979
420 1980
419 1981
418 1982
417 1983
416 1984
415 1985
414 1986
413 1987
412 1988
411 1989
410 1990
409 1991
408 1992
407 1993
406 1994
405 1995
404 1996
403 1997
402 1998
401 1999
400 2000
399 2001
398 2002
397 2003
396 2004
395 2005
394 2006
393 2007
392 2008
391 2009
390 2010
389 2011
388 2012
387 2013
386 2014
385 2015
384 2016
383 2017
382 2018
381 2019
380 2020
379 2021
378 2022
377 2023
376 2024
375 2025
374 2026
373 2027
372 2028
371 2029
370 2030
369 2031
368 2032
367 2033
366 2034
365 2035
364 2036
363 2037
362 2038
361 2039
360 2040
359 2041
358 2042
357 2043
356 2044
355 2045
354 2046
353 2047
352 2048
351 2049
350 2050
349 2051
348 2052
347 2053
346 2054
345 2055
344 2056
343 2057
342 2058
341 2059
340 2060
339 2061
338 2062
337 2063
336 2064
335 2065
334 2066
333 2067
332 2068
331 2069
330 2070
329 2071
328 2072
327 2073
326 2074
325 2075
324 2076
323 2077
322 2078
321 2079
320 2080
319 2081
318 2082
317 2083
316 2084
315 2085
314 2086
313 2087
312 2088
311 2089
310 2090
309 2091
308 2092
307 2093
306 2094
305 2095
304 2096
303 2097
302 2098
301 2099
300 2100
299 2101
298 2102
297 2103
296 2104
295 2105
294 2106
293 2107
292 2108
291 2109
290 2110
289 2111
288 2112
287 2113
286 2114
285 2115
284 2116
283 2117
282 2118
281 2119
280 2120
279 2121
278 2122
277 2123
276 2124
275 2125
274 2126
273 2127
272 2128
271 2129
270 2130
269 2131
268 2132
267 2133
266 2134
265 2135
264 2136
263 2137
262 2138
261 2139
260 2140
259 2141
258 2142
257 2143
256 2144
255 2145
254 2146
253 2147
252 2148
251 2149
250 2150
249 2151
248 2152
247 2153
246 2154
245 2155
244 2156
243 2157
242 2158
241 2159
240 2160
239 2161
238 2162
237 2163
236 2164
235 2165
234 2166
233 2167
232 2168
231 2169
230 2170
229 2171
228 2172
227 2173
226 2174
225 2175
224 2176
223 2177
222 2178
221 2179
220 2180
219 2181
218 2182
217 2183
216 2184
215 2185
214 2186
213 2187
212 2188
211 2189
210 2190
209 2191
208 2192
207 2193
206 2194
205 2195
204 2196
203 2197
202 2198
201 2199
200 2200
199 2201
198 2202
197 2203
196 2204
195 2205
194 2206
193 2207
192 2208
191 2209
190 2210
189 2211
188 2212
187 2213
186 2214
185 2215
184 2216
183 2217
182 2218
181 2219
180 2220
179 2221
178 2222
177 2223
176 2224
175 2225
174 2226
173 2227
172 2228
171 2229
170 2230
169 2231
168 2232
167 2233
166 2234
165 2235
164 2236
163 2237
162 2238
161 2239
160 2240
159 2241
158 2242
157 2243
156 2244
155 2245
154 2246
153 2247
152 2248
151 2249
150 2250
149 2251
148 2252
147 2253
146 2254
145 2255
144 2256
143 2257
142 2258
141 2259
140 2260
139 2261
138 2262
137 2263
136 2264
135 2265
134 2266
133 2267
132 2268
131 2269
130 2270
129 2271
128 2272
127 2273
126 2274
125 2275
124 2276
123 2277
122 2278
121 2279
120 2280
119 2281
118 2282
117 2283
116 2284
115 2285
114 2286
113 2287
112 2288
111 2289
110 2290
109 2291
108 2292
107 2293
106 2294
105 2295
104 2296
103 2297
102 2298
101 2299
100 2300
99 2301
98 2302
97 2303
96 2304
95 2305
94 2306
93 2307
92 2308
91 2309
90 2310
89 2311
88 2312
87 2313
86 2314
85 2315
84 2316
83 2317
82 2318
81 2319
80 2320
79 2321
78 2322
77 2323
76 2324
75 2325
74 2326
73 2327
72 2328
71 2329
70 2330
69 2331
68 2332
67 2333
66 2334
65 2335
64 2336
63 2337
62 2338
61 2339
60 2340
59 2341
58 2342
57 2343
56 2344
55 2345
54 2346
53 2347
52 2348
51 2349
50 2350
49 2351
48 2352
47 2353
46 2354
45 2355
44 2356
43 2357
42 2358
41 2359
40 2360
39 2361
38 2362
37 2363
36 2364
35 2365
34 2366
33 2367
32 2368
31 2369
30 2370
29 2371
28 2372
27 2373
26 2374
25 2375
24 2376
23 2377
22 2378
21 2379
20 2380
19 2381
18 2382
17 2383
16 2384
15 2385
14 2386
13 2387
12 2388
11 2389
10 2390
9 2391
8 2392
7 2393
6 2394
5 2395
4 2396
3 2397
2 2398
1 2399
0 2400
0 2399
0 2398
0 2397
0 2396
0 2395
0 2394
0 2393
0 2392
0 2391
0 2390
0 2389
0 2388
0 2387
0 2386
0 2385
0 2384
0 2383
0 2382
0 2381
0 2380
0 2379
0 2378
0 2377
0 2376
0 2375
0 2374
0 2373
0 2372
0 2371
0 2370
0 2369
0 2368
0 2367
0 2366
0 2365
0 2364
0 2363
0 2362
0 2361
0 2360
0 2359
0 2358
0 2357
0 2356
0 2355
0 2354
0 2353
0 2352
0 2351
0 2350
0 2349
0 2348
0 2347
0 2346
0 2345
0 2344
0 2343
0 2342
0 2341
0 2340
0 2339
0 2338
0 2337
0 2336
0 2335
0 2334
0 2333
0 2332
0 2331
0 2330
0 2329
0 2328
0 2327
0 2326
0 2325
0 2324
0 2323
0 2322
0 2321
0 2320
0 2319
0 2318
0 2317
0 2316
0 2315
0 2314
0 2313
0 2312
0 2311
0 2310
0 2309
0 2308
0 2307
0 2306
0 2305
0 2304
0 2303
0 2302
0 2301
0 2300
0 2299
0 2298
0 2297
0 2296
0 2295
0 2294
0 2293
0 2292
0 2291
0 2290
0 2289
0 2288
0 2287
0 2286
0 2285
0 2284
0 2283
0 2282
0 2281
0 2280
0 2279
0 2278
0 2277
0 2276
0 2275
0 2274
0 2273
0 2272
0 2271
0 2270
0 2269
0 2268
0 2267
0 2266
0 2265
0 2264
0 2263
0 2262
0 2261
0 2260
0 2259
0 2258
0 2257
0 2256
0 2255
0 2254
0 2253
0 2252
0 2251
0 2250
0 2249
0 2248
0 2247
0 2246
0 2245
0 2244
0 2243
0 2242
0 2241
0 2240
0 2239
0 2238
0 2237
0 2236
0 2235
0 2234
0 2233
0 2232
0 2231
0 2230
0 2229
0 2228
0 2227
0 2226
0 2225
0 2224
0 2223
0 2222
0 2221
0 2220
0 2219
0 2218
0 2217
0 2216
0 2215
0 2214
0 2213
0 2212
0 2211
0 2210
0 2209
0 2208
0 2207
0 2206
0 2205
0 2204
0 2203
0 2202
0 2201
0 2200
0 2199
0 2198
0 2197
0 2196
0 2195
0 2194
0 2193
0 2192
0 2191
0 2190
0 2189
0 2188
0 2187
0 2186
0 2185
0 2184
0 2183
0 2182
0 2181
0 2180
0 2179
0 2178
0 2177
0 2176
0 2175
0 2174
0 2173
0 2172
0 2171
0 2170
0 2169
0 2168
0 2167
0 2166
0 2165
0 2164
0 2163
0 2162
0 2161
0 2160
0 2159
0 2158
0 2157
0 2156
0 2155
0 2154
0 2153
0 2152
0 2151
0 2150
0 2149
0 2148
0 2147
0 2146
0 2145
0 2144
0 2143
0 2142
0 2141
0 2140
0 2139
0 2138
0 2137
0 2136
0 2135
0 2134
0 2133
0 2132
0 2131
0 2130
0 2129
0 2128
0 2127
0 2126
0 2125
0 2124
0 2123
0 2122
0 2121
0 2120
0 2119
0 2118
0 2117
0 2116
0 2115
0 2114
0 2113
0 2112
0 2111
0 2110
0 2109
0 2108
0 2107
0 2106
0 2105
0 2104
0 2103
0 2102
0 2101
0 2100
0 2099
0 2098
0 2097
0 2096
0 2095
0 2094
0 2093
0 2092
0 2091
0 2090
0 2089
0 2088
0 2087
0 2086
0 2085
0 2084
0 2083
0 2082
0 2081
0 2080
0 2079
0 2078
0 2077
0 2076
0 2075
0 2074
0 2073
0 2072
0 2071
0 2070
0 2069
0 2068
0 2067
0 2066
0 2065
0 2064
0 2063
0 2062
0 2061
0 2060
0 2059
0 2058
0 2057
0 2056
0 2055
0 2054
0 2053
0 2052
0 2051
0 2050
0 2049
0 2048
0 2047
0 2046
0 2045
0 2044
0 2043
0 2042
0 2041
0 2040
0 2039
0 2038
0 2037
0 2036
0 2035
0 2034
0 2033
0 2032
0 2031
0 2030
0 2029
0 2028
0 2027
0 2026
0 2025
0 2024
0 2023
0 2022
0 2021
0 2020
0 2019
0 2018
0 2017
0 2016
0 2015
0 2014
0 2013
0 2012
0 2011
0 2010
0 2009
0 2008
0 2007
0 2006
0 2005
0 2004
0 2003
0 2002
0 2001
0 2000
0 1999
0 1998
0 1997
0 1996
0 1995
0 1994
0 1993
0 1992
0 1991
0 1990
0 1989
0 1988
0 1987
0 1986
0 1985
0 1984
0 1983
0 1982
0 1981
0 1980
0 1979
0 1978
0 1977
0 1976
0 1975
0 1974
0 1973
0 1972
0 1971
0 1970
0 1969
0 1968
0 1967
0 1966
0 1965
0 1964
0 1963
0 1962
0 1961
0 1960
0 1959
0 1958
0 1957
0 1956
0 1955
0 1954
0 1953
0 1952
0 1951
0 1950
0 1949
0 1948
0 1947
0 1946
0 1945
0 1944
0 1943
0 1942
0 1941
0 1940
0 1939
0 1938
0 1937
0 1936
0 1935
0 1934
0 1933
0 1932
0 1931
0 1930
0 1929
0 1928
0 1927
0 1926
0 1925
0 1924
0 1923
0 1922
0 1921
0 1920
0 1919
0 1918
0 1917
0 1916
0 1915
0 1914
0 1913
0 1912
0 1911
0 1910
0 1909
0 1908
0 1907
0 1906
0 1905
0 1904
0 1903
0 1902
0 1901
0 1900
0 1899
0 1898
0 1897
0 1896
0 1895
0 1894
0 1893
0 1892
0 1891
0 1890
0 1889
0 1888
0 1887
0 1886
0 1885
0 1884
0 1883
0 1882
0 1881
0 1880
0 1879
0 1878
0 1877
0 1876
0 1875
0 1874
0 1873
0 1872
0 1871
0 1870
0 1869
0 1868
0 1867
0 1866
0 1865
0 1864
0 1863
0 1862
0 1861
0 1860
0 1859
0 1858
0 1857
0 1856
0 1855
0 1854
0 1853
0 1852
0 1851
0 1850
0 1849
0 1848
0 1847
0 1846
0 1845
0 1844
0 1843
0 1842
0 1841
0 1840
0 1839
0 1838
0 1837
0 1836
0 1835
0 1834
0 1833
0 1832
0 1831
0 1830
0 1829
0 1828
0 1827
0 1826
0 1825
0 1824
0 1823
0 1822
0 1821
0 1820
0 1819
0 1818
0 1817
0 1816
0 1815
0 1814
0 1813
0 1812
0 1811
0 1810
0 1809
0 1808
0 1807
0 1806
0 1805
0 1804
0 1803
0 1802
0 1801
0 1800
0 1799
0 1798
0 1797
0 1796
0 1795
0 1794
0 1793
0 1792
0 1791
0 1790
0 1789
0 1788
0 1787
0 1786
0 1785
0 1784
0 1783
0 1782
0 1781
0 1780
0 1779
0 1778
0 1777
0 1776
0 1775
0 1774
0 1773
0 1772
0 1771
0 1770
0 1769
0 1768
0 1767
0 1766
0 1765
0 1764
0 1763
0 1762
0 1761
0 1760
0 1759
0 1758
0 1757
0 1756
0 1755
0 1754
0 1753
0 1752
0 1751
0 1750
0 1749
0 1748
0 1747
0 1746
0 1745
0 1744
0 1743
0 1742
0 1741
0 1740
0 1739
0 1738
0 1737
0 1736
0 1735
0 1734
0 1733
0 1732
0 1731
0 1730
0 1729
0 1728
0 1727
0 1726
0 1725
0 1724
0 1723
0 1722
0 1721
0 1720
0 1719
0 1718
0 1717
0 1716
0 1715
0 1714
0 1713
0 1712
0 1711
0 1710
0 1709
0 1708
0 1707
0 1706
0 1705
0 1704
0 1703
0 1702
0 1701
0 1700
0 1699
0 1698
0 1697
0 1696
0 1695
0 1694
0 1693
0 1692
0 1691
0 1690
0 1689
0 1688
0 1687
0 1686
0 1685
0 1684
0 1683
0 1682
0 1681
0 1680
0 1679
0 1678
0 1677
0 1676
0 1675
0 1674
0 1673
0 1672
0 1671
0 1670
0 1669
0 1668
0 1667
0 1666
0 1665
0 1664
0 1663
0 1662
0 1661
0 1660
0 1659
0 1658
0 1657
0 1656
0 1655
0 1654
0 1653
0 1652
0 1651
0 1650
0 1649
0 1648
0 1647
0 1646
0 1645
0 1644
0 1643
0 1642
0 1641
0 1640
0 1639
0 1638
0 1637
0 1636
0 1635
0 1634
0 1633
0 1632
0 1631
0 1630
0 1629
0 1628
0 1627
0 1626
0 1625
0 1624
0 1623
0 1622
0 1621
0 1620
0 1619
0 1618
0 1617
0 1616
0 1615
0 1614
0 1613
0 1612
0 1611
0 1610
0 1609
0 1608
0 1607
0 1606
0 1605
0 1604
0 1603
0 1602
0 1601
0 1600
0 1599
0 1598
0 1597
0 1596
0 1595
0 1594
0 1593
0 1592
0 1591
0 1590
0 1589
0 1588
0 1587
0 1586
0 1585
0 1584
0 1583
0 1582
0 1581
0 1580
0 1579
0 1578
0 1577
0 1576
0 1575
0 1574
0 1573
0 1572
0 1571
0 1570
0 1569
0 1568
0 1567
0 1566
0 1565
0 1564
0 1563
0 1562
0 1561
0 1560
0 1559
0 1558
0 1557
0 1556
0 1555
0 1554
0 1553
0 1552
0 1551
0 1550
0 1549
0 1548
0 1547
0 1546
0 1545
0 1544
0 1543
0 1542
0 1541
0 1540
0 1539
0 1538
0 1537
0 1536
0 1535
0 1534
0 1533
0 1532
0 1531
0 1530
0 1529
0 1528
0 1527
0 1526
0 1525
0 1524
0 1523
0 1522
0 1521
0 1520
0 1519
0 1518
0 1517
0 1516
0 1515
0 1514
0 1513
0 1512
0 1511
0 1510
0 1509
0 1508
0 1507
0 1506
0 1505
0 1504
0 1503
0 1502
0 1501
0 1500
0 1499
0 1498
0 1497
0 1496
0 1495
0 1494
0 1493
0 1492
0 1491
0 1490
0 1489
0 1488
0 1487
0 1486
0 1485
0 1484
0 1483
0 1482
0 1481
0 1480
0 1479
0 1478
0 1477
0 1476
0 1475
0 1474
0 1473
0 1472
0 1471
0 1470
0 1469
0 1468
0 1467
0 1466
0 1465
0 1464
0 1463
0 1462
0 1461
0 1460
0 1459
0 1458
0 1457
0 1456
0 1455
0 1454
0 1453
0 1452
0 1451
0 1450
0 1449
0 1448
0 1447
0 1446
0 1445
0 1444
0 1443
0 1442
0 1441
0 1440
0 1439
0 1438
0 1437
0 1436
0 1435
0 1434
0 1433
0 1432
0 1431
0 1430
0 1429
0 1428
0 1427
0 1426
0 1425
0 1424
0 1423
0 1422
0 1421
0 1420
0 1419
0 1418
0 1417
0 1416
0 1415
0 1414
0 1413
0 1412
0 1411
0 1410
0 1409
0 1408
0 1407
0 1406
0 1405
0 1404
0 1403
0 1402
0 1401
0 1400
0 1399
0 1398
0 1397
0 1396
0 1395
0 1394
0 1393
0 1392
0 1391
0 1390
0 1389
0 1388
0 1387
0 1386
0 1385
0 1384
0 1383
0 1382
0 1381
0 1380
0 1379
0 1378
0 1377
0 1376
0 1375
0 1374
0 1373
0 1372
0 1371
0 1370
0 1369
0 1368
0 1367
0 1366
0 1365
0 1364
0 1363
0 1362
0 1361
0 1360
0 1359
0 1358
0 1357
0 1356
0 1355
0 1354
0 1353
0 1352
0 1351
0 1350
0 1349
0 1348
0 1347
0 1346
0 1345
0 1344
0 1343
0 1342
0 1341
0 1340
0 1339
0 1338
0 1337
0 1336
0 1335
0 1334
0 1333
0 1332
0 1331
0 1330
0 1329
0 1328
0 1327
0 1326
0 1325
0 1324
0 1323
0 1322
0 1321
0 1320
0 1319
0 1318
0 1317
0 1316
0 1315
0 1314
0 1313
0 1312
0 1311
0 1310
0 1309
0 1308
0 1307
0 1306
0 1305
0 1304
0 1303
0 1302
0 1301
0 1300
0 1299
0 1298
0 1297
0 1296
0 1295
0 1294
0 1293
0 1292
0 1291
0 1290
0 1289
0 1288
0 1287
0 1286
0 1285
0 1284
0 1283
0 1282
0 1281
0 1280
0 1279
0 1278
0 1277
0 1276
0 1275
0 1274
0 1273
0 1272
0 1271
0 1270
0 1269
0 1268
0 1267
0 1266
0 1265
0 1264
0 1263
0 1262
0 1261
0 1260
0 1259
0 1258
0 1257
0 1256
0 1255
0 1254
0 1253
0 1252
0 1251
0 1250
0 1249
0 1248
0 1247
0 1246
0 1245
0 1244
0 1243
0 1242
0 1241
0 1240
0 1239
0 1238
0 1237
0 1236
0 1235
0 1234
0 1233
0 1232
0 1231
0 1230
0 1229
0 1228
0 1227
0 1226
0 1225
0 1224
0 1223
0 1222
0 1221
0 1220
0 1219
0 1218
0 1217
0 1216
0 1215
0 1214
0 1213
0 1212
0 1211
0 1210
0 1209
0 1208
0 1207
0 1206
0 1205
0 1204
0 1203
0 1202
0 1201
0 1200
0 1199
0 1198
0 1197
0 1196
0 1195
0 1194
0 1193
0 1192
0 1191
0 1190
0 1189
0 1188
0 1187
0 1186
0 1185
0 1184
0 1183
0 1182
0 1181
0 1180
0 1179
0 1178
0 1177
0 1176
0 1175
0 1174
0 1173
0 1172
0 1171
0 1170
0 1169
0 1168
0 1167
0 1166
0 1165
0 1164
0 1163
0 1162
0 1161
0 1160
0 1159
0 1158
0 1157
0 1156
0 1155
0 1154
0 1153
0 1152
0 1151
0 1150
0 1149
0 1148
0 1147
0 1146
0 1145
0 1144
0 1143
0 1142
0 1141
0 1140
0 1139
0 1138
0 1137
0 1136
0 1135
0 1134
0 1133
0 1132
0 1131
0 1130
0 1129
0 1128
0 1127
0 1126
0 1125
0 1124
0 1123
0 1122
0 1121
0 1120
0 1119
0 1118
0 1117
0 1116
0 1115
0 1114
0 1113
0 1112
0 1111
0 1110
0 1109
0 1108
0 1107
0 1106
0 1105
0 1104
0 1103
0 1102
0 1101
0 1100
0 1099
0 1098
0 1097
0 1096
0 1095
0 1094
0 1093
0 1092
0 1091
0 1090
0 1089
0 1088
0 1087
0 1086
0 1085
0 1084
0 1083
0 1082
0 1081
0 1080
0 1079
0 1078
0 1077
0 1076
0 1075
0 1074
0 1073
0 1072
0 1071
0 1070
0 1069
0 1068
0 1067
0 1066
0 1065
0 1064
0 1063
0 1062
0 1061
0 1060
0 1059
0 1058
0 1057
0 1056
0 1055
0 1054
0 1053
0 1052
0 1051
0 1050
0 1049
0 1048
0 1047
0 1046
0 1045
0 1044
0 1043
0 1042
0 1041
0 1040
0 1039
0 1038
0 1037
0 1036
0 1035
0 1034
0 1033
0 1032
0 1031
0 1030
0 1029
0 1028
0 1027
0 1026
0 1025
0 1024
0 1023
0 1022
0 1021
0 1020
0 1019
0 1018
0 1017
0 1016
0 1015
0 1014
0 1013
0 1012
0 1011
0 1010
0 1009
0 1008
0 1007
0 1006
0 1005
0 1004
0 1003
0 1002
0 1001
0 1000
0 999
0 998
0 997
0 996
0 995
0 994
0 993
0 992
0 991
0 990
0 989
0 988
0 987
0 986
0 985
0 984
0 983
0 982
0 981
0 980
0 979
0 978
0 977
0 976
0 975
0 974
0 973
0 972
0 971
0 970
0 969
0 968
0 967
0 966
0 965
0 964
0 963
0 962
0 961
0 960
0 959
0 958
0 957
0 956
0 955
0 954
0 953
0 952
0 951
0 950
0 949
0 948
0 947
0 946
0 945
0 944
0 943
0 942
0 941
0 940
0 939
0 938
0 937
0 936
0 935
0 934
0 933
0 932
0 931
0 930
0 929
0 928
0 927
0 926
0 925
0 924
0 923
0 922
0 921
0 920
0 919
0 918
0 917
0 916
0 915
0 914
0 913
0 912
0 911
0 910
0 909
0 908
0 907
0 906
0 905
0 904
0 903
0 902
0 901
0 900
0 899
0 898
0 897
0 896
0 895
0 894
0 893
0 892
0 891
0 890
0 889
0 888
0 887
0 886
0 885
0 884
0 883
0 882
0 881
0 880
0 879
0 878
0 877
0 876
0 875
0 874
0 873
0 872
0 871
0 870
0 869
0 868
0 867
0 866
0 865
0 864
0 863
0 862
0 861
0 860
0 859
0 858
0 857
0 856
0 855
0 854
0 853
0 852
0 851
0 850
0 849
0 848
0 847
0 846
0 845
0 844
0 843
0 842
0 841
0 840
0 839
0 838
0 837
0 836
0 835
0 834
0 833
0 832
0 831
0 830
0 829
0 828
0 827
0 826
0 825
0 824
0 823
0 822
0 821
0 820
0 819
0 818
0 817
0 816
0 815
0 814
0 813
0 812
0 811
0 810
0 809
0 808
0 807
0 806
0 805
0 804
0 803
0 802
0 801
0 800
0 799
0 798
0 797
0 796
0 795
0 794
0 793
0 792
0 791
0 790
0 789
0 788
0 787
0 786
0 785
0 784
0 783
0 782
0 781
0 780
0 779
0 778
0 777
0 776
0 775
0 774
0 773
0 772
0 771
0 770
0 769
0 768
0 767
0 766
0 765
0 764
0 763
0 762
0 761
0 760
0 759
0 758
0 757
0 756
0 755
0 754
0 753
0 752
0 751
0 750
0 749
0 748
0 747
0 746
0 745
0 744
0 743
0 742
0 741
0 740
0 739
0 738
0 737
0 736
0 735
0 734
0 733
0 732
0 731
0 730
0 729
0 728
0 727
0 726
0 725
0 724
0 723
0 722
0 721
0 720
0 719
0 718
0 717
0 716
0 715
0 714
0 713
0 712
0 711
0 710
0 709
0 708
0 707
0 706
0 705
0 704
0 703
0 702
0 701
0 700
0 699
0 698
0 697
0 696
0 695
0 694
0 693
0 692
0 691
0 690
0 689
0 688
0 687
0 686
0 685
0 684
0 683
0 682
0 681
0 680
0 679
0 678
0 677
0 676
0 675
0 674
0 673
0 672
0 671
0 670
0 669
0 668
0 667
0 666
0 665
0 664
0 663
0 662
0 661
0 660
0 659
0 658
0 657
0 656
0 655
0 654
0 653
0 652
0 651
0 650
0 649
0 648
0 647
0 646
0 645
0 644
0 643
0 642
0 641
0 640
0 639
0 638
0 637
0 636
0 635
0 634
0 633
0 632
0 631
0 630
0 629
0 628
0 627
0 626
0 625
0 624
0 623
0 622
0 621
0 620
0 619
0 618
0 617
0 616
0 615
0 614
0 613
0 612
0 611
0 610
0 609
0 608
0 607
0 606
0 605
0 604
0 603
0 602
0 601
0 600
0 599
0 598
0 597
0 596
0 595
0 594
0 593
0 592
0 591
0 590
0 589
0 588
0 587
0 586
0 585
0 584
0 583
0 582
0 581
0 580
0 579
0 578
0 577
0 576
0 575
0 574
0 573
0 572
0 571
0 570
0 569
0 568
0 567
0 566
0 565
0 564
0 563
0 562
0 561
0 560
0 559
0 558
0 557
0 556
0 555
0 554
0 553
0 552
0 551
0 550
0 549
0 548
0 547
0 546
0 545
0 544
0 543
0 542
0 541
0 540
0 539
0 538
0 537
0 536
0 535
0 534
0 533
0 532
0 531
0 530
0 529
0 528
0 527
0 526
0 525
0 524
0 523
0 522
0 521
0 520
0 519
0 518
0 517
0 516
0 515
0 514
0 513
0 512
0 511
0 510
0 509
0 508
0 507
0 506
0 505
0 504
0 503
0 502
0 501
0 500
0 499
0 498
0 497
0 496
0 495
0 494
0 493
0 492
0 491
0 490
0 489
0 488
0 487
0 486
0 485
0 484
0 483
0 482
0 481
0 480
0 479
0 478
0 477
0 476
0 475
0 474
0 473
0 472
0 471
0 470
0 469
0 468
0 467
0 466
0 465
0 464
0 463
0 462
0 461
0 460
0 459
0 458
0 457
0 456
0 455
0 454
0 453
0 452
0 451
0 450
0 449
0 448
0 447
0 446
0 445
0 444
0 443
0 442
0 441
0 440
0 439
0 438
0 437
0 436
0 435
0 434
0 433
0 432
0 431
0 430
0 429
0 428
0 427
0 426
0 425
0 424
0 423
0 422
0 421
0 420
0 419
0 418
0 417
0 416
0 415
0 414
0 413
0 412
0 411
0 410
0 409
0 408
0 407
0 406
0 405
0 404
0 403
0 402
0 401
0 400
0 399
0 398
0 397
0 396
0 395
0 394
0 393
0 392
0 391
0 390
0 389
0 388
0 387
0 386
0 385
0 384
0 383
0 382
0 381
0 380
0 379
0 378
0 377
0 376
0 375
0 374
0 373
0 372
0 371
0 370
0 369
0 368
0 367
0 366
0 365
0 364
0 363
0 362
0 361
0 360
0 359
0 358
0 357
0 356
0 355
0 354
0 353
0 352
0 351
0 350
0 349
0 348
0 347
0 346
0 345
0 344
0 343
0 342
0 341
0 340
0 339
0 338
0 337
0 336
0 335
0 334
0 333
0 332
0 331
0 330
0 329
0 328
0 327
0 326
0 325
0 324
0 323
0 322
0 321
0 320
0 319
0 318
0 317
0 316
0 315
0 314
0 313
0 312
0 311
0 310
0 309
0 308
0 307
0 306
0 305
0 304
0 303
0 302
0 301
0 300
0 299
0 298
0 297
0 296
0 295
0 294
0 293
0 292
0 291
0 290
0 289
0 288
0 287
0 286
0 285
0 284
0 283
0 282
0 281
0 280
0 279
0 278
0 277
0 276
0 275
0 274
0 273
0 272
0 271
0 270
0 269
0 268
0 267
0 266
0 265
0 264
0 263
0 262
0 261
0 260
0 259
0 258
0 257
0 256
0 255
0 254
0 253
0 252
0 251
0 250
0 249
0 248
0 247
0 246
0 245
0 244
0 243
0 242
0 241
0 240
0 239
0 238
0 237
0 236
0 235
0 234
0 233
0 232
0 231
0 230
0 229
0 228
0 227
0 226
0 225
0 224
0 223
0 222
0 221
0 220
0 219
0 218
0 217
0 216
0 215
0 214
0 213
0 212
0 211
0 210
0 209
0 208
0 207
0 206
0 205
0 204
0 203
0 202
0 201
0 200
0 199
0 198
0 197
0 196
0 195
0 194
0 193
0 192
0 191
0 190
0 189
0 188
0 187
0 186
0 185
0 184
0 183
0 182
0 181
0 180
0 179
0 178
0 177
0 176
0 175
0 174
0 173
0 172
0 171
0 170
0 169
0 168
0 167
0 166
0 165
0 164
0 163
0 162
0 161
0 160
0 159
0 158
0 157
0 156
0 155
0 154
0 153
0 152
0 151
0 150
0 149
0 148
0 147
0 146
0 145
0 144
0 143
0 142
0 141
0 140
0 139
0 138
0 137
0 136
0 135
0 134
0 133
0 132
0 131
0 130
0 129
0 128
0 127
0 126
0 125
0 124
0 123
0 122
0 121
0 120
0 119
0 118
0 117
0 116
0 115
0 114
0 113
0 112
0 111
0 110
0 109
0 108
0 107
0 106
0 105
0 104
0 103
0 102
0 101
0 100
0 99
0 98
0 97
0 96
0 95
0 94
0 93
0 92
0 91
0 90
0 89
0 88
0 87
0 86
0 85
0 84
0 83
0 82
0 81
0 80
0 79
0 78
0 77
0 76
0 75
0 74
0 73
0 72
0 71
0 70
0 69
0 68
0 67
0 66
0 65
0 64
0 63
0 62
0 61
0 60
0 59
0 58
0 57
0 56
0 55
0 54
0 53
0 52
0 51
0 50
0 49
0 48
0 47
0 46
0 45
0 44
0 43
0 42
0 41
0 40
0 39
0 38
0 37
0 36
0 35
0 34
0 33
0 32
0 31
0 30
0 29
0 28
0 27
0 26
0 25
0 24
0 23
0 22
0 21
0 20
0 19
0 18
0 17
0 16
0 15
0 14
0 13
0 12
0 11
0 10
0 9
0 8
0 7
0 6
0 5
0 4
0 3
0 2
0 1
