300 0
299 1
298 2
297 3
296 4
295 5
294 6
293 7
292 8
291 9
290 10
289 11
288 12
287 13
286 14
285 15
284 16
283 17
282 18
281 19
280 20
279 21
278 22
277 23
276 24
275 25
274 26
273 27
272 28
271 29
270 30
269 31
268 32
267 33
266 34
265 35
264 36
263 37
262 38
261 39
260 40
259 41
258 42
257 43
256 44
255 45
254 46
253 47
252 48
251 49
250 50
249 51
248 52
247 53
246 54
245 55
244 56
243 57
242 58
241 59
240 60
239 61
238 62
237 63
236 64
235 65
234 66
233 67
232 68
231 69
230 70
229 71
228 72
227 73
226 74
225 75
224 76
223 77
222 78
221 79
220 80
219 81
218 82
217 83
216 84
215 85
214 86
213 87
212 88
211 89
210 90
209 91
208 92
207 93
206 94
205 95
204 96
203 97
202 98
201 99
200 100
199 101
198 102
197 103
196 104
195 105
194 106
193 107
192 108
191 109
190 110
189 111
188 112
187 113
186 114
185 115
184 116
183 117
182 118
181 119
180 120
179 121
178 122
177 123
176 124
175 125
174 126
173 127
172 128
171 129
170 130
169 131
168 132
167 133
166 134
165 135
164 136
163 137
162 138
161 139
160 140
159 141
158 142
157 143
156 144
155 145
154 146
153 147
152 148
151 149
150 150
149 151
148 152
147 153
146 154
145 155
144 156
143 157
142 158
141 159
140 160
139 161
138 162
137 163
136 164
135 165
134 166
133 167
132 168
131 169
130 170
129 171
128 172
127 173
126 174
125 175
124 176
123 177
122 178
121 179
120 180
119 181
118 182
117 183
116 184
115 185
114 186
113 187
112 188
111 189
110 190
109 191
108 192
107 193
106 194
105 195
104 196
103 197
102 198
101 199
100 200
99 201
98 202
97 203
96 204
95 205
94 206
93 207
92 208
91 209
90 210
89 211
88 212
87 213
86 214
85 215
84 216
83 217
82 218
81 219
80 220
79 221
78 222
77 223
76 224
75 225
74 226
73 227
72 228
71 229
70 230
69 231
68 232
67 233
66 234
65 235
64 236
63 237
62 238
61 239
60 240
59 241
58 242
57 243
56 244
55 245
54 246
53 247
52 248
51 249
50 250
49 251
48 252
47 253
46 254
45 255
44 256
43 257
42 258
41 259
40 260
39 261
38 262
37 263
36 264
35 265
34 266
33 267
32 268
31 269
30 270
29 271
28 272
27 273
26 274
25 275
24 276
23 277
22 278
21 279
20 280
19 281
18 282
17 283
16 284
15 285
14 286
13 287
12 288
11 289
10 290
9 291
8 292
7 293
6 294
5 295
4 296
3 297
2 298
1 299
0 300
0 299
0 298
0 297
0 296
0 295
0 294
0 293
0 292
0 291
0 290
0 289
0 288
0 287
0 286
0 285
0 284
0 283
0 282
0 281
0 280
0 279
0 278
0 277
0 276
0 275
0 274
0 273
0 272
0 271
0 270
0 269
0 268
0 267
0 266
0 265
0 264
0 263
0 262
0 261
0 260
0 259
0 258
0 257
0 256
0 255
0 254
0 253
0 252
0 251
0 250
0 249
0 248
0 247
0 246
0 245
0 244
0 243
0 242
0 241
0 240
0 239
0 238
0 237
0 236
0 235
0 234
0 233
0 232
0 231
0 230
0 229
0 228
0 227
0 226
0 225
0 224
0 223
0 222
0 221
0 220
0 219
0 218
0 217
0 216
0 215
0 214
0 213
0 212
0 211
0 210
0 209
0 208
0 207
0 206
0 205
0 204
0 203
0 202
0 201
0 200
0 199
0 198
0 197
0 196
0 195
0 194
0 193
0 192
0 191
0 190
0 189
0 188
0 187
0 186
0 185
0 184
0 183
0 182
0 181
0 180
0 179
0 178
0 177
0 176
0 175
0 174
0 173
0 172
0 171
0 170
0 169
0 168
0 167
0 166
0 165
0 164
0 163
0 162
0 161
0 160
0 159
0 158
0 157
0 156
0 155
0 154
0 153
0 152
0 151
0 150
0 149
0 148
0 147
0 146
0 145
0 144
0 143
0 142
0 141
0 140
0 139
0 138
0 137
0 136
0 135
0 134
0 133
0 132
0 131
0 130
0 129
0 128
0 127
0 126
0 125
0 124
0 123
0 122
0 121
0 120
0 119
0 118
0 117
0 116
0 115
0 114
0 113
0 112
0 111
0 110
0 109
0 108
0 107
0 106
0 105
0 104
0 103
0 102
0 101
0 100
0 99
0 98
0 97
0 96
0 95
0 94
0 93
0 92
0 91
0 90
0 89
0 88
0 87
0 86
0 85
0 84
0 83
0 82
0 81
0 80
0 79
0 78
0 77
0 76
0 75
0 74
0 73
0 72
0 71
0 70
0 69
0 68
0 67
0 66
0 65
0 64
0 63
0 62
0 61
0 60
0 59
0 58
0 57
0 56
0 55
0 54
0 53
0 52
0 51
0 50
0 49
0 48
0 47
0 46
0 45
0 44
0 43
0 42
0 41
0 40
0 39
0 38
0 37
0 36
0 35
0 34
0 33
0 32
0 31
0 30
0 29
0 28
0 27
0 26
0 25
0 24
0 23
0 22
0 21
0 20
0 19
0 18
0 17
0 16
0 15
0 14
0 13
0 12
0 11
0 10
0 9
0 8
0 7
0 6
0 5
0 4
0 3
0 2
0 1
