400 0
399 1
398 2
397 3
396 4
395 5
394 6
393 7
392 8
391 9
390 10
389 11
388 12
387 13
386 14
385 15
384 16
383 17
382 18
381 19
380 20
379 21
378 22
377 23
376 24
375 25
374 26
373 27
372 28
371 29
370 30
369 31
368 32
367 33
366 34
365 35
364 36
363 37
362 38
361 39
360 40
359 41
358 42
357 43
356 44
355 45
354 46
353 47
352 48
351 49
350 50
349 51
348 52
347 53
346 54
345 55
344 56
343 57
342 58
341 59
340 60
339 61
338 62
337 63
336 64
335 65
334 66
333 67
332 68
331 69
330 70
329 71
328 72
327 73
326 74
325 75
324 76
323 77
322 78
321 79
320 80
319 81
318 82
317 83
316 84
315 85
314 86
313 87
312 88
311 89
310 90
309 91
308 92
307 93
306 94
305 95
304 96
303 97
302 98
301 99
300 100
299 101
298 102
297 103
296 104
295 105
294 106
293 107
292 108
291 109
290 110
289 111
288 112
287 113
286 114
285 115
284 116
283 117
282 118
281 119
280 120
279 121
278 122
277 123
276 124
275 125
274 126
273 127
272 128
271 129
270 130
269 131
268 132
267 133
266 134
265 135
264 136
263 137
262 138
261 139
260 140
259 141
258 142
257 143
256 144
255 145
254 146
253 147
252 148
251 149
250 150
249 151
248 152
247 153
246 154
245 155
244 156
243 157
242 158
241 159
240 160
239 161
238 162
237 163
236 164
235 165
234 166
233 167
232 168
231 169
230 170
229 171
228 172
227 173
226 174
225 175
224 176
223 177
222 178
221 179
220 180
219 181
218 182
217 183
216 184
215 185
214 186
213 187
212 188
211 189
210 190
209 191
208 192
207 193
206 194
205 195
204 196
203 197
202 198
201 199
200 200
199 201
198 202
197 203
196 204
195 205
194 206
193 207
192 208
191 209
190 210
189 211
188 212
187 213
186 214
185 215
184 216
183 217
182 218
181 219
180 220
179 221
178 222
177 223
176 224
175 225
174 226
173 227
172 228
171 229
170 230
169 231
168 232
167 233
166 234
165 235
164 236
163 237
162 238
161 239
160 240
159 241
158 242
157 243
156 244
155 245
154 246
153 247
152 248
151 249
150 250
149 251
148 252
147 253
146 254
145 255
144 256
143 257
142 258
141 259
140 260
139 261
138 262
137 263
136 264
135 265
134 266
133 267
132 268
131 269
130 270
129 271
128 272
127 273
126 274
125 275
124 276
123 277
122 278
121 279
120 280
119 281
118 282
117 283
116 284
115 285
114 286
113 287
112 288
111 289
110 290
109 291
108 292
107 293
106 294
105 295
104 296
103 297
102 298
101 299
100 300
99 301
98 302
97 303
96 304
95 305
94 306
93 307
92 308
91 309
90 310
89 311
88 312
87 313
86 314
85 315
84 316
83 317
82 318
81 319
80 320
79 321
78 322
77 323
76 324
75 325
74 326
73 327
72 328
71 329
70 330
69 331
68 332
67 333
66 334
65 335
64 336
63 337
62 338
61 339
60 340
59 341
58 342
57 343
56 344
55 345
54 346
53 347
52 348
51 349
50 350
49 351
48 352
47 353
46 354
45 355
44 356
43 357
42 358
41 359
40 360
39 361
38 362
37 363
36 364
35 365
34 366
33 367
32 368
31 369
30 370
29 371
28 372
27 373
26 374
25 375
24 376
23 377
22 378
21 379
20 380
19 381
18 382
17 383
16 384
15 385
14 386
13 387
12 388
11 389
10 390
9 391
8 392
7 393
6 394
5 395
4 396
3 397
2 398
1 399
0 400
0 399
0 398
0 397
0 396
0 395
0 394
0 393
0 392
0 391
0 390
0 389
0 388
0 387
0 386
0 385
0 384
0 383
0 382
0 381
0 380
0 379
0 378
0 377
0 376
0 375
0 374
0 373
0 372
0 371
0 370
0 369
0 368
0 367
0 366
0 365
0 364
0 363
0 362
0 361
0 360
0 359
0 358
0 357
0 356
0 355
0 354
0 353
0 352
0 351
0 350
0 349
0 348
0 347
0 346
0 345
0 344
0 343
0 342
0 341
0 340
0 339
0 338
0 337
0 336
0 335
0 334
0 333
0 332
0 331
0 330
0 329
0 328
0 327
0 326
0 325
0 324
0 323
0 322
0 321
0 320
0 319
0 318
0 317
0 316
0 315
0 314
0 313
0 312
0 311
0 310
0 309
0 308
0 307
0 306
0 305
0 304
0 303
0 302
0 301
0 300
0 299
0 298
0 297
0 296
0 295
0 294
0 293
0 292
0 291
0 290
0 289
0 288
0 287
0 286
0 285
0 284
0 283
0 282
0 281
0 280
0 279
0 278
0 277
0 276
0 275
0 274
0 273
0 272
0 271
0 270
0 269
0 268
0 267
0 266
0 265
0 264
0 263
0 262
0 261
0 260
0 259
0 258
0 257
0 256
0 255
0 254
0 253
0 252
0 251
0 250
0 249
0 248
0 247
0 246
0 245
0 244
0 243
0 242
0 241
0 240
0 239
0 238
0 237
0 236
0 235
0 234
0 233
0 232
0 231
0 230
0 229
0 228
0 227
0 226
0 225
0 224
0 223
0 222
0 221
0 220
0 219
0 218
0 217
0 216
0 215
0 214
0 213
0 212
0 211
0 210
0 209
0 208
0 207
0 206
0 205
0 204
0 203
0 202
0 201
0 200
0 199
0 198
0 197
0 196
0 195
0 194
0 193
0 192
0 191
0 190
0 189
0 188
0 187
0 186
0 185
0 184
0 183
0 182
0 181
0 180
0 179
0 178
0 177
0 176
0 175
0 174
0 173
0 172
0 171
0 170
0 169
0 168
0 167
0 166
0 165
0 164
0 163
0 162
0 161
0 160
0 159
0 158
0 157
0 156
0 155
0 154
0 153
0 152
0 151
0 150
0 149
0 148
0 147
0 146
0 145
0 144
0 143
0 142
0 141
0 140
0 139
0 138
0 137
0 136
0 135
0 134
0 133
0 132
0 131
0 130
0 129
0 128
0 127
0 126
0 125
0 124
0 123
0 122
0 121
0 120
0 119
0 118
0 117
0 116
0 115
0 114
0 113
0 112
0 111
0 110
0 109
0 108
0 107
0 106
0 105
0 104
0 103
0 102
0 101
0 100
0 99
0 98
0 97
0 96
0 95
0 94
0 93
0 92
0 91
0 90
0 89
0 88
0 87
0 86
0 85
0 84
0 83
0 82
0 81
0 80
0 79
0 78
0 77
0 76
0 75
0 74
0 73
0 72
0 71
0 70
0 69
0 68
0 67
0 66
0 65
0 64
0 63
0 62
0 61
0 60
0 59
0 58
0 57
0 56
0 55
0 54
0 53
0 52
0 51
0 50
0 49
0 48
0 47
0 46
0 45
0 44
0 43
0 42
0 41
0 40
0 39
0 38
0 37
0 36
0 35
0 34
0 33
0 32
0 31
0 30
0 29
0 28
0 27
0 26
0 25
0 24
0 23
0 22
0 21
0 20
0 19
0 18
0 17
0 16
0 15
0 14
0 13
0 12
0 11
0 10
0 9
0 8
0 7
0 6
0 5
0 4
0 3
0 2
0 1
